evaluations raw_y
1 0.47354754265617793
2 26.469728112479856
3 89.81028750136406
4 190.56790980708084
5 76.47881007739447
6 57.812698014417236
7 126.86428482012552
8 12.82919232829895
9 88.20097201380088
10 80.85917286374293
11 107.2547741907841
12 66.57875085534974
13 166.39139448548352
14 135.69926556033624
15 39.79037985774998
16 223.11963234392698
17 88.79855088089315
18 88.6002321521339
19 62.77447175473067
20 270.79535584446353
21 43.53195569322653
22 34.79824633487944
23 13.410490596667966
24 13.219109986977873
25 16.40672416600388
26 129.74395183858832
27 54.52246174164689
28 -0.2609297746683752
29 19.100991113973073
30 97.6126660214024
31 133.4294639873598
32 85.09511971772265
33 24.52760795858145
34 159.86282359337358
35 229.00598400030623
36 139.37931949323868
37 64.40294527021985
38 6.156578863216472
39 67.69045083831864
40 119.69080902690081
41 149.30452635959423
42 87.67204163794229
43 169.4771547002499
44 11.200321659730898
45 47.39068601043697
46 51.14200968643752
47 168.1082323092959
48 13.922168674246564
49 106.3063934743263
50 73.95250130880459
51 25.944518943992964
52 115.02628721141333
53 162.5474802862602
54 162.36496562271844
55 79.68591430273342
56 31.421970844675776
57 127.75499353607364
58 58.855140486040305
59 220.29801692512018
60 102.18380896412492
61 96.64874668253657
62 65.20101197594562
63 50.01286791136268
64 168.37603501944525
65 118.49962560275593
66 143.05977667171894
67 21.25719502671782
68 39.33262629439528
69 149.52114922509082
70 201.51014667665115
71 191.24961573678368
72 156.5775541547597
73 9.350590152116517
74 59.197116992884865
75 26.597883542910367
76 388.87766443815195
77 184.28245095491098
78 -0.2609297746683752
79 49.774121516370215
80 144.63282123500747
81 172.7361344962573
82 130.94901404251084
83 82.4307759396488
84 184.7076296127372
85 207.489053110687
86 146.1132431860539
87 53.03309623415183
88 0.605807705759835
89 253.42737198435788
90 144.2972461511039
91 288.96528744849866
92 62.136271399191976
93 28.953790784097837
94 49.832087500424485
95 8.72603903002177
96 47.26820470894755
97 174.34898435668637
98 36.26448905425008
99 108.61228861716889
100 46.07482988532726
101 1.5214119582589727
102 126.060710301167
103 184.41322268003634
104 -0.04619003085694462
105 218.33658492086548
106 188.58661924175206
107 24.177745847872238
108 11.799824499344874
109 121.75037253777671
110 130.1232238932206
111 171.87475464770742
112 17.084825644810746
113 178.2657489644184
114 176.52954136689118
115 44.90860421480591
116 244.57066020244048
117 146.49609877686848
118 -0.40279622125661896
119 33.17307736191113
120 351.0031424314088
121 166.82790849543838
122 89.21350951470654
123 34.440574785554205
124 32.789815743803224
125 139.28371172196398
126 247.05018080001093
127 45.35600414592654
128 -0.2609297746683752
129 30.50144825095552
130 21.52332910724657
131 285.7294640709334
132 37.63613980961042
133 44.183649263828535
134 36.2496767077984
135 68.46184531987277
136 54.15996098475197
137 160.7495936174479
138 13.014244749416518
139 228.12712334257597
140 198.37775576973033
141 289.76626907453516
142 58.98023284542856
143 208.8219194521862
144 24.08949622438871
145 23.803241534294536
146 51.1705516767975
147 203.83141616191014
148 175.58837746006915
149 190.98530127659916
150 82.79942549409733
151 3.912266696770364
152 69.935694249311
153 23.699801136438413
154 47.34048016160466
155 70.42032215100961
156 125.84963281633439
157 132.27257588818892
158 21.102177377990373
159 94.58462646884438
160 13.289360230278197
161 13.072843716315157
162 25.308439782348295
163 17.42550900063252
164 73.26779535467678
165 179.29863161205532
166 255.9681668815735
167 70.82498075044349
168 -0.40279622125661896
169 50.464620668158695
170 154.61959325839516
171 69.94216921028908
172 13.39862257163084
173 130.05866833514406
174 13.7004469231183
175 154.1662370651106
176 166.38915403828963
177 -0.9155251660282885
178 0.9351192867680314
179 27.35254477700478
180 53.897112445028526
181 181.26057194497213
182 96.16021523069134
183 18.306123964077855
184 16.116426042106337
185 24.482874254128173
186 27.54102631097288
187 11.196600486650441
188 3.2922289046209556
189 183.11584286387907
190 408.13691717268347
191 33.403669955415985
192 12.44120052737652
193 66.59423239670525
194 51.22061417658511
195 48.64163791514135
196 50.98183881282126
197 175.90137766906201
198 26.89591817553116
199 83.27627295104737
200 28.784654820313435
201 64.31405690806858
202 111.26223668433325
203 33.67828368424455
204 12.762320268518998
205 147.84168768627606
206 8.24921427073392
207 38.43048109131576
208 50.72407192196064
209 83.34411569595514
210 205.3553203060551
211 38.35371221951483
212 117.13853906759034
213 159.84152334973135
214 41.50902305683902
215 84.38663687127656
216 62.76943185907321
217 113.44777412379905
218 3.2529214515312983
219 129.96397028790304
220 34.5723003181069
221 3.3066583305806345
222 11.521898088699169
223 20.043300670263665
224 24.428594578878112
225 27.551232374032228
226 59.51599939750851
227 -0.9155251660282885
228 2.281885233567822
229 50.12210605339332
230 36.77945610861515
231 47.12016862874231
232 198.3252998788859
233 30.810751778274298
234 87.21878305491583
235 56.485566464515756
236 15.941674657887493
237 129.4922683626392
238 22.017350637804245
239 52.51168435952643
240 33.39071166231644
241 185.4812546598244
242 9.481042841278482
243 52.563233964300004
244 88.4605144762915
245 47.34383207740961
246 84.89834949032291
247 60.80950606844578
248 275.8965348000127
249 36.85410479187438
250 230.40882039213358
251 0.180630954487365
252 115.13201657717146
253 86.28507388164053
254 20.100053785138527
255 299.28791444904226
256 79.6405839916279
257 27.70494254577958
258 31.57778549960851
259 70.18300452881742
260 138.8093226724796
261 2.385690363187875
262 140.18565861438128
263 108.96117043494718
264 48.70300860356861
265 129.19162423526606
266 362.35668144561305
267 108.85138445300684
268 -0.25621104697986796
269 75.0050198119167
270 52.17223940182984
271 98.33847513982113
272 32.79881058083942
273 41.612691129466405
274 28.789543667758043
275 32.187283430677915
276 186.247240559723
277 -0.9155251660282885
278 -0.7647254337330684
279 146.94747006715502
280 184.31246338599126
281 210.17244376459612
282 31.370168276391624
283 30.229030186338353
284 11.56730034154081
285 236.95432724565038
286 39.53459508160619
287 136.91770764173933
288 31.58921901297829
289 29.33853715310604
290 114.6639835505388
291 36.31061408310008
292 9.543921429601268
293 9.768016632420112
294 32.49202065350275
295 150.5963939092123
296 263.6897282319799
297 25.092643401892776
298 149.06966719852244
299 43.336099464883674
300 154.15963694942877
301 10.299530669624929
302 98.36952408458478
303 128.4427541535255
304 9.998337832348925
305 60.58597410062942
306 2.6795324983464974
307 49.543429234313344
308 137.54215887369384
309 47.99277427745223
310 51.152944450690846
311 93.43854332017244
312 267.7406633123088
313 97.62064393586617
314 42.98374358251342
315 171.07881472798502
316 25.044031733833933
317 56.597978712151416
318 12.08624023778483
319 133.65099866668757
320 67.8892722064858
321 12.702176379576292
322 130.2203141233208
323 376.95429383209205
324 188.40069408921735
325 50.167708072890605
326 123.12139491932743
327 -0.9155251660282885
328 5.104919954437245
329 7.093213746108903
330 64.03209550069332
331 63.5367183145208
332 1.6209423905755762
333 27.635511517274285
334 28.58139964365873
335 52.99624068145041
336 133.04500818899646
337 8.850827934283043
338 3.663565453907518
339 163.29500021145378
340 27.728832534962233
341 66.52923887310975
342 43.062231336347836
343 26.287915003405956
344 83.39530603383936
345 8.781460097234948
346 94.71243452723964
347 1.6159523791207304
348 27.39194040193902
349 41.1601294257694
350 36.330827122024814
351 88.31704997011138
352 22.58408693732681
353 73.10859079635213
354 0.8522969816455999
355 259.7124964324062
356 36.211216509526096
357 50.57323851182199
358 147.72137427897292
359 44.26048558270462
360 19.798755577508455
361 59.65172520586247
362 62.284272801335504
363 31.94375834740614
364 56.835079523881255
365 27.90642464117663
366 57.349952051339464
367 135.39369338058683
368 2.8507751154536507
369 205.51842168143529
370 27.8036754489128
371 -1.0558613935739887
372 20.26667296205946
373 116.52771635421769
374 40.84872842937146
375 121.27522709048255
376 82.9694459603286
377 -0.9155251660282885
378 -0.4908377323648432
379 47.19882369570368
380 24.838418454153334
381 207.01570211132298
382 21.281490247537313
383 246.80590629207225
384 106.88276221280775
385 12.33962035254086
386 38.174485483790846
387 98.71462487137858
388 10.14958323562807
389 152.60092845441616
390 99.90484984140329
391 8.685619960492945
392 77.32453397549638
393 78.36850622243816
394 113.42212869159907
395 20.069687432084702
396 174.36990679098804
397 1.2445752999869577
398 167.7433547856796
399 158.2602082471454
400 73.27936394668014
401 1.7625073639821678
402 29.00335255306426
403 52.67144120284211
404 15.02956754457135
405 81.33299091742562
406 10.9847425509932
407 199.83277345860233
408 19.95947292224836
409 53.20694639559353
410 35.21128053516639
411 97.3388212699247
412 269.51307651235567
413 49.43271448592901
414 91.47351486302551
415 68.24227669517998
416 155.19475528837563
417 157.24437914930985
418 13.7338422518622
419 328.0201080428758
420 53.55988378393505
421 -1.0558613935739887
422 91.31361422904179
423 6.117409181518617
424 34.68230084971005
425 159.8168302474043
426 300.99685783254336
427 7.13358839276737
428 3.324130236561273
429 2.2882218488012116
430 50.42894496540822
431 129.06563014646417
432 87.78675244342672
433 71.1512870546283
434 4.339548380150876
435 142.64103608684178
436 16.710871263014802
437 46.23218026714139
438 144.32588347195463
439 179.7048382201807
440 2.4709100399586466
441 33.1362265845201
442 6.277504239796072
443 41.689311140419306
444 118.32309957912378
445 36.00097559645683
446 69.78272582878215
447 10.347243555272897
448 183.71372621105232
449 305.370643188979
450 40.74508441770206
451 0.5540197375218054
452 25.522386827815012
453 155.9479298674297
454 -0.09722383577313021
455 159.3167070193014
456 57.12698003224571
457 170.3379095641606
458 16.36240149894671
459 63.87986060771878
460 104.17328881813428
461 83.55719934851177
462 27.34107880607965
463 91.67528249453645
464 216.17733960754717
465 18.93061854589047
466 37.73312469083873
467 21.290346593394524
468 12.917470589571032
469 185.92117969470587
470 92.89013734257429
471 -1.0558613935739887
472 62.94232872279332
473 8.964432431046827
474 64.09577854593823
475 79.73792364763615
476 59.05310810398245
477 0.28973308127273656
478 0.06916959294395242
479 38.33810261791116
480 158.43961861265905
481 37.35484108583468
482 125.10021003412481
483 180.04842776609252
484 45.507882604097006
485 22.486260666988045
486 105.1650490719555
487 201.13913065998798
488 18.86256212403442
489 455.49855333461477
490 23.092962738099498
491 8.73706210498464
492 158.85659282028874
493 48.25043350640507
494 101.8402915332845
495 109.71976622257456
496 35.286358188472036
497 0.3524051722558865
498 16.421670570130647
499 20.37211704063657
500 70.39606205817809
501 14.089457099134542
evaluations raw_y
1 180.00742439705158
2 100.77085187846603
3 138.08505297909176
4 70.99476419005028
5 31.601737122015173
6 215.84541012477837
7 79.6200707336459
8 123.83012843644049
9 95.38720992753622
10 75.32631334065199
11 147.94643122667372
12 130.656077757416
13 153.92721171881664
14 13.50230752095167
15 101.74221662794879
16 50.9585329182809
17 22.233919543161782
18 25.342712647790858
19 71.12019364271686
20 151.84280021919508
21 23.727521979719818
22 152.00555887131978
23 171.76848092948148
24 62.56085377490642
25 347.81943038377807
26 64.28695584721018
27 133.40827973418402
28 26.625657340222304
29 277.80385277243175
30 196.89501458490963
31 133.97313071391807
32 48.572642663579174
33 57.40030963571027
34 192.06119724005768
35 30.839465177856727
36 96.23926341819842
37 117.17513216650107
38 39.08791374116665
39 103.4490163621509
40 161.79531291405914
41 26.27799134957586
42 20.695591857827793
43 147.88413508578694
44 245.74090508846368
45 90.62730046134298
46 30.791202574877627
47 10.718239590023924
48 118.33453404734668
49 44.27527003250532
50 99.17479536711544
51 170.0645885116479
52 89.63644129962357
53 219.20580806418923
54 137.5381358266886
55 134.0237748644537
56 198.338459830836
57 163.57026130669226
58 50.304083703671864
59 141.04908713332253
60 16.163301188045832
61 63.22005816331932
62 135.21874821997383
63 87.50466252468725
64 10.530884110081983
65 3.503971739920142
66 42.772428648424544
67 28.599233622768512
68 22.027394574788076
69 193.7423065246939
70 131.6417564186085
71 40.85078276335186
72 261.5429756500802
73 124.06240643276595
74 65.33513356760102
75 172.5574085490763
76 11.476983598872506
77 73.18313045096905
78 58.08557042049926
79 259.4370551647237
80 253.86121608971325
81 56.13452063548699
82 35.688639692290614
83 191.12261735757315
84 86.77756906271807
85 23.29359755930422
86 130.8527395740663
87 45.00986664571442
88 88.16833893185543
89 8.792354785630664
90 128.147732454036
91 34.48531102341357
92 7.6965237550780365
93 171.80590538360832
94 189.64365567399534
95 249.88141287851715
96 75.75889615626741
97 10.718239590023924
98 194.4040119295437
99 136.53424861465191
100 184.52490871508908
101 18.858943131656446
102 58.985377394212385
103 331.477250588537
104 17.597880864855142
105 58.28229119487148
106 224.60968183929606
107 60.28264174921446
108 0.285995835700827
109 27.94429987177103
110 9.177209011527792
111 17.78890946832178
112 66.75344970218936
113 274.2634162554387
114 84.39197579400438
115 3.503971739920142
116 136.49353898227065
117 173.96387230788048
118 2.2338961997120665
119 276.3862247390221
120 134.54730867012088
121 152.7723582602025
122 395.9098087838648
123 53.895107288345145
124 25.878242244122422
125 54.34236355917732
126 53.85800902745384
127 25.54532806828814
128 68.8198098213488
129 115.70237596887421
130 35.12366080210222
131 95.92898856723222
132 5.504765077776792
133 64.55344331435319
134 14.627801036493613
135 66.23713325868069
136 340.66337119011047
137 76.22104113698767
138 19.969953764879858
139 25.63198004274903
140 14.7415575387169
141 78.37683671586299
142 13.688278754014547
143 52.24657302439294
144 181.19883375186154
145 33.3120578920913
146 76.07667676794492
147 11.968823066204436
148 300.39662234917057
149 58.49531126797179
150 78.49776923527703
151 31.03325597832194
152 13.590491896391054
153 392.47010672860375
154 8.93986117653743
155 165.72602574169105
156 38.246678693573706
157 120.7277979357288
158 0.285995835700827
159 57.077518427438896
160 4.930243992717695
161 18.931866667663023
162 144.39229175276722
163 158.9415446745459
164 58.52116250465982
165 28.49067784788452
166 285.19436320346335
167 168.2653485933399
168 10.692376250095608
169 34.386626441150234
170 31.815188263770786
171 29.532952215045363
172 206.05569838730327
173 47.85382285060086
174 34.25962631841937
175 265.53690666132826
176 32.05770387422342
177 149.1418665838737
178 88.97135260070549
179 131.0956906698037
180 169.41481805792174
181 135.85602465753544
182 23.493651363050382
183 198.23206041580912
184 30.700510850752174
185 74.49315966801463
186 113.55330066144134
187 84.55850421141746
188 178.84018720429177
189 9.77494228879933
190 29.730107399766634
191 53.74694328998442
192 29.264105626021564
193 50.2416165867445
194 269.35647912930676
195 232.52402808160147
196 26.257415126699318
197 8.404416507845971
198 162.23270018762858
199 144.73060669786173
200 136.8044774457115
201 180.08304503059506
202 41.968418286242326
203 218.4414982300351
204 129.2877493197733
205 40.9630420757714
206 84.82570238314162
207 142.68237471176124
208 0.285995835700827
209 178.0907827074359
210 0.7277274419224617
211 13.450101840298966
212 178.7571699915064
213 28.447642145502297
214 22.11587409649544
215 5.61892504758327
216 318.9718231045046
217 286.24672783782887
218 6.462349598631125
219 63.212133270398056
220 133.60456049750198
221 28.782522138328584
222 375.0718783430369
223 58.49086656956498
224 36.870682215651435
225 168.78754391969863
226 6.881983663995945
227 43.417165259020216
228 33.38093147497133
229 27.374065629396796
230 156.88155778799532
231 61.19685671152881
232 10.800259133424023
233 188.37173311422342
234 9.754479067058655
235 128.6689093381032
236 197.6083978672033
237 96.0743712310739
238 157.1175241577232
239 24.138478901530096
240 126.43185459501444
241 270.47992445869556
242 88.74984724574885
243 26.600399520845237
244 129.60458880732375
245 51.54020436182093
246 67.92030447939543
247 8.86289107361547
248 75.16163357700121
249 208.01009861394292
250 36.80919898637583
251 28.222874748445115
252 88.78469672238693
253 61.04396195838408
254 46.64595405048638
255 41.828678048795936
256 189.24427520947248
257 192.9261194864417
258 0.285995835700827
259 70.64263009890752
260 5.198093897896677
261 46.00251090376224
262 145.45387834001565
263 158.19210365090728
264 154.76257324126271
265 6.605697962864366
266 40.5064978105862
267 29.066164626277004
268 22.908506794191357
269 146.7278641652242
270 289.9095257123549
271 43.30902710744921
272 200.6059533304526
273 248.88496134999525
274 39.28635207625462
275 44.545970814659036
276 25.22936363331881
277 35.43797083847527
278 7.868268827836818
279 115.21474859063807
280 178.88622805481538
281 129.1985334168377
282 36.67083371646128
283 271.5924806502026
284 9.187188656389727
285 129.29411531410534
286 252.47289783215987
287 219.00788353614357
288 8.363353481559752
289 35.076634234108305
290 39.40261335269576
291 239.26847531241623
292 127.02644306175861
293 14.371837423515053
294 38.32155746175069
295 102.28026248726118
296 79.43329992404682
297 181.6228792310615
298 53.26260222613754
299 131.9059418980753
300 160.04483639285
301 27.167891659341354
302 9.92458558566909
303 285.84334330338504
304 1.2879260775470875
305 101.5456789746309
306 93.1418027347233
307 2.366638384370666
308 0.285995835700827
309 108.04827170377278
310 6.327421048792872
311 183.35633444863427
312 141.26980070179974
313 31.281026633780108
314 31.631032278644774
315 11.9246177055204
316 133.04671288475262
317 54.39466868774326
318 1.3030512626678057
319 66.99063411353225
320 29.425671985350544
321 38.961088217893405
322 122.65742445028485
323 200.8144242033418
324 62.705677573468655
325 34.390947811263665
326 10.805860024025073
327 154.47771790939515
328 110.39048020887498
329 39.16983019634669
330 94.08000596378864
331 91.3732843710153
332 9.830878845700326
333 19.220427411912475
334 50.06297962611703
335 10.617552140788233
336 101.8789047732064
337 74.86445086292007
338 60.614146665811155
339 52.28106639166732
340 80.9022074528558
341 49.99961513185544
342 0.4332297911851417
343 171.20543635431372
344 30.124881242111943
345 174.1765616293056
346 57.19634314503372
347 105.95651887243851
348 130.03189059461266
349 33.508071900748725
350 58.406692034700676
351 68.76859559120157
352 77.79005932900111
353 157.6844234240792
354 8.55074064762766
355 104.41125656895142
356 201.7241476478812
357 105.31406680496801
358 0.285995835700827
359 -0.9836470935777688
360 6.3262344781673905
361 53.820750040738005
362 159.69600634413737
363 140.63838819442321
364 154.64476271711288
365 5.342789930099604
366 282.0919429573251
367 77.2525092215196
368 16.807512403959674
369 95.61701768739236
370 164.3284963595831
371 223.35561962152448
372 56.45634499067706
373 1.528297766384168
374 27.18935876477578
375 50.888843110726164
376 3.3278722930001434
377 49.35220884668599
378 19.043570952749757
379 86.1248751923298
380 4.77220574863785
381 317.75619049335336
382 17.92040690142587
383 123.64183424220286
384 24.70184214312523
385 178.31328082259017
386 28.797474802483404
387 37.02440295892387
388 86.72985846563472
389 29.04669063980676
390 132.85359552264734
391 22.374101473332615
392 7.7960406762100245
393 135.54894460818107
394 71.71977035563233
395 29.937425933221228
396 50.26809940959436
397 2.829318898804252
398 87.7852389894002
399 77.29422229335415
400 15.289152796686594
401 29.84046788902403
402 14.5809146011228
403 76.95714524047696
404 2.6853880043630673
405 94.40698103481844
406 220.93769449065692
407 58.93430793420377
408 4.199955444228602
409 -0.9836470935777688
410 78.044796394352
411 50.59608198385829
412 211.20027852131346
413 246.5320697069483
414 41.12678897210466
415 92.99251753013183
416 33.5511733843953
417 139.43462260555344
418 73.4619669441309
419 222.72934800592628
420 95.0481383088086
421 59.594362366806
422 232.7199477033251
423 7.348105392539042
424 170.85786222938572
425 16.509308775214667
426 11.13317476387791
427 50.23566357320752
428 44.841780672655005
429 248.42165294252402
430 66.99142253121266
431 182.6399163183242
432 160.52095473189394
433 36.04312165170933
434 153.1750451956466
435 127.60862557892372
436 8.519301901095492
437 50.28236189221175
438 27.207090191301983
439 36.77061751751176
440 18.35227530625871
441 12.707945940701315
442 11.471503717417962
443 28.80751954171601
444 280.8604618312927
445 270.2982628148857
446 173.16669633108506
447 15.905525863120634
448 14.55848877003566
449 38.9090391317594
450 11.116897767061305
451 0.1531717738179479
452 145.60438333428652
453 36.0805825427927
454 19.695699635352888
455 14.565223571640278
456 131.26716623880378
457 89.13191482104384
458 19.035617196935235
459 -0.9836470935777688
460 32.6334434597978
461 0.723099161319837
462 263.41662037699626
463 182.86980301711228
464 76.251295659552
465 24.28639704498356
466 71.21387314405517
467 27.684132064440497
468 7.908673722775841
469 181.3481318099191
470 131.3967319002759
471 80.71677831490675
472 4.430789798636689
473 71.13891675394441
474 169.6318499430014
475 61.79380444677917
476 136.66459355956445
477 62.16497704786671
478 68.59093902323383
479 170.47699245928226
480 51.991088192050235
481 41.85015980771146
482 40.22878273630153
483 138.29517651026663
484 50.63282358219809
485 150.01318911818436
486 56.026742124394666
487 49.016226444227485
488 85.63677489895478
489 116.78923108282162
490 31.484928939532644
491 204.1976561631511
492 0.7509210568742397
493 255.64396108629848
494 161.32135399546698
495 129.47019597296122
496 77.33654415900284
497 33.35963949079462
498 26.282001777820906
499 17.642389789695397
500 131.93622644337972
501 0.907566794219081
evaluations raw_y
1 110.51010677866438
2 49.09745140027961
3 75.84311045686442
4 81.24760801016642
5 196.02821067343172
6 102.78602154087031
7 24.840133984085966
8 39.44188001059822
9 27.944713463909665
10 17.37153061629308
11 78.95936331515541
12 245.75867620210806
13 44.261993842882426
14 119.07199579715157
15 23.552640985959282
16 133.9261953736371
17 110.30397916295394
18 79.90125827629024
19 125.14515367792904
20 40.20507828157113
21 54.621280100737614
22 34.46950906850766
23 22.57140908953809
24 33.95305315876857
25 101.6785599007364
26 169.04081046429428
27 105.72769814188827
28 136.13069350516375
29 63.17749660155259
30 124.44924903811862
31 266.66666287765764
32 204.61306054831428
33 14.722909802957254
34 40.40105407428488
35 131.97427893281736
36 17.536472991012726
37 10.287364121679449
38 235.06835877905255
39 109.335590136902
40 22.461801102827867
41 146.9543535844951
42 19.534324895310917
43 90.34739921625147
44 11.31444791681462
45 124.00357456885104
46 85.98273956901953
47 24.388136048248793
48 19.179498773924234
49 47.865904896149914
50 37.57927465029974
51 106.14149515440442
52 192.6692324387182
53 0.5247308689230159
54 153.37576903542646
55 359.69777409483544
56 140.4772210550277
57 34.06017245102587
58 11.98058674427593
59 44.78566849738008
60 48.389044153795325
61 38.92425035197322
62 116.68226120189692
63 322.21886832090905
64 59.45217666904693
65 13.39145956209378
66 182.60957117213312
67 0.08265594429811296
68 140.23134893528524
69 141.31568274212958
70 78.42350582124324
71 154.98130147781376
72 40.08759441442144
73 13.791701109507567
74 49.76918259586824
75 261.84355891657725
76 263.79495474996037
77 163.9862940539838
78 301.99033875666623
79 4.11681450454918
80 172.40380618677773
81 195.26336429406058
82 208.04258517241783
83 6.222641088556807
84 7.836660090942816
85 144.43464054465588
86 25.211247584183784
87 10.287364121679449
88 87.68605342906413
89 231.39997107918455
90 18.576932835541857
91 206.1540761249135
92 35.4789090430948
93 27.180098781127064
94 13.095665062309077
95 51.03307212371289
96 168.64413445494176
97 9.622651574336166
98 127.5799453645273
99 198.1792427947546
100 27.02166666287534
101 143.70837297250958
102 28.698521646496307
103 17.45529588773618
104 97.36271051627124
105 56.51756053376787
106 181.00919291725145
107 164.65788945300818
108 69.52249307684687
109 272.05532869506175
110 117.97559703372733
111 179.77463110767573
112 321.0199834535317
113 66.60598306598659
114 80.07021470326227
115 331.38573022809203
116 40.85367872130558
117 0.08265594429811296
118 28.06772735076018
119 12.74415005188662
120 46.96378119659702
121 67.1558611482669
122 185.88520598116867
123 26.143659140460883
124 80.32634855866891
125 94.8558070675493
126 130.13540890617207
127 26.140696537075268
128 196.85808065179688
129 7.274502542023676
130 44.55671573125431
131 188.33848727593286
132 146.44923848776332
133 16.914867268435973
134 3.822707909632779
135 34.36367455931193
136 75.47464142042762
137 132.400866369649
138 179.93982289363157
139 187.35412970726858
140 48.64767803001167
141 31.96553965324251
142 64.88524613267857
143 129.81008286934772
144 11.15558735614276
145 87.5272788290244
146 133.6978076175488
147 1.590082523590981
148 43.08583040145274
149 58.53829838617119
150 138.97695008590458
151 73.06383043761228
152 34.52593146977939
153 1.6756894211877422
154 210.7553332980655
155 31.26411906312579
156 83.75053211366487
157 187.38273723477022
158 15.016744155412852
159 27.329410397119837
160 80.21537217958594
161 201.31462220705865
162 26.842017538035474
163 93.11987088238838
164 145.88954273595232
165 128.9202157163862
166 25.667549909481327
167 0.08265594429811296
168 53.213780141269176
169 21.38056331857292
170 26.949268581856703
171 63.45216680008734
172 135.54324150719734
173 64.38463795855623
174 167.38418338872788
175 137.36284184739915
176 19.762659803403796
177 29.324471789066067
178 227.88122741612983
179 5.211898591056591
180 58.19513792176129
181 118.2737581837533
182 121.0519811929535
183 10.780702690864324
184 2.5333190211221135
185 65.01887122151393
186 18.757645041844906
187 30.303583201655602
188 145.72259443611628
189 50.34159138721937
190 62.107323724327685
191 21.655154732506304
192 68.97230401721036
193 19.804212687609834
194 44.89936836893918
195 34.5494965810415
196 130.9394290558461
197 39.469688785497254
198 175.16217737409798
199 192.22363147392574
200 34.693239383663816
201 27.807070096758288
202 203.00288701861308
203 3.681481676194859
204 269.28025773922815
205 11.64723526941341
206 6.067082240920329
207 220.86398660128233
208 37.69671690613909
209 -0.7839753756660132
210 24.880154223284062
211 35.324226472599726
212 25.853972333913067
213 40.86610326129759
214 76.08267157652895
215 69.72256954601328
216 83.35783516830692
217 0.08265594429811296
218 81.27253400188718
219 73.07817538397127
220 162.31306515434866
221 31.685773785537002
222 47.11132373244724
223 89.04415770213807
224 137.54122894652483
225 161.84782358012086
226 4.765759355220604
227 38.74509284867582
228 94.86509532179943
229 -0.8979207414698531
230 170.06487957916696
231 112.23255392863595
232 75.77637167477712
233 1.9337747834018884
234 28.597436278396167
235 30.03035765463771
236 13.626800795551018
237 53.25657689226981
238 207.47302304014121
239 41.99925997934468
240 31.791431727429618
241 190.96196106185334
242 136.06905901836421
243 76.69199048665358
244 47.213996065271196
245 62.572503477791486
246 12.716465160552351
247 5.748561951415132
248 47.640194197994845
249 247.92532150682246
250 201.64353680857107
251 33.70241032497765
252 20.617941249117774
253 13.338761581675934
254 35.1745187006344
255 10.284983540397441
256 27.6529936035076
257 290.6837804910706
258 0.3953987563520369
259 2.319183853000192
260 201.61712374959671
261 452.81543410677034
262 163.15794104701777
263 198.41205926712436
264 160.22676862963715
265 203.38763724114648
266 31.22630166242199
267 -0.03895818730386802
268 186.0554294015021
269 38.56547624059114
270 58.722065487577666
271 23.386344493762643
272 148.59062313170023
273 237.29171599049496
274 3.5542711084635155
275 194.91894796909378
276 0.6171245215428671
277 140.57476705318484
278 180.28230824118756
279 -0.8979207414698531
280 143.34310294458766
281 46.04780096816516
282 173.87402559913878
283 21.390154941654103
284 26.287626451237312
285 150.7800139563483
286 139.96927942758455
287 117.60925944746671
288 115.10410440585464
289 155.6470744544353
290 40.93290982489022
291 12.364930302923613
292 24.50388412658009
293 200.75132317288794
294 111.68005243650195
295 112.75087754913083
296 99.00318988053334
297 26.390927744298377
298 41.78764565029872
299 136.12575300893957
300 137.539166934512
301 510.1893491041237
302 52.68624804126945
303 19.26825728976605
304 193.62689177887935
305 39.14786472809483
306 102.65954581266416
307 40.147988493071416
308 37.23051383919357
309 0.26631580367709695
310 4.222305714072164
311 174.15472319892845
312 154.34575943586898
313 159.56922396028963
314 127.20952941307246
315 53.129093173396456
316 54.701454362203876
317 7.001624621209309
318 61.10342288008415
319 14.636546818791196
320 145.10998017983528
321 53.30865690740909
322 161.06182095504172
323 141.4085884348088
324 120.59719865178367
325 25.45276030279963
326 2.4373714333575487
327 35.42550358746566
328 69.23902810865745
329 -0.8979207414698531
330 51.652541676633206
331 171.38258766891315
332 155.86291241456533
333 9.001710450636415
334 1.175868959983564
335 48.527151242157785
336 133.53222946236468
337 132.3466104095926
338 186.03843086853692
339 20.32532447581121
340 6.716512561983167
341 30.5996662922268
342 30.617703061949136
343 66.05434340484096
344 103.85968837093728
345 14.746793902605189
346 39.01798752990503
347 26.930086129031167
348 20.7657046655711
349 54.27641762497175
350 116.90320908488555
351 39.62256521470237
352 53.31240601657827
353 30.658516511146097
354 4.036473640833189
355 27.967329247315412
356 140.51085822558875
357 16.797136046916968
358 8.800000337098993
359 2.621139154050467
360 16.68057787970411
361 131.19048413528967
362 192.22778243445535
363 309.30437349411943
364 159.78426714453036
365 266.11302202065525
366 149.54257282126653
367 3.234837904557372
368 177.38323169081121
369 56.52129510542057
370 113.27697828802901
371 111.84883531273545
372 68.49035861550598
373 40.69396850843964
374 131.7294670190755
375 128.91384385699527
376 67.60525768117256
377 59.71374421148004
378 181.06029772013707
379 -0.8979207414698531
380 208.67878557883188
381 89.37195027327225
382 102.07900252251314
383 22.637620539029683
384 27.48943910671614
385 204.6032416866838
386 30.577904372759207
387 87.82856903517417
388 340.41690493968974
389 10.249849853811561
390 263.5988999547757
391 3.745311602355218
392 6.167181383128882
393 154.88957270036576
394 143.03935023706921
395 100.93726670401198
396 101.36007231871233
397 110.6732051934423
398 58.023177995064444
399 95.89057418647924
400 11.804910424388316
401 227.3474350036379
402 32.515275694342336
403 38.69929113132551
404 104.17979732715993
405 169.27500704777367
406 24.795383531540732
407 265.1132554644258
408 0.47284949545213806
409 -0.09744363590055916
410 148.68613436732625
411 79.01810284842632
412 16.63512836656072
413 292.4673756921658
414 284.1980539457531
415 116.6103116854508
416 123.1243618932097
417 20.047662309365524
418 54.40870087457346
419 220.56931232359665
420 291.2558142689207
421 180.9772266426616
422 143.32347404936402
423 30.03023094703333
424 32.57096608917654
425 90.69103900851806
426 8.919950427278012
427 68.28414260069113
428 134.97319576268904
429 -0.8979207414698531
430 182.14318999445726
431 0.07857534310936987
432 287.53641094440655
433 70.94082400748691
434 199.66827867439378
435 5.351844425011274
436 26.239883463424057
437 32.84130268043318
438 2.9893071863914153
439 37.00539958858943
440 155.78670047738288
441 17.19553763073314
442 17.493257845821482
443 240.128243467731
444 63.80987625697358
445 16.239667555235044
446 141.93656033983055
447 13.26221252758822
448 27.269420770686448
449 148.29983668608907
450 180.90774104276463
451 264.15477267053774
452 135.34279066916181
453 47.53917492483999
454 21.543389279224424
455 13.142671361968453
456 294.79487351262344
457 186.34558214244586
458 8.723228963927546
459 1.0797034788924975
460 3.7761390188340895
461 72.89070372803518
462 179.583336298878
463 315.5905154398356
464 98.51386674749766
465 12.197079944379892
466 125.87087557411017
467 4.633778311704855
468 9.195973488398659
469 186.47055120907555
470 190.86927938063755
471 37.868149467757235
472 161.5960825006204
473 110.67227112192982
474 53.52245127151279
475 70.91417207980383
476 37.24898403471995
477 26.206396043757547
478 31.79419181073426
479 -0.8979207414698531
480 1.3667161858123684
481 2.271908243269781
482 165.25344640973404
483 32.275023601417814
484 34.01731916670473
485 12.47672475036496
486 50.438294688014146
487 129.147982114474
488 36.70459373782192
489 43.117497253729695
490 42.67865566412791
491 70.26118500827761
492 95.90836796642371
493 35.36245097959226
494 72.45920707436434
495 33.040981058508734
496 13.184371548189715
497 130.1919956795801
498 103.31437323290682
499 252.28649317897975
500 48.542273405037086
501 247.18897114542534
evaluations raw_y
1 15.798479019377371
2 171.9085956887381
3 115.83703064537116
4 123.82385681220275
5 48.31695825093298
6 42.939226785075235
7 33.447151173247335
8 88.40015049487673
9 22.06510068450983
10 24.816388540730916
11 117.65338795258121
12 2.8313442731828653
13 11.655630209069148
14 137.55078793447413
15 -0.573526584941068
16 286.12376880236184
17 92.5869903442651
18 26.673205026458067
19 3.31212646615805
20 38.55728331084356
21 51.0687184139182
22 79.54795333835378
23 129.4965056774765
24 142.79648898164155
25 33.75881761585637
26 181.30887768095062
27 124.50303650122432
28 106.58347067311972
29 51.53632752996309
30 51.01735186171474
31 58.741461252004584
32 63.26911490295993
33 29.171102205434806
34 98.78164764526885
35 20.96572037974944
36 86.3635521024413
37 36.78598139651337
38 192.69452767852235
39 61.34926738533414
40 166.38853069486424
41 259.8675173257383
42 2.449493582333225
43 90.24050626163225
44 270.02039158030374
45 37.53248062565364
46 98.15384150841301
47 80.17101499134064
48 67.02823284587299
49 222.58821356407873
50 130.25298870976104
51 18.87218666433768
52 85.5405040645536
53 204.23726582309405
54 78.17143746398148
55 34.948352451395536
56 27.175505786293154
57 101.28342071500114
58 346.03669081062054
59 151.54311508916356
60 19.655057340052934
61 252.97041405835748
62 8.250474284842621
63 55.934876253458874
64 141.53489631017948
65 -0.573526584941068
66 191.0505652506474
67 212.33115968375
68 148.6933937914527
69 12.922585871351549
70 211.26354076071723
71 84.78649804376585
72 106.09042719248353
73 80.18877882847856
74 286.76879572994505
75 160.60871667469257
76 276.1492963795274
77 14.47604335836306
78 84.05650769050453
79 256.091201152797
80 11.241243798425996
81 63.42029057489003
82 262.451731665168
83 130.81600654417147
84 314.80792903069835
85 140.16804870596422
86 101.10819619665033
87 7.634492554285657
88 130.1827810642193
89 94.45203871938203
90 247.4484415782004
91 79.17272536041561
92 30.02400786087505
93 181.3176320758517
94 297.3214745403997
95 148.79508193409092
96 147.98839597325463
97 168.9679090351416
98 170.55989189677874
99 204.09327388441838
100 100.07616993118593
101 39.47618322039573
102 110.14951765897382
103 156.95165203062518
104 197.80243292268105
105 31.431831337384622
106 73.60393227572018
107 172.32638012648283
108 68.09322596075309
109 260.5957715741054
110 18.939689153230358
111 66.87431636545392
112 19.974946683860434
113 120.5629102301965
114 159.0763429525898
115 -0.573526584941068
116 126.60099259223063
117 32.92903633797805
118 51.42747501241146
119 26.36944688946759
120 40.297963456617836
121 65.02357505062892
122 142.07625419117227
123 37.152348405983275
124 76.2840006541202
125 18.11579298394454
126 127.6438288747907
127 51.86096727194922
128 96.73438129659891
129 135.95969533988176
130 8.818180010022534
131 174.2815612982185
132 156.20332538771768
133 168.64788059920832
134 27.068047589294952
135 99.59109198052145
136 256.3687523190001
137 21.019472705158577
138 12.577354771995632
139 21.682335080782615
140 231.6832967066968
141 59.076097837952155
142 9.58841287935855
143 66.98047446703899
144 156.29631896644244
145 44.56792769923404
146 55.58817710965511
147 300.03199428286445
148 19.562955273665583
149 162.57418337921825
150 55.019496376601886
151 25.333899921611856
152 249.63974039369668
153 142.60459443083937
154 23.946493653840577
155 100.80346513986225
156 69.99470331811757
157 95.61759832194035
158 91.00155805248691
159 65.59585653786438
160 12.790652236250194
161 118.69873554994722
162 7.382040100618751
163 110.48586372949703
164 128.05592560509663
165 -0.573526584941068
166 25.82050320537609
167 60.72440868435837
168 165.09034455084645
169 8.754130958542358
170 100.87728148780138
171 59.641610394068934
172 152.0189977222071
173 187.28710891432527
174 303.3636606710406
175 349.49863451425443
176 144.17843063809124
177 64.5197540169249
178 167.94878511844524
179 143.44229621768758
180 5.152014148357538
181 180.58246961890734
182 272.35149656329406
183 101.26372919066742
184 44.58249218162187
185 54.683967291836304
186 137.2697882716206
187 107.08923750493776
188 44.36674830698635
189 5.956253586207229
190 60.598973328011155
191 259.1637581042526
192 7.655773482946957
193 78.5238442317099
194 56.11119346709589
195 187.9700605434055
196 259.70795997165027
197 35.572980102917995
198 199.95169779607093
199 157.45607500872157
200 27.30537987259516
201 158.5661825862058
202 194.54328635838547
203 184.4052903407255
204 34.66887770222725
205 24.918397624788195
206 228.12087493949832
207 160.6810951329618
208 38.35646994181737
209 79.09887513099162
210 9.085491365344062
211 10.561050328003008
212 11.216042080983792
213 135.4986234019353
214 14.613451151297895
215 -0.573526584941068
216 61.60041504338152
217 157.47099260203169
218 104.7105969135097
219 12.071498384963368
220 50.60578495125271
221 55.22089985287218
222 156.3989734691311
223 114.88890898113166
224 162.71906772119257
225 2.580989416645883
226 44.13092230080735
227 28.934866777930132
228 134.3924117868669
229 140.51081873892701
230 8.438636273993332
231 16.126805464483034
232 136.71122712910937
233 25.97345497917487
234 16.66778443416505
235 63.72150857128558
236 95.61195432576007
237 60.98934141535147
238 41.49269667246582
239 27.925592258031845
240 30.472322563949024
241 131.415564147446
242 10.238125066059055
243 129.553459221319
244 91.00704403638441
245 69.09928442661219
246 100.37372862691511
247 116.44537878549139
248 2.1874282565870695
249 78.19836364731614
250 68.96633777168715
251 95.65412073911956
252 28.19144892741361
253 40.85399988282966
254 31.498740968626613
255 199.24104966906532
256 166.05543394543002
257 241.83678555954776
258 120.93611267951104
259 27.913505861309687
260 25.720286225561185
261 153.75587476195378
262 109.4107495004603
263 167.97947586102566
264 111.15564775754294
265 -0.573526584941068
266 29.00436985335786
267 151.12837110161914
268 47.05393982182263
269 55.43180490969843
270 284.95581845672746
271 71.32812654374725
272 285.86164341970573
273 130.18505587952433
274 7.328974682988628
275 0.06531395669783868
276 274.7176853357182
277 35.185733555410785
278 154.9490851350757
279 52.54058302169212
280 10.556624326773743
281 13.483925206615563
282 171.38415689304986
283 170.72219572256273
284 37.5700671624097
285 30.030161325387322
286 373.504056172507
287 19.547533669373664
288 154.280118369205
289 18.409168871438265
290 135.18502252287666
291 175.91025395877134
292 0.40770817914799173
293 56.72552044002877
294 46.61019372570727
295 38.71804406942684
296 206.62899029577457
297 85.87794524383202
298 9.56114246177549
299 33.0458132225467
300 2.3495489236835843
301 54.040140565065556
302 23.877786221959184
303 201.33317598022944
304 68.93539589506578
305 156.9579568732408
306 202.51835482218158
307 71.52988162162683
308 132.27319701903616
309 163.5744740443074
310 67.43464897595216
311 53.5928561421528
312 30.53387422796871
313 8.965984596202736
314 122.51168067520052
315 -0.573526584941068
316 145.90932406297696
317 284.25257829626526
318 24.197042064220803
319 32.0701522130156
320 309.58791338939415
321 50.444089334775825
322 284.88521462119854
323 58.48730723553467
324 19.74190562808732
325 4.245745796172759
326 53.10017750234233
327 128.5681492937754
328 44.70453451569572
329 160.87859860274972
330 51.39225025209058
331 58.45511363751906
332 69.79364970188306
333 59.80521987932692
334 87.32825659189915
335 125.83984781548776
336 205.3899871164189
337 152.4276829979206
338 221.6495960688837
339 29.710711865990092
340 64.45432137612131
341 50.897523292871966
342 10.473965026325853
343 171.06543061653105
344 197.5345519638979
345 129.95905579193587
346 167.8608968264476
347 0.07391382705501748
348 76.21355483108994
349 57.06020597881097
350 8.52477548765242
351 21.781039243101933
352 31.083674914223394
353 6.761372023618878
354 93.04846634942388
355 151.22701015260836
356 162.83309176196724
357 66.95667167463093
358 168.01410362040966
359 9.477664070572956
360 134.60566410115794
361 29.087110496324424
362 143.29213933165957
363 4.216624751681348
364 33.874708338585606
365 -0.573526584941068
366 69.3204710743483
367 70.12086358000592
368 99.29247753897494
369 52.321971628514476
370 57.08061962900716
371 24.8948877723731
372 115.2068585640454
373 64.95837401587171
374 125.14783050716056
375 1.0513905639749201
376 57.66234478599574
377 98.86829995786029
378 33.34424499911633
379 53.19244174067222
380 9.85783654567144
381 45.171694726093826
382 54.21665061737632
383 29.07682280470043
384 57.03876780899984
385 78.40639965429115
386 140.95143987644656
387 142.09213723334162
388 28.343289457595798
389 29.964738314642283
390 60.94477304368055
391 194.62838765452153
392 19.557104036581222
393 25.331162352043965
394 180.1747103842205
395 88.08236843755618
396 12.623263805428737
397 64.44642399090657
398 3.958080776478779
399 30.745197165857157
400 27.517517164673862
401 121.9403967689705
402 29.67372596110785
403 14.873885669565857
404 60.251615400553625
405 97.20721617385217
406 187.96438058121038
407 169.57103929405466
408 129.95443876535768
409 108.2921224443402
410 107.93939391922002
411 11.252427195646389
412 17.040652185938008
413 22.04301645578591
414 249.00747128635317
415 -0.573526584941068
416 14.704839731154694
417 37.32666698232385
418 204.10049643781247
419 54.68865196307496
420 16.59167879015867
421 55.407724701003744
422 27.50013666181127
423 217.3241894527036
424 58.03208394208609
425 4.803992743124793
426 276.9165901896735
427 25.68125948648036
428 197.03169720104867
429 140.86490489706722
430 12.40994924699643
431 92.15621454640387
432 31.49069967950561
433 122.8457983013603
434 22.830078475089294
435 132.98944586323805
436 99.34319313792192
437 3.9831363500207972
438 47.0525828809396
439 17.60049283043592
440 174.91092399987264
441 111.21364383855828
442 32.273057245085795
443 156.61361168392548
444 196.87871688097158
445 -0.6267403630643711
446 40.55412842186869
447 0.39471060886354103
448 96.90170650367871
449 33.01491428920391
450 4.08886205030718
451 55.65297405716131
452 99.55811615765217
453 50.56358226032135
454 140.14651519330673
455 21.981600183645824
456 170.1336632549397
457 203.02508568138614
458 21.336159839126214
459 208.5003798039805
460 266.83152508596226
461 48.080413938264485
462 14.044399454193899
463 36.60849875768979
464 71.1719499574795
465 1.133740814526579
466 19.605865447755217
467 148.6406159148372
468 66.59737701656094
469 15.550379030607743
470 156.2799723270038
471 26.70893585297734
472 37.19152951300973
473 27.633177685761773
474 55.70924193073858
475 3.6391555959147235
476 14.953333902713387
477 0.6611924918834082
478 259.1860233037219
479 388.48498786874507
480 80.82041168758298
481 58.571198401293834
482 160.89538297235808
483 75.7755491289618
484 25.71217773305412
485 2.1833038827968987
486 51.30715712631151
487 25.684482409326275
488 27.78813502395267
489 33.58654441855631
490 45.233920678845834
491 75.35642478779276
492 27.59934479584493
493 253.3430829800193
494 287.2412583822463
495 -0.6267403630643711
496 11.385816649232831
497 10.468358872395202
498 35.24212725267717
499 43.00465207601098
500 40.03983224633709
501 73.46012829049421
evaluations raw_y
1 36.65263411223693
2 180.06217066942096
3 88.89082337423513
4 234.74693159162211
5 54.252634019107774
6 111.1740295494352
7 108.63584702588619
8 0.4713234601927119
9 35.328995993560554
10 13.573980692601234
11 37.77048242988726
12 44.67181694404694
13 17.537353894740534
14 89.92279429958779
15 88.72094480363577
16 51.62834622717986
17 149.2181331834949
18 15.802635764869486
19 52.83328664579116
20 30.730335021071888
21 43.588259438358264
22 73.33850164876488
23 140.66832685427016
24 62.50041343923175
25 41.153916988239516
26 316.4098420482041
27 26.404847556830273
28 195.57373705648277
29 16.495937414358977
30 55.260714759095336
31 194.25618635897433
32 8.194974010666101
33 28.951412440766486
34 165.77773967557735
35 25.9225468038189
36 85.77169079138946
37 175.51603355010283
38 11.889892651691614
39 46.4035182154771
40 51.1448525513358
41 118.50566358361776
42 80.72548734421076
43 57.31596403171685
44 114.04696516879893
45 35.809891559555304
46 44.27589506178664
47 84.93825055696176
48 169.72222509996448
49 119.43086379366474
50 127.31734339796154
51 157.9758310753477
52 165.7378611345397
53 18.307761638891115
54 65.83222898224322
55 19.371198448449878
56 223.47207423082838
57 262.1555835216295
58 0.4713234601927119
59 125.49345959244808
60 49.975540159813974
61 80.12739286643706
62 39.223656413035876
63 40.15253604044082
64 59.11165723821752
65 191.5276746635513
66 45.42147491071213
67 156.27723037939006
68 66.25182609394102
69 25.980213447013416
70 181.64940312363055
71 39.249060939618424
72 57.34244614334899
73 83.71559926516093
74 90.0230593261934
75 69.06319810830433
76 5.047810601034593
77 99.72756296811747
78 116.21678994900465
79 157.26839564659483
80 155.92352319583142
81 152.36311928766276
82 18.427598543714957
83 34.63941401298906
84 147.4371378167338
85 56.92246195990316
86 148.55922649793254
87 198.91108944573196
88 24.591175525038906
89 79.63995744047665
90 78.7029895676384
91 87.28001574829472
92 196.67179463960812
93 109.2612002340889
94 194.34389575830286
95 94.6156671933054
96 95.06112978455343
97 252.80815949289192
98 157.8655110295936
99 78.97477673758685
100 155.92879885139163
101 246.40199242911967
102 261.477912102656
103 43.48339462605272
104 303.6127194785825
105 4.003001575874676
106 233.93428700800482
107 188.91255280021218
108 0.4713234601927119
109 124.07197577214457
110 123.25317056188813
111 86.09139176370597
112 136.21208384075638
113 80.84254323096758
114 189.26363670630673
115 84.90989447056347
116 160.45337377599583
117 69.51678250442893
118 32.78899975194917
119 112.94097323933197
120 178.63187494367827
121 130.03343663004745
122 186.42699002766867
123 25.919806910766074
124 54.03724886268738
125 128.4943477403879
126 8.860944647356616
127 10.862532853136598
128 125.31748521323718
129 25.787628821892667
130 244.31099201963062
131 111.05259661276219
132 40.789074969133665
133 101.86697130103225
134 141.12709741610712
135 28.782178647829635
136 60.08093762799016
137 89.66175222952158
138 3.5286502640142094
139 168.73016219928135
140 288.88989927932454
141 182.84996144116434
142 73.18200357129481
143 69.03914145165382
144 39.85322521038493
145 118.44654646003296
146 117.36462082432084
147 76.5311829790325
148 1.5888116589663728
149 190.84933505676898
150 159.36934557724067
151 32.876629678281425
152 190.88229631003964
153 39.3785046379153
154 37.352996998122805
155 22.915176867158277
156 47.38024416988253
157 102.21221157213849
158 0.4713234601927119
159 37.00265698875786
160 151.8704661933565
161 156.78959574758272
162 113.96175127821368
163 131.73248330528835
164 39.42789970821437
165 218.03834126708244
166 129.24959337984097
167 101.35254643312265
168 61.95251100954641
169 25.6530519245856
170 128.71969111005137
171 118.35966983493782
172 31.89991396282997
173 56.425796025968644
174 158.5991879420457
175 28.783780633232404
176 52.606421874145695
177 108.39283438988069
178 53.559683104725565
179 3.0747300972351246
180 53.34402999753016
181 247.47483934912722
182 17.416585241512244
183 165.1158393929506
184 119.12572201079008
185 24.893205928317386
186 34.43876277971165
187 185.32017846142196
188 2.3857608612855135
189 19.129453348313223
190 285.98346768176333
191 68.84528539626976
192 32.63798819491999
193 321.0898928446098
194 35.28435274693485
195 147.34342593461002
196 40.373624203648255
197 150.8000770081027
198 4.510885221626725
199 285.4926830200926
200 39.5755950340253
201 44.08673471471058
202 110.09449344833357
203 149.4401370659491
204 54.97127468040275
205 -1.2690889371785465
206 61.61392680804685
207 173.42451632210538
208 0.4713234601927119
209 171.93178152658106
210 45.50533470619525
211 110.06819356558384
212 179.82463420576906
213 142.26950184603808
214 31.0752166764222
215 158.72952275567874
216 28.81670020879684
217 26.22236590655089
218 51.61578702518457
219 57.119352878037645
220 8.842003852229487
221 136.78502955960562
222 170.43524313113994
223 51.15917253861238
224 89.84881084845799
225 7.751519052186369
226 1.232091643105211
227 0.5715908191005137
228 28.11614993672278
229 42.98192097070062
230 173.07474307307766
231 245.9082759827151
232 37.90110039061163
233 58.79839988418798
234 91.57864740215591
235 115.71775307415777
236 41.22334434084953
237 63.02957912169886
238 28.436661874822256
239 141.77846375495866
240 43.108078349608064
241 213.35960933200968
242 8.232159938477174
243 26.723842545931113
244 177.76955634569407
245 152.3856673742323
246 179.12423949012734
247 277.0291479808148
248 5.836418544446752
249 5.315258685091064
250 113.07575766738103
251 183.54457120638494
252 36.370499408354405
253 205.64278096805074
254 91.73550212572108
255 -1.2690889371785465
256 242.75061351966409
257 76.68621897393288
258 18.718997841160355
259 24.285607617351225
260 164.2433864092212
261 56.02380012437626
262 31.03184060582106
263 164.52643477517222
264 235.5286738835764
265 139.97454630925887
266 8.220460885670793
267 60.63230543935513
268 35.7578699805457
269 60.463789372364126
270 89.28683540055091
271 -0.8815340766703018
272 219.26158592213946
273 87.56611038734879
274 37.93995551909215
275 132.01604547742664
276 2.8176435670966766
277 4.309736663141364
278 13.401696711948775
279 58.43334298524717
280 85.04483921194357
281 147.542237492724
282 1.63550331277865
283 5.379385710210802
284 112.97345465914385
285 201.14118257549157
286 171.00700730135333
287 184.3295963610987
288 19.42345644280843
289 49.45911575483859
290 125.7157830713033
291 54.504534402696684
292 74.30641970749684
293 17.57916949908228
294 25.37549051186365
295 160.97231883913977
296 194.00246474592686
297 190.5749402579062
298 32.3101038400324
299 30.894596265929884
300 13.909883326951714
301 115.09500587074449
302 32.54526363048598
303 18.2723444753254
304 219.59778200992926
305 -1.2690889371785465
306 150.5918079345335
307 171.2375297571699
308 30.13903498478809
309 142.85038594034373
310 18.312407632281563
311 44.38644298124939
312 144.90072576541246
313 61.229292941561624
314 28.428575232342506
315 83.9348202039478
316 49.60763781463834
317 83.82573007537155
318 47.333898612859755
319 25.385959564086708
320 1.9747364671534688
321 2.7236012444333126
322 99.92051597999756
323 185.61252506023098
324 30.172050968420226
325 3.381370932388518
326 70.13211835333844
327 1.1807492987101007
328 159.75088294875204
329 11.894545853053291
330 32.82942011217996
331 15.118903014966648
332 38.10843114624918
333 18.990557845183748
334 82.51583839079599
335 175.671364891282
336 59.142668821006765
337 16.568189722115665
338 46.32580742273694
339 184.52918419725447
340 109.60681532574961
341 116.83007959218295
342 5.450164066580244
343 58.701518818932115
344 177.1883807245302
345 136.47941516616703
346 164.8533884485718
347 79.37988200178734
348 12.060877765697432
349 58.3233335020399
350 74.22022730630958
351 62.40371778863586
352 285.0680756994664
353 1.1535626221681996
354 84.6137946140037
355 -1.2690889371785465
356 5.214414138285462
357 12.044004064843508
358 39.65306111991503
359 27.990205622893562
360 145.0003618624778
361 283.8532260110426
362 162.34135513514565
363 154.02802817002217
364 13.34731754449088
365 285.7164779578539
366 76.29473308630494
367 296.2573834961229
368 3.5135437400180987
369 76.13858949693167
370 34.7065163303811
371 7.447286519969142
372 54.80378940658999
373 25.746156404294023
374 107.29237326119554
375 17.998370893541658
376 19.098897912749266
377 9.327263155112579
378 146.84586236538314
379 36.517237168976756
380 28.18899149742049
381 45.605355928218195
382 21.27910431927914
383 13.007332158285358
384 258.34948772715296
385 38.05142497853571
386 153.97917604957462
387 79.86167722064815
388 7.962987346828129
389 74.86145462552076
390 60.32079529739646
391 113.96544019134474
392 127.43928038331953
393 59.314397119246195
394 35.621864657803975
395 16.311222924242852
396 26.790369000642418
397 179.82704655312097
398 20.694369068459434
399 134.48792161995195
400 51.778757565768956
401 50.28611988256311
402 33.56843487276399
403 57.86010568427493
404 154.0276508059333
405 -1.2690889371785465
406 272.51811407223187
407 146.93190780467023
408 17.564030037068783
409 79.98162981707581
410 61.661799037964705
411 86.71266196756754
412 158.27170282530247
413 209.8826647479452
414 5.540835053250075
415 157.95765049467394
416 51.0200584394329
417 183.53366697526022
418 0.9013405263958074
419 19.090982440021495
420 45.76538389533632
421 -0.02916264907768995
422 155.0825124383543
423 145.7547949160969
424 181.47996880746277
425 37.625848111385466
426 16.559984850047318
427 84.79003476852432
428 132.66740197971095
429 -0.6464506821545106
430 221.83759620587446
431 239.5410222758314
432 129.38332080244925
433 136.04069054777136
434 2.763789971071488
435 26.82228329827936
436 294.4410585116805
437 28.82189241817059
438 48.83593775527494
439 185.50479437279935
440 149.46006342264062
441 34.89214355046701
442 15.559774897352877
443 301.9679883804926
444 132.23403863409294
445 0.7280765956442199
446 179.95473118628152
447 57.05780921493458
448 42.71517180912887
449 139.4496340228261
450 1.546760657156601
451 34.98490065845855
452 20.649626657927257
453 16.459904386375683
454 43.9866168789924
455 -1.2690889371785465
456 44.3005700833501
457 132.77299210229833
458 33.29607149742078
459 34.86353518460339
460 97.48917440266392
461 0.047254697283753755
462 104.32712902818403
463 29.55596028816625
464 20.860933581867755
465 67.77594056773928
466 35.02951206267504
467 162.77186361461574
468 8.886292646748927
469 129.67343329007014
470 69.63750621674508
471 0.3874135852206204
472 11.617176529659647
473 50.6519947375007
474 95.74811650574016
475 16.571565607131426
476 19.925272209514738
477 36.516622895084545
478 4.395026700114326
479 7.548207775711912
480 6.027119908880832
481 159.23951471067323
482 7.106777768559111
483 107.21204903079048
484 0.23741827754665512
485 42.96817773782351
486 47.96301914353281
487 141.6158249431356
488 23.34196834813449
489 25.505986329216245
490 31.237428661847296
491 37.15200650145691
492 144.93114217354102
493 126.10416010209497
494 193.70834929216363
495 14.216789409094352
496 84.90976586526793
497 15.763318428964563
498 7.1252318570026
499 53.57232343802468
500 35.67533763426175
501 77.56704527758495
