evaluations raw_y
1 -4.912183453298829
2 4.168858260819312
3 -4.111155680359078
4 1.6693257864135762
5 -4.298522302045199
6 -0.8456500492111909
7 -3.0825036254067846
8 4.3358069555824486
9 -2.552580156117633
10 3.1444246789029706
11 -0.0800239827328666
12 -5.073058624148308
13 -5.15833892566176
14 4.467299528493801
15 3.365119255157274
16 -0.735284677916155
17 8.402648464805958
18 0.41911290116176764
19 -2.6498837588683175
20 -5.5984050322861325
21 -3.2530129555661116
22 6.8027764115400124
23 2.867173073936104
24 3.8865600573714882
25 3.416388454855656
26 -4.963807713035145
27 4.076891382911305
28 -11.990084818025894
29 -0.5440477845705451
30 -0.1284726127745935
31 -3.8573184554722255
32 -4.125973135746913
33 5.780655884731634
34 -6.905415976072613
35 1.5800051346262702
36 -4.406463784496685
37 0.28002156194302097
38 -4.803762763313696
39 -2.2040915918803456
40 -5.23351063781927
41 -1.860682794129461
42 -6.133211793832531
43 -6.417671295314234
44 -1.177248866660586
45 1.4576676969268787
46 -1.542840024582925
47 9.000708331138895
48 -1.3123098835441807
49 3.377428753324305
50 6.917931026798971
51 -2.0914531390600004
52 3.9038957312637037
53 3.5759377212353796
54 -2.7122431208798123
55 -1.7467104684203205
56 -3.37293847464875
57 -0.37534795210475314
58 5.534230058617754
59 -3.0094932016787843
60 4.488582549541369
61 4.98676170857981
62 3.1795895600127038
63 -5.965983334852457
64 -4.060175798827556
65 3.1572838575781317
66 6.438701664226894
67 0.08355832667855612
68 -1.028271715858783
69 3.9807724624413856
70 8.160869912309755
71 2.680791238172942
72 0.3041403138622613
73 4.606327929708245
74 1.7744382666414689
75 9.913694357283852
76 -4.055974456761698
77 0.6257254602295574
78 0.7810703978984004
79 -0.37146261981307194
80 0.39228711681878686
81 -2.150551048392492
82 -8.45702400143245
83 0.4919504286530132
84 -1.8675158607319284
85 -2.2288937621895575
86 5.452230832894257
87 0.12736458260099176
88 0.4585148266090068
89 -3.00132265018921
90 -0.5369251583610783
91 -1.617802306708878
92 5.140409208316261
93 4.971311819041617
94 5.595738366794176
95 -4.558536234113324
96 3.926398094812175
97 3.2842579110624293
98 -5.545906922632505
99 -0.453734998521638
100 -4.302738749271851
101 -0.8952852867157965
102 -7.728747843384944
103 3.587802161722158
104 -3.246104514040407
105 5.912984195896936
106 8.947340570772814
107 3.8014655366115546
108 -0.33915506090564873
109 -8.314765239275218
110 -3.1606504395253023
111 5.1299560231180585
112 -1.8843034167516213
113 0.06673387332920627
114 0.4298977767005045
115 -0.4959740025981991
116 6.285536727034579
117 -1.8928200765830843
118 -2.2268851561565555
119 4.64365559898165
120 -0.21163946972299796
121 3.157782254772039
122 0.8898201072679717
123 -4.204616417718123
124 0.32889046404202005
125 0.6625255587361047
126 4.922114217773037
127 -3.251132118139155
128 0.8494499537021681
129 6.531523341009592
130 4.708686332654355
131 1.5987568550077975
132 4.081223881079744
133 3.2449867212800445
134 -0.5865822656972777
135 1.3895307318408656
136 0.3795823491452349
137 -11.537614494623204
138 -6.769718463667878
139 -5.704381137895153
140 -0.9258354418529116
141 4.425183084275457
142 6.426375400443806
143 -1.2410427228529484
144 4.620335918933691
145 -1.354664811022538
146 -2.398727038282678
147 -3.6286006754494773
148 0.8139166359215626
149 2.0776487440315052
150 -0.867884898025185
151 3.8884783167194885
152 -3.67566544685649
153 -1.6420056230339393
154 4.410384683031474
155 -3.0623217908130234
156 6.298300032777099
157 5.86952036706053
158 2.1094959682385728
159 -0.364692267443141
160 1.6919792822021513
161 -3.467178225748782
162 -1.0865544739377773
163 -3.5889986956268105
164 -5.231691338015735
165 1.5113202044908776
166 2.693543456381403
167 2.1726033082489455
168 3.389828238970858
169 1.3283938224884966
170 1.1997798920508347
171 -2.570830196416455
172 -5.579207645616966
173 -2.7147286205835566
174 4.414520334709084
175 4.273664311774475
176 -10.134544743298632
177 -2.4355235250568383
178 -3.568589090677371
179 3.8640935625291397
180 -2.6859853660059914
181 -4.437294509108938
182 -5.304832375729506
183 0.8980151504763856
184 -1.4285485732232313
185 2.699244712926922
186 -0.2061370965839288
187 -0.4688030412511814
188 1.8951764947904484
189 1.2127091883455754
190 2.8657729422551004
191 -10.738819023381742
192 -2.919714966566934
193 -8.962519415372752
194 -3.3484758845158984
195 -0.9103693552270965
196 -2.10199334187417
197 9.135067830347234
198 -1.8873494745074213
199 -0.39050328637465914
200 -10.023062138105342
201 3.761962236243769
202 -1.4652889502454203
203 -7.359058456302423
204 -1.436300372298219
205 7.340839681785388
206 2.2479645003850632
207 -0.1956615479731234
208 -8.89183317234303
209 -1.500702810757523
210 -1.4882974047634194
211 -3.1731042179366806
212 3.6873388054569163
213 -1.2526594339520356
214 -1.3392259147319419
215 -5.703118354025046
216 5.502184514964206
217 -0.7494069228153126
218 -1.1143783796156526
219 6.429525466809699
220 3.037125426624426
221 -12.206465581182947
222 -4.852835150794228
223 1.5527952039136996
224 1.760527431554782
225 -4.96375783801982
226 4.533310215627967
227 -9.506046395661198
228 0.26494410983224337
229 -2.0684995659290895
230 -4.7278082310636895
231 2.6738574081506368
232 -3.6356989790371337
233 -4.03404995579552
234 -3.4816740347423454
235 0.8212677990596711
236 -5.434140355615089
237 -1.1224980125589232
238 -1.039341691171761
239 -4.749539428953785
240 -6.621877834909778
241 -1.0833692163733484
242 -1.608818100448395
243 2.0948991814053546
244 -5.517198583012809
245 3.2767581095287737
246 -0.8688757898412884
247 -4.0826511265872565
248 -3.3840160444055805
249 -7.187596318494878
250 -1.2109134214389756
251 -5.654494737437886
252 -2.0730164089496084
253 -0.7739045158663934
254 -9.917307233705895
255 -5.410455404189548
256 -6.132692601917147
257 -6.5880731411269045
258 -7.140678008245999
259 -7.131417486199146
260 -12.441971804513827
261 -4.982734181861089
262 -7.386410927554989
263 -4.857661081799244
264 -7.701829316636326
265 -7.826678062737212
266 -3.68130995387251
267 -11.6031588246633
268 -4.384353652192231
269 -4.371062068933658
270 -5.4234676282011245
271 -3.864660771918314
272 -6.570499929536396
273 -7.381108623101054
274 -8.048600389134897
275 -12.46714425722126
276 -4.516736009217793
277 0.4201521981966754
278 -7.254672264366713
279 -10.107489553804644
280 -9.534877151650694
281 -11.584962854975045
282 -12.193184418634608
283 -11.522687695267095
284 -6.983583162887317
285 -12.290504353646876
286 -10.200359920277412
287 -9.93002438030836
288 -11.391788464242948
289 -9.73207938830101
290 -10.275971747892905
291 -10.156391215963698
292 -11.681263387545794
293 -9.445905116224939
294 -9.611933971413267
295 -9.567225994604476
296 -9.853662456140048
297 -12.5556442170506
298 -10.172667690073798
299 -8.453003015219409
300 -11.152957335061156
301 -12.097575264293688
302 -9.295815616206593
303 -11.59212775966852
304 -10.617799713863597
305 -11.409045303865904
306 -11.038312322800152
307 -10.56277315490102
308 -10.368763863480618
309 -10.9215459106911
310 -9.877403640026387
311 -11.460292529791023
312 -12.362579348001397
313 -12.390563552007212
314 -11.617871586889212
315 -11.877319649073465
316 -11.89844174078701
317 -12.208991295356963
318 -10.570120683408854
319 -13.218614356253536
320 -12.066718685528937
321 -12.552100755973099
322 -12.689976460161189
323 -12.577111859935382
324 -12.57610840088797
325 -11.841805091269862
326 -11.814153876944868
327 -12.706714805502507
328 -12.359850051655894
329 -13.15607927690208
330 -12.709369455253618
331 -12.009852305667614
332 -10.515894634741842
333 -12.49387985466782
334 -12.663643260409952
335 -10.87335644128085
336 -12.052521791706342
337 -11.845928661390168
338 -12.516240068359151
339 -11.747682542692642
340 -12.82660738719419
341 -13.058571012887434
342 -11.90949724318161
343 -12.336063585050084
344 -12.391684366610331
345 -12.983674521038049
346 -11.923707265821236
347 -9.284197225744288
348 -13.198423154137023
349 -11.302839928215494
350 -12.87149243303521
351 -13.259996880873157
352 -11.531350034588415
353 -11.270283222800632
354 -13.336940716819766
355 -13.056884241941768
356 -13.268229708311658
357 -12.924619114781507
358 -12.184196630835903
359 -12.939809377116879
360 -12.749812406002029
361 -12.870793397787143
362 -12.69611027448026
363 -12.717347061161366
364 -12.382825614510999
365 -12.81320339406761
366 -12.978337333736192
367 -12.44129223360108
368 -13.19966549280583
369 -12.123866735009509
370 -12.761307233602064
371 -11.999371244301278
372 -10.576462090657863
373 -12.315514502953365
374 -12.049070180196718
375 -12.704890227175632
376 -13.169378813946047
377 -12.466202326590434
378 -13.047354929545396
379 -12.42193451687439
380 -12.622993865250992
381 -12.014411821881838
382 -12.389353262518878
383 -13.217391118240513
384 -13.044096652621668
385 -12.976307421851045
386 -11.918830459190376
387 -12.230812589963865
388 -13.334941374219293
389 -12.673795007130794
390 -12.086037327875625
391 -12.432213003454029
392 -13.288458508808338
393 -13.330882538895493
394 -13.278834564584926
395 -12.176640436575395
396 -12.395570001808974
397 -12.353146309450198
398 -12.668543871123838
399 -11.780971184968386
400 -12.65270326930009
401 -12.906797504044338
402 -11.762678814598807
403 -12.551550988824317
404 -12.620980585082222
405 -12.980835423473275
406 -13.166764790533062
407 -13.27575318732344
408 -13.326444438293747
409 -12.942812121206144
410 -12.057057641544588
411 -12.294427015089354
412 -12.492187250624301
413 -13.451839990767253
414 -13.455258891284991
415 -13.15622030175976
416 -11.744271604876955
417 -13.267639319793934
418 -12.932441187772664
419 -13.474068962133652
420 -11.963028357494554
421 -13.217271019164185
422 -12.668359797478672
423 -12.694104576851887
424 -12.710459894028771
425 -12.552923463796184
426 -13.268062453148511
427 -12.859672563630456
428 -13.144611942010007
429 -13.039489733777996
430 -12.642106467149732
431 -13.737458906065728
432 -13.096968795748507
433 -12.92718230737146
434 -13.030151640801547
435 -13.509464047796918
436 -12.375208774173677
437 -13.343027061804307
438 -12.394523158021082
439 -13.234681471680998
440 -12.314884768006227
441 -13.505615897728847
442 -12.833322641660255
443 -12.739064392641701
444 -11.70377844677113
445 -13.233315744649344
446 -12.473466976209936
447 -13.136898638783707
448 -12.601487874174062
449 -13.311313594584092
450 -12.98813539773114
451 -13.492094049291246
452 -13.7663346003386
453 -12.49944906894839
454 -12.391644739695579
455 -13.409949235872803
456 -13.096298921625735
457 -13.331554307636464
458 -12.415054507215185
459 -13.64241495898129
460 -13.160409626508617
461 -12.950285597377356
462 -13.245203560070204
463 -13.235901603792673
464 -13.326003058589595
465 -12.132479764512485
466 -13.333748802671083
467 -12.283314145117295
468 -13.399608889038154
469 -13.32374907467349
470 -11.503231598303792
471 -12.946318104650137
472 -12.967735368765839
473 -13.479380282209092
474 -13.688240227899584
475 -13.06253125141211
476 -13.214271222341178
477 -13.07652339361585
478 -12.83828709911642
479 -13.638388572590806
480 -13.675848128703544
481 -13.374618489169738
482 -12.266381208384658
483 -11.439561769120987
484 -13.542020725845797
485 -13.102764314728834
486 -13.443827352307482
487 -13.21743703533721
488 -12.085463650419056
489 -13.263018796245579
490 -13.376715862939045
491 -13.486080092141455
492 -13.581730758282692
493 -13.137587313084543
494 -12.593579376039036
495 -12.262710888181077
496 -12.694618720173455
497 -13.10783221621186
498 -11.345013871741667
499 -13.225425025155044
500 -10.67905619855263
evaluations raw_y
1 -2.6403570153562566
2 4.499214713192573
3 3.4783686099447597
4 -5.4983393798791145
5 4.640626572356867
6 -4.819594481847848
7 -7.246651659935009
8 -2.773082571790442
9 -1.9739284347104578
10 -4.093003946474217
11 -0.7271611097740309
12 5.489577603733444
13 -2.7600012606794926
14 1.3971195817893365
15 1.1411595324843578
16 1.5823499798405438
17 -0.6781142134891804
18 1.0868426084853782
19 -0.5928320613004285
20 -1.7253828142368013
21 0.6260840603902256
22 3.168986071281335
23 0.9561490930482436
24 3.2423781568600685
25 -0.9703680438782346
26 -0.04473512008891356
27 -3.4757333380400808
28 -0.33885926090635743
29 1.944172442601365
30 1.581012753917403
31 -0.9918386326369499
32 4.81910268310208
33 -6.76353788584801
34 -0.2888200484771093
35 -2.097246433519637
36 -5.793751348423007
37 -4.318976758902286
38 2.9552610582342504
39 0.37940701100752694
40 10.501289956153357
41 4.701715108149536
42 7.625297889047368
43 2.5947116245667172
44 5.030123699650117
45 -0.09581195566837453
46 -1.396373130377272
47 0.8466539069338088
48 8.024235357999412
49 1.7567074285953774
50 -0.2939425077388669
51 -0.7142395107677786
52 -4.119913245338939
53 -10.912670057400437
54 7.118168203551029
55 -3.544996582024768
56 -1.3932845322424248
57 -5.048548861983682
58 -9.516721896638826
59 -14.054282203530288
60 -17.362007311603175
61 -0.08746741975416317
62 -5.487339980160904
63 -21.34066291387574
64 3.4500926720847267
65 -39.55011750544604
66 -14.11216652997456
67 -42.91815023479717
68 -10.169964346905925
69 -11.862731524790846
70 1.1711020343115108
71 -32.237198368322595
72 -5.4193215411824305
73 -6.6679627370490255
74 -9.695236779268726
75 -31.141308864226332
76 -0.6376015181928159
77 -74.39377740596245
78 -31.787111736418474
79 -35.4633793096428
80 -11.228714327679185
81 -59.40585367359448
82 -81.91389296604578
83 -41.883611605813236
84 -69.99658890594469
85 -45.366499482045775
86 -57.96484647935857
87 5.8272140070482426
88 -50.375643699279
89 -25.244029553533885
90 -12.860202942032101
91 -6.342853754003709
92 -10.490394111722424
93 -56.971250588289806
94 -29.789229822382527
95 -3.5410701309049095
96 -32.513712070864884
97 -59.4006096904196
98 -68.01546534504918
99 -0.9103935627317084
100 -51.719559796136
101 -4.859385912090067
102 -34.67137107785454
103 -7.659487559801038
104 -11.448362872397073
105 -63.27338399754686
106 -67.73584294516853
107 -17.442923953550796
108 -16.740888415979654
109 3.6676350204327477
110 -50.471205135195966
111 -59.76849188284738
112 -10.173237861849984
113 -47.374726330010986
114 -5.646930286527573
115 -20.87565869838994
116 -49.81289642239357
117 -46.758344156134974
118 -16.474141230366143
119 -10.718821762026902
120 -33.37532937343302
121 -71.27604109957458
122 -52.10216777561678
123 -49.65626526434926
124 -22.337508824518174
125 -92.0968605145545
126 -69.1235924995897
127 -39.870790847185695
128 -1.4959780132424934
129 -51.12346961411448
130 -31.979651485316694
131 -51.54497024477051
132 -121.40910224003838
133 -74.33401739172581
134 -95.15430587884626
135 -91.54653466681546
136 -62.377895014132136
137 -76.81737059193419
138 -91.49411379089284
139 -23.900855332575027
140 -63.65054894490638
141 -60.37682627899387
142 -63.10046558677295
143 -27.554101918398086
144 -67.17702052605429
145 -26.18285093801281
146 -68.71145422817408
147 -43.77908862029755
148 -72.21402033836796
149 -50.6316884413903
150 -58.00886110985034
151 -44.00761278427012
152 -63.45012117342126
153 -77.30402467858495
154 -30.078238216024097
155 -31.51475229868219
156 -33.44245220771532
157 -93.09484809481798
158 -100.34890743128169
159 -72.50774616009727
160 -56.15202036205535
161 -2.355852288138853
162 -54.0412790122363
163 -43.93972660835326
164 -53.381660804270375
165 -56.83208265795362
166 -28.763678794052648
167 -50.57195025838329
168 -40.26593220161521
169 -60.26208931856867
170 -18.233353247913186
171 -72.66881177201611
172 -48.49081814119985
173 -53.45478176763932
174 -57.427419227634786
175 -51.35094857298266
176 -82.38256239439752
177 -55.53472783667329
178 -85.2099883133778
179 -79.63860266473998
180 -37.04308484331127
181 -66.42506024147774
182 -68.1248528900305
183 -86.78265347719636
184 -73.77658648451428
185 -86.94367281992761
186 -75.61198971107078
187 -106.3879015451586
188 -66.83500874243533
189 -75.49004268000846
190 -80.2130807263632
191 -90.0279651305631
192 -127.55331856171046
193 -76.01182439924257
194 -65.44158788129315
195 -99.50792087537134
196 -99.15192724698326
197 -64.60055175235055
198 -119.76698095953417
199 -66.51287976838387
200 -108.06603714306232
201 -116.59851959893433
202 -0.523129482824967
203 -45.70810201833199
204 -71.73831706306302
205 -113.08200557640366
206 -84.9692029708785
207 -84.65959737381813
208 -103.0624665033106
209 -93.84867036707837
210 -61.94048147866742
211 -71.89145143781009
212 -129.3123623526045
213 -135.06508538723716
214 -135.09700177367372
215 -112.82719683685123
216 -82.63860202877669
217 -81.70169234730781
218 -96.73457368411313
219 -110.32368531905664
220 -164.18098521853392
221 -104.56719111485629
222 -117.93498870437072
223 -84.72872491564839
224 -108.16740331000842
225 -145.4636643591311
226 -127.98847710032418
227 -149.569319986272
228 -87.12237590193081
229 -64.54425310182623
230 -101.1308692824529
231 -123.42104017684787
232 -54.1243982623036
233 -180.27429241173374
234 -132.0532728473912
235 -78.51544006039691
236 -150.4857149198529
237 -157.93461587812527
238 -114.9264519915193
239 -94.82450432759921
240 -125.32148308881408
241 -101.81281688315761
242 -94.64890424022103
243 -104.13367361267734
244 -170.42990404595028
245 -104.51990803175474
246 -79.09442182529664
247 -112.7063560405049
248 -114.65996408737385
249 -160.31452100966524
250 -106.94373991614043
251 -124.47066473829923
252 -119.97666273864976
253 -96.13009478326154
254 -120.2561496919264
255 -107.35277181754364
256 -121.7511261300853
257 -123.74192889979955
258 -99.15014655109192
259 -127.11051592842531
260 -156.30700982363703
261 -116.72526341641318
262 -129.90922744173858
263 -138.82956522726906
264 -143.1128352815742
265 -22.444513092795592
266 -123.6688163446142
267 -118.88985377343819
268 -149.34431792332785
269 -93.64892105802797
270 -43.57224093747218
271 -86.81874762369335
272 -101.31583182400007
273 -69.57842461379641
274 -105.62640728281409
275 -129.22074912801452
276 -94.1004254756113
277 -136.26133888072036
278 -86.52598476323247
279 -105.28030016806156
280 -74.13652719628536
281 -104.05211374533752
282 -142.83652671429502
283 -93.19625320301708
284 -99.75050686002994
285 -78.27350411921985
286 -98.44488995972299
287 -137.43659586332652
288 -93.97704082636906
289 -120.2767327783768
290 -66.54282382359138
291 -132.12139731661418
292 -147.38729815126285
293 -92.87222634672693
294 -135.09766571755046
295 -140.61093117823174
296 -111.77682191533312
297 -84.69187191047699
298 -28.129637191415217
299 -140.32782322703653
300 -142.19573695497795
301 -129.32209896103222
302 -148.47042911065634
303 -120.31842109882002
304 -140.67852219600343
305 -102.17990034594183
306 -120.48757090868142
307 -136.36215449981987
308 -105.26633057535335
309 -145.7549186210941
310 -145.78051741166394
311 -112.97714342932841
312 -114.81049138079797
313 -116.61576387211754
314 -141.98185176727114
315 -159.1346770033562
316 -145.9862035540444
317 -131.2420051112862
318 -105.72070067022185
319 -78.62826372079259
320 -141.42312697898905
321 -115.81629084312235
322 -127.48442414176289
323 -117.043595755209
324 -139.96172531498038
325 -141.54006621506176
326 -116.33547797079125
327 -164.87142354977422
328 -161.10982247261867
329 -162.67214995762126
330 -145.21973540604083
331 -150.89571972311887
332 -144.65442737577285
333 -159.38970950111096
334 -161.45225783381034
335 -100.15247821748858
336 -148.37286085288193
337 -122.23449892403353
338 -142.71499502060428
339 -164.59342482485965
340 -148.03145281078605
341 -144.92563652966948
342 -117.426154890641
343 -157.91007126345028
344 -140.07229506353994
345 -155.87793116637988
346 -145.85489577455544
347 -163.97006881724803
348 -136.34786263520738
349 -125.62738589552097
350 -135.8852229928309
351 -140.69558289222306
352 -141.75180078267945
353 -132.57369602074758
354 -160.5115950482912
355 -120.82160842632561
356 -82.56836198188391
357 -149.10022533567042
358 -151.97015125174568
359 -122.18043044406156
360 -55.959723074563954
361 -154.9073504447412
362 -150.89327884425046
363 -99.86212531030837
364 -130.15672119117852
365 -153.237639672621
366 -134.45267360371642
367 -134.0102566537785
368 -133.34916199654106
369 -120.65665676131393
370 -153.48492367075252
371 -155.77195860834783
372 -119.69857800600036
373 -140.05322700856848
374 -179.2224256292738
375 -150.3472096286005
376 -58.420531734397294
377 -149.60643635500614
378 -141.22490271657352
379 -139.6440050127615
380 -152.19611629103693
381 -171.14275866444012
382 -137.82895023032006
383 -150.06471658295922
384 -84.69740890311991
385 -147.1150981015442
386 -146.33657983355684
387 -158.50892862001226
388 -132.193750497339
389 -92.76190057609716
390 -151.37584175365782
391 -56.62803812561621
392 -161.3839612926829
393 -151.89505558590878
394 -120.4170278134457
395 -123.10008237862921
396 -122.16094561556214
397 -155.9806490384889
398 -93.53491754515052
399 -51.779758537834
400 -178.89668552353703
401 -157.64970655442394
402 -128.7041038483316
403 -163.4187669314232
404 -148.59358744599024
405 -111.87699692130218
406 -123.40060599933597
407 -164.97402780734393
408 -102.23250825037054
409 -112.59328882820328
410 -122.49173618725138
411 -80.52388944752036
412 -156.78451396668385
413 -119.37254395144829
414 -134.01144566546083
415 -154.01911542906453
416 -116.74263942731679
417 -105.09797817133494
418 -134.09259692917624
419 -137.77566530206576
420 -166.18851424961662
421 -69.25433495431143
422 -146.25008319347754
423 -142.1587777968084
424 -128.27064915054046
425 -146.7901421944439
426 -153.0017237624691
427 -152.38684335176055
428 -113.4104694541186
429 -151.66005975131114
430 -137.4008800446588
431 -144.23475716139376
432 -146.70134016333068
433 -156.72774444889586
434 -158.10328297174587
435 -175.88657845524517
436 -146.40677774712978
437 -49.198450406978516
438 -160.8071903356228
439 -170.31721326180903
440 -142.27442139949616
441 -161.27945354833705
442 -68.27065820684169
443 -147.75647127024936
444 -114.51682517957526
445 -136.39272228677538
446 -163.96074186659035
447 -139.43211552091802
448 -142.66905967472013
449 -134.19476860080928
450 -156.27401122484656
451 -133.8026183599503
452 -160.88009754974075
453 -142.56341548524023
454 -151.59414747877133
455 -149.90360106497192
456 -158.623521340332
457 -143.91339052633853
458 -168.53182030680895
459 -161.64002252428705
460 -120.60386239937822
461 -160.175261810814
462 -135.81091730355246
463 -150.99042686748945
464 -135.51913087307028
465 -139.89025680814996
466 -132.66638763335976
467 -139.09111175028613
468 -159.09248128023822
469 -165.03051842775764
470 -160.26024108290295
471 -170.71522950083806
472 -130.22665457797007
473 -153.14063621288474
474 -173.6724607849374
475 -66.61393522049379
476 -54.085520135459696
477 -150.0916547059682
478 -169.58562052592785
479 -98.74500785026306
480 -143.89635207867573
481 -116.58376761115015
482 -166.18542722475803
483 -142.8381442644127
484 -128.99920476657832
485 -170.16658130972107
486 -143.48925372576267
487 -3.912135331123018
488 -153.95887608579335
489 -154.31888543528268
490 -159.2715855121433
491 -122.67759190180742
492 -112.35138684696636
493 -146.35971733571134
494 -162.4817566754585
495 -102.89042575122876
496 -152.50693492036774
497 -150.17561711541384
498 -141.54938475289606
499 -143.9471313581509
500 -92.15472607562408
evaluations raw_y
1 0.7777019996508061
2 -1.6931729306583778
3 8.617024691910299
4 -0.9340460920033752
5 0.6740440683022992
6 -2.84162893799731
7 0.5399198483658835
8 5.203839148361716
9 -1.7554647439894948
10 -0.8345314651652805
11 3.190840855103625
12 2.5523409370675587
13 5.334950605244939
14 -1.8465717692143626
15 2.0989007355645697
16 1.216226780433765
17 4.5876618029113265
18 -5.567799145460322
19 2.1113225966788054
20 2.2215794650128187
21 4.9075719166160106
22 7.186806526156596
23 5.0079079127227395
24 7.7842291886121
25 -0.40536989461672124
26 -7.236429757705518
27 3.9745605110146682
28 0.05655242507042446
29 -7.323637074266484
30 -2.1528860133549754
31 2.3954340960165563
32 3.4897989384098436
33 3.8115374602972034
34 -1.9084206907420629
35 -0.08990896152930966
36 -0.7620906397625388
37 -9.98971779173868
38 -1.2036237253048148
39 8.485077053015399
40 -4.0645255412609345
41 -0.3116941302362162
42 -5.760537416221024
43 2.061500826751015
44 -1.3409633861827315
45 -1.6022353552433322
46 -0.11065981673034231
47 -5.709510668780908
48 -2.4443774967547913
49 -2.353012255717921
50 -1.4203691975539063
51 -4.599534048276073
52 1.167327509686353
53 -2.044752374306946
54 -3.606688490088669
55 8.201467924433402
56 1.6651953406796185
57 -0.7643844581003649
58 8.82933018105361
59 -4.490312963913591
60 7.970528749440852
61 1.1278306158761515
62 -2.4068171569365706
63 1.49681953855128
64 -3.2257301541867083
65 -16.047084571610903
66 -13.249223261142998
67 -1.352852730772848
68 7.081253950567148
69 -8.040050399711598
70 8.889079552737407
71 -5.516233538914434
72 6.355684945332093
73 -20.004395687088753
74 -8.216968748932775
75 -4.617445529127105
76 -15.300032169972038
77 9.05563049234559
78 6.872970396280844
79 -39.18383703276491
80 3.3775586948196983
81 -13.019412913946628
82 -15.518743210559144
83 -12.612745170022986
84 -43.606008671999255
85 1.3533106890690516
86 4.230658394779588
87 -16.170714194954606
88 -39.47545223952374
89 -45.75541272891005
90 -27.656242791707445
91 -15.183446093590899
92 -34.938753500792956
93 -43.4426350923161
94 -22.61418651522404
95 -45.984399401910295
96 -25.511697899689178
97 -38.88680539148995
98 -45.592928371617624
99 38.73764851457171
100 -44.7342158003012
101 -27.399833804198252
102 -3.8603132454789097
103 -29.128238603687663
104 -36.8476811146603
105 -29.86757178330143
106 -43.46540062702242
107 -21.40863092523916
108 -28.563981233807525
109 -27.059692456246818
110 -53.28916570926358
111 -17.023472546205113
112 -33.365896048767446
113 -27.776326040179082
114 -28.7799732989666
115 -15.386172682997145
116 -42.22301998985538
117 -22.679929380308888
118 -14.99330424319431
119 -36.73241810671575
120 -6.137557476160518
121 -43.60402965706444
122 -13.958721048302914
123 -3.1418241761899424
124 -22.01509293124938
125 -24.683572393783866
126 9.160920884295761
127 -18.102642064722406
128 -9.75514635592842
129 -20.543557350398377
130 -7.387219894676974
131 -8.205436989127337
132 -12.62479888104108
133 -8.455985465673237
134 -9.965154087238929
135 -27.204708037471267
136 -17.98688569915071
137 -16.42070841082839
138 -31.159080734638316
139 -36.18375146380876
140 -31.755402872376855
141 -26.350758003244263
142 -5.571103872425744
143 -18.914405233760984
144 -46.20130991990814
145 -4.164397964181072
146 -16.96212505487187
147 -41.42782014713205
148 -15.00286504336422
149 -12.943282944036058
150 -18.97703892019298
151 -10.765804552730813
152 -33.49600506988432
153 8.42005180625805
154 -21.350300553024525
155 -24.149912768078828
156 -48.81460476907526
157 -42.51039566793615
158 -1.4683472196968888
159 -44.34358218440331
160 -38.54676499871183
161 -18.95123316252876
162 -10.630380045690739
163 -37.48828332080202
164 -21.944581229674977
165 1.850628983246482
166 -79.6084265158136
167 -10.108093748373644
168 -33.228977940190916
169 -9.297944229228674
170 -45.7814230259421
171 -14.428015332161086
172 -34.62413867702486
173 -53.65596155306327
174 -79.80899585230497
175 -26.137878339820013
176 -38.50437445897285
177 -56.46940593639652
178 -50.24733240914849
179 -84.9587016671154
180 -50.14989904448942
181 -26.050955630532165
182 -24.433152630692796
183 -47.752727742776955
184 -56.27366350482487
185 -89.79597871511278
186 -47.44011021537916
187 -60.10153811775106
188 -83.48535858415676
189 -74.75955271240647
190 -16.212870542429705
191 -44.1548431378856
192 -68.4932779192894
193 -47.1756810288003
194 -73.97798064627985
195 -53.338794410336504
196 -66.56448020037968
197 -54.2881648712062
198 -49.35446414280384
199 -59.52586467878871
200 -80.70825541371113
201 -49.69969260907624
202 -56.94062101573138
203 -62.2156403117328
204 -37.40681875716174
205 -53.182137494988254
206 -91.28281553330196
207 -45.22513152073709
208 -69.10187001964813
209 -58.38184960480584
210 -32.669259021226395
211 -50.45307187406395
212 -59.48421444933413
213 -48.780908546591185
214 -81.47889404741102
215 -70.79532189926046
216 -72.98921370862506
217 -69.92781310963221
218 -38.2363293249843
219 -78.18362784311186
220 -71.82624520254117
221 -76.68719058643707
222 -54.83082490032546
223 -58.24157620666096
224 -15.850172491190055
225 -73.02043570432339
226 -81.65015958380057
227 -23.266311282826358
228 -69.95827032939417
229 -70.95522534801837
230 -72.42484825774542
231 -92.39720848271655
232 -69.01305515571781
233 -78.63478932589041
234 -37.0766065444369
235 -42.812795605660206
236 -61.71930224619936
237 -59.092460085066136
238 -84.9836506019435
239 -87.33446879372596
240 -56.4728090513475
241 -46.94407484582932
242 -67.46875688517963
243 -83.1820774507155
244 -78.50738289358779
245 -65.24931105181561
246 -77.76183240818575
247 -62.16421405432463
248 -67.45244566877031
249 -74.86677437084708
250 -63.38573813173885
251 -58.5179998363943
252 -60.67006226858775
253 -71.21726420069375
254 -0.25825465329684905
255 -73.98212231052689
256 -66.78594630262042
257 -76.72895784040075
258 -69.24075183026217
259 -62.40095882465137
260 -84.72674565172103
261 -79.78560397269649
262 -76.41939483782592
263 -64.95544872239682
264 -92.09838758541652
265 -54.69840469998922
266 -52.81807211853552
267 -63.542585755533786
268 -75.30901183778651
269 -60.371132753924215
270 -57.87514702860888
271 -77.78442229330587
272 -92.05360570689223
273 -58.76801541581014
274 -89.33550726200073
275 -95.40278975200467
276 -79.98075368400617
277 -73.51205334749389
278 -85.98378833701558
279 -70.72054691336183
280 -45.5846131863537
281 -89.04166168446511
282 -66.78823076845667
283 -76.11307431952282
284 -40.80596922810794
285 -94.89470153565034
286 -75.64186817395603
287 -77.45507827838854
288 -70.30733510249661
289 -69.75955047806828
290 -74.42811615617018
291 -73.83930119003466
292 -62.69791840804585
293 -78.98000636501843
294 -74.93354652834103
295 -65.99746641516116
296 -74.07005689017193
297 -84.45358145308201
298 -37.325882263398626
299 -94.7867876253311
300 -60.96891978172602
301 -76.76560974014247
302 -64.18423223701693
303 -66.93083404863378
304 -82.24224287399468
305 -80.86000871415956
306 -89.10765301730062
307 -78.12845038383792
308 -40.280471261979706
309 -28.91775400894002
310 -89.60182147764007
311 -59.09267475319517
312 -92.33504578515185
313 -76.85525462801623
314 -101.82736209458758
315 -78.10595442282087
316 -57.1862492555602
317 -65.45669475809302
318 -62.52410460709884
319 -44.60955665270789
320 -83.7635518369408
321 -59.13924141741378
322 -73.32506323161874
323 -86.94903583846452
324 -82.48383567623553
325 -63.62562450435043
326 -70.11431785214407
327 -82.86538954964661
328 -95.69610995082044
329 -59.18500604711854
330 -99.72121803904476
331 -65.29087868063348
332 -84.7373016601346
333 -84.0479419219832
334 -59.876756114193796
335 -95.85953883294094
336 -87.20295829410135
337 -50.21718758644127
338 -78.17341194965728
339 -43.045818837388794
340 -63.09422058047375
341 -80.43890537979156
342 -59.51513193028479
343 -86.62726667644046
344 -78.05755179788049
345 -59.63877818953186
346 -35.25999085470955
347 -47.08935968772418
348 -64.17906455969764
349 -84.44661317999616
350 -75.15655336208086
351 -87.62491304145846
352 -93.72534092245387
353 -76.89292572086573
354 -52.21624120791134
355 -85.96282008403045
356 -9.057119556658778
357 -79.17486393127434
358 -66.13162894526111
359 -88.42066478574647
360 -78.63981813115927
361 -72.08617933269873
362 -71.56044281378827
363 -72.38738708736612
364 -56.52723454511246
365 -74.8462709452823
366 -87.98924585066041
367 -79.37263063077253
368 -85.16975757384166
369 -48.481971737778046
370 -77.0277778418282
371 -89.53099741335683
372 -63.78926846992191
373 -68.70593679596281
374 -85.30192130866321
375 -58.02602998651816
376 -71.08543900530051
377 -77.27825726894233
378 -77.192502725033
379 -81.33914394988042
380 -81.72251079113276
381 -51.736252640966626
382 -91.50181122058177
383 -62.71376296793171
384 -64.76554076926894
385 -96.0415626787737
386 -83.34963011115836
387 -82.77910977165389
388 -66.60654033067317
389 -83.63766112036737
390 -56.87046112872817
391 -87.31228165122276
392 -69.95880912005536
393 -93.24894703124407
394 -83.19646558310542
395 -58.2520270788042
396 -77.90285643937773
397 -70.82919658013616
398 -63.740867482156844
399 -86.22502520794332
400 -62.88363060663526
401 -81.74567279764432
402 -89.10903599259598
403 -86.89595614239767
404 -80.43034637807206
405 -53.17999777613386
406 -86.15208431387619
407 -90.46844075281699
408 -33.7601090459111
409 -67.11507209401388
410 -88.25676146958979
411 -94.0371700392294
412 -54.96610157615369
413 -71.50051647685578
414 -79.18612483067032
415 -77.97900996356303
416 -73.40975205681099
417 -98.69576051251413
418 -50.42849483854999
419 -82.86335020932563
420 -78.98164808192706
421 -71.86622741752238
422 -57.90317246480136
423 -64.86977207438056
424 -83.19912552692296
425 -56.61441917304516
426 -88.6545029556579
427 -87.20490578904125
428 -87.68542761847185
429 -56.14276135993588
430 -97.95676484160694
431 -83.02267148422226
432 -73.8512182668437
433 -63.3834511688998
434 -83.9219944765134
435 -70.98781035889638
436 -80.7819765781134
437 -66.19045346170054
438 -51.3736750854639
439 -91.5275583054822
440 -72.02220643463495
441 -53.171100560630784
442 -79.82270255097245
443 -83.54169115722168
444 -56.061707831771564
445 -70.74271318835241
446 -85.18232347731823
447 -89.19189189429198
448 -71.63611594735585
449 -12.665262693500154
450 -85.9334012673191
451 -81.09880756477183
452 -81.1855601696025
453 -85.07156738112718
454 -61.54637406456885
455 -79.63704819779745
456 -81.38916901285826
457 -74.79322555679762
458 -84.37744265488288
459 -22.403523484171263
460 -73.4242622915716
461 -96.75413871956506
462 -92.52212652213181
463 -45.10281916748183
464 -91.4079826094045
465 -68.1226308699354
466 -85.64316859083887
467 -68.20530284166232
468 -88.93621330542608
469 -90.77551856111675
470 -93.81295166541395
471 -84.26850174279353
472 -89.4632090086572
473 -86.36142450281532
474 -93.39561050619511
475 -98.63043905915825
476 -74.94716768549114
477 -90.42815578264867
478 -6.586016667310011
479 -92.92184917938846
480 -49.07686454503054
481 -98.25088506862745
482 -78.73868104449087
483 -87.58040237366234
484 -75.99652662362199
485 -98.617845537609
486 -76.04271352211053
487 -96.71703870930594
488 -77.45557375927255
489 -62.31605292135726
490 -85.49588825857339
491 -86.35025262086556
492 -89.00073629135116
493 -84.7599959827997
494 -88.5314043636824
495 -42.53715586617972
496 -92.00782878638772
497 -67.94055335221758
498 -89.74126540619528
499 -92.21918212734661
500 -87.12652383006139
evaluations raw_y
1 -0.6407390199281119
2 -0.5466551179549006
3 -3.0184366408054446
4 -2.4948571897517198
5 1.502190513398765
6 5.705365866613063
7 -8.308634589555892
8 2.792001850086341
9 -1.0820114901474984
10 9.401919320110373
11 4.793938282351145
12 3.6128711153322928
13 -4.518415663635554
14 -5.589009925585865
15 1.136665221326932
16 5.194956998588744
17 1.438281029888584
18 -0.425087706829464
19 6.213170062932773
20 -2.043279655002529
21 3.324401341800246
22 -2.6862649150928424
23 -9.320241370396307
24 0.8799089959169295
25 -0.5282599065199276
26 3.6268847246444476
27 -3.887868079820108
28 -0.7742187388143321
29 -1.839603643060123
30 -0.6810405629218356
31 5.792328819464156
32 0.6894550322303228
33 0.17779760171919945
34 4.310864180767768
35 -0.29388653614466415
36 0.26700267621499296
37 -3.0801104647804127
38 6.401136823478685
39 -3.718878727663292
40 3.0428407450017447
41 -2.752612747950549
42 2.575526205860383
43 1.1407328669834886
44 5.161557143131849
45 -3.3316406192557135
46 1.3352981939593986
47 -0.4339526901320049
48 1.9835894881375244
49 -0.6598836962536057
50 3.5208858735123996
51 -5.456076375466675
52 -8.009566174689917
53 2.958076069694252
54 -0.47719233179552817
55 3.327101344191832
56 -9.128075515463511
57 -1.0646596160017223
58 -3.4022661233388454
59 -2.501727679428829
60 1.9456689005211194
61 -2.6042917526493508
62 0.8159240153392585
63 -3.8452637344734577
64 -6.55915756005156
65 -4.99136391653333
66 -3.7082444996075807
67 3.4460492533200666
68 3.001594105514248
69 -2.2522933022398126
70 -6.524706811925788
71 -1.7942517572876717
72 3.347588480282981
73 -11.026327755162594
74 9.914358034123568
75 2.9799113254434837
76 -1.6610597275756134
77 -9.087511947355466
78 -0.23342592600556367
79 -1.746885597074907
80 0.3573793248372177
81 -3.893903037606728
82 -3.2609864781476015
83 -4.501346380587041
84 0.1443963891395132
85 -5.117429551170403
86 -1.9401398259249265
87 0.9145961670995222
88 -3.1391568893711828
89 -5.644582330631555
90 0.5841156991115743
91 -4.339886236773738
92 -5.51912000939097
93 -3.7530985662995704
94 -5.4770374442191745
95 -5.115085407678701
96 -5.2770478554158355
97 -4.582595482440694
98 -3.4028009694936467
99 0.7218546053972157
100 -3.2207569751940035
101 -0.853767290640221
102 -3.9557961921596303
103 -6.570836381914026
104 -1.107691709561249
105 -6.933883279033303
106 -0.9921096271781864
107 -0.492388625574738
108 2.03482208912114
109 -0.8468913782484644
110 0.5653727401765302
111 -1.7217374354990551
112 -3.8491881225948226
113 -1.2513810268074899
114 -3.2120295677655233
115 0.7658219207786805
116 -3.671358585846397
117 1.4066570501158189
118 -3.055711416795259
119 -5.807185604131909
120 -2.035809472636917
121 3.137722265040271
122 7.3403646598446075
123 6.401947782383908
124 -1.2512491322089894
125 -4.437689240524716
126 0.32677957339990327
127 -5.595035560159487
128 -2.7691065479661248
129 -8.056459075261344
130 -7.941935297221875
131 -5.92597507743351
132 0.11445861087957232
133 -6.379400924674818
134 -4.754230605621652
135 -0.08957172560932539
136 -1.0189263421258108
137 -1.5188557221197145
138 -7.842700468313982
139 -2.1867554983657587
140 -9.916470465925059
141 -5.677457854228281
142 1.279599878353961
143 0.12154840371711023
144 4.581822435076679
145 -4.69334266783604
146 -7.432970712138841
147 -5.249805274658771
148 -9.447875910434668
149 -2.253329691168842
150 -9.460782553904675
151 -3.9105019763416875
152 -3.1210848718742423
153 -10.00641605578886
154 -6.7523673794457375
155 -10.756098662068798
156 -8.029136172654853
157 -1.3335613281470193
158 -6.395566456971401
159 -9.65795650564226
160 -3.2619141447656337
161 -8.576096014846417
162 -5.6364609407315225
163 -3.9452603863665447
164 -8.784752493064886
165 -1.5816811838566442
166 -4.5367597190361
167 -9.10287304954706
168 -8.018912675341424
169 -9.192323260299716
170 -9.763973364309424
171 -3.665863009445642
172 -6.903655613471134
173 -6.785373965672987
174 -5.452162259795455
175 -8.562840698200088
176 -8.345375446406887
177 -5.5767924420910395
178 -10.4958813325519
179 -7.039560842622057
180 -7.68747339607513
181 -6.653342356551122
182 -7.4299163518419755
183 -8.328415294557548
184 -4.010801199001713
185 -9.133365681502191
186 -11.251428870581293
187 -7.337421214495196
188 -8.085860095646668
189 -7.314283067927164
190 -11.072609820672678
191 -11.748427249530279
192 -10.484406488068363
193 -9.52938768405523
194 -6.928187846483821
195 -7.459651636566051
196 -8.353149419198429
197 -10.049687953002255
198 -11.201627335648093
199 -10.655602293771347
200 -11.0007933376994
201 -9.076601955017132
202 -10.872440484448134
203 -8.638745802991991
204 -10.687761242527579
205 -10.319022243642186
206 -12.02612027763631
207 -8.020903472881322
208 -11.040198714909083
209 -11.532147508343103
210 -11.407075305179543
211 -8.341486085520275
212 -10.144160056781038
213 -10.871609689418607
214 -11.825483307173407
215 -10.835450723882499
216 -12.200968246759478
217 -11.337430195338543
218 -12.697019933962604
219 -11.782098455718344
220 -11.78769931423237
221 -11.757607819191463
222 -11.185390792200426
223 -12.088936276606178
224 -12.018867888528288
225 -12.129597577618604
226 -11.535925652393166
227 -11.754223566912788
228 -12.20568804414868
229 -11.58677190136839
230 -12.101492583745424
231 -11.332785990052775
232 -11.753939463103542
233 -12.288988022022794
234 -10.837987605983603
235 -12.05990295438895
236 -12.531521700466982
237 -12.344895882502376
238 -10.715842432411872
239 -11.962254920008322
240 -10.506494161973738
241 -12.8791671583271
242 -12.554161121998415
243 -11.893671112140687
244 -11.482520305018916
245 -11.546959595683761
246 -11.80509352424352
247 -11.375619997561117
248 -12.33522417515661
249 -12.701425413614704
250 -12.724407202672156
251 -12.468693136319907
252 -12.370366509635216
253 -11.628879422570781
254 -12.013550288805266
255 -11.231327516086857
256 -11.188680742855317
257 -12.48938115239394
258 -12.816587563171147
259 -12.725208275222606
260 -12.784579204964823
261 -12.56240055586927
262 -12.15579610616163
263 -12.671026400281091
264 -12.843208618934101
265 -12.693646772946128
266 -12.651161130893971
267 -12.25229436399175
268 -12.828055752459578
269 -12.565952047049285
270 -12.703923933753714
271 -12.061836601097893
272 -11.481884119364745
273 -12.531241777998776
274 -12.520546011590712
275 -12.366274698149228
276 -12.426887263957664
277 -12.487468595431034
278 -12.872653723182461
279 -12.861457008966159
280 -12.477920564585174
281 -12.195004869822334
282 -12.368638726658997
283 -12.793479074859508
284 -12.447472609179396
285 -12.815966409196129
286 -12.42276595339449
287 -12.574549105996375
288 -12.719907141751175
289 -12.651514776149083
290 -11.833622012032015
291 -12.560334856568291
292 -12.990594159819171
293 -12.09093167485622
294 -12.710448917086017
295 -11.997545373549755
296 -12.630405133032518
297 -12.031584153036544
298 -11.93803209874094
299 -12.235290867082902
300 -12.609157247227273
301 -12.141734569719569
302 -12.32025152355997
303 -12.256355282683838
304 -12.411876398367303
305 -12.811795022397405
306 -12.48459280017483
307 -12.651312108336892
308 -11.967226951706865
309 -12.62444878483957
310 -12.829952830662489
311 -12.36879029669861
312 -12.84088607654753
313 -12.324927984451403
314 -12.404330128024595
315 -12.895249929436934
316 -12.609854214208774
317 -12.890129174220863
318 -12.804544379688402
319 -12.763124592198738
320 -12.867689999232034
321 -12.104917575712049
322 -12.845526788804152
323 -12.801594042655308
324 -12.819133251426152
325 -12.773769177508678
326 -12.652998574042027
327 -12.852731806535564
328 -12.860258442610176
329 -12.848202481648041
330 -12.17093276605037
331 -12.981739329495714
332 -12.466459860523173
333 -12.580453994660479
334 -12.8918972425104
335 -12.743757047505927
336 -12.980708755506118
337 -12.253424016112533
338 -12.870189059427197
339 -12.834178107478728
340 -12.848611757182747
341 -12.769697471297933
342 -12.812884780060632
343 -12.473201608627534
344 -12.947324850223675
345 -12.820348583440627
346 -11.836325592116333
347 -12.654437866637554
348 -12.71723404047528
349 -12.843293141488989
350 -12.11522572960494
351 -12.596128135838788
352 -12.64742758224403
353 -12.75261575059722
354 -12.554098105948919
355 -12.258591775646956
356 -12.878309781886813
357 -12.888115341877603
358 -11.520699124902976
359 -12.23005800348584
360 -12.374172418770678
361 -12.723425490456606
362 -12.006720551432862
363 -12.06392357762854
364 -12.719489761147345
365 -12.884544518633088
366 -11.81118284252826
367 -12.871833076914744
368 -12.876788066848452
369 -12.80759947684798
370 -12.554017088399945
371 -12.795351677207838
372 -12.621556854412116
373 -12.17538388904324
374 -12.566752117931102
375 -12.666459067326961
376 -12.72355763255421
377 -12.48673440652646
378 -12.298630462021825
379 -12.189824810028558
380 -12.199241524352944
381 -12.457486618737153
382 -12.6490467048765
383 -12.362468730112068
384 -11.60380102236438
385 -12.706483083473936
386 -12.57561353741056
387 -12.469694860431174
388 -12.549465900798449
389 -11.915780227924675
390 -12.703165125104366
391 -11.241103889532493
392 -12.001624011747822
393 -12.563220358714837
394 -12.671994937495448
395 -12.674545731196295
396 -12.556136788338584
397 -12.534322336497794
398 -12.104232139125433
399 -11.838355778938922
400 -12.209226721486203
401 -12.602910393048244
402 -12.350050055388252
403 -11.719566945003182
404 -12.608831542211592
405 -12.193310384343103
406 -12.49132903870888
407 -12.307326595932748
408 -12.423614801596207
409 -12.884849787549724
410 -12.811390586726283
411 -11.931012777647606
412 -12.235360140392608
413 -12.205539786278894
414 -11.851137749806872
415 -12.194081744053625
416 -12.50377978992002
417 -12.5563061911318
418 -12.79177251510158
419 -12.728264702870375
420 -12.825167665319528
421 -12.964524547458236
422 -11.990097791313959
423 -11.946894514964173
424 -12.881136629865633
425 -12.960036396836756
426 -12.868943509600987
427 -12.94144873302196
428 -11.899726015520976
429 -12.70626597012003
430 -12.38835663576095
431 -12.595173445558999
432 -12.958411264975116
433 -12.689757756948179
434 -12.881664817873881
435 -12.138630517164762
436 -12.697114195292531
437 -12.765666561094019
438 -12.560433186426334
439 -12.63544984441496
440 -12.669262278441456
441 -12.761518325411615
442 -12.773078378007343
443 -12.544939591278546
444 -12.104788531402555
445 -12.682147294465235
446 -12.597305741459303
447 -12.97606967648506
448 -12.61707366477677
449 -11.871536619391707
450 -12.57710075705817
451 -12.383098689486618
452 -12.888047380235195
453 -12.700169710574489
454 -12.068032803858678
455 -12.749164086258526
456 -12.757792631201756
457 -12.65093025535501
458 -12.754777688845524
459 -12.588214759888288
460 -12.718293877891856
461 -12.783035926142531
462 -12.791505622891648
463 -12.793340649316812
464 -12.906463001815093
465 -12.733536956150541
466 -12.746346397625638
467 -12.477207450639535
468 -12.604198894274752
469 -11.67836344610384
470 -12.798398838055558
471 -12.819752268117636
472 -12.887577449308793
473 -12.641503128004077
474 -12.07834813623055
475 -12.158729207399508
476 -12.455076828989627
477 -11.813754509024623
478 -12.75448028535005
479 -12.8724786481108
480 -12.603294305857082
481 -12.775946611651987
482 -12.56799016615183
483 -12.868918101924812
484 -12.307225148917599
485 -12.818234131622877
486 -12.708911566930349
487 -12.382342969282691
488 -12.837703044905542
489 -12.635812514135168
490 -12.958781672997757
491 -12.360377816050368
492 -12.392401312816396
493 -12.920292141510753
494 -12.883226507141789
495 -12.78506449290028
496 -12.790525275177446
497 -12.85518156376286
498 -12.9378204229213
499 -12.354269482744096
500 -11.887609392282078
evaluations raw_y
1 -0.10993009247296537
2 -4.386466248208128
3 0.7055486720622139
4 -5.657860168000312
5 -2.820651912022436
6 -3.191085090442503
7 0.5317483521749171
8 -1.9317629794430637
9 -1.770959373399866
10 7.605130021357394
11 1.6161980263089455
12 2.036834559018819
13 1.395359904293393
14 0.6070672249146511
15 -0.6393352661350598
16 -0.022347805475344595
17 0.08764372197093559
18 -1.081401962297018
19 -6.006290681753555
20 5.820719030871629
21 -1.0866344071545642
22 0.9568938569790315
23 4.472493823527967
24 -4.204985844125418
25 -5.440083636375917
26 6.9263307690130995
27 -4.290549788423739
28 5.571393540793058
29 -3.015296197538098
30 -3.724453152850467
31 -1.9086628372477792
32 -3.1556430037948617
33 -0.03097180134406563
34 -5.795962943164012
35 5.579578302892651
36 -6.839680775815474
37 2.802589903010231
38 1.4243419735509737
39 -2.4016374380735335
40 7.285453563939306
41 2.6073422451405293
42 0.9645151126295199
43 -1.180570476711444
44 2.68773723763265
45 4.846024653321478
46 -0.42418780545192936
47 1.6229792144321495
48 2.6876875457775147
49 -1.9701890913495084
50 -4.1771256985479885
51 -3.5105736449330314
52 0.0971737242629015
53 1.9097433176335856
54 0.053064324191856055
55 -1.278507998868083
56 -2.607746046348972
57 2.2579530723151513
58 -3.5383911189098924
59 0.7690089429786653
60 6.020209894136827
61 -1.6319108557935773
62 0.6749336735941955
63 1.2641907450758136
64 3.378894396512401
65 3.935873140787241
66 -0.4069788572775459
67 -0.8274920902821412
68 -2.978215524728638
69 -1.338726030209889
70 -1.1275239069345744
71 -3.0901947605541547
72 -1.8716329004202266
73 -3.7246130647867073
74 2.4747306737768406
75 3.050410936327052
76 2.5609335427249094
77 0.38003780811057103
78 -2.624296312318204
79 -4.125876376962589
80 -3.27349697109897
81 3.286356123083091
82 1.8950426147260089
83 -6.496311143656224
84 -1.2872094257194224
85 -2.5153555449101166
86 -2.5682074303335267
87 4.119117366612782
88 -3.4316006528359537
89 2.478826286659704
90 -6.099492868619383
91 -1.8767175026002023
92 1.1259506425075223
93 4.117325601706154
94 4.211008547229947
95 2.034670787584909
96 -4.298175203231914
97 6.9978726742870645
98 -4.775531023085982
99 -4.786131193230848
100 3.3468654453644597
101 4.788225320271385
102 -8.371904393435331
103 -4.50247686753328
104 0.08281761954431685
105 -3.313904869631444
106 -4.4200349671150345
107 0.6256619784676862
108 5.098813559493167
109 1.504272231601236
110 -2.0600018277034873
111 -0.25101030328404406
112 3.1590624851122007
113 -4.152383498906027
114 2.387759267147148
115 1.5774750668967064
116 -0.4603950606670201
117 -3.640183002828497
118 4.662246314719216
119 -8.406288329245287
120 -4.379633214801148
121 0.18397870717843434
122 1.5243508042015521
123 -5.757276257596347
124 1.6557668973737476
125 -0.253440342068767
126 0.24800373827270966
127 2.6018303402645633
128 8.397034977905085
129 -0.43023282858439715
130 -2.2201273186196717
131 -4.672662303137998
132 0.2927457933676581
133 1.1523025840149597
134 -8.368055632796299
135 2.0940816869136474
136 5.957702409095905
137 -1.3504685956644429
138 1.9809226885256805
139 0.6197448878040084
140 4.086820315865761
141 2.7340571686098296
142 0.17247758849560282
143 2.6586725662081583
144 2.970581441638643
145 -1.4527161070669443
146 -1.978686060354901
147 1.3916059473540288
148 -2.829545997633299
149 -2.983898126266597
150 1.7965690970429518
151 -5.627635511520059
152 -3.2124072987174688
153 1.741388763389499
154 1.9771024689091474
155 -1.4091086259802519
156 -2.9383331730197693
157 -5.4387590211528885
158 0.21667315071596577
159 -1.0363667763560043
160 -1.2320331520315735
161 4.106519575496573
162 0.3773291175956905
163 -0.24436995021638527
164 5.178697331763016
165 7.033997433092592
166 0.4185467966081888
167 -0.08538015517410874
168 0.9515250321569353
169 -1.140668212423336
170 2.7981922522910714
171 2.6532532218750684
172 -0.1754354862300209
173 2.63320280429227
174 -3.545226560366235
175 0.20871739090373348
176 3.6289393296910712
177 -2.8708687929841594
178 0.09161873001602258
179 -2.8278086207430704
180 3.399350428120249
181 1.8829574412764443
182 1.4067922251181573
183 -2.493675953471618
184 -5.009751763124687
185 -0.4503879364605873
186 0.5272347540198392
187 4.117382922693116
188 -0.3759176303170834
189 -5.494053155040205
190 -3.8631285499365635
191 0.8445840011721317
192 -4.836340477646615
193 1.2775010286137647
194 -5.055315726574982
195 0.9864688300597193
196 4.066998898596806
197 -1.6015505257032105
198 3.1392380166011833
199 3.5084956744554576
200 -5.936787558197826
201 1.1283266707773216
202 6.076195725319971
203 4.112220729398958
204 4.121134352721587
205 -0.39716900758687695
206 3.469752312137148
207 -1.807641241805055
208 -8.393194164086113
209 9.053359694884564
210 6.355563910851218
211 3.773595735750243
212 -0.614451828317177
213 -0.3420301250077984
214 1.7242352469047488
215 0.9818738366918242
216 0.664112784257771
217 1.4862212330980018
218 3.7963729380570306
219 0.6331672201013436
220 4.836489524403246
221 0.5581600039214872
222 -4.606697486261528
223 -2.974642149262352
224 -3.1778837747125914
225 5.408496745509246
226 -2.010793782719149
227 -4.032340714593768
228 5.593613639867844
229 4.938944142716116
230 1.1303683888290974
231 0.4740768413450184
232 -0.4619475751273451
233 -3.189999026622356
234 3.959730456394853
235 -0.10404590671090524
236 3.5504709019502596
237 -2.2856795112883885
238 -2.9357493227744795
239 5.368229870045046
240 2.956891560086949
241 -3.321936409082663
242 8.069208288940098
243 9.687064697030172
244 -7.14582112827731
245 2.060409492447831
246 -4.165366066407309
247 -7.2348125673479275
248 -3.8450467333488194
249 3.190921331897498
250 -6.326514767624317
251 0.3127062289833291
252 0.46804067620481804
253 2.319559510934291
254 1.2139708542909906
255 4.985283924498724
256 5.508888803508781
257 0.07122741545074557
258 7.479192491404367
259 -0.9079223740392784
260 7.251333844444383
261 3.7316299533068884
262 4.0449954497280585
263 2.3745234442366296
264 3.6186946071054087
265 4.252797210857615
266 -5.460070411970696
267 -5.192050577431309
268 -5.810915513277384
269 -0.6609034520415424
270 -0.8478848323911018
271 -0.6775311560733439
272 -2.42167499116634
273 3.3113344462869283
274 -1.0189462933437277
275 8.814834129341921
276 0.7452870018898303
277 -5.397345729403158
278 5.152787359362669
279 -0.09483425222078634
280 0.6078785889510043
281 -8.468277984608248
282 4.132462085331512
283 7.825116420053862
284 -6.708019848434657
285 -1.1328606480309111
286 1.7354028328476407
287 2.9417713910508754
288 2.1582152929772596
289 -9.420059164368823
290 -7.199996049277681
291 -1.6139273523687512
292 0.9629068910672098
293 4.15006067344969
294 3.4689215962550097
295 0.8396617196078557
296 -1.153209212146858
297 1.2446173321655072
298 -5.755488111880132
299 -12.084147434286683
300 -9.651228178296739
301 7.187471144240854
302 0.9372136397255744
303 1.5233538286614277
304 0.27073886758563415
305 -6.0985296760964065
306 0.07765718744244332
307 -4.210543405910585
308 6.077877186079224
309 4.8458996701105725
310 -0.17972293351604451
311 -10.63989412935619
312 -5.194174489919507
313 3.744372099857814
314 -1.3158976014882497
315 -6.495630169802453
316 -2.3391229728284992
317 -1.3164462927519192
318 -8.068268887363423
319 -0.09861261492740014
320 -3.6015457995508617
321 0.27197643406089234
322 0.5393056804434653
323 4.108035106445496
324 3.106647762955194
325 1.8789046273434908
326 3.3881582984800716
327 -8.06495626620476
328 -2.119433684948515
329 -2.6478586928378247
330 5.689399483015847
331 0.9556209034633931
332 0.345869295314301
333 5.06000213418135
334 -6.970065037601307
335 -1.5010677591232593
336 4.793937259540795
337 3.4693458084124185
338 1.0347669784428286
339 -4.609083594342145
340 5.672733685589215
341 -3.3127373406767004
342 -2.970582685675865
343 -0.5830625965140541
344 1.4789800233616814
345 -1.471732913596806
346 -1.0456235874265283
347 -6.760653164157282
348 -2.5109089888847427
349 -0.2464040038758759
350 -0.40548924147600823
351 -1.2485362389002703
352 -2.064931206303511
353 -2.765617005380406
354 0.5546504622623727
355 -3.4878490494338488
356 -0.4056136795760898
357 1.5264171540975198
358 -1.159773316373175
359 5.0109591808245355
360 0.39350729622730796
361 -1.8840908452777612
362 -1.4418425056985422
363 -4.531577257660894
364 -2.0110385024041473
365 -3.137723021679686
366 -9.846387875583853
367 -6.139322214192151
368 -2.10209730750788
369 4.351751929725984
370 -1.1138352588561968
371 -0.307361428086372
372 1.9239725361694522
373 2.0448191655575996
374 -5.154461039988315
375 -5.558590027521506
376 -5.267541208624202
377 0.8244080847852606
378 -1.437676675149647
379 1.207151548611599
380 6.360792475823339
381 -2.255072431153232
382 2.8199704334042566
383 2.3521206720386783
384 4.276820508181144
385 -7.792641950558311
386 -6.11441207492917
387 4.76534281863731
388 -3.4234877179906364
389 3.356969327578357
390 -8.242890727381159
391 -3.496651182250109
392 -2.096082905372237
393 -0.8284799213717753
394 -6.810272859328653
395 -5.947358724330956
396 -2.089799175001958
397 2.410562973992283
398 1.2055496702435842
399 -0.47879620744329965
400 -1.3599217073878265
401 -4.704897643381123
402 -3.0406221913950437
403 1.8133509409534663
404 -6.398847745688181
405 -6.957882096054543
406 -3.069913401391485
407 3.454537964875475
408 0.3575443800645912
409 -1.2394698085055453
410 -4.718291416489888
411 -5.1016670476545105
412 4.359371928620785
413 5.924814122103575
414 0.21544121403178484
415 -4.599480140081561
416 -5.814786864656635
417 -1.8359629396014538
418 -1.493968538246496
419 -0.665351446291047
420 -4.590414866651343
421 -7.608639111741646
422 -0.4697382242476711
423 -6.7843872229933435
424 -5.760548227718421
425 1.921869055324866
426 -3.7321460026160853
427 -1.8040848559357632
428 1.4063895041015595
429 -4.59494859798868
430 4.518858420026627
431 -6.858996971101932
432 -1.8038074767546601
433 0.4155415176695294
434 -3.56248065272941
435 -2.3645205372589375
436 -2.237910984913089
437 -6.223531253738999
438 -7.095203151992267
439 -3.869786185005703
440 -4.497155958103456
441 -7.060474691981614
442 -1.4281347971402754
443 -4.7594554244568315
444 -6.1206368855506685
445 -5.1427617284891385
446 -4.623419996831411
447 -7.73923736438872
448 -7.251426977431546
449 -3.8995341946367144
450 -2.2510636560490305
451 -2.3693618472705325
452 -9.217225238590041
453 -1.4319747588378475
454 -5.036277905232149
455 -3.8742230500627635
456 -9.622385647780998
457 -2.366417753371947
458 -11.656669417819295
459 -4.483640291142471
460 -5.840765557402839
461 -2.448322711454703
462 -4.298377571693779
463 -3.080936109470137
464 4.70976977934477
465 -10.03625226203945
466 -2.7597369287601614
467 -5.930629809222538
468 -7.919536135355859
469 -3.150451582147255
470 -2.1068158231351672
471 -2.1743331463749382
472 -9.36805171137161
473 -2.712703497462173
474 -9.261499892246857
475 -7.266772563035228
476 -11.070677908253508
477 2.713233627199399
478 -6.712959700509561
479 -6.369500297430541
480 -9.563029601057298
481 3.6396299081049435
482 -10.48998317856019
483 -4.689905793166075
484 0.9525786559903724
485 1.7170817162940115
486 -5.801343061611625
487 -2.8049278337611083
488 -5.614956396250353
489 0.5482319045334016
490 -8.400731209920956
491 -3.167622795100319
492 -11.963727797430552
493 -7.583284402829781
494 -9.296970210149778
495 -6.176441684656101
496 -9.13886953983535
497 -8.391190069261423
498 -9.872882605082559
499 -9.857055562738811
500 -7.157045166943613
