evaluations raw_y
1 3.160842531474347
2 1.368493925949462
3 6.349734919867014
4 4.978482216466891
5 4.171270289187086
6 -2.6497443820577313
7 2.77978234379109
8 4.463675166696615
9 8.279313770312251
10 -2.111117974275209
11 2.210393338523141
12 0.1682359119460295
13 6.408047292668899
14 0.3969132014228549
15 0.9854379627433181
16 1.5576417506793565
17 -1.6440941870876218
18 -3.1780280525162934
19 -3.512996309067223
20 -1.2842633095656302
21 2.8653696135633027
22 6.790484659955419
23 8.752000710012181
24 5.766346116304616
25 -0.5365351233018858
26 -2.9448323050545806
27 1.5731254158796104
28 -2.0735089502990407
29 5.212206534771866
30 3.4837168215425915
31 2.2870388436224434
32 -2.5521404137630763
33 -3.317800602402253
34 -4.112939715771494
35 -0.8315153387952066
36 2.103589191035566
37 0.7660891817614046
38 5.189768530890035
39 3.6840410909119625
40 1.1793072320705704
41 2.079619505929631
42 3.4251985951024775
43 3.777486994223383
44 3.868105757459809
45 0.36039993912202295
46 -0.005910440511657455
47 5.17360182904183
48 1.3065664178640288
49 3.9996177934734565
50 -0.6775835406498145
51 -2.6322126268813726
52 1.033777483736582
53 -4.112939715771494
54 -3.512996309067223
55 -3.317800602402253
56 -3.1780280525162934
57 -2.9448323050545806
58 -2.6497443820577313
59 -2.6322126268813726
60 -2.5521404137630763
61 -2.111117974275209
62 -2.0735089502990407
63 -1.6440941870876218
64 -1.2842633095656302
65 -0.8315153387952066
66 -0.6775835406498145
67 -0.5365351233018858
68 -0.005910440511657455
69 0.1682359119460295
70 0.36039993912202295
71 0.3969132014228549
72 0.7660891817614046
73 0.9854379627433181
74 1.033777483736582
75 1.1793072320705704
76 1.3065664178640288
77 1.368493925949462
78 1.5576417506793565
79 1.5731254158796104
80 2.079619505929631
81 2.103589191035566
82 2.210393338523141
83 1.5327632306727357
84 -0.7877229894938975
85 -3.2496145768154405
86 -4.53974278393252
87 -4.651460339600609
88 0.42318860104594513
89 -0.048347298743102396
90 -1.2370827066078034
91 -1.7291022134344316
92 0.7482865452339551
93 3.0157929228851166
94 -0.5966711563756313
95 -0.6775835406498145
96 -2.3846761070791054
97 -4.291787741329635
98 -0.5365351233018858
99 1.5307267411455772
100 -1.687473503417686
101 3.3468117605531313
102 1.3065664178640288
103 -0.08333459333343995
104 0.2673127569379785
105 -4.651460339600609
106 -4.53974278393252
107 -4.291787741329635
108 -4.112939715771494
109 -3.512996309067223
110 -3.317800602402253
111 -3.2496145768154405
112 -3.1780280525162934
113 -2.9448323050545806
114 -2.6497443820577313
115 -2.6322126268813726
116 -2.5521404137630763
117 -2.3846761070791054
118 -2.111117974275209
119 -2.0735089502990407
120 -1.7291022134344316
121 -1.687473503417686
122 -1.6440941870876218
123 -1.2842633095656302
124 -1.2370827066078034
125 -0.8315153387952066
126 -0.7877229894938975
127 -0.6775835406498145
128 -0.6775835406498145
129 -0.5966711563756313
130 -0.5365351233018858
131 -0.5365351233018858
132 -0.08333459333343995
133 -0.048347298743102396
134 -0.005910440511657455
135 0.08715130490792067
136 -2.679017848435159
137 -2.3249239917219615
138 -1.2059946332012679
139 -4.442892774687755
140 -2.5632157991738875
141 -1.455474349827523
142 -2.657049628019176
143 -3.30204056026715
144 0.5643178126060691
145 -4.296704184786233
146 -1.9250927426916036
147 0.037863980899730976
148 1.7315637909069925
149 2.593960496539898
150 0.8676510023574622
151 -0.5445751491145767
152 2.1485929447765053
153 -2.13385302417422
154 -0.23203182997214666
155 -4.291787741329635
156 -3.317800602402253
157 -4.651460339600609
158 -4.53974278393252
159 -4.442892774687755
160 -4.296704184786233
161 -4.291787741329635
162 -4.291787741329635
163 -4.112939715771494
164 -3.512996309067223
165 -3.317800602402253
166 -3.317800602402253
167 -3.30204056026715
168 -3.2496145768154405
169 -3.1780280525162934
170 -2.9448323050545806
171 -2.679017848435159
172 -2.657049628019176
173 -2.6497443820577313
174 -2.6322126268813726
175 -2.5632157991738875
176 -2.5521404137630763
177 -2.3846761070791054
178 -2.3249239917219615
179 -2.13385302417422
180 -2.111117974275209
181 -2.0735089502990407
182 -1.9250927426916036
183 -1.7291022134344316
184 -1.687473503417686
185 -1.6440941870876218
186 -1.455474349827523
187 -2.9971938668291704
188 -5.223968562894934
189 -1.2467707274625983
190 -2.8516605734764338
191 3.285675712301517
192 1.1996114005191574
193 1.2385045580160354
194 -3.1649313024868007
195 -2.499579160947244
196 -3.317800602402253
197 -0.3511689271796996
198 -4.296704184786233
199 -1.9790559432129085
200 -0.10949873452834602
201 -5.745083542635305
202 -5.048653712295445
203 -3.4044639019838723
204 1.0930703163328568
205 -1.2110399669864829
206 0.2523239291989525
207 -2.6322126268813726
208 -3.087429417394181
209 -5.745083542635305
210 -5.223968562894934
211 -5.048653712295445
212 -4.651460339600609
213 -4.53974278393252
214 -4.442892774687755
215 -4.296704184786233
216 -4.296704184786233
217 -4.291787741329635
218 -4.291787741329635
219 -4.112939715771494
220 -3.512996309067223
221 -3.4044639019838723
222 -3.317800602402253
223 -3.317800602402253
224 -3.317800602402253
225 -3.30204056026715
226 -3.2496145768154405
227 -3.1780280525162934
228 -3.1649313024868007
229 -3.087429417394181
230 -2.9971938668291704
231 -2.9448323050545806
232 -2.8516605734764338
233 -2.679017848435159
234 -2.657049628019176
235 -2.6497443820577313
236 -2.6322126268813726
237 -2.6322126268813726
238 -2.5632157991738875
239 -5.772188392193593
240 -4.229155576071504
241 -4.299607738704516
242 -4.27695068961592
243 -5.8616772203633705
244 -4.3824069348593895
245 0.12444983251146358
246 -1.3256488034372067
247 -3.512996309067223
248 -1.131267663225167
249 -2.8956480598693433
250 -4.296704184786233
251 -3.1600949464118027
252 -2.0231287134973486
253 -0.9333767206643371
254 -3.1891300062483205
255 -4.010013092249687
256 -1.178806670090732
257 4.742005813640799
258 9.07908246451688
259 -2.8516605734764338
260 3.0688199643765035
261 -5.8616772203633705
262 -5.772188392193593
263 -5.745083542635305
264 -5.223968562894934
265 -5.048653712295445
266 -4.651460339600609
267 -4.53974278393252
268 -4.442892774687755
269 -4.3824069348593895
270 -4.299607738704516
271 -4.296704184786233
272 -4.296704184786233
273 -4.296704184786233
274 -4.291787741329635
275 -4.291787741329635
276 -4.27695068961592
277 -4.229155576071504
278 -4.112939715771494
279 -4.010013092249687
280 -3.512996309067223
281 -3.512996309067223
282 -3.4044639019838723
283 -3.317800602402253
284 -3.317800602402253
285 -3.317800602402253
286 -3.30204056026715
287 -3.2496145768154405
288 -3.1891300062483205
289 -3.1780280525162934
290 -3.1649313024868007
291 2.1257165932340296
292 0.7629914504534474
293 -4.442892774687755
294 -4.123252492102241
295 -5.847045360292544
296 -4.022897948606202
297 -3.1643137425573133
298 -4.86288727674548
299 -4.589881489067992
300 -4.585809381220947
301 -5.779606563417742
302 0.19278400656510586
303 -4.664891809867562
304 -4.112939715771494
305 -6.999696491260584
306 -0.5170762931727464
307 -4.090010639263362
308 -3.6817334177547933
309 -4.3824069348593895
310 0.09871126551396703
311 5.535356888635976
312 -4.628640436982576
313 -6.999696491260584
314 -5.8616772203633705
315 -5.847045360292544
316 -5.779606563417742
317 -5.772188392193593
318 -5.745083542635305
319 -5.223968562894934
320 -5.048653712295445
321 -4.86288727674548
322 -4.664891809867562
323 -4.651460339600609
324 -4.628640436982576
325 -4.589881489067992
326 -4.585809381220947
327 -4.53974278393252
328 -4.442892774687755
329 -4.442892774687755
330 -4.3824069348593895
331 -4.3824069348593895
332 -4.299607738704516
333 -4.296704184786233
334 -4.296704184786233
335 -4.296704184786233
336 -4.291787741329635
337 -4.291787741329635
338 -4.27695068961592
339 -4.229155576071504
340 -4.123252492102241
341 -4.112939715771494
342 -4.112939715771494
343 -4.998831660989947
344 -0.8610913535588383
345 -4.78105277922274
346 -2.0586508983466527
347 -4.861374126786991
348 0.290807597734124
349 -1.9340327617024908
350 -4.256413984036015
351 2.092818221391601
352 4.420277391464312
353 -6.999696491260584
354 -4.651460339600609
355 -4.287322219228227
356 -4.423189562268687
357 -4.575039027399324
358 -2.393020946111162
359 -5.375940449665501
360 -5.632126744242285
361 -4.3824069348593895
362 -4.171126050630983
363 -2.8714680561718904
364 -4.291787741329635
365 -6.999696491260584
366 -6.999696491260584
367 -5.8616772203633705
368 -5.847045360292544
369 -5.779606563417742
370 -5.772188392193593
371 -5.745083542635305
372 -5.632126744242285
373 -5.375940449665501
374 -5.223968562894934
375 -5.048653712295445
376 -4.998831660989947
377 -4.86288727674548
378 -4.861374126786991
379 -4.78105277922274
380 -4.664891809867562
381 -4.651460339600609
382 -4.651460339600609
383 -4.628640436982576
384 -4.589881489067992
385 -4.585809381220947
386 -4.575039027399324
387 -4.53974278393252
388 -4.442892774687755
389 -4.442892774687755
390 -4.423189562268687
391 -4.3824069348593895
392 -4.3824069348593895
393 -4.3824069348593895
394 -4.299607738704516
395 -4.41460038716153
396 -3.7432842358298783
397 -4.755231920979695
398 -7.1719365969212765
399 -0.7500513810831282
400 -5.874738976606508
401 1.7133256390511302
402 3.61723398507866
403 -5.042524994477001
404 -3.5858153550563725
405 -4.750321189986646
406 -6.977231917607846
407 -4.100483212313984
408 -5.682743326346858
409 -5.169932280487328
410 -5.314505878673231
411 -2.705613082012786
412 -4.547127844979288
413 -2.4080213262419927
414 -3.7837169627771927
415 -3.3711161479956737
416 -4.210140082340789
417 -7.1719365969212765
418 -6.999696491260584
419 -6.999696491260584
420 -6.977231917607846
421 -5.874738976606508
422 -5.8616772203633705
423 -5.847045360292544
424 -5.779606563417742
425 -5.772188392193593
426 -5.745083542635305
427 -5.682743326346858
428 -5.632126744242285
429 -5.375940449665501
430 -5.314505878673231
431 -5.223968562894934
432 -5.169932280487328
433 -5.048653712295445
434 -5.042524994477001
435 -4.998831660989947
436 -4.86288727674548
437 -4.861374126786991
438 -4.78105277922274
439 -4.755231920979695
440 -4.750321189986646
441 -4.664891809867562
442 -4.651460339600609
443 -4.651460339600609
444 -4.628640436982576
445 -4.589881489067992
446 -4.585809381220947
447 -6.999696491260584
448 -4.043733052039851
449 -3.115645877723499
450 -2.138290960377136
451 -5.901186266028649
452 -2.812154683922218
453 -5.8616772203633705
454 -6.674331575746163
455 -5.874395919416848
456 -7.6724320310537015
457 -2.363696510626224
458 -5.847045360292544
459 -5.948414585463696
460 -4.547254487617213
461 0.6325887937949344
462 -4.678261524927555
463 -3.133917098044635
464 -4.020872714213458
465 -5.314505878673231
466 -4.8331128624406485
467 -5.135587765666675
468 -4.707355658235471
469 -7.6724320310537015
470 -7.1719365969212765
471 -6.999696491260584
472 -6.999696491260584
473 -6.999696491260584
474 -6.977231917607846
475 -6.674331575746163
476 -5.948414585463696
477 -5.901186266028649
478 -5.874738976606508
479 -5.874395919416848
480 -5.8616772203633705
481 -5.8616772203633705
482 -5.847045360292544
483 -5.847045360292544
484 -5.779606563417742
485 -5.772188392193593
486 -5.745083542635305
487 -5.682743326346858
488 -5.632126744242285
489 -5.375940449665501
490 -5.314505878673231
491 -5.314505878673231
492 -5.223968562894934
493 -5.169932280487328
494 -5.135587765666675
495 -5.048653712295445
496 -5.042524994477001
497 -4.998831660989947
498 -4.86288727674548
499 -4.315363168976
500 -6.959520617145936
501 -2.078097357748999
502 -1.8375408026182365
503 -6.164511637098832
504 -7.6724320310537015
505 -6.999696491260584
506 -5.314505878673231
507 -3.876596429511901
508 -2.0228082566108263
509 -7.866732201335319
510 -2.272035403282305
511 -1.3851898079417864
512 0.4009162007785556
513 -7.048561805861932
514 -4.3371793444249445
515 -8.162271866020665
516 -3.8141684727374443
517 -5.048653712295445
518 -6.165947971510411
519 -5.682743326346858
520 -3.7749519047211937
521 -8.162271866020665
522 -7.866732201335319
523 -7.6724320310537015
524 -7.6724320310537015
525 -7.1719365969212765
526 -7.048561805861932
527 -6.999696491260584
528 -6.999696491260584
529 -6.999696491260584
530 -6.999696491260584
531 -6.977231917607846
532 -6.959520617145936
533 -6.674331575746163
534 -6.165947971510411
535 -6.164511637098832
536 -5.948414585463696
537 -5.901186266028649
538 -5.874738976606508
539 -5.874395919416848
540 -5.8616772203633705
541 -5.8616772203633705
542 -5.847045360292544
543 -5.847045360292544
544 -5.779606563417742
545 -5.772188392193593
546 -5.745083542635305
547 -5.682743326346858
548 -5.682743326346858
549 -5.632126744242285
550 -5.375940449665501
551 -3.885184521320158
552 -8.160654807707662
553 -5.776557506405946
554 -7.6724320310537015
555 -4.68513942022204
556 -6.882787583885664
557 -4.800355689393421
558 -5.948414585463696
559 -6.421557395562736
560 -7.048561805861932
561 -4.686094576699489
562 -5.847045360292544
563 -8.851476881328477
564 -3.8468481105457375
565 -5.881838170423784
566 -4.834026618733423
567 -5.65964059458541
568 -4.51749982802773
569 -5.20854652515988
570 -3.0421714785398386
571 -3.2286926782323047
572 -2.2226974120658536
573 -8.851476881328477
574 -8.162271866020665
575 -8.160654807707662
576 -7.866732201335319
577 -7.6724320310537015
578 -7.6724320310537015
579 -7.6724320310537015
580 -7.1719365969212765
581 -7.048561805861932
582 -7.048561805861932
583 -6.999696491260584
584 -6.999696491260584
585 -6.999696491260584
586 -6.999696491260584
587 -6.977231917607846
588 -6.959520617145936
589 -6.882787583885664
590 -6.674331575746163
591 -6.421557395562736
592 -6.165947971510411
593 -6.164511637098832
594 -5.948414585463696
595 -5.948414585463696
596 -5.901186266028649
597 -5.881838170423784
598 -5.874738976606508
599 -5.874395919416848
600 -5.8616772203633705
601 -5.8616772203633705
602 -5.847045360292544
603 -8.851476881328477
604 -6.18454683128609
605 -4.846894969822393
606 -7.137116987459541
607 -5.842433859574944
608 -7.06462738671968
609 -2.8810818337496014
610 -7.022595212793979
611 -6.916409797720915
612 -6.656890370441697
613 -4.061877277276446
614 -3.5477099102695626
615 -5.0890732261092095
616 -6.709385079897783
617 -3.058380402774991
618 -7.503535195162786
619 -6.113278845291612
620 -4.90971756869378
621 -6.999696491260584
622 -5.7290284920567975
623 -6.351937774022983
624 -4.243794876686948
625 -8.851476881328477
626 -8.851476881328477
627 -8.162271866020665
628 -8.160654807707662
629 -7.866732201335319
630 -7.6724320310537015
631 -7.6724320310537015
632 -7.6724320310537015
633 -7.503535195162786
634 -7.1719365969212765
635 -7.137116987459541
636 -7.06462738671968
637 -7.048561805861932
638 -7.048561805861932
639 -7.022595212793979
640 -6.999696491260584
641 -6.999696491260584
642 -6.999696491260584
643 -6.999696491260584
644 -6.999696491260584
645 -6.977231917607846
646 -6.959520617145936
647 -6.916409797720915
648 -6.882787583885664
649 -6.709385079897783
650 -6.674331575746163
651 -6.656890370441697
652 -6.421557395562736
653 -6.351937774022983
654 -6.18454683128609
655 -6.999696491260584
656 -4.483460593406417
657 -7.2566327062510085
658 -4.447190669412187
659 -6.144756289380391
660 -3.7951109676151127
661 -7.071265388278432
662 -4.494253043613562
663 -4.8929884139988955
664 -4.332834220007839
665 -7.6724320310537015
666 -5.084845324208082
667 -6.530669681313446
668 -3.4696510256969777
669 -6.654062712267285
670 -7.048561805861932
671 -6.993835351454064
672 -7.866732201335319
673 -4.700938951241508
674 -4.789435185664753
675 -7.134068915188772
676 -8.432965490221248
677 -8.851476881328477
678 -8.851476881328477
679 -8.432965490221248
680 -8.162271866020665
681 -8.160654807707662
682 -7.866732201335319
683 -7.866732201335319
684 -7.6724320310537015
685 -7.6724320310537015
686 -7.6724320310537015
687 -7.6724320310537015
688 -7.503535195162786
689 -7.2566327062510085
690 -7.1719365969212765
691 -7.137116987459541
692 -7.134068915188772
693 -7.071265388278432
694 -7.06462738671968
695 -7.048561805861932
696 -7.048561805861932
697 -7.048561805861932
698 -7.022595212793979
699 -6.999696491260584
700 -6.999696491260584
701 -6.999696491260584
702 -6.999696491260584
703 -6.999696491260584
704 -6.999696491260584
705 -6.993835351454064
706 -6.977231917607846
707 -6.514837629374823
708 -8.239604253231152
709 -5.249160983208187
710 -7.848487171958137
711 -6.9920331134931075
712 -7.014701811645843
713 -4.507807973421874
714 -3.3649624752325202
715 -4.831523247414932
716 -3.11180093370527
717 -3.2234446695387753
718 -3.31912071186699
719 -4.718896581016549
720 -6.801292813147404
721 -7.026544321463726
722 -5.284315088415324
723 -3.8217127931328934
724 -6.261980847925228
725 -6.489463605158892
726 -7.048561805861932
727 -6.46459712929323
728 -6.3304668211382324
729 -8.851476881328477
730 -8.851476881328477
731 -8.432965490221248
732 -8.239604253231152
733 -8.162271866020665
734 -8.160654807707662
735 -7.866732201335319
736 -7.866732201335319
737 -7.848487171958137
738 -7.6724320310537015
739 -7.6724320310537015
740 -7.6724320310537015
741 -7.6724320310537015
742 -7.503535195162786
743 -7.2566327062510085
744 -7.1719365969212765
745 -7.137116987459541
746 -7.134068915188772
747 -7.071265388278432
748 -7.06462738671968
749 -7.048561805861932
750 -7.048561805861932
751 -7.048561805861932
752 -7.048561805861932
753 -7.026544321463726
754 -7.022595212793979
755 -7.014701811645843
756 -6.999696491260584
757 -6.999696491260584
758 -6.999696491260584
759 -6.504102019402152
760 -2.897117118419558
761 -8.500109102037893
762 -5.118164145431882
763 -8.518502931364523
764 -8.045979181412438
765 -5.209443713195569
766 -5.2209519193206875
767 -5.682943714798348
768 -3.9488721458645295
769 -8.83551551054799
770 -8.087463190881646
771 -6.495576574359053
772 -3.0869086096120526
773 -3.21426130414558
774 -3.9692569591518634
775 -6.078984405549946
776 -2.8568983986892404
777 -6.819596973985581
778 -7.137116987459541
779 -7.1719365969212765
780 -6.551712029283976
781 -8.851476881328477
782 -8.851476881328477
783 -8.83551551054799
784 -8.518502931364523
785 -8.500109102037893
786 -8.432965490221248
787 -8.239604253231152
788 -8.162271866020665
789 -8.160654807707662
790 -8.087463190881646
791 -8.045979181412438
792 -7.866732201335319
793 -7.866732201335319
794 -7.848487171958137
795 -7.6724320310537015
796 -7.6724320310537015
797 -7.6724320310537015
798 -7.6724320310537015
799 -7.503535195162786
800 -7.2566327062510085
801 -7.1719365969212765
802 -7.1719365969212765
803 -7.137116987459541
804 -7.137116987459541
805 -7.134068915188772
806 -7.071265388278432
807 -7.06462738671968
808 -7.048561805861932
809 -7.048561805861932
810 -7.048561805861932
811 -6.5395805828474405
812 -7.507172869643354
813 -9.533832886967012
814 -6.35454745725656
815 -8.836189191327911
816 -7.628544208927376
817 -7.8241681361070725
818 -4.126933542423249
819 -4.892426565746918
820 -6.936279173484437
821 -3.9689561332488372
822 -8.518502931364523
823 -7.206973298740305
824 -6.395861719845457
825 -4.038114865574762
826 -3.4729663521278127
827 -7.927404178986441
828 -8.772591311710825
829 -7.866732201335319
830 -7.980252360267219
831 -8.851476881328477
832 -7.678322174681005
833 -9.533832886967012
834 -8.851476881328477
835 -8.851476881328477
836 -8.851476881328477
837 -8.836189191327911
838 -8.83551551054799
839 -8.772591311710825
840 -8.518502931364523
841 -8.518502931364523
842 -8.500109102037893
843 -8.432965490221248
844 -8.239604253231152
845 -8.162271866020665
846 -8.160654807707662
847 -8.087463190881646
848 -8.045979181412438
849 -7.980252360267219
850 -7.927404178986441
851 -7.866732201335319
852 -7.866732201335319
853 -7.866732201335319
854 -7.848487171958137
855 -7.8241681361070725
856 -7.678322174681005
857 -7.6724320310537015
858 -7.6724320310537015
859 -7.6724320310537015
860 -7.6724320310537015
861 -7.628544208927376
862 -7.507172869643354
evaluations raw_y
1 7.973555149833565
2 0.9433037103872074
3 5.204689765483787
4 10.029252907550141
5 2.6417603567787284
6 4.502777961656717
7 4.080310948432717
8 5.146731997410349
9 2.5662066515420605
10 3.8286481345595065
11 2.6394420774475043
12 -1.2236742291439695
13 9.250429770778071
14 5.260998862831577
15 -6.095986822432659
16 -0.46326825945367966
17 0.7734092014483327
18 -1.5209512037114141
19 2.3569845729498846
20 1.9471759617801019
21 2.140589674260079
22 0.865587446666789
23 -1.9900896831801624
24 3.5842807375803716
25 6.404996512273044
26 -0.20448895931595468
27 6.758803752802844
28 0.8730349844084357
29 1.364903063912032
30 2.443869134288979
31 0.6742797796816395
32 0.4762664297611281
33 -1.5209512037114141
34 2.5662066515420605
35 -0.8008813708508957
36 -2.0777904315601345
37 2.3569845729498846
38 1.3511829931605008
39 2.7359235915310878
40 0.7067641244080964
41 2.1278859042486964
42 3.9048863089176122
43 0.9433037103872074
44 -1.2236742291439695
45 3.6692277910476596
46 -6.095986822432659
47 3.4871804327262783
48 0.865587446666789
49 1.558372518520521
50 7.952971548919573
51 7.650192122364035
52 1.8740219377125236
53 -6.095986822432659
54 -6.095986822432659
55 -2.0777904315601345
56 -1.9900896831801624
57 -1.5209512037114141
58 -1.5209512037114141
59 -1.2236742291439695
60 -1.2236742291439695
61 -0.8008813708508957
62 -0.46326825945367966
63 -0.20448895931595468
64 0.4762664297611281
65 0.6742797796816395
66 0.7067641244080964
67 0.7734092014483327
68 0.865587446666789
69 0.865587446666789
70 0.8730349844084357
71 0.9433037103872074
72 0.9433037103872074
73 1.3511829931605008
74 1.364903063912032
75 1.558372518520521
76 1.8740219377125236
77 1.9471759617801019
78 2.1278859042486964
79 2.140589674260079
80 2.3569845729498846
81 2.3569845729498846
82 2.443869134288979
83 1.6285573171417518
84 -7.6924805954710695
85 0.5008532637559973
86 -3.3039364383566316
87 0.882918769173199
88 -1.2236742291439695
89 9.12409358830931
90 1.882494027851634
91 -0.7616115692958649
92 6.16917817442628
93 -0.9869797870002923
94 0.7592199035987948
95 -2.339338487879428
96 0.6853738281435853
97 -1.9302103504917776
98 1.0345596793402188
99 -1.5209512037114141
100 4.4885120748656835
101 -7.1587045052735565
102 -0.6283108874322672
103 0.859612208060275
104 3.4316968509208463
105 -7.6924805954710695
106 -7.1587045052735565
107 -6.095986822432659
108 -6.095986822432659
109 -3.3039364383566316
110 -2.339338487879428
111 -2.0777904315601345
112 -1.9900896831801624
113 -1.9302103504917776
114 -1.5209512037114141
115 -1.5209512037114141
116 -1.5209512037114141
117 -1.2236742291439695
118 -1.2236742291439695
119 -1.2236742291439695
120 -0.9869797870002923
121 -0.8008813708508957
122 -0.7616115692958649
123 -0.6283108874322672
124 -0.46326825945367966
125 -0.20448895931595468
126 0.4762664297611281
127 0.5008532637559973
128 0.6742797796816395
129 0.6853738281435853
130 0.7067641244080964
131 0.7592199035987948
132 0.7734092014483327
133 0.859612208060275
134 0.865587446666789
135 -3.215265019553746
136 -2.4170871680732433
137 -8.364589669103948
138 -3.3039364383566316
139 2.336100309831644
140 -5.249769535657372
141 -5.149054261584089
142 -2.1523651453068466
143 -3.60565364459773
144 -3.676563811698081
145 -4.711148329492632
146 -2.3618509770255347
147 -2.901475059915895
148 0.5680877204383978
149 -1.8921432994476897
150 0.9107945062540521
151 -0.3949129547901311
152 -1.849186549539092
153 1.81940928635334
154 2.09972364212683
155 -1.1423820179037527
156 2.784844041335595
157 -8.364589669103948
158 -7.6924805954710695
159 -7.1587045052735565
160 -6.095986822432659
161 -6.095986822432659
162 -5.249769535657372
163 -5.149054261584089
164 -4.711148329492632
165 -3.676563811698081
166 -3.60565364459773
167 -3.3039364383566316
168 -3.3039364383566316
169 -3.215265019553746
170 -2.901475059915895
171 -2.4170871680732433
172 -2.3618509770255347
173 -2.339338487879428
174 -2.1523651453068466
175 -2.0777904315601345
176 -1.9900896831801624
177 -1.9302103504917776
178 -1.8921432994476897
179 -1.849186549539092
180 -1.5209512037114141
181 -1.5209512037114141
182 -1.5209512037114141
183 -1.2236742291439695
184 -1.2236742291439695
185 -1.2236742291439695
186 -1.1423820179037527
187 -1.1690023053439846
188 -3.0090408228613037
189 -2.924297971547688
190 -6.184497246409521
191 -0.05673730699131241
192 -2.9228270288911977
193 -1.993739739714261
194 -7.6924805954710695
195 0.09022176253932179
196 1.073474180155889
197 -0.9074240872277382
198 -1.9302103504917776
199 -2.00008618421594
200 -6.095986822432659
201 -6.102387955619781
202 -2.0777904315601345
203 -2.5606327596703276
204 -7.267483987681784
205 -4.018079786656671
206 -3.076756954443466
207 -2.0787273349411324
208 -2.9270513777421536
209 -8.364589669103948
210 -7.6924805954710695
211 -7.6924805954710695
212 -7.267483987681784
213 -7.1587045052735565
214 -6.184497246409521
215 -6.102387955619781
216 -6.095986822432659
217 -6.095986822432659
218 -6.095986822432659
219 -5.249769535657372
220 -5.149054261584089
221 -4.711148329492632
222 -4.018079786656671
223 -3.676563811698081
224 -3.60565364459773
225 -3.3039364383566316
226 -3.3039364383566316
227 -3.215265019553746
228 -3.076756954443466
229 -3.0090408228613037
230 -2.9270513777421536
231 -2.924297971547688
232 -2.9228270288911977
233 -2.901475059915895
234 -2.5606327596703276
235 -2.4170871680732433
236 -2.3618509770255347
237 -2.339338487879428
238 -2.1523651453068466
239 -3.7375730134477596
240 -3.2082862937570558
241 -5.249769535657372
242 -4.776856075577786
243 -4.942476380699633
244 -4.1089536390191
245 -7.1587045052735565
246 -5.149054261584089
247 -3.9567234495345396
248 -4.122967486649544
249 -6.439362803367981
250 -8.15279161858226
251 -3.4358037847429808
252 -2.1719956267338265
253 -1.1911578782296326
254 -5.104899515923493
255 2.3601526654823335
256 1.458431233096876
257 -2.5262130194900654
258 -2.0142943530703263
259 -2.445250295035626
260 -3.6711581298003413
261 -8.364589669103948
262 -8.15279161858226
263 -7.6924805954710695
264 -7.6924805954710695
265 -7.267483987681784
266 -7.1587045052735565
267 -7.1587045052735565
268 -6.439362803367981
269 -6.184497246409521
270 -6.102387955619781
271 -6.095986822432659
272 -6.095986822432659
273 -6.095986822432659
274 -5.249769535657372
275 -5.249769535657372
276 -5.149054261584089
277 -5.149054261584089
278 -5.104899515923493
279 -4.942476380699633
280 -4.776856075577786
281 -4.711148329492632
282 -4.122967486649544
283 -4.1089536390191
284 -4.018079786656671
285 -3.9567234495345396
286 -3.7375730134477596
287 -3.676563811698081
288 -3.6711581298003413
289 -3.60565364459773
290 -3.4358037847429808
291 -6.7617158285446255
292 -6.110126208318514
293 -5.576254400702285
294 -7.187333776919225
295 -7.381952359942465
296 -7.840693164618623
297 -3.368597255129507
298 -7.267483987681784
299 -4.686454251868282
300 -4.457529636593131
301 -6.278694526140644
302 -7.878321958938267
303 -7.390305864795877
304 -5.209382237257315
305 -6.2450607229036095
306 -4.604276606782254
307 -3.097813745714897
308 -0.5270458174516799
309 -5.494629862726624
310 -4.846324328452643
311 -3.110195964016383
312 -0.8699644444533807
313 -8.364589669103948
314 -8.15279161858226
315 -7.878321958938267
316 -7.840693164618623
317 -7.6924805954710695
318 -7.6924805954710695
319 -7.390305864795877
320 -7.381952359942465
321 -7.267483987681784
322 -7.267483987681784
323 -7.187333776919225
324 -7.1587045052735565
325 -7.1587045052735565
326 -6.7617158285446255
327 -6.439362803367981
328 -6.278694526140644
329 -6.2450607229036095
330 -6.184497246409521
331 -6.110126208318514
332 -6.102387955619781
333 -6.095986822432659
334 -6.095986822432659
335 -6.095986822432659
336 -5.576254400702285
337 -5.494629862726624
338 -5.249769535657372
339 -5.249769535657372
340 -5.209382237257315
341 -5.149054261584089
342 -5.149054261584089
343 -7.187333776919225
344 -6.095986822432659
345 -7.391152113200423
346 -4.1420697646751385
347 -7.1587045052735565
348 -6.956670811142944
349 -5.121878128562649
350 -8.368787982125804
351 -7.723789625130616
352 -7.811712431273277
353 -5.252507428914193
354 -7.480548953428459
355 -7.052385601023173
356 -6.184497246409521
357 -7.517009489857877
358 -7.974535745943042
359 -0.8778771945107033
360 -2.061016127589036
361 -4.641940602454575
362 -6.356286473034839
363 -6.688397190949587
364 -7.13306701935594
365 -8.368787982125804
366 -8.364589669103948
367 -8.15279161858226
368 -7.974535745943042
369 -7.878321958938267
370 -7.840693164618623
371 -7.811712431273277
372 -7.723789625130616
373 -7.6924805954710695
374 -7.6924805954710695
375 -7.517009489857877
376 -7.480548953428459
377 -7.391152113200423
378 -7.390305864795877
379 -7.381952359942465
380 -7.267483987681784
381 -7.267483987681784
382 -7.187333776919225
383 -7.187333776919225
384 -7.1587045052735565
385 -7.1587045052735565
386 -7.1587045052735565
387 -7.13306701935594
388 -7.052385601023173
389 -6.956670811142944
390 -6.7617158285446255
391 -6.688397190949587
392 -6.439362803367981
393 -6.356286473034839
394 -6.278694526140644
395 -7.730885528964957
396 -6.747313327238912
397 -6.7617158285446255
398 -6.472555985914733
399 -7.381952359942465
400 -6.94870162664048
401 -6.864272854559246
402 -7.56341745640254
403 -4.714203475469711
404 -7.838347107612119
405 -4.802320825435677
406 -0.5991485357228248
407 -8.403272129245876
408 -7.052385601023173
409 -6.965076850052885
410 -4.408126751761905
411 -6.654182755140193
412 -7.1587045052735565
413 -7.480548953428459
414 -7.270446910350336
415 -7.195797383200512
416 -7.6295691724933565
417 -8.403272129245876
418 -8.368787982125804
419 -8.364589669103948
420 -8.15279161858226
421 -7.974535745943042
422 -7.878321958938267
423 -7.840693164618623
424 -7.838347107612119
425 -7.811712431273277
426 -7.730885528964957
427 -7.723789625130616
428 -7.6924805954710695
429 -7.6924805954710695
430 -7.6295691724933565
431 -7.56341745640254
432 -7.517009489857877
433 -7.480548953428459
434 -7.480548953428459
435 -7.391152113200423
436 -7.390305864795877
437 -7.381952359942465
438 -7.381952359942465
439 -7.270446910350336
440 -7.267483987681784
441 -7.267483987681784
442 -7.195797383200512
443 -7.187333776919225
444 -7.187333776919225
445 -7.1587045052735565
446 -7.1587045052735565
447 -8.355253397001546
448 -7.381952359942465
449 -7.562113839142956
450 -8.08030219299289
451 -7.9139999845417375
452 -7.840693164618623
453 -4.976746928554599
454 -3.9886317787867016
455 -7.730885528964957
456 -7.267483987681784
457 -7.6924805954710695
458 -5.784188577776149
459 -8.368787982125804
460 -5.0427283533951925
461 -7.100604374325306
462 -4.40585342150912
463 -7.359553713928289
464 -7.878321958938267
465 -6.9829355142344
466 -6.015382069958438
467 -0.3202365544203478
468 -3.9347724418905905
469 -8.403272129245876
470 -8.368787982125804
471 -8.368787982125804
472 -8.364589669103948
473 -8.355253397001546
474 -8.15279161858226
475 -8.08030219299289
476 -7.974535745943042
477 -7.9139999845417375
478 -7.878321958938267
479 -7.878321958938267
480 -7.840693164618623
481 -7.840693164618623
482 -7.838347107612119
483 -7.811712431273277
484 -7.730885528964957
485 -7.730885528964957
486 -7.723789625130616
487 -7.6924805954710695
488 -7.6924805954710695
489 -7.6924805954710695
490 -7.6295691724933565
491 -7.56341745640254
492 -7.562113839142956
493 -7.517009489857877
494 -7.480548953428459
495 -7.480548953428459
496 -7.391152113200423
497 -7.390305864795877
498 -7.381952359942465
499 -7.534744628319917
500 -7.802348785578536
501 -7.323336751650794
502 -8.326399481656454
503 -6.871583246229607
504 -7.55374102829645
505 -6.274376388358239
506 -7.6924805954710695
507 -7.838347107612119
508 -7.158543080404401
509 -6.469194311886783
510 -6.60779564316442
511 -7.760224547886548
512 -7.499831083707189
513 -8.403272129245876
514 -4.926530607760217
515 -7.025594113658162
516 -7.391152113200423
517 -7.743010283137451
518 -5.4895181036922445
519 -5.911710918230193
520 -5.7760357492661285
521 -8.403272129245876
522 -8.403272129245876
523 -8.368787982125804
524 -8.368787982125804
525 -8.364589669103948
526 -8.355253397001546
527 -8.326399481656454
528 -8.15279161858226
529 -8.08030219299289
530 -7.974535745943042
531 -7.9139999845417375
532 -7.878321958938267
533 -7.878321958938267
534 -7.840693164618623
535 -7.840693164618623
536 -7.838347107612119
537 -7.838347107612119
538 -7.811712431273277
539 -7.802348785578536
540 -7.760224547886548
541 -7.743010283137451
542 -7.730885528964957
543 -7.730885528964957
544 -7.723789625130616
545 -7.6924805954710695
546 -7.6924805954710695
547 -7.6924805954710695
548 -7.6924805954710695
549 -7.6295691724933565
550 -7.56341745640254
551 -1.4850225115632707
552 -8.326399481656454
553 -8.40710936458647
554 -8.49453047749886
555 -8.622929439934818
556 -3.747005766089848
557 -2.6445179920613544
558 -5.002235896285958
559 -3.1167358630014
560 -8.541834506884971
561 -8.04762316253277
562 -7.840693164618623
563 -8.29343308569762
564 -6.9232896126836305
565 -8.094735137539246
566 -6.954590590993408
567 -4.801597407532844
568 -7.8536950222792665
569 -7.9139999845417375
570 -7.382081351954522
571 -7.5368265368425
572 -8.048082311071617
573 -8.622929439934818
574 -8.541834506884971
575 -8.49453047749886
576 -8.40710936458647
577 -8.403272129245876
578 -8.403272129245876
579 -8.368787982125804
580 -8.368787982125804
581 -8.364589669103948
582 -8.355253397001546
583 -8.326399481656454
584 -8.326399481656454
585 -8.29343308569762
586 -8.15279161858226
587 -8.094735137539246
588 -8.08030219299289
589 -8.048082311071617
590 -8.04762316253277
591 -7.974535745943042
592 -7.9139999845417375
593 -7.9139999845417375
594 -7.878321958938267
595 -7.878321958938267
596 -7.8536950222792665
597 -7.840693164618623
598 -7.840693164618623
599 -7.840693164618623
600 -7.838347107612119
601 -7.838347107612119
602 -7.811712431273277
603 -8.326399481656454
604 -8.403272129245876
605 -7.620431546351552
606 -7.650068465691043
607 -8.240495443888378
608 -8.04762316253277
609 -8.355253397001546
610 -8.541834506884971
611 -8.29343308569762
612 -1.5306749238833044
613 -6.528032858305638
614 -8.731737149111037
615 -8.21895061559038
616 -8.046867112126726
617 -8.58683651837891
618 -6.680471429212908
619 -7.480929887266569
620 -4.508068127033906
621 -2.4948618678740795
622 -7.71511439332269
623 -3.5941777821475327
624 -4.078787992044793
625 -8.731737149111037
626 -8.622929439934818
627 -8.58683651837891
628 -8.541834506884971
629 -8.541834506884971
630 -8.49453047749886
631 -8.40710936458647
632 -8.403272129245876
633 -8.403272129245876
634 -8.403272129245876
635 -8.368787982125804
636 -8.368787982125804
637 -8.364589669103948
638 -8.355253397001546
639 -8.355253397001546
640 -8.326399481656454
641 -8.326399481656454
642 -8.326399481656454
643 -8.29343308569762
644 -8.29343308569762
645 -8.240495443888378
646 -8.21895061559038
647 -8.15279161858226
648 -8.094735137539246
649 -8.08030219299289
650 -8.048082311071617
651 -8.04762316253277
652 -8.04762316253277
653 -8.046867112126726
654 -7.974535745943042
655 -6.512742548802558
656 -8.541834506884971
657 -6.75066489662523
658 -3.247697073337046
659 -4.959652315936019
660 -8.206484449609974
661 -6.773781253498599
662 -6.889096537278893
663 -5.997999345973844
664 -7.590036372648577
665 -8.477103759657926
666 -4.87398081551108
667 -8.717591496939395
668 -6.572497449424419
669 -6.861781914842473
670 -7.5297360257577655
671 -8.355253397001546
672 -8.403272129245876
673 -3.647789725785172
674 -8.303984716399487
675 -3.694908130509642
676 -8.021690256407712
677 -8.731737149111037
678 -8.717591496939395
679 -8.622929439934818
680 -8.58683651837891
681 -8.541834506884971
682 -8.541834506884971
683 -8.541834506884971
684 -8.49453047749886
685 -8.477103759657926
686 -8.40710936458647
687 -8.403272129245876
688 -8.403272129245876
689 -8.403272129245876
690 -8.403272129245876
691 -8.368787982125804
692 -8.368787982125804
693 -8.364589669103948
694 -8.355253397001546
695 -8.355253397001546
696 -8.355253397001546
697 -8.326399481656454
698 -8.326399481656454
699 -8.326399481656454
700 -8.303984716399487
701 -8.29343308569762
702 -8.29343308569762
703 -8.240495443888378
704 -8.21895061559038
705 -8.206484449609974
706 -8.15279161858226
707 -8.712655060782657
708 -8.742385322164996
709 -7.893644729847161
710 -8.542186970229125
711 -6.61843804636001
712 -7.8384560377942725
713 -8.403272129245876
714 -2.725443140459499
715 -6.408952340278246
716 -8.487578777935813
717 -7.825511840136995
718 -7.343171854515454
719 -6.3628778861218525
720 -7.845576478769282
721 -7.493642937753954
722 -7.124177161159304
723 -4.262256104879489
724 -0.9975872813091704
725 -7.033695637864722
726 -5.608117121770778
727 -7.225331743732317
728 -8.377168360169255
729 -8.742385322164996
730 -8.731737149111037
731 -8.717591496939395
732 -8.712655060782657
733 -8.622929439934818
734 -8.58683651837891
735 -8.542186970229125
736 -8.541834506884971
737 -8.541834506884971
738 -8.541834506884971
739 -8.49453047749886
740 -8.487578777935813
741 -8.477103759657926
742 -8.40710936458647
743 -8.403272129245876
744 -8.403272129245876
745 -8.403272129245876
746 -8.403272129245876
747 -8.403272129245876
748 -8.377168360169255
749 -8.368787982125804
750 -8.368787982125804
751 -8.364589669103948
752 -8.355253397001546
753 -8.355253397001546
754 -8.355253397001546
755 -8.326399481656454
756 -8.326399481656454
757 -8.326399481656454
758 -8.303984716399487
759 -5.214570268492119
760 -8.187698509307847
761 -8.487578777935813
762 -5.3976620297258275
763 -8.598542227338267
764 -8.284157490027383
765 -6.539461297737354
766 -6.139913215152589
767 -8.355253397001546
768 -8.541834506884971
769 -8.542186970229125
770 -4.203544685099079
771 -7.318256938118281
772 -8.418403965429784
773 -8.215564808836435
774 -5.330411994030305
775 -7.367870179339922
776 -7.347084422472166
777 -8.399009849316
778 -8.364185560789332
779 -5.772440034429165
780 -8.279366819487672
781 -8.742385322164996
782 -8.731737149111037
783 -8.717591496939395
784 -8.712655060782657
785 -8.622929439934818
786 -8.598542227338267
787 -8.58683651837891
788 -8.542186970229125
789 -8.542186970229125
790 -8.541834506884971
791 -8.541834506884971
792 -8.541834506884971
793 -8.541834506884971
794 -8.49453047749886
795 -8.487578777935813
796 -8.487578777935813
797 -8.477103759657926
798 -8.418403965429784
799 -8.40710936458647
800 -8.403272129245876
801 -8.403272129245876
802 -8.403272129245876
803 -8.403272129245876
804 -8.403272129245876
805 -8.399009849316
806 -8.377168360169255
807 -8.368787982125804
808 -8.368787982125804
809 -8.364589669103948
810 -8.364185560789332
811 -8.568984072998406
812 -5.458810956466267
813 -7.926480373713694
814 -8.352229650443906
815 -6.747138897338607
816 -4.986804945113751
817 -8.554092765263373
818 -8.542186970229125
819 -4.149389526823929
820 -8.549918491429032
821 -7.930922538763323
822 -8.322019929161202
823 -8.503954469190024
824 -7.1746038366353435
825 -7.801166015436259
826 -7.4996629637865215
827 -7.414388249611733
828 -6.350270475446874
829 -8.601248511883588
830 -8.122902060546377
831 -7.341904878346321
832 -8.460599173568697
833 -8.742385322164996
834 -8.731737149111037
835 -8.717591496939395
836 -8.712655060782657
837 -8.622929439934818
838 -8.601248511883588
839 -8.598542227338267
840 -8.58683651837891
841 -8.568984072998406
842 -8.554092765263373
843 -8.549918491429032
844 -8.542186970229125
845 -8.542186970229125
846 -8.542186970229125
847 -8.541834506884971
848 -8.541834506884971
849 -8.541834506884971
850 -8.541834506884971
851 -8.503954469190024
852 -8.49453047749886
853 -8.487578777935813
854 -8.487578777935813
855 -8.477103759657926
856 -8.460599173568697
857 -8.418403965429784
858 -8.40710936458647
859 -8.403272129245876
860 -8.403272129245876
861 -8.403272129245876
862 -8.403272129245876
evaluations raw_y
1 8.002598892536017
2 2.0006593406752806
3 -3.589621710395245
4 5.281179830393888
5 7.799111371229476
6 -3.672308388997143
7 2.305952989285787
8 10.73174062964628
9 0.6753137492101282
10 7.770666317081615
11 -0.7499442069257465
12 2.1324171268483045
13 4.15802005534627
14 0.9724115365382628
15 3.2276620191947556
16 2.239547657186837
17 2.9983076025231927
18 10.244789442883956
19 0.19512347029250043
20 12.458544914469403
21 2.3655026875965888
22 -6.727148652982924
23 -1.5320118615309868
24 -3.0034549517569413
25 3.942353531893954
26 4.277657452633405
27 1.3054846852105677
28 -0.531018397769178
29 3.184219335224692
30 5.018672197964987
31 -0.4720326218451252
32 7.114261205786407
33 1.6304640872783098
34 0.19512347029250043
35 0.7838198472902373
36 5.095128614500702
37 -3.3880416286006714
38 1.3054846852105677
39 0.9675659909472833
40 3.019825286252231
41 6.246316593969648
42 2.020677486531823
43 3.2114644216972428
44 2.239547657186837
45 2.4627342339983613
46 1.974782873958937
47 -0.8994138626139421
48 -0.8780926576366301
49 3.1956649054745117
50 4.530048936014936
51 -6.965447072262188
52 1.5845394508684656
53 -6.965447072262188
54 -6.727148652982924
55 -3.672308388997143
56 -3.589621710395245
57 -3.3880416286006714
58 -3.0034549517569413
59 -1.5320118615309868
60 -0.8994138626139421
61 -0.8780926576366301
62 -0.7499442069257465
63 -0.531018397769178
64 -0.4720326218451252
65 0.19512347029250043
66 0.19512347029250043
67 0.6753137492101282
68 0.7838198472902373
69 0.9675659909472833
70 0.9724115365382628
71 1.3054846852105677
72 1.3054846852105677
73 1.5845394508684656
74 1.6304640872783098
75 1.974782873958937
76 2.0006593406752806
77 2.020677486531823
78 2.1324171268483045
79 2.239547657186837
80 2.239547657186837
81 2.305952989285787
82 2.3655026875965888
83 3.704400981474974
84 3.0352851856574805
85 3.306664073624103
86 -2.6590654012885686
87 -0.183871254724858
88 -4.431900726064452
89 0.9786012645667412
90 -1.7931925657572623
91 0.39641050089556573
92 -5.5927471721885365
93 -1.3533961731612276
94 -2.506405276274891
95 -1.0888513119194672
96 0.9529270006673349
97 -2.5188937372798197
98 2.7843450167537025
99 -1.2727381259466006
100 -2.328224201110444
101 1.740200006885698
102 2.729348297326107
103 -0.01888134994694113
104 1.0642038730116212
105 -6.965447072262188
106 -6.727148652982924
107 -5.5927471721885365
108 -4.431900726064452
109 -3.672308388997143
110 -3.589621710395245
111 -3.3880416286006714
112 -3.0034549517569413
113 -2.6590654012885686
114 -2.5188937372798197
115 -2.506405276274891
116 -2.328224201110444
117 -1.7931925657572623
118 -1.5320118615309868
119 -1.3533961731612276
120 -1.2727381259466006
121 -1.0888513119194672
122 -0.8994138626139421
123 -0.8780926576366301
124 -0.7499442069257465
125 -0.531018397769178
126 -0.4720326218451252
127 -0.183871254724858
128 -0.01888134994694113
129 0.19512347029250043
130 0.19512347029250043
131 0.39641050089556573
132 0.6753137492101282
133 0.7838198472902373
134 0.9529270006673349
135 -2.9966047779402762
136 -0.3277777561088322
137 -6.727148652982924
138 -3.7701893805069924
139 -5.217262406092045
140 -0.183871254724858
141 -6.579983590878616
142 -6.31964631333998
143 -3.481335800138843
144 -1.1937978618869622
145 1.800633163564165
146 0.29058114818493097
147 5.603242391452288
148 -0.5175700012905593
149 1.526199490529997
150 2.105420968317334
151 2.7073141096699564
152 1.1686562325947722
153 -1.5359125938985487
154 2.382033318446383
155 -0.3775341258514909
156 -0.22054288525443333
157 -6.965447072262188
158 -6.727148652982924
159 -6.727148652982924
160 -6.579983590878616
161 -6.31964631333998
162 -5.5927471721885365
163 -5.217262406092045
164 -4.431900726064452
165 -3.7701893805069924
166 -3.672308388997143
167 -3.589621710395245
168 -3.481335800138843
169 -3.3880416286006714
170 -3.0034549517569413
171 -2.9966047779402762
172 -2.6590654012885686
173 -2.5188937372798197
174 -2.506405276274891
175 -2.328224201110444
176 -1.7931925657572623
177 -1.5359125938985487
178 -1.5320118615309868
179 -1.3533961731612276
180 -1.2727381259466006
181 -1.1937978618869622
182 -1.0888513119194672
183 -0.8994138626139421
184 -0.8780926576366301
185 -0.7499442069257465
186 -0.531018397769178
187 -3.446926840551672
188 -1.9347897651756742
189 -2.9966047779402762
190 -6.727148652982924
191 -2.4572724043355754
192 -1.951323733584438
193 -7.886668721370543
194 -2.506405276274891
195 -4.353748881960033
196 -6.770394950651195
197 -4.903958989531521
198 -1.5320118615309868
199 2.5260390822330145
200 6.634563620128692
201 1.230399152926767
202 -1.3096619129844127
203 -1.6382561393327202
204 -1.534658688132036
205 -1.290469460530042
206 -1.681157217596307
207 0.4362939148128975
208 -4.1371780442102555
209 -7.886668721370543
210 -6.965447072262188
211 -6.770394950651195
212 -6.727148652982924
213 -6.727148652982924
214 -6.727148652982924
215 -6.579983590878616
216 -6.31964631333998
217 -5.5927471721885365
218 -5.217262406092045
219 -4.903958989531521
220 -4.431900726064452
221 -4.353748881960033
222 -4.1371780442102555
223 -3.7701893805069924
224 -3.672308388997143
225 -3.589621710395245
226 -3.481335800138843
227 -3.446926840551672
228 -3.3880416286006714
229 -3.0034549517569413
230 -2.9966047779402762
231 -2.9966047779402762
232 -2.6590654012885686
233 -2.5188937372798197
234 -2.506405276274891
235 -2.506405276274891
236 -2.4572724043355754
237 -2.328224201110444
238 -1.951323733584438
239 -7.177129524188672
240 -7.60230982524792
241 -3.2932654156499477
242 -3.3880416286006714
243 -2.1178239575405042
244 -6.438132583582352
245 1.5815808785869203
246 -6.31964631333998
247 -7.336252410846769
248 -4.2633347599994345
249 -6.581339158263461
250 -4.413732681504751
251 -3.7240960545402926
252 -3.49475941323357
253 -0.3259787059093959
254 1.1053299555581293
255 -3.0631810858876896
256 -3.7701893805069924
257 -1.7301183240775369
258 -4.088997083455051
259 -4.1780804911144145
260 -2.2524006142544275
261 -7.886668721370543
262 -7.60230982524792
263 -7.336252410846769
264 -7.177129524188672
265 -6.965447072262188
266 -6.770394950651195
267 -6.727148652982924
268 -6.727148652982924
269 -6.727148652982924
270 -6.581339158263461
271 -6.579983590878616
272 -6.438132583582352
273 -6.31964631333998
274 -6.31964631333998
275 -5.5927471721885365
276 -5.217262406092045
277 -4.903958989531521
278 -4.431900726064452
279 -4.413732681504751
280 -4.353748881960033
281 -4.2633347599994345
282 -4.1780804911144145
283 -4.1371780442102555
284 -4.088997083455051
285 -3.7701893805069924
286 -3.7701893805069924
287 -3.7240960545402926
288 -3.672308388997143
289 -3.589621710395245
290 -3.49475941323357
291 -3.780699503535484
292 -4.821951437387682
293 -7.165077619371319
294 -6.509615816909516
295 -6.948845607168721
296 -3.101289728709666
297 -3.8600070924986585
298 -2.285212040426095
299 -6.960022785644506
300 -6.936213429427392
301 -3.8288110997669045
302 -6.052453375824882
303 -4.7047871506374435
304 -6.586219686978783
305 -4.797084080642065
306 -4.739832956393149
307 -5.029578167617354
308 -3.2331406305433004
309 -6.4250201652749
310 -1.262689807380748
311 -5.722771106696488
312 -5.9757710243426905
313 -7.886668721370543
314 -7.60230982524792
315 -7.336252410846769
316 -7.177129524188672
317 -7.165077619371319
318 -6.965447072262188
319 -6.960022785644506
320 -6.948845607168721
321 -6.936213429427392
322 -6.770394950651195
323 -6.727148652982924
324 -6.727148652982924
325 -6.727148652982924
326 -6.586219686978783
327 -6.581339158263461
328 -6.579983590878616
329 -6.509615816909516
330 -6.438132583582352
331 -6.4250201652749
332 -6.31964631333998
333 -6.31964631333998
334 -6.052453375824882
335 -5.9757710243426905
336 -5.722771106696488
337 -5.5927471721885365
338 -5.217262406092045
339 -5.029578167617354
340 -4.903958989531521
341 -4.821951437387682
342 -4.797084080642065
343 -7.188308711234915
344 -4.409157196003958
345 -4.359383700747779
346 -4.760437504477349
347 2.7899854738360617
348 0.9727528733635553
349 -7.111769926076491
350 -7.009916647951484
351 -6.687434485084294
352 -5.537967487417461
353 -5.5361161931176
354 -2.0746027067692276
355 -6.263189903321209
356 -7.804160756608627
357 -3.282656047599144
358 -6.948845607168721
359 -3.529403648732202
360 -1.084944720687493
361 -6.556644449072662
362 -5.135333819275392
363 -5.983045669650176
364 -4.903958989531521
365 -7.886668721370543
366 -7.804160756608627
367 -7.60230982524792
368 -7.336252410846769
369 -7.188308711234915
370 -7.177129524188672
371 -7.165077619371319
372 -7.111769926076491
373 -7.009916647951484
374 -6.965447072262188
375 -6.960022785644506
376 -6.948845607168721
377 -6.948845607168721
378 -6.936213429427392
379 -6.770394950651195
380 -6.727148652982924
381 -6.727148652982924
382 -6.727148652982924
383 -6.687434485084294
384 -6.586219686978783
385 -6.581339158263461
386 -6.579983590878616
387 -6.556644449072662
388 -6.509615816909516
389 -6.438132583582352
390 -6.4250201652749
391 -6.31964631333998
392 -6.31964631333998
393 -6.263189903321209
394 -6.052453375824882
395 -5.793600360637249
396 -7.325604012069702
397 -7.165077619371319
398 -6.665481863900652
399 -4.456318989434568
400 -7.472178920528039
401 -7.126852552869147
402 -7.188308711234915
403 -6.1847079225566315
404 -6.347608510152224
405 -4.789938806328566
406 -0.5291525105004675
407 -4.56452657831751
408 -4.613049392361692
409 -6.263908215589204
410 -7.163288605963405
411 -3.7325525720956185
412 -4.396587335980099
413 -6.537594455336691
414 -6.278706534518704
415 -3.7953474255247635
416 -3.9357539542724145
417 -7.886668721370543
418 -7.804160756608627
419 -7.60230982524792
420 -7.472178920528039
421 -7.336252410846769
422 -7.325604012069702
423 -7.188308711234915
424 -7.188308711234915
425 -7.177129524188672
426 -7.165077619371319
427 -7.165077619371319
428 -7.163288605963405
429 -7.126852552869147
430 -7.111769926076491
431 -7.009916647951484
432 -6.965447072262188
433 -6.960022785644506
434 -6.948845607168721
435 -6.948845607168721
436 -6.936213429427392
437 -6.770394950651195
438 -6.727148652982924
439 -6.727148652982924
440 -6.727148652982924
441 -6.687434485084294
442 -6.665481863900652
443 -6.586219686978783
444 -6.581339158263461
445 -6.579983590878616
446 -6.556644449072662
447 -6.527507157611115
448 -8.186896573281206
449 -6.542096301674166
450 -4.347793626253084
451 -6.980164218354631
452 -6.538682867750565
453 -6.829238489583648
454 -7.165077619371319
455 -7.191665720904253
456 -7.04769594273245
457 -2.968922917743893
458 0.8115035308286886
459 -7.156312136067806
460 -1.9318229193426886
461 1.6738088183177235
462 -5.824553083643714
463 -5.1521155762403295
464 -4.617814495504973
465 -7.1838323819828
466 -3.8686435430549535
467 -4.336017547738161
468 -6.849389655005444
469 -8.186896573281206
470 -7.886668721370543
471 -7.804160756608627
472 -7.60230982524792
473 -7.472178920528039
474 -7.336252410846769
475 -7.325604012069702
476 -7.191665720904253
477 -7.188308711234915
478 -7.188308711234915
479 -7.1838323819828
480 -7.177129524188672
481 -7.165077619371319
482 -7.165077619371319
483 -7.165077619371319
484 -7.163288605963405
485 -7.156312136067806
486 -7.126852552869147
487 -7.111769926076491
488 -7.04769594273245
489 -7.009916647951484
490 -6.980164218354631
491 -6.965447072262188
492 -6.960022785644506
493 -6.948845607168721
494 -6.948845607168721
495 -6.936213429427392
496 -6.849389655005444
497 -6.829238489583648
498 -6.770394950651195
499 -5.533038341555734
500 -6.6014593771948995
501 -5.218041138605864
502 -6.627105796254937
503 -6.397204601195351
504 -6.961448949637576
505 -7.3455643000687365
506 -3.8883740818514005
507 -7.888279024903966
508 -6.770758130796269
509 -5.916526831227124
510 -6.817163876496194
511 -3.336528459824072
512 -6.948845607168721
513 -7.535404319643883
514 -6.965447072262188
515 -6.494542985635524
516 -6.529576074072397
517 -3.342722499148678
518 -7.0234804159252056
519 -4.8881843499146544
520 -5.432936224781628
521 -8.186896573281206
522 -7.888279024903966
523 -7.886668721370543
524 -7.804160756608627
525 -7.60230982524792
526 -7.535404319643883
527 -7.472178920528039
528 -7.3455643000687365
529 -7.336252410846769
530 -7.325604012069702
531 -7.191665720904253
532 -7.188308711234915
533 -7.188308711234915
534 -7.1838323819828
535 -7.177129524188672
536 -7.165077619371319
537 -7.165077619371319
538 -7.165077619371319
539 -7.163288605963405
540 -7.156312136067806
541 -7.126852552869147
542 -7.111769926076491
543 -7.04769594273245
544 -7.0234804159252056
545 -7.009916647951484
546 -6.980164218354631
547 -6.965447072262188
548 -6.965447072262188
549 -6.961448949637576
550 -6.960022785644506
551 -7.841871193740598
552 -7.233292278274
553 -6.982127655836747
554 -8.371649288139404
555 -3.3752069181119664
556 -8.115105609111588
557 -6.8554405942460015
558 -3.63224733468519
559 -5.458510203863526
560 -7.251741580973317
561 -0.5905637285225369
562 -0.4126618277519034
563 -7.079639024748342
564 -8.653730805154483
565 -7.830923116608371
566 -6.859338780268892
567 -5.81335842876884
568 -7.050247879185943
569 -2.214910338076992
570 -5.286699683800789
571 -2.7166272249363517
572 -7.274089589309268
573 -8.653730805154483
574 -8.371649288139404
575 -8.186896573281206
576 -8.115105609111588
577 -7.888279024903966
578 -7.886668721370543
579 -7.841871193740598
580 -7.830923116608371
581 -7.804160756608627
582 -7.60230982524792
583 -7.535404319643883
584 -7.472178920528039
585 -7.3455643000687365
586 -7.336252410846769
587 -7.325604012069702
588 -7.274089589309268
589 -7.251741580973317
590 -7.233292278274
591 -7.191665720904253
592 -7.188308711234915
593 -7.188308711234915
594 -7.1838323819828
595 -7.177129524188672
596 -7.165077619371319
597 -7.165077619371319
598 -7.165077619371319
599 -7.163288605963405
600 -7.156312136067806
601 -7.126852552869147
602 -7.111769926076491
603 -7.350180817565642
604 -7.364825056290419
605 -6.8401276314752355
606 -7.43821507155975
607 -4.073768070963062
608 -7.778450591310927
609 -5.619071443355681
610 -7.472178920528039
611 -8.123099430626997
612 -7.336252410846769
613 -7.518038800000772
614 -4.34547320183319
615 -5.083269281239555
616 -7.299549034792705
617 -6.729531093403265
618 -7.364924288762151
619 -4.859715162329465
620 -7.1891783850996225
621 -7.163288605963405
622 -7.2861519573601665
623 -3.487603089044608
624 -4.494455899845904
625 -8.653730805154483
626 -8.371649288139404
627 -8.186896573281206
628 -8.123099430626997
629 -8.115105609111588
630 -7.888279024903966
631 -7.886668721370543
632 -7.841871193740598
633 -7.830923116608371
634 -7.804160756608627
635 -7.778450591310927
636 -7.60230982524792
637 -7.535404319643883
638 -7.518038800000772
639 -7.472178920528039
640 -7.472178920528039
641 -7.43821507155975
642 -7.364924288762151
643 -7.364825056290419
644 -7.350180817565642
645 -7.3455643000687365
646 -7.336252410846769
647 -7.336252410846769
648 -7.325604012069702
649 -7.299549034792705
650 -7.2861519573601665
651 -7.274089589309268
652 -7.251741580973317
653 -7.233292278274
654 -7.191665720904253
655 -6.522212970423443
656 -5.09818618162716
657 -3.4275424250423656
658 -7.841871193740598
659 -7.336252410846769
660 -7.888279024903966
661 -7.551845008857239
662 -4.971545601282369
663 -1.7501685058145942
664 -3.2040856017650086
665 -8.115105609111588
666 -8.091476939075221
667 -8.681090853154044
668 -3.0979600892122745
669 -4.783021941228855
670 -8.162341299248638
671 -8.427403055221191
672 -8.351978140870937
673 -7.818438289794587
674 -6.001713525616719
675 -3.4133125127441564
676 -7.3455643000687365
677 -8.681090853154044
678 -8.653730805154483
679 -8.427403055221191
680 -8.371649288139404
681 -8.351978140870937
682 -8.186896573281206
683 -8.162341299248638
684 -8.123099430626997
685 -8.115105609111588
686 -8.115105609111588
687 -8.091476939075221
688 -7.888279024903966
689 -7.888279024903966
690 -7.886668721370543
691 -7.841871193740598
692 -7.841871193740598
693 -7.830923116608371
694 -7.818438289794587
695 -7.804160756608627
696 -7.778450591310927
697 -7.60230982524792
698 -7.551845008857239
699 -7.535404319643883
700 -7.518038800000772
701 -7.472178920528039
702 -7.472178920528039
703 -7.43821507155975
704 -7.364924288762151
705 -7.364825056290419
706 -7.350180817565642
707 -5.332017291404006
708 -7.680493796982054
709 -2.2335064100415987
710 -7.535404319643883
711 -7.287643933097221
712 -5.398774689565174
713 -5.066752066044141
714 -8.318146340651655
715 -7.2346028584166975
716 -7.8460491368387
717 -7.85924653232547
718 -1.1781787874371947
719 -7.745097994873328
720 -8.477516753337545
721 -5.025698331227471
722 -7.089888083790042
723 -8.567591348052195
724 -8.47130600703762
725 -6.902319521097018
726 -8.140334515846874
727 -4.676644652387024
728 -7.437845014839728
729 -8.681090853154044
730 -8.653730805154483
731 -8.567591348052195
732 -8.477516753337545
733 -8.47130600703762
734 -8.427403055221191
735 -8.371649288139404
736 -8.351978140870937
737 -8.318146340651655
738 -8.186896573281206
739 -8.162341299248638
740 -8.140334515846874
741 -8.123099430626997
742 -8.115105609111588
743 -8.115105609111588
744 -8.091476939075221
745 -7.888279024903966
746 -7.888279024903966
747 -7.886668721370543
748 -7.85924653232547
749 -7.8460491368387
750 -7.841871193740598
751 -7.841871193740598
752 -7.830923116608371
753 -7.818438289794587
754 -7.804160756608627
755 -7.778450591310927
756 -7.745097994873328
757 -7.680493796982054
758 -7.60230982524792
759 -7.390541930329796
760 -7.415144265250212
761 -6.9353541398826675
762 -7.5586589319082815
763 -8.412494334434362
764 -8.416076501333023
765 -7.078410117785016
766 -2.964058915944229
767 -8.640266589182698
768 -8.661188118386292
769 -4.516352377306207
770 -7.908082492441528
771 -7.841871193740598
772 -7.3279858983531785
773 -7.702994733913815
774 -7.107680070640901
775 -8.18241099346059
776 -7.147394250575626
777 -4.642565302288885
778 -8.423575977376746
779 -3.48413160987537
780 -7.745097994873328
781 -8.681090853154044
782 -8.661188118386292
783 -8.653730805154483
784 -8.640266589182698
785 -8.567591348052195
786 -8.477516753337545
787 -8.47130600703762
788 -8.427403055221191
789 -8.423575977376746
790 -8.416076501333023
791 -8.412494334434362
792 -8.371649288139404
793 -8.351978140870937
794 -8.318146340651655
795 -8.186896573281206
796 -8.18241099346059
797 -8.162341299248638
798 -8.140334515846874
799 -8.123099430626997
800 -8.115105609111588
801 -8.115105609111588
802 -8.091476939075221
803 -7.908082492441528
804 -7.888279024903966
805 -7.888279024903966
806 -7.886668721370543
807 -7.85924653232547
808 -7.8460491368387
809 -7.841871193740598
810 -7.841871193740598
811 -7.652160095948162
812 -7.470072941245627
813 -7.904627109346498
814 -8.388384097827995
815 -8.427157955387496
816 -8.381101812928634
817 -7.119415275357309
818 -5.0477656101158015
819 -7.997629337682184
820 -4.042704561365559
821 -8.351978140870937
822 -8.121666629796872
823 -8.579756626002478
824 -8.653730805154483
825 -7.387422812662205
826 -4.84845227013774
827 -8.473449935254298
828 -4.403855350093392
829 -8.123540136347222
830 -8.171111295126595
831 -8.096267569461897
832 -5.9929258679125805
833 -8.681090853154044
834 -8.661188118386292
835 -8.653730805154483
836 -8.653730805154483
837 -8.640266589182698
838 -8.579756626002478
839 -8.567591348052195
840 -8.477516753337545
841 -8.473449935254298
842 -8.47130600703762
843 -8.427403055221191
844 -8.427157955387496
845 -8.423575977376746
846 -8.416076501333023
847 -8.412494334434362
848 -8.388384097827995
849 -8.381101812928634
850 -8.371649288139404
851 -8.351978140870937
852 -8.351978140870937
853 -8.318146340651655
854 -8.186896573281206
855 -8.18241099346059
856 -8.171111295126595
857 -8.162341299248638
858 -8.140334515846874
859 -8.123540136347222
860 -8.123099430626997
861 -8.121666629796872
862 -8.115105609111588
evaluations raw_y
1 3.1354215572167217
2 -1.608713483242201
3 8.081003496623035
4 5.307934304135905
5 5.657982089040027
6 4.453031804136244
7 -0.22782401929224072
8 7.661401002499014
9 4.043504177984827
10 -0.8787697020411218
11 1.5832799325694147
12 4.460654987840092
13 0.849442577401802
14 4.068166866434038
15 5.666756986404444
16 5.641114908116323
17 0.8805942000960814
18 3.8752478448679812
19 2.5565662129871884
20 -1.1761912285228027
21 6.492891274756289
22 6.125361508169447
23 5.109021132576878
24 0.3315858122114066
25 2.997397215859252
26 7.19905327252544
27 5.297296365788992
28 2.2009493885827127
29 4.195480304432123
30 1.7565240890008142
31 0.431711168005533
32 1.8103502612054123
33 6.902039060532223
34 2.8253532520527234
35 0.8466605064610087
36 -0.45371740837217445
37 0.8800616705880371
38 1.184250446265886
39 2.1299277202057016
40 2.051184863814105
41 0.17507705795797923
42 -4.812354340099605
43 0.8255573676318906
44 6.711044171321356
45 2.4934101040699077
46 3.60420532260511
47 4.773959777219588
48 2.3154607771197835
49 3.866677516053766
50 3.744238157377173
51 5.332190765275961
52 1.443615380068826
53 -4.812354340099605
54 -1.608713483242201
55 -1.1761912285228027
56 -0.8787697020411218
57 -0.45371740837217445
58 -0.22782401929224072
59 0.17507705795797923
60 0.3315858122114066
61 0.431711168005533
62 0.8255573676318906
63 0.8466605064610087
64 0.849442577401802
65 0.8800616705880371
66 0.8805942000960814
67 1.184250446265886
68 1.443615380068826
69 1.5832799325694147
70 1.7565240890008142
71 1.8103502612054123
72 2.051184863814105
73 2.1299277202057016
74 2.2009493885827127
75 2.3154607771197835
76 2.4934101040699077
77 2.5565662129871884
78 2.8253532520527234
79 2.997397215859252
80 3.1354215572167217
81 3.60420532260511
82 3.744238157377173
83 0.027499289638150515
84 0.8466605064610087
85 -3.8194110094604756
86 3.9036466724041485
87 0.17507705795797923
88 2.997397215859252
89 0.41649017566514246
90 -3.3202414966728506
91 1.0407590398280293
92 0.4534785988961194
93 1.8506785929093978
94 0.20313012377832873
95 3.284865576472344
96 2.931680371393387
97 2.506151130280055
98 -0.13091420576496127
99 1.2761789204827854
100 0.003740943404848096
101 1.605892554838684
102 -0.7994783630790199
103 3.1451450636668925
104 -2.842905297568394
105 -4.812354340099605
106 -3.8194110094604756
107 -3.3202414966728506
108 -2.842905297568394
109 -1.608713483242201
110 -1.1761912285228027
111 -0.8787697020411218
112 -0.7994783630790199
113 -0.45371740837217445
114 -0.22782401929224072
115 -0.13091420576496127
116 0.003740943404848096
117 0.027499289638150515
118 0.17507705795797923
119 0.17507705795797923
120 0.20313012377832873
121 0.3315858122114066
122 0.41649017566514246
123 0.431711168005533
124 0.4534785988961194
125 0.8255573676318906
126 0.8466605064610087
127 0.8466605064610087
128 0.849442577401802
129 0.8800616705880371
130 0.8805942000960814
131 1.0407590398280293
132 1.184250446265886
133 1.2761789204827854
134 1.443615380068826
135 -3.400630751535715
136 -1.2454671897148408
137 1.0923696724566825
138 0.5218681101718361
139 4.1271306882873
140 0.26930701414224334
141 0.8671929754673933
142 -3.097408708724056
143 -0.2352755027288378
144 -0.13091420576496127
145 -2.1518049403642543
146 -2.8723366816330156
147 0.4558281957765917
148 5.295199453877717
149 -5.015358675916901
150 1.3360108762265637
151 -0.6196396626323954
152 0.3499389513362847
153 0.7888941208794809
154 -1.2039668652983049
155 -2.5879060608263478
156 -0.6835749908049493
157 -5.015358675916901
158 -4.812354340099605
159 -3.8194110094604756
160 -3.400630751535715
161 -3.3202414966728506
162 -3.097408708724056
163 -2.8723366816330156
164 -2.842905297568394
165 -2.5879060608263478
166 -2.1518049403642543
167 -1.608713483242201
168 -1.2454671897148408
169 -1.2039668652983049
170 -1.1761912285228027
171 -0.8787697020411218
172 -0.7994783630790199
173 -0.6835749908049493
174 -0.6196396626323954
175 -0.45371740837217445
176 -0.2352755027288378
177 -0.22782401929224072
178 -0.13091420576496127
179 -0.13091420576496127
180 0.003740943404848096
181 0.027499289638150515
182 0.17507705795797923
183 0.17507705795797923
184 0.20313012377832873
185 0.26930701414224334
186 0.3315858122114066
187 0.2028499322830264
188 -2.842905297568394
189 3.2571316816170652
190 5.04966247697102
191 4.018439323445543
192 -3.8194110094604756
193 2.0649250941195776
194 -4.575259746422665
195 0.003740943404848096
196 -3.400630751535715
197 -1.0322389347891454
198 -3.3202414966728506
199 -3.273694044127235
200 0.9845427666003319
201 -0.13091420576496127
202 -0.10969478220015905
203 1.2790662458222033
204 -0.659859517020656
205 -0.6835749908049493
206 -1.024011991831721
207 1.100021151094201
208 -0.2352755027288378
209 -5.015358675916901
210 -4.812354340099605
211 -4.575259746422665
212 -3.8194110094604756
213 -3.8194110094604756
214 -3.400630751535715
215 -3.400630751535715
216 -3.3202414966728506
217 -3.3202414966728506
218 -3.273694044127235
219 -3.097408708724056
220 -2.8723366816330156
221 -2.842905297568394
222 -2.842905297568394
223 -2.5879060608263478
224 -2.1518049403642543
225 -1.608713483242201
226 -1.2454671897148408
227 -1.2039668652983049
228 -1.1761912285228027
229 -1.0322389347891454
230 -1.024011991831721
231 -0.8787697020411218
232 -0.7994783630790199
233 -0.6835749908049493
234 -0.6835749908049493
235 -0.659859517020656
236 -0.6196396626323954
237 -0.45371740837217445
238 -0.2352755027288378
239 0.08893901607696875
240 -4.575259746422665
241 -3.490499476835125
242 -0.7266254813141697
243 -0.3844265154214104
244 -0.971520136891026
245 -1.6386514949743471
246 -3.4184770785353384
247 -3.7991097578545894
248 -3.354004657429347
249 -0.38927832661386086
250 0.1959135333682931
251 2.5949176737768327
252 -3.8194110094604756
253 2.5665839884909625
254 4.327095894135672
255 -2.6897019243514855
256 2.2560569410643794
257 -0.9908699571043149
258 2.1469629485631594
259 -2.3101901414580714
260 -1.6630981160445526
261 -5.015358675916901
262 -4.812354340099605
263 -4.575259746422665
264 -4.575259746422665
265 -3.8194110094604756
266 -3.8194110094604756
267 -3.8194110094604756
268 -3.7991097578545894
269 -3.490499476835125
270 -3.4184770785353384
271 -3.400630751535715
272 -3.400630751535715
273 -3.354004657429347
274 -3.3202414966728506
275 -3.3202414966728506
276 -3.273694044127235
277 -3.097408708724056
278 -2.8723366816330156
279 -2.842905297568394
280 -2.842905297568394
281 -2.6897019243514855
282 -2.5879060608263478
283 -2.3101901414580714
284 -2.1518049403642543
285 -1.6630981160445526
286 -1.6386514949743471
287 -1.608713483242201
288 -1.2454671897148408
289 -1.2039668652983049
290 -1.1761912285228027
291 -5.788043303464574
292 -5.6675787306462215
293 -0.21754583499017777
294 -3.1723555065218463
295 -3.1620660225700092
296 -5.364441479178156
297 -1.614369538153063
298 -3.814480189090944
299 -2.040859709808327
300 -0.02823665188741087
301 -3.2025003066449633
302 -3.5979159716236824
303 -2.8723366816330156
304 -3.6205238650496363
305 -1.8669773222385322
306 -3.3032882720048002
307 -0.9960699782277702
308 -2.122629781024872
309 -1.5456104741067467
310 -1.385434080399747
311 -2.449655442504521
312 -1.1207283050572237
313 -5.788043303464574
314 -5.6675787306462215
315 -5.364441479178156
316 -5.015358675916901
317 -4.812354340099605
318 -4.575259746422665
319 -4.575259746422665
320 -3.8194110094604756
321 -3.8194110094604756
322 -3.8194110094604756
323 -3.814480189090944
324 -3.7991097578545894
325 -3.6205238650496363
326 -3.5979159716236824
327 -3.490499476835125
328 -3.4184770785353384
329 -3.400630751535715
330 -3.400630751535715
331 -3.354004657429347
332 -3.3202414966728506
333 -3.3202414966728506
334 -3.3032882720048002
335 -3.273694044127235
336 -3.2025003066449633
337 -3.1723555065218463
338 -3.1620660225700092
339 -3.097408708724056
340 -2.8723366816330156
341 -2.8723366816330156
342 -2.842905297568394
343 -2.336750427676277
344 -2.227225695784798
345 -3.2232103312107014
346 -4.969049345090669
347 0.9596673053714722
348 -2.923137995757263
349 -6.02336865692639
350 -4.767199127762602
351 -0.2733848474444014
352 -4.2006996202346105
353 -0.7261780645930282
354 -5.6675787306462215
355 -5.319736001837147
356 -5.797423253756327
357 -4.284773981869185
358 -1.5673722277676716
359 -1.9332209425533544
360 4.946578755229941
361 -1.838640222042157
362 -2.912940622208674
363 -3.2771988617843335
364 -6.005041510791052
365 -6.02336865692639
366 -6.005041510791052
367 -5.797423253756327
368 -5.788043303464574
369 -5.6675787306462215
370 -5.6675787306462215
371 -5.364441479178156
372 -5.319736001837147
373 -5.015358675916901
374 -4.969049345090669
375 -4.812354340099605
376 -4.767199127762602
377 -4.575259746422665
378 -4.575259746422665
379 -4.284773981869185
380 -4.2006996202346105
381 -3.8194110094604756
382 -3.8194110094604756
383 -3.8194110094604756
384 -3.814480189090944
385 -3.7991097578545894
386 -3.6205238650496363
387 -3.5979159716236824
388 -3.490499476835125
389 -3.4184770785353384
390 -3.400630751535715
391 -3.400630751535715
392 -3.354004657429347
393 -3.3202414966728506
394 -3.3202414966728506
395 -4.377056497932764
396 -6.055243381108385
397 -5.797423253756327
398 -3.8656885815726625
399 -4.82881294618545
400 -2.9037890237772332
401 -3.393682063241818
402 -4.883496921823992
403 -7.505739654996968
404 -2.8646175241498577
405 -3.9815927579316686
406 -4.033842607566182
407 -5.015358675916901
408 -3.9712629804463053
409 -4.988701620912028
410 -3.767358117118606
411 -3.211645863004449
412 -3.566267329470551
413 -6.452044560861266
414 -3.5979159716236824
415 -5.021623323943977
416 -3.8194110094604756
417 -7.505739654996968
418 -6.452044560861266
419 -6.055243381108385
420 -6.02336865692639
421 -6.005041510791052
422 -5.797423253756327
423 -5.797423253756327
424 -5.788043303464574
425 -5.6675787306462215
426 -5.6675787306462215
427 -5.364441479178156
428 -5.319736001837147
429 -5.021623323943977
430 -5.015358675916901
431 -5.015358675916901
432 -4.988701620912028
433 -4.969049345090669
434 -4.883496921823992
435 -4.82881294618545
436 -4.812354340099605
437 -4.767199127762602
438 -4.575259746422665
439 -4.575259746422665
440 -4.377056497932764
441 -4.284773981869185
442 -4.2006996202346105
443 -4.033842607566182
444 -3.9815927579316686
445 -3.9712629804463053
446 -3.8656885815726625
447 -5.979819368257829
448 -6.005041510791052
449 -4.988701620912028
450 -5.736087601655729
451 -5.493589471571534
452 -4.53502570469313
453 -4.6237991302249375
454 -2.619296309224198
455 -5.790511816160346
456 -3.3791812016700304
457 -6.186003260166071
458 -7.755998337580541
459 -5.319736001837147
460 -5.6675787306462215
461 -5.467462649321073
462 -4.575259746422665
463 -6.713527336775305
464 -7.187821836295609
465 -3.3674061376118365
466 -4.14372063366138
467 -4.575259746422665
468 -3.606497618000572
469 -7.755998337580541
470 -7.505739654996968
471 -7.187821836295609
472 -6.713527336775305
473 -6.452044560861266
474 -6.186003260166071
475 -6.055243381108385
476 -6.02336865692639
477 -6.005041510791052
478 -6.005041510791052
479 -5.979819368257829
480 -5.797423253756327
481 -5.797423253756327
482 -5.790511816160346
483 -5.788043303464574
484 -5.736087601655729
485 -5.6675787306462215
486 -5.6675787306462215
487 -5.6675787306462215
488 -5.493589471571534
489 -5.467462649321073
490 -5.364441479178156
491 -5.319736001837147
492 -5.319736001837147
493 -5.021623323943977
494 -5.015358675916901
495 -5.015358675916901
496 -4.988701620912028
497 -4.988701620912028
498 -4.969049345090669
499 -6.277241519019126
500 -6.194759533721541
501 -6.185976491857478
502 -4.3574004039714485
503 -7.20675017027115
504 -6.92887565112061
505 -8.412462945186288
506 -7.531412896519473
507 -5.099165772995451
508 -5.6675787306462215
509 -5.790511816160346
510 -3.538262343770283
511 -5.581977439214627
512 -5.753477556782225
513 -3.5500680909934634
514 -6.37032154370687
515 -2.00027773708195
516 -5.250032821434504
517 -4.344377065454363
518 -5.751777170306205
519 -5.6675787306462215
520 -5.938697613434565
521 -8.412462945186288
522 -7.755998337580541
523 -7.531412896519473
524 -7.505739654996968
525 -7.20675017027115
526 -7.187821836295609
527 -6.92887565112061
528 -6.713527336775305
529 -6.452044560861266
530 -6.37032154370687
531 -6.277241519019126
532 -6.194759533721541
533 -6.186003260166071
534 -6.185976491857478
535 -6.055243381108385
536 -6.02336865692639
537 -6.005041510791052
538 -6.005041510791052
539 -5.979819368257829
540 -5.938697613434565
541 -5.797423253756327
542 -5.797423253756327
543 -5.790511816160346
544 -5.790511816160346
545 -5.788043303464574
546 -5.753477556782225
547 -5.751777170306205
548 -5.736087601655729
549 -5.6675787306462215
550 -5.6675787306462215
551 -4.0076331924367565
552 -5.366748907285661
553 -8.005732138054524
554 -4.247827741606498
555 -7.755998337580541
556 -0.22628550827571248
557 -5.9783198211359245
558 -6.23861337495594
559 -7.136206390275429
560 -4.391528045640274
561 -6.89313879178955
562 -0.9102739086151768
563 -6.899562688274397
564 -8.01016664530356
565 -3.8407286694685094
566 -6.269717664197458
567 -6.667594373489494
568 -5.751137026531437
569 -5.503572517249122
570 -6.430430179605352
571 -4.061390385647014
572 -5.33958087070276
573 -8.412462945186288
574 -8.01016664530356
575 -8.005732138054524
576 -7.755998337580541
577 -7.755998337580541
578 -7.531412896519473
579 -7.505739654996968
580 -7.20675017027115
581 -7.187821836295609
582 -7.136206390275429
583 -6.92887565112061
584 -6.899562688274397
585 -6.89313879178955
586 -6.713527336775305
587 -6.667594373489494
588 -6.452044560861266
589 -6.430430179605352
590 -6.37032154370687
591 -6.277241519019126
592 -6.269717664197458
593 -6.23861337495594
594 -6.194759533721541
595 -6.186003260166071
596 -6.185976491857478
597 -6.055243381108385
598 -6.02336865692639
599 -6.005041510791052
600 -6.005041510791052
601 -5.979819368257829
602 -5.9783198211359245
603 -6.153292213456278
604 -7.338134567689057
605 -7.679605309687984
606 -6.92887565112061
607 -6.66200465133319
608 -7.267134266667485
609 -6.569750082949501
610 -6.37032154370687
611 -3.0880790740128945
612 -7.743639554371864
613 -7.2438510851693145
614 3.337305827417246
615 -8.109398653042222
616 -7.4068959989300005
617 -7.191675254483304
618 -4.732581515303711
619 -7.408213657368282
620 -6.74510268746893
621 -7.264421774910854
622 -7.0915884778694664
623 -7.755998337580541
624 -6.731982700625592
625 -8.412462945186288
626 -8.109398653042222
627 -8.01016664530356
628 -8.005732138054524
629 -7.755998337580541
630 -7.755998337580541
631 -7.755998337580541
632 -7.743639554371864
633 -7.679605309687984
634 -7.531412896519473
635 -7.505739654996968
636 -7.408213657368282
637 -7.4068959989300005
638 -7.338134567689057
639 -7.267134266667485
640 -7.264421774910854
641 -7.2438510851693145
642 -7.20675017027115
643 -7.191675254483304
644 -7.187821836295609
645 -7.136206390275429
646 -7.0915884778694664
647 -6.92887565112061
648 -6.92887565112061
649 -6.899562688274397
650 -6.89313879178955
651 -6.74510268746893
652 -6.731982700625592
653 -6.713527336775305
654 -6.667594373489494
655 -4.205784929212442
656 -8.045130480999575
657 -7.347892783925225
658 -5.963916806959595
659 -5.254515014577169
660 -3.918893202939463
661 -7.318748387192535
662 -8.33667850974124
663 -7.414410339346316
664 -7.482404133850881
665 -4.53313060498205
666 -2.848546898819604
667 -6.687177060001794
668 -4.2951030053090165
669 -6.965405155932844
670 -7.545727670324396
671 -7.491036165938265
672 -7.2046185072557485
673 -6.5115342863315115
674 -7.5550766000811524
675 -2.9741100169159074
676 -7.44570818223321
677 -8.412462945186288
678 -8.33667850974124
679 -8.109398653042222
680 -8.045130480999575
681 -8.01016664530356
682 -8.005732138054524
683 -7.755998337580541
684 -7.755998337580541
685 -7.755998337580541
686 -7.743639554371864
687 -7.679605309687984
688 -7.5550766000811524
689 -7.545727670324396
690 -7.531412896519473
691 -7.505739654996968
692 -7.491036165938265
693 -7.482404133850881
694 -7.44570818223321
695 -7.414410339346316
696 -7.408213657368282
697 -7.4068959989300005
698 -7.347892783925225
699 -7.338134567689057
700 -7.318748387192535
701 -7.267134266667485
702 -7.264421774910854
703 -7.2438510851693145
704 -7.20675017027115
705 -7.2046185072557485
706 -7.191675254483304
707 -7.253139114207531
708 -7.755998337580541
709 -3.501924496091048
710 -4.709254538736078
711 -7.505739654996968
712 -3.878928456542881
713 -4.006211893387826
714 -7.723442439447476
715 -7.025108310973723
716 -7.279699258059634
717 -7.51939841964831
718 -6.650157419508523
719 -8.546187958835539
720 -7.555944288557005
721 -7.531412896519473
722 -7.679605309687984
723 -6.588475200466334
724 -5.620982952052973
725 -2.284733574085475
726 -4.145609803398335
727 -4.495883754362387
728 -6.743720470704131
729 -8.546187958835539
730 -8.412462945186288
731 -8.33667850974124
732 -8.109398653042222
733 -8.045130480999575
734 -8.01016664530356
735 -8.005732138054524
736 -7.755998337580541
737 -7.755998337580541
738 -7.755998337580541
739 -7.755998337580541
740 -7.743639554371864
741 -7.723442439447476
742 -7.679605309687984
743 -7.679605309687984
744 -7.555944288557005
745 -7.5550766000811524
746 -7.545727670324396
747 -7.531412896519473
748 -7.531412896519473
749 -7.51939841964831
750 -7.505739654996968
751 -7.505739654996968
752 -7.491036165938265
753 -7.482404133850881
754 -7.44570818223321
755 -7.414410339346316
756 -7.408213657368282
757 -7.4068959989300005
758 -7.347892783925225
759 -5.9482334110811035
760 -1.4566727407899704
761 -5.4183110033968696
762 -7.357374284429632
763 -8.168596861100497
764 -8.442965902039866
765 -7.500595924233602
766 -4.841778707162415
767 -7.2649133465484566
768 -7.531412896519473
769 -7.679605309687984
770 -8.33667850974124
771 -8.109468535420108
772 -8.233647030836952
773 -7.1246053515579835
774 -8.471002382151628
775 -3.6754776894808665
776 -7.793986213533161
777 -8.045130480999575
778 -8.01016664530356
779 -3.9695439598731483
780 -6.522002950847778
781 -8.546187958835539
782 -8.471002382151628
783 -8.442965902039866
784 -8.412462945186288
785 -8.33667850974124
786 -8.33667850974124
787 -8.233647030836952
788 -8.168596861100497
789 -8.109468535420108
790 -8.109398653042222
791 -8.045130480999575
792 -8.045130480999575
793 -8.01016664530356
794 -8.01016664530356
795 -8.005732138054524
796 -7.793986213533161
797 -7.755998337580541
798 -7.755998337580541
799 -7.755998337580541
800 -7.755998337580541
801 -7.743639554371864
802 -7.723442439447476
803 -7.679605309687984
804 -7.679605309687984
805 -7.679605309687984
806 -7.555944288557005
807 -7.5550766000811524
808 -7.545727670324396
809 -7.531412896519473
810 -7.531412896519473
811 -8.442965902039866
812 -8.412462945186288
813 -8.109468535420108
814 -7.851371406409221
815 -5.347943528090516
816 -7.101364663129189
817 -6.244258491598153
818 -5.055130503890486
819 -8.045130480999575
820 -8.546187958835539
821 -8.109398653042222
822 -7.395661620272686
823 -8.233647030836952
824 -6.430287827432532
825 -7.405092119069611
826 -8.316321512777304
827 -8.265702486394844
828 -7.330964493827674
829 -8.120136832956508
830 -3.9561800307545054
831 -5.5513632447559536
832 -7.91574445821648
833 -8.546187958835539
834 -8.546187958835539
835 -8.471002382151628
836 -8.442965902039866
837 -8.442965902039866
838 -8.412462945186288
839 -8.412462945186288
840 -8.33667850974124
841 -8.33667850974124
842 -8.316321512777304
843 -8.265702486394844
844 -8.233647030836952
845 -8.233647030836952
846 -8.168596861100497
847 -8.120136832956508
848 -8.109468535420108
849 -8.109468535420108
850 -8.109398653042222
851 -8.109398653042222
852 -8.045130480999575
853 -8.045130480999575
854 -8.045130480999575
855 -8.01016664530356
856 -8.01016664530356
857 -8.005732138054524
858 -7.91574445821648
859 -7.851371406409221
860 -7.793986213533161
861 -7.755998337580541
862 -7.755998337580541
evaluations raw_y
1 -2.0822145570742583
2 0.22420997732493286
3 2.0700818989429717
4 5.84889663215049
5 3.4663636030893437
6 -2.7593710104071807
7 5.493660619614539
8 2.77649917147746
9 5.017490571058052
10 1.0573663030477487
11 5.3628677285869815
12 -0.6524522327041442
13 2.1881181806993046
14 -4.8741927790770845
15 5.1352894107961
16 5.161271487752316
17 3.7805408531241316
18 2.6236272732478776
19 -0.8757785058333427
20 -1.5812410099707561
21 5.186918437095596
22 3.0135478347295956
23 10.107794936565375
24 9.0941348426004
25 9.811920247175948
26 8.846361594858301
27 8.725334015041597
28 0.050560729372294055
29 7.096030671303569
30 0.11756829584432005
31 0.7784819604197257
32 -0.917610725233212
33 -1.3687733238027415
34 2.1378726174079548
35 5.768003893456896
36 -1.5812410099707561
37 2.4501220398659043
38 5.323417291261196
39 -1.613057538039806
40 3.4271981920948034
41 -3.930998596207382
42 0.5119860851917033
43 -1.9672244215789427
44 -2.551339747104535
45 6.01640760507221
46 0.9184957320989553
47 6.595049638449514
48 -1.5484669779634501
49 5.132760651537277
50 -2.7593710104071807
51 6.590235245768859
52 5.754580821485655
53 -4.8741927790770845
54 -3.930998596207382
55 -2.7593710104071807
56 -2.7593710104071807
57 -2.551339747104535
58 -2.0822145570742583
59 -1.9672244215789427
60 -1.613057538039806
61 -1.5812410099707561
62 -1.5812410099707561
63 -1.5484669779634501
64 -1.3687733238027415
65 -0.917610725233212
66 -0.8757785058333427
67 -0.6524522327041442
68 0.050560729372294055
69 0.11756829584432005
70 0.22420997732493286
71 0.5119860851917033
72 0.7784819604197257
73 0.9184957320989553
74 1.0573663030477487
75 2.0700818989429717
76 2.1378726174079548
77 2.1881181806993046
78 2.4501220398659043
79 2.6236272732478776
80 2.77649917147746
81 3.0135478347295956
82 3.4271981920948034
83 2.1378726174079548
84 -0.6851595489031252
85 -2.7593710104071807
86 -0.8757785058333427
87 -2.66835528609167
88 -5.075041884118601
89 2.1317728635921247
90 2.713004338283891
91 0.802600167562729
92 -1.3548777960025937
93 0.2622811434263599
94 2.3249508962756633
95 0.4359565959418896
96 -1.8097227244747462
97 2.11215342436154
98 1.837111063123594
99 -4.251239711935296
100 1.625914631967654
101 1.1289743182268626
102 3.7791162378957255
103 -2.481373785821254
104 -0.8389454225839819
105 -5.075041884118601
106 -4.8741927790770845
107 -4.251239711935296
108 -3.930998596207382
109 -2.7593710104071807
110 -2.7593710104071807
111 -2.7593710104071807
112 -2.66835528609167
113 -2.551339747104535
114 -2.481373785821254
115 -2.0822145570742583
116 -1.9672244215789427
117 -1.8097227244747462
118 -1.613057538039806
119 -1.5812410099707561
120 -1.5812410099707561
121 -1.5484669779634501
122 -1.3687733238027415
123 -1.3548777960025937
124 -0.917610725233212
125 -0.8757785058333427
126 -0.8757785058333427
127 -0.8389454225839819
128 -0.6851595489031252
129 -0.6524522327041442
130 0.050560729372294055
131 0.11756829584432005
132 0.22420997732493286
133 0.2622811434263599
134 0.4359565959418896
135 -3.3552755995725185
136 -1.2927326176185567
137 -0.7759266718091848
138 -4.9002149065436384
139 -6.04336551423722
140 -5.940242594407286
141 3.7663253620980384
142 -0.3026502742213948
143 -0.21385567188957655
144 2.987001379260257
145 0.2622811434263599
146 -1.8639883357166154
147 0.03748382456548116
148 -1.613057538039806
149 2.2561779419777643
150 -2.328832180849634
151 -4.384277557988917
152 -1.000541933096128
153 -1.1244698297664408
154 -0.4799919783784534
155 -0.6878155859393988
156 -2.7935790892080257
157 -6.04336551423722
158 -5.940242594407286
159 -5.075041884118601
160 -4.9002149065436384
161 -4.8741927790770845
162 -4.384277557988917
163 -4.251239711935296
164 -3.930998596207382
165 -3.3552755995725185
166 -2.7935790892080257
167 -2.7593710104071807
168 -2.7593710104071807
169 -2.7593710104071807
170 -2.66835528609167
171 -2.551339747104535
172 -2.481373785821254
173 -2.328832180849634
174 -2.0822145570742583
175 -1.9672244215789427
176 -1.8639883357166154
177 -1.8097227244747462
178 -1.613057538039806
179 -1.613057538039806
180 -1.5812410099707561
181 -1.5812410099707561
182 -1.5484669779634501
183 -1.3687733238027415
184 -1.3548777960025937
185 -1.2927326176185567
186 -1.1244698297664408
187 -3.218550665761522
188 -4.9002149065436384
189 -7.264568136855278
190 -1.7576038088383301
191 -1.9111491555320548
192 -3.3552755995725185
193 -5.094748776100869
194 -1.8257362453733936
195 -3.4611045211384743
196 -5.351571753688333
197 -4.3021665128179345
198 -3.9708766165202567
199 -5.141178198298618
200 -3.3996363865143002
201 -0.6709468968990722
202 -1.5967936262457143
203 -2.5348101530245746
204 -2.7593710104071807
205 -2.7593710104071807
206 -1.186810090267004
207 -0.32987927558715935
208 -2.5081675512182975
209 -7.264568136855278
210 -6.04336551423722
211 -5.940242594407286
212 -5.351571753688333
213 -5.141178198298618
214 -5.094748776100869
215 -5.075041884118601
216 -4.9002149065436384
217 -4.9002149065436384
218 -4.8741927790770845
219 -4.384277557988917
220 -4.3021665128179345
221 -4.251239711935296
222 -3.9708766165202567
223 -3.930998596207382
224 -3.4611045211384743
225 -3.3996363865143002
226 -3.3552755995725185
227 -3.3552755995725185
228 -3.218550665761522
229 -2.7935790892080257
230 -2.7593710104071807
231 -2.7593710104071807
232 -2.7593710104071807
233 -2.7593710104071807
234 -2.7593710104071807
235 -2.66835528609167
236 -2.551339747104535
237 -2.5348101530245746
238 -2.5081675512182975
239 -5.437369027163745
240 1.4849979404212963
241 -3.7369886347074255
242 -3.4275491761677035
243 -6.04336551423722
244 -0.9427837510320187
245 -2.2424261751216825
246 -2.4449460526621642
247 -5.863769191165801
248 -1.530285903775349
249 -2.3693158209825347
250 -6.147651857194198
251 -3.8662337530383057
252 -3.4611045211384743
253 -5.712448937478971
254 1.6519893537464099
255 -5.141178198298618
256 -2.122909454727467
257 -1.4466927012258872
258 -2.7116737238480084
259 -3.0730789755774746
260 -3.3996363865143002
261 -7.264568136855278
262 -6.147651857194198
263 -6.04336551423722
264 -6.04336551423722
265 -5.940242594407286
266 -5.863769191165801
267 -5.712448937478971
268 -5.437369027163745
269 -5.351571753688333
270 -5.141178198298618
271 -5.141178198298618
272 -5.094748776100869
273 -5.075041884118601
274 -4.9002149065436384
275 -4.9002149065436384
276 -4.8741927790770845
277 -4.384277557988917
278 -4.3021665128179345
279 -4.251239711935296
280 -3.9708766165202567
281 -3.930998596207382
282 -3.8662337530383057
283 -3.7369886347074255
284 -3.4611045211384743
285 -3.4611045211384743
286 -3.4275491761677035
287 -3.3996363865143002
288 -3.3996363865143002
289 -3.3552755995725185
290 -3.3552755995725185
291 -3.5502299992822572
292 -3.33751741293879
293 -6.639538020345048
294 -6.27852441376451
295 -1.6418324406930989
296 -4.500457216148943
297 -5.100011096147281
298 -5.020899397467545
299 -2.7704133523745433
300 -5.437369027163745
301 -2.8326710805554973
302 -1.2780232498541206
303 -3.99828060799802
304 -7.1150045392697026
305 -4.811351367468049
306 -3.612923083014546
307 1.1212546868534796
308 -1.2466136625284299
309 -1.9796629067830045
310 -0.5833506788239711
311 -4.384277557988917
312 -5.075041884118601
313 -7.264568136855278
314 -7.1150045392697026
315 -6.639538020345048
316 -6.27852441376451
317 -6.147651857194198
318 -6.04336551423722
319 -6.04336551423722
320 -5.940242594407286
321 -5.863769191165801
322 -5.712448937478971
323 -5.437369027163745
324 -5.437369027163745
325 -5.351571753688333
326 -5.141178198298618
327 -5.141178198298618
328 -5.100011096147281
329 -5.094748776100869
330 -5.075041884118601
331 -5.075041884118601
332 -5.020899397467545
333 -4.9002149065436384
334 -4.9002149065436384
335 -4.8741927790770845
336 -4.811351367468049
337 -4.500457216148943
338 -4.384277557988917
339 -4.384277557988917
340 -4.3021665128179345
341 -4.251239711935296
342 -3.99828060799802
343 -3.6715424124537686
344 -5.062161664489212
345 -4.1114103776538045
346 -3.2950372904523944
347 -4.453170740981978
348 -4.957935767576066
349 -3.585951131833347
350 -7.159429674430161
351 -3.5026887866831204
352 -4.47661726349876
353 -3.3229862194723996
354 -2.8781557008265795
355 -5.047798413975899
356 -5.0855622957950475
357 -5.362151887086079
358 -4.787992088504798
359 -4.6776216158340524
360 -7.2982883230829465
361 -1.5309789248413508
362 -5.82934653473101
363 -5.141178198298618
364 -1.620693417765056
365 -7.2982883230829465
366 -7.264568136855278
367 -7.159429674430161
368 -7.1150045392697026
369 -6.639538020345048
370 -6.27852441376451
371 -6.147651857194198
372 -6.04336551423722
373 -6.04336551423722
374 -5.940242594407286
375 -5.863769191165801
376 -5.82934653473101
377 -5.712448937478971
378 -5.437369027163745
379 -5.437369027163745
380 -5.362151887086079
381 -5.351571753688333
382 -5.141178198298618
383 -5.141178198298618
384 -5.141178198298618
385 -5.100011096147281
386 -5.094748776100869
387 -5.0855622957950475
388 -5.075041884118601
389 -5.075041884118601
390 -5.062161664489212
391 -5.047798413975899
392 -5.020899397467545
393 -4.957935767576066
394 -4.9002149065436384
395 -0.6927024282440866
396 -2.3473886566342244
397 -4.358054311586412
398 -2.6595638434573097
399 0.018938273270099337
400 -4.7647347114731975
401 -3.778718485435761
402 -6.530640435230783
403 -3.8205594811582584
404 -3.9629765104133607
405 -5.447771218212812
406 -3.3452811369563875
407 -3.375001958049845
408 -2.057787725262706
409 -6.362235188493123
410 -3.2383771792340865
411 -1.7959034412468693
412 -4.75465974129774
413 -3.503753548032524
414 -5.141178198298618
415 -5.066988639785992
416 -5.020899397467545
417 -7.2982883230829465
418 -7.264568136855278
419 -7.159429674430161
420 -7.1150045392697026
421 -6.639538020345048
422 -6.530640435230783
423 -6.362235188493123
424 -6.27852441376451
425 -6.147651857194198
426 -6.04336551423722
427 -6.04336551423722
428 -5.940242594407286
429 -5.863769191165801
430 -5.82934653473101
431 -5.712448937478971
432 -5.447771218212812
433 -5.437369027163745
434 -5.437369027163745
435 -5.362151887086079
436 -5.351571753688333
437 -5.141178198298618
438 -5.141178198298618
439 -5.141178198298618
440 -5.141178198298618
441 -5.100011096147281
442 -5.094748776100869
443 -5.0855622957950475
444 -5.075041884118601
445 -5.075041884118601
446 -5.066988639785992
447 -7.277647644788615
448 -4.530901107258293
449 -1.2686522645903298
450 -2.5199525800093365
451 -6.5632857188346865
452 -6.5340826689923315
453 -4.2906365064036525
454 1.4706711824827943
455 0.4870121028737455
456 0.4655027550154651
457 -6.351953107188978
458 -5.07847359515367
459 -5.863769191165801
460 -4.146037876515083
461 -5.868239538000698
462 -4.071861919871365
463 -2.934991099776943
464 -5.013766180915756
465 -4.794527764740058
466 -3.3171863039208564
467 -3.0782068513672143
468 -2.155213477937599
469 -7.2982883230829465
470 -7.277647644788615
471 -7.264568136855278
472 -7.159429674430161
473 -7.1150045392697026
474 -6.639538020345048
475 -6.5632857188346865
476 -6.5340826689923315
477 -6.530640435230783
478 -6.362235188493123
479 -6.351953107188978
480 -6.27852441376451
481 -6.147651857194198
482 -6.04336551423722
483 -6.04336551423722
484 -5.940242594407286
485 -5.868239538000698
486 -5.863769191165801
487 -5.863769191165801
488 -5.82934653473101
489 -5.712448937478971
490 -5.447771218212812
491 -5.437369027163745
492 -5.437369027163745
493 -5.362151887086079
494 -5.351571753688333
495 -5.141178198298618
496 -5.141178198298618
497 -5.141178198298618
498 -5.141178198298618
499 -6.111196971448454
500 -3.583189947694143
501 -7.2982883230829465
502 -4.445146308891414
503 -5.992763896691375
504 -5.310955227363118
505 -5.869856835216536
506 -5.700101565428302
507 -4.605242489550136
508 -6.298044820315085
509 -4.048882057828418
510 -4.1182001215572654
511 -6.700722054521945
512 -6.98541605464151
513 -6.007389641483684
514 -6.86226134276262
515 -5.362151887086079
516 -4.617868904425631
517 -3.7147556576715353
518 -6.7964192613572605
519 -4.865721616787278
520 -6.53117716034658
521 -7.2982883230829465
522 -7.2982883230829465
523 -7.277647644788615
524 -7.264568136855278
525 -7.159429674430161
526 -7.1150045392697026
527 -6.98541605464151
528 -6.86226134276262
529 -6.7964192613572605
530 -6.700722054521945
531 -6.639538020345048
532 -6.5632857188346865
533 -6.5340826689923315
534 -6.53117716034658
535 -6.530640435230783
536 -6.362235188493123
537 -6.351953107188978
538 -6.298044820315085
539 -6.27852441376451
540 -6.147651857194198
541 -6.111196971448454
542 -6.04336551423722
543 -6.04336551423722
544 -6.007389641483684
545 -5.992763896691375
546 -5.940242594407286
547 -5.869856835216536
548 -5.868239538000698
549 -5.863769191165801
550 -5.863769191165801
551 -2.9007311633669524
552 -6.700722054521945
553 -7.140083757701458
554 -4.552432844860716
555 -4.767562942601204
556 -1.340938239167634
557 -3.2543570565050666
558 -6.20643093441132
559 -6.962421397593872
560 -4.803737351884506
561 -4.715809223133583
562 -6.351953107188978
563 -3.5701778519410663
564 -0.9248415331243525
565 -6.98541605464151
566 -3.467055296435393
567 -7.424543830116297
568 -5.7500434579425015
569 -2.9002437719904366
570 -2.17029610891743
571 -6.197577418034878
572 -6.530640435230783
573 -7.424543830116297
574 -7.2982883230829465
575 -7.2982883230829465
576 -7.277647644788615
577 -7.264568136855278
578 -7.159429674430161
579 -7.140083757701458
580 -7.1150045392697026
581 -6.98541605464151
582 -6.98541605464151
583 -6.962421397593872
584 -6.86226134276262
585 -6.7964192613572605
586 -6.700722054521945
587 -6.700722054521945
588 -6.639538020345048
589 -6.5632857188346865
590 -6.5340826689923315
591 -6.53117716034658
592 -6.530640435230783
593 -6.530640435230783
594 -6.362235188493123
595 -6.351953107188978
596 -6.351953107188978
597 -6.298044820315085
598 -6.27852441376451
599 -6.20643093441132
600 -6.197577418034878
601 -6.147651857194198
602 -6.111196971448454
603 -3.0801878420458078
604 -3.315429941684254
605 -7.225737773502023
606 -7.234129806077565
607 -5.016895427952682
608 -4.481375218555308
609 -6.319981808930647
610 -2.9097419737573116
611 -4.259407429911306
612 -1.3131161283504462
613 -6.700722054521945
614 -4.380980042961141
615 -6.5632569137157635
616 -6.158296275359918
617 -6.752953361864223
618 -3.894230195607288
619 -7.277647644788615
620 -6.474411959308387
621 -6.99230002921487
622 -6.817414538105833
623 -6.362235188493123
624 -6.700722054521945
625 -7.424543830116297
626 -7.2982883230829465
627 -7.2982883230829465
628 -7.277647644788615
629 -7.277647644788615
630 -7.264568136855278
631 -7.234129806077565
632 -7.225737773502023
633 -7.159429674430161
634 -7.140083757701458
635 -7.1150045392697026
636 -6.99230002921487
637 -6.98541605464151
638 -6.98541605464151
639 -6.962421397593872
640 -6.86226134276262
641 -6.817414538105833
642 -6.7964192613572605
643 -6.752953361864223
644 -6.700722054521945
645 -6.700722054521945
646 -6.700722054521945
647 -6.700722054521945
648 -6.639538020345048
649 -6.5632857188346865
650 -6.5632569137157635
651 -6.5340826689923315
652 -6.53117716034658
653 -6.530640435230783
654 -6.530640435230783
655 -4.29110294361389
656 -7.2806883056255
657 -4.127730659169483
658 -6.583387101736304
659 -1.8029163056414519
660 -7.053550130858428
661 -6.584220484128123
662 -4.685629775287822
663 -3.4131098440648553
664 -3.1490607872162855
665 -6.662402863959565
666 -7.220962179801953
667 -6.377844657565776
668 -2.2027830121095446
669 -3.9638881303765854
670 -6.542960754261901
671 -6.214006705315274
672 -5.836406091374877
673 -7.147437250975428
674 -6.817414538105833
675 -6.733382790796593
676 -5.6161067232754425
677 -7.424543830116297
678 -7.2982883230829465
679 -7.2982883230829465
680 -7.2806883056255
681 -7.277647644788615
682 -7.277647644788615
683 -7.264568136855278
684 -7.234129806077565
685 -7.225737773502023
686 -7.220962179801953
687 -7.159429674430161
688 -7.147437250975428
689 -7.140083757701458
690 -7.1150045392697026
691 -7.053550130858428
692 -6.99230002921487
693 -6.98541605464151
694 -6.98541605464151
695 -6.962421397593872
696 -6.86226134276262
697 -6.817414538105833
698 -6.817414538105833
699 -6.7964192613572605
700 -6.752953361864223
701 -6.733382790796593
702 -6.700722054521945
703 -6.700722054521945
704 -6.700722054521945
705 -6.700722054521945
706 -6.662402863959565
707 -7.277647644788615
708 -6.864322252005783
709 -3.7893338246585864
710 -5.714247675634234
711 -4.742356542153322
712 -6.907857972889788
713 -6.734971454449756
714 -5.479832147274795
715 -6.86226134276262
716 -7.08920090876053
717 -5.0263886862876825
718 -7.159429674430161
719 -5.3135495385046925
720 -5.618465639990263
721 -7.326465109848261
722 -3.185230286930313
723 -6.806394175494898
724 -5.3983878558806335
725 -6.752953361864223
726 -6.250794076514601
727 -6.166748432604621
728 -1.2652514413070408
729 -7.424543830116297
730 -7.326465109848261
731 -7.2982883230829465
732 -7.2982883230829465
733 -7.2806883056255
734 -7.277647644788615
735 -7.277647644788615
736 -7.277647644788615
737 -7.264568136855278
738 -7.234129806077565
739 -7.225737773502023
740 -7.220962179801953
741 -7.159429674430161
742 -7.159429674430161
743 -7.147437250975428
744 -7.140083757701458
745 -7.1150045392697026
746 -7.08920090876053
747 -7.053550130858428
748 -6.99230002921487
749 -6.98541605464151
750 -6.98541605464151
751 -6.962421397593872
752 -6.907857972889788
753 -6.864322252005783
754 -6.86226134276262
755 -6.86226134276262
756 -6.817414538105833
757 -6.817414538105833
758 -6.806394175494898
759 -3.4830422108152836
760 -7.159429674430161
761 -7.4037282201878325
762 -7.235324631209583
763 -6.724426861152903
764 -2.9975990242924735
765 0.5022508675940123
766 -0.5610625526322202
767 -6.1187391655840075
768 -6.64258200173682
769 -7.2982883230829465
770 -5.11343949754983
771 -5.701660797376092
772 -1.9029636028476777
773 -7.269787865971651
774 -7.043381161547914
775 -7.562275731917853
776 -5.859971477947843
777 -7.267618110361523
778 -6.307293667764252
779 -6.343340663413352
780 -3.6051882297335527
781 -7.562275731917853
782 -7.424543830116297
783 -7.4037282201878325
784 -7.326465109848261
785 -7.2982883230829465
786 -7.2982883230829465
787 -7.2982883230829465
788 -7.2806883056255
789 -7.277647644788615
790 -7.277647644788615
791 -7.277647644788615
792 -7.269787865971651
793 -7.267618110361523
794 -7.264568136855278
795 -7.235324631209583
796 -7.234129806077565
797 -7.225737773502023
798 -7.220962179801953
799 -7.159429674430161
800 -7.159429674430161
801 -7.159429674430161
802 -7.147437250975428
803 -7.140083757701458
804 -7.1150045392697026
805 -7.08920090876053
806 -7.053550130858428
807 -7.043381161547914
808 -6.99230002921487
809 -6.98541605464151
810 -6.98541605464151
811 -2.7344193176621987
812 0.4174938069866192
813 -6.587769381926396
814 -5.8383993234198
815 -7.701992902352261
816 -7.319616405701254
817 -7.168114926508271
818 -7.234129806077565
819 0.12940765774842555
820 1.8344761218717736
821 -3.7936571715490195
822 -8.382309654102025
823 -3.5630196984096063
824 0.14813992346264993
825 -7.81269656791611
826 -3.74372369035107
827 -7.237598884989388
828 -4.609354689688445
829 -5.969985915813648
830 -7.08920090876053
831 -7.562275731917853
832 -7.013811228494472
833 -8.382309654102025
834 -7.81269656791611
835 -7.701992902352261
836 -7.562275731917853
837 -7.562275731917853
838 -7.424543830116297
839 -7.4037282201878325
840 -7.326465109848261
841 -7.319616405701254
842 -7.2982883230829465
843 -7.2982883230829465
844 -7.2982883230829465
845 -7.2806883056255
846 -7.277647644788615
847 -7.277647644788615
848 -7.277647644788615
849 -7.269787865971651
850 -7.267618110361523
851 -7.264568136855278
852 -7.237598884989388
853 -7.235324631209583
854 -7.234129806077565
855 -7.234129806077565
856 -7.225737773502023
857 -7.220962179801953
858 -7.168114926508271
859 -7.159429674430161
860 -7.159429674430161
861 -7.159429674430161
862 -7.147437250975428
