evaluations raw_y
1 8.10119713478972
2 64.76354833512235
3 32.86826566724923
4 37.57921543007683
5 58.31172444934141
6 60.24579226427983
7 32.736044422254814
8 29.1392429780339
9 32.13211486360672
10 11.83404884402793
11 57.25485808813433
12 54.17405996987055
13 40.61241799517388
14 35.67328058250347
15 67.93978070518638
16 55.92447320127335
17 45.63635435948065
18 46.12715161737712
19 65.55945251547077
20 34.90309471049231
21 42.719800482202665
22 23.05005734914909
23 47.19252109514763
24 38.603656122570655
25 39.38619985759631
26 44.88321210431875
27 58.2784971331498
28 38.98716645625354
29 58.239730120290034
30 13.368823549249436
31 71.75397486367591
32 28.93098397013474
33 55.33189222718234
34 14.539149697521495
35 26.48455949488739
36 34.534140314620004
37 42.37089443452121
38 44.379645963772106
39 64.96634157156373
40 81.03085443066902
41 40.413673524947846
42 34.778949580377216
43 36.87500097443726
44 44.61971548634514
45 27.356323315611615
46 23.948242757076855
47 40.705617525739626
48 65.80642167969276
49 58.715691315041205
50 32.31604476243553
51 34.3955099428329
52 20.965475247730748
53 17.258286925032184
54 48.82708743048576
55 23.158034784709688
56 18.9658124069824
57 36.795479330196706
58 57.95068027357053
59 42.636789900034614
60 46.41355639187817
61 4.615771188364528
62 19.814133142399616
63 30.208996037192815
64 25.07703096089349
65 26.259817838660478
66 32.204221193970255
67 25.781203903923142
68 26.733720309732895
69 29.774586348339493
70 49.60698771551843
71 57.81408067897005
72 37.80447660335711
73 45.912180102300646
74 6.061590378677069
75 35.58150294654703
76 23.075322783085497
77 14.83880519278838
78 48.81782586575848
79 56.13292709645465
80 42.077170824596585
81 22.769512865434432
82 46.89689484356065
83 38.999283600438
84 46.20454283958697
85 89.82307641847393
86 20.417102547192606
87 61.004881641591126
88 41.731242999839225
89 17.620282049532886
90 67.81407120508835
91 22.883591578839628
92 55.1889579976367
93 25.55507309447016
94 58.227001996684585
95 15.771164827138227
96 91.5092025855858
97 10.268138480483294
98 33.01049845990071
99 44.34975173392827
100 65.0401299180053
101 85.27527898977661
102 0.47215815128854
103 5.492482696123159
104 -2.6356858268154246
105 7.148094304540445
106 -6.973968916811117
107 4.523341416566832
108 -1.8661895142498361
109 -3.5313133281519797
110 5.161711931486341
111 1.7577881937409
112 4.7040985778505675
113 0.8756979368827726
114 -1.628935800232398
115 2.250643038437354
116 6.130410376957522
117 0.6074316931216575
118 5.810458056097277
119 5.187653486237814
120 3.110170061396345
121 -1.7593625567019031
122 0.36298538871574654
123 5.0945889865036245
124 -5.40956674972048
125 -4.240937610002522
126 3.665756022837485
127 1.9026421008197532
128 -0.7832107964135754
129 0.9783533787006637
130 1.3078781408752413
131 7.260355131013801
132 4.259621880948467
133 1.8955238937306107
134 8.14753348152921
135 4.232525682274488
136 -1.9766563396319758
137 -6.303276940459391
138 6.078470539559608
139 2.5345551610870127
140 -1.4738082259429195
141 -2.238751668115585
142 2.4310710638216335
143 3.983699843797174
144 7.2010983325140305
145 -0.5576294328606063
146 4.439958490301809
147 -1.8082965521621834
148 -0.9064288661049281
149 -0.6613117143273205
150 6.997360839354265
151 -4.024665966398592
152 -7.217121439447884
153 -6.423349078601703
154 -3.5687067782913755
155 -0.19681331856697398
156 -1.2577910490817243
157 3.2993658564158217
158 6.265107760358893
159 1.9320484499390094
160 -1.1485064334054953
161 3.1784699810127943
162 6.921150973147089
163 -2.5563228873463526
164 2.157372736377123
165 -5.430125931704321
166 -0.6055466837692505
167 2.744159727527522
168 -4.184846190908041
169 7.18353404419803
170 -3.495845217923922
171 6.1159671324936005
172 5.541130855264221
173 -1.581599198217856
174 5.439421983351967
175 -2.5077301826608838
176 -1.1489628675232595
177 1.7310551475195124
178 -2.5265866479463543
179 -4.55351741783902
180 4.39684732575425
181 1.9724024494791288
182 7.143259937566141
183 -2.414523291328064
184 1.6478913049931847
185 1.2307896175446438
186 3.2672404574127887
187 6.884265229677215
188 4.357075136281466
189 1.1032654649894744
190 -2.7189977741724585
191 6.356420732642218
192 8.309562688949324
193 -2.0394154502320943
194 -6.8726647917164785
195 -3.644038250646681
196 -3.1327033202031416
197 -7.2256542380161894
198 3.7175220415518786
199 -0.9400868725736959
200 -1.3650381001260437
201 0.40632263338438124
202 3.5852827402096654
203 2.4474162341119454
204 13.524484092914957
205 5.522326117177385
206 18.57803520739519
207 7.913799327973419
208 6.696075053856177
209 -1.069334565668572
210 12.113297530963386
211 10.87724906253266
212 2.409278267954135
213 6.318226487235297
214 7.884460238910351
215 15.611148486963472
216 15.207499221328652
217 3.7903866584602395
218 2.9562721665820186
219 8.375806628910482
220 12.622015485236426
221 13.247498775354696
222 4.299107928898697
223 6.236739400474285
224 8.9533609166748
225 13.28339698829771
226 5.117799917699682
227 3.888721256345847
228 9.322656167832296
229 8.873637512716003
230 4.001036353788844
231 13.528999114799149
232 8.48627528211626
233 7.993709177817993
234 6.303446716508459
235 11.776910716504034
236 5.914628017839306
237 2.646444072874302
238 2.620902663594301
239 7.980853829134848
240 2.907489800624411
241 9.418934852997186
242 10.088500196092498
243 1.543270261827082
244 15.582285684454478
245 8.594264055558885
246 4.602367035692317
247 5.5291405035353565
248 -2.8949944301929094
249 5.335344402743425
250 3.042297409452773
251 11.109582861373474
252 -4.205073124284429
253 3.7058685158090983
254 -1.7892661969267647
255 -3.922639478491822
256 1.1046348824274506
257 -3.9042997751423703
258 -2.575580623414517
259 0.08806813952933645
260 -2.5823201770270967
261 -3.46997174961794
262 3.7489801173314095
263 6.260613953458847
264 -1.4803603868833686
265 1.0655240836401816
266 3.9342260666284643
267 1.5340610972733946
268 4.016224677014919
269 -3.4242613932023778
270 0.49034680474486575
271 2.5068709323142597
272 1.0848461247934928
273 -2.3269210901123243
274 -2.663697736298037
275 1.3716818537908841
276 -1.3547510819138595
277 -1.3135637950847312
278 1.4360016221119434
279 -5.026326412226358
280 6.379249841608639
281 5.472736539139871
282 -4.239752290350024
283 -2.099104754196161
284 -1.9869603994716836
285 -1.381423239138774
286 -0.37638629849130356
287 -3.7272296727149974
288 0.4278773665197515
289 4.8406657132120365
290 -4.493209642898136
291 6.059454679801226
292 -3.944053091131324
293 -0.6230740393579214
294 3.4176601042727746
295 4.150948371800256
296 -2.7041724367061075
297 2.3264831495643024
298 2.0922587365638563
299 -2.1676592135444466
300 0.5774615152539628
301 3.748270653538501
302 -7.13264476040406
303 -7.216886539273518
304 -6.883366538989925
305 -2.17630753196405
306 0.4751595454837655
307 -2.0693091808822635
308 0.23306105871454524
309 1.0533957795606108
310 -7.15384877753959
311 3.0097780437696895
312 1.9483320807176823
313 -2.4081390646057095
314 0.9300280152636883
315 -0.7278352224969482
316 -3.5899783149585884
317 -6.00781341222987
318 -3.7831825159598305
319 4.33912201125042
320 1.4305049991968821
321 1.957050105072613
322 6.85158326255009
323 0.12589983701491714
324 3.486865342687093
325 -2.413352998622361
326 0.9532538754194079
327 4.0321545838460455
328 -3.4050514770384375
329 2.7862525248822485
330 -2.7525665308060354
331 -5.426895292409913
332 -3.2224649823087206
333 -5.231476924713136
334 3.4773684348291836
335 -2.4602494907048595
336 -6.451833954464908
337 -3.4508041802991825
338 -0.1681052570593775
339 7.385355933451933
340 4.022916826377919
341 -6.388369741279968
342 0.9601764710492935
343 -5.918393652341105
344 -4.458607861895681
345 0.5820365537753034
346 -1.5681618456158173
347 1.4201249030594296
348 1.4666930913124676
349 -4.075216542875086
350 4.308439805580396
351 -2.05050284841822
352 1.2693023510427532
353 8.748446029378366
354 7.699768768069832
355 5.00002304011533
356 3.727683744702097
357 10.467141787234533
358 8.876749927978858
359 11.245924989168884
360 10.199256245730151
361 6.146206218132068
362 13.915699473043038
363 18.63558663298688
364 11.89427832238816
365 5.737825223033083
366 1.7233204309093666
367 13.717884098857201
368 -1.6775337595258946
369 -0.19520208984749576
370 8.639388928475448
371 3.3431125774519828
372 9.939018297773076
373 1.8280904205140285
374 -0.15988840562381545
375 -2.2565958442924052
376 6.713717908085605
377 4.5538992597453625
378 3.8732279555809423
379 9.746182749738225
380 9.599773612800092
381 1.6493240031003271
382 5.908507754133841
383 2.758197117032141
384 1.8274721876379605
385 5.6858440337134715
386 9.964568548684557
387 4.384049007006999
388 0.7722980874741148
389 4.106360808472535
390 -0.34156922276840085
391 7.1234050493925505
392 2.698832832487258
393 7.928622072806082
394 12.95764550228547
395 6.912721975000494
396 10.981013912493331
397 4.855109210703966
398 7.520228333461956
399 5.366480798011446
400 11.149269992925902
401 7.745475037509051
402 5.26529831033269
403 -0.2770150703917495
404 1.9868515517306862
405 -0.7682624368550648
406 -3.4942571401719613
407 0.04002166089248432
408 -2.685691276304869
409 -2.8033189978279194
410 -1.5438491359068383
411 -3.0486712307096084
412 -2.064354675758223
413 -0.12520999629160795
414 3.568705405882201
415 -2.4201783792578837
416 -2.123003986257696
417 -0.3534519807293396
418 3.6813467054253297
419 1.5639608363704278
420 3.022725527831077
421 0.9207290769504317
422 1.9494199038705804
423 -4.032236061598164
424 -1.077436110656337
425 3.981622886551821
426 -1.1080822455527812
427 -1.4763017120716606
428 -1.8552677923512455
429 -0.2730931651938196
430 -3.339509899268938
431 -1.5781090779305167
432 -1.9332923097643715
433 -6.16428796733861
434 -0.5894707718596912
435 3.385106363129784
436 2.6711656276721976
437 -7.258220310159934
438 -6.681762082467181
439 5.041186598308299
440 -1.959214025971421
441 2.4026131983687127
442 -7.276518295435886
443 4.633021167071769
444 -2.656782590267345
445 4.2721456712531065
446 2.771457936322228
447 2.810875739153483
448 5.273254697209007
449 2.7740075822696317
450 6.054453239940061
451 2.03409742748716
452 -7.165908055819471
453 -7.783674676516138
454 -7.4288754412884765
455 -6.76604619061748
456 -5.094452675841955
457 -1.4371363699364306
458 -2.3398218788401186
459 2.827013958248287
460 0.10882748473114989
461 3.058429258239882
462 -6.17426137446036
463 -1.4020650877702843
464 -5.236698318278826
465 -3.9701246948751487
466 1.6058577626260022
467 -4.505028051206683
468 -6.869227223840206
469 -1.370562396824519
470 6.688181400592128
471 -1.2348632581256647
472 -1.688940546725125
473 -6.122077211028784
474 -5.476138727673366
475 0.26453645551625127
476 -6.443230889008302
477 9.053548958127097
478 -1.63621332206862
479 -6.133345256612045
480 -4.919396393429274
481 -4.118077253931964
482 0.9084387128492464
483 -3.3726593190635827
484 2.190265784645601
485 4.0265197779977004
486 -0.7347401742434028
487 -2.858953794132841
488 -6.182312735037179
489 -3.209436968689749
490 1.0393159510732706
491 -6.632123919453489
492 -0.48936841682898935
493 -1.9187316175404656
494 -1.1818038882935369
495 -0.15288512400459858
496 8.030638751796594
497 -1.8557798440408768
498 0.7037686010409979
499 -3.710017612146121
500 -4.584387124093287
501 1.188114941959039
evaluations raw_y
1 44.53987717360233
2 27.578449594954197
3 46.353270201215864
4 40.17427554964568
5 44.03879790684187
6 39.24046210871452
7 32.51544523995149
8 73.90663961059039
9 84.71661418358326
10 36.80165530624121
11 55.5964585061355
12 37.520429147007434
13 37.72336005470897
14 70.75003543095625
15 61.16463922814414
16 67.07213162603533
17 32.642979888829636
18 17.48114841489656
19 26.402859871503324
20 24.482323026993278
21 36.08015964402908
22 32.511914482140604
23 37.31229104094519
24 38.412647912734826
25 53.2757913434923
26 30.60227338516396
27 48.524754004612305
28 52.94123587340788
29 72.12774170867877
30 61.21105208122398
31 49.41447008127885
32 36.15122671678755
33 19.51487692264391
34 76.23852028027524
35 38.90764206796685
36 55.11681172585358
37 14.913563656266106
38 25.632065174024522
39 30.274922076195665
40 31.700318248703304
41 45.84249236612424
42 43.93779424154213
43 42.952641327053826
44 49.711003843248015
45 30.827711403736757
46 88.12307870521445
47 74.2053744163015
48 18.63775517657475
49 21.764667532125408
50 57.818127875849385
51 44.35816791592248
52 31.224062105224945
53 36.698007832275174
54 24.671036097042904
55 37.03379081198143
56 47.73042976343623
57 58.50670213854635
58 48.79923176267078
59 38.74149893154796
60 33.59354697805694
61 57.49936640730615
62 29.01533794200374
63 16.98913715881984
64 45.36809849066101
65 38.013758469856214
66 22.82948777033011
67 31.577723367936237
68 26.237458084224855
69 37.24570251552741
70 23.45781929788575
71 34.75910643107313
72 35.10383993533769
73 65.70871502290271
74 42.155731323607895
75 26.686489988230683
76 12.742808985119702
77 -1.260107258691065
78 56.98298776849297
79 63.44120400917762
80 31.623819946995237
81 92.79623936399427
82 45.13228429789366
83 27.580612132190694
84 64.0034145025165
85 75.14859173347763
86 35.70229175830706
87 31.50508708179665
88 81.02475540295842
89 82.47538443480117
90 32.149566634924234
91 18.064238365690983
92 18.248689632927142
93 62.06888599497194
94 40.01253841810698
95 56.856126363530535
96 54.500067626336104
97 61.19505563743844
98 47.43006545641248
99 62.51884432117328
100 51.65018941589582
101 74.33828544586622
102 -0.971068400369296
103 0.19588669219301372
104 0.735256292846483
105 4.256828335689543
106 -1.6338430630775986
107 -3.2579167954123873
108 0.15182024071980016
109 -0.17483018756335722
110 0.21838026092905288
111 0.9028429864258982
112 -0.9991129189111204
113 0.35772335027684277
114 -2.742623913016113
115 5.844126680512188
116 -1.9238743667381217
117 0.5970045930335425
118 3.8177147748266593
119 1.27729589351795
120 6.753095831671017
121 5.476049503591366
122 1.462610286475738
123 0.5442325196173357
124 -0.3286779633001866
125 3.7656034814242663
126 -0.039750379007536085
127 -5.075008074046334
128 -0.4792870159044471
129 -2.2392699329398305
130 -0.4644115475281585
131 0.43280435767949665
132 -0.4150416164229378
133 -0.1608022743490346
134 1.969459707592698
135 -0.09330781759786844
136 5.135490066927722
137 1.300456388436033
138 1.9669883800226842
139 -2.841471147012247
140 -1.7135060038166614
141 -6.334829450589023
142 5.193553983561067
143 -2.981454950671881
144 3.055731248643642
145 3.7148139274892045
146 -0.7799104885882857
147 0.5358717797763611
148 4.076259191772765
149 0.2243591178969646
150 1.8309272729810822
151 -2.5832882139658273
152 -6.397862407308541
153 -5.082301126744437
154 2.007858026985407
155 -3.0348117532204903
156 -0.09481438873110432
157 4.679699762987646
158 -1.032514873914985
159 2.3372010174444817
160 3.0763666508553227
161 2.4293424132524457
162 -1.5793024822495774
163 2.760990933607691
164 -3.975091408429827
165 2.013556107296053
166 1.8245170813292235
167 4.221506422374419
168 3.0485386358618047
169 1.2461994165857093
170 5.933259958522575
171 -0.5440541322786372
172 -2.921212473506973
173 0.8516484758549979
174 4.173636923467871
175 3.2542075158017187
176 3.9979355934909013
177 -1.3697146486117933
178 5.893540905681155
179 3.1712755632835847
180 2.252887778905787
181 -0.4169432216559593
182 5.280313878222881
183 -1.4452692327597512
184 -2.8479797920585983
185 5.793651277798768
186 -1.7112791132640335
187 9.770551550053426
188 -0.6782896824919653
189 0.9130790511845448
190 4.196421489739015
191 5.712524887606779
192 4.640612060282659
193 4.581186833360229
194 0.08708284835565189
195 3.9440962656023073
196 0.48580081961357735
197 -3.9576116581983696
198 -3.15566236500666
199 0.13662219253765506
200 3.1866312749571226
201 7.048502342345162
202 12.407238473332374
203 9.417788217723217
204 6.750034514763498
205 3.548481724201671
206 4.197095933859286
207 16.16641122680693
208 16.101204526467257
209 4.299023339824423
210 0.3209581146651457
211 24.513732185500913
212 1.0997468276471256
213 8.362649592555572
214 8.553036965405528
215 9.977331993866164
216 -1.0339141954379127
217 16.044717404548
218 9.602690424115217
219 -4.487550296987839
220 6.33595575348461
221 -0.606713986991088
222 6.754343935927164
223 4.347056306758849
224 8.172295315378163
225 8.573248554877235
226 11.377800940408989
227 6.210625867443776
228 10.590429395117566
229 11.66021532769462
230 6.860941325861302
231 6.8059432713658365
232 10.372394486152961
233 16.030635469923254
234 9.68321798700558
235 5.92343740023137
236 6.120056407274281
237 3.8850870884448505
238 4.645664941524823
239 3.3214992053614583
240 13.41300771945033
241 8.188101430010473
242 3.3763768583069167
243 7.870625820040855
244 13.765765690846099
245 4.5804878190021
246 9.259990726549532
247 17.585114028872592
248 8.93617967919301
249 13.588250157387403
250 -0.14617280787769493
251 17.042040376188474
252 2.3767821370338504
253 7.232363523684362
254 6.438729941919526
255 2.7667369335693213
256 -7.975605520111332
257 -1.579306520481317
258 1.634495820652768
259 1.6307399666763849
260 -0.1221925110465466
261 0.24174120152513068
262 1.198421194548143
263 6.054455924699521
264 -3.511709903417834
265 1.9277107314944573
266 -6.890424737469301
267 -1.6190517792650008
268 3.345795668505337
269 -0.9610575499624029
270 -0.873903737789365
271 6.50113210059882
272 -1.5291630994642689
273 1.6107006754938418
274 -2.7891885769397096
275 2.128834735055324
276 -6.802969836763529
277 5.0555343068542085
278 2.894329689137916
279 2.404159312071611
280 -1.221366277524862
281 1.152914570908778
282 -2.0654976466078865
283 -5.918431742514281
284 -0.6110097679566255
285 -5.413186179968516
286 3.2807469430169904
287 6.169799188570797
288 -0.5059104569567319
289 -0.0071211128164728466
290 -3.460966004622844
291 1.7384128680032347
292 -4.403691826271989
293 -2.534957830719768
294 -2.4939173219981132
295 -3.2301758561566976
296 6.627541463193849
297 -4.268717765587506
298 -1.0897258703151507
299 2.263706102319665
300 -3.0848199684119466
301 -3.7896694895463408
302 -7.810340452882576
303 -6.885338302287672
304 -6.5401435956694565
305 -5.174132668655957
306 -2.8906577056640366
307 -1.1371479861139042
308 3.497587269447031
309 0.6789486841472272
310 -1.6954509503186457
311 -3.331618599858725
312 -2.800969140379075
313 -0.7536278372597129
314 -0.38674176798807636
315 4.983279747698742
316 -3.133946927991004
317 2.683095624547474
318 0.5938053409755311
319 5.613276403244229
320 -3.026382692895881
321 -1.4928255394192793
322 -2.0372296192414696
323 2.0388631112340985
324 -3.1825003885684984
325 -7.069721995183762
326 3.4995435364537837
327 -0.8208822131055586
328 1.5704172964292962
329 -3.5713610757861405
330 3.3382306533385497
331 -0.01581649086993675
332 0.8751071774523305
333 -2.362045264796609
334 -0.022750748440293622
335 3.118401466577745
336 -1.8617632192743447
337 5.50006853218804
338 -3.755805747868619
339 -2.669485946427852
340 -4.0249016370039365
341 0.3869336918842218
342 -7.063554481056684
343 -2.492895480331063
344 -0.7288964446747437
345 -1.8871456272908298
346 -2.0560547530121935
347 -2.665542484774384
348 4.08143795639741
349 -0.5961717006256083
350 -1.8914443135815773
351 -2.951458202698593
352 5.177683768207634
353 5.925236014052473
354 3.340475989197622
355 -1.5655966698519945
356 3.1156408473475143
357 10.812988874919801
358 6.951534916121643
359 11.896137919120733
360 7.4182058349964555
361 2.2254711234866544
362 5.621314778228873
363 -1.7190155652104955
364 6.696032745780316
365 6.161437835712477
366 7.87339744176458
367 17.516839951285363
368 7.816609015234871
369 5.752841088845437
370 10.517310425019668
371 12.632814091061475
372 7.415904825533318
373 9.549370936381042
374 9.386081800254903
375 3.6026339302116277
376 6.470015972619416
377 11.101073906976055
378 7.323538742042793
379 14.262139947263192
380 5.178770188321745
381 11.823296463266077
382 6.017195217533936
383 3.75902610274762
384 3.5370509982237155
385 12.020043101391103
386 4.816282042067664
387 12.004401273106748
388 4.776701439440366
389 1.4540470111707084
390 12.891562608364723
391 17.853318585906926
392 0.7840481533375123
393 10.751232411705185
394 5.837131819856577
395 8.34846495020199
396 -1.6633768044266302
397 8.299439353225404
398 2.896487481290895
399 12.860374889573157
400 8.213492422181845
401 3.800043383803816
402 0.7067592347380317
403 0.43641364924371023
404 -1.4323555472315483
405 -0.3545909126474862
406 -0.5510184585624212
407 0.8452896063098565
408 2.8229552819461525
409 -0.014249305959271319
410 -1.3057450674694118
411 1.0890440184789243
412 -6.080322942996199
413 2.4932081121335963
414 2.2511162913751477
415 2.4272864479091423
416 -1.6560730428552373
417 2.3835400794993595
418 1.8992499559037708
419 4.459927949184462
420 -1.5541142772549108
421 2.038463417387821
422 1.3657656725220544
423 -3.410179473818662
424 0.8873870896227719
425 -2.3070221942166764
426 -1.8218963111659514
427 -2.3717759201574435
428 -2.908749416460352
429 0.16279628987592382
430 0.9674723368846435
431 6.117837202359249
432 1.6674286814127572
433 0.31638654014984613
434 -0.44164401566234135
435 -4.824274542843861
436 1.7365324083289377
437 -3.671214506185282
438 2.5558110714826996
439 -2.7641289785140635
440 -0.9401618673885437
441 2.430617422924155
442 -2.9145759469718344
443 3.0856398329324315
444 -6.218568875843399
445 -4.784943015439786
446 7.233490343039757
447 -0.49499493890754775
448 4.3119835985805635
449 5.955062048390224
450 0.3460954693800296
451 -0.7318880872576007
452 -7.665014458573001
453 -6.418450409610881
454 -6.811344914214915
455 -6.871297573754234
456 1.240929916821957
457 -3.912920357348579
458 -2.6680558260492493
459 -3.440537687598357
460 0.21719286669072835
461 -2.1426097279973515
462 -5.523270466311378
463 -2.534991014413865
464 -3.471000414197847
465 5.220550482244009
466 -7.086872853938054
467 -2.000187197481944
468 -3.1612722406412312
469 4.353339974789879
470 -1.657637651767038
471 4.755789031497973
472 -1.4200631107950257
473 -6.950359861210731
474 -4.229255293897386
475 -0.1397303856620118
476 1.3054331774232555
477 0.7008430479769886
478 -3.9055698503318856
479 -1.8368203268108534
480 -6.836701445580111
481 1.5152388471050877
482 -1.0862465200327338
483 -1.333950983424041
484 1.1201963104146202
485 -2.539324766853724
486 -5.238469212646569
487 1.081289037599048
488 3.4249646416919903
489 -1.925876262266555
490 -5.218663524874028
491 1.6860204283755027
492 2.4761150225709514
493 3.2931610334749832
494 2.951527843982146
495 -4.025246690362564
496 2.0884841508922616
497 -2.0054083671416754
498 -2.0754607291282516
499 1.045487934698058
500 -4.777749781532318
501 2.558983592928995
evaluations raw_y
1 26.50640936104387
2 46.64832026688845
3 10.74335083203442
4 26.446813550827418
5 30.398532139017856
6 51.569054969502616
7 39.32028065130037
8 29.10615124450543
9 38.87885194961715
10 60.56302280095351
11 59.383949345884744
12 33.28625612258336
13 19.799376075471923
14 41.60557158201181
15 58.09450992769777
16 35.44750478832341
17 24.417321937391154
18 43.26686862889241
19 33.4518632614764
20 30.02808992495247
21 65.43104472574684
22 30.579942105473478
23 62.79000687574925
24 22.713169636907587
25 19.144372970848806
26 45.82449310865253
27 12.82835632704915
28 29.856207158737938
29 37.54782073927459
30 50.79412586355247
31 49.488710265157415
32 73.43476774326298
33 19.429875796238196
34 20.734783383608207
35 47.009706829765406
36 70.79771231906764
37 37.365620807459486
38 35.64900786849962
39 36.11065456866852
40 39.83920799988755
41 28.56703952073398
42 30.844256195195424
43 43.53473523479294
44 28.08918316991909
45 30.944045016173956
46 52.901915286062454
47 36.503375173001636
48 70.45173687755168
49 30.007268406333512
50 35.62749653093295
51 39.39439626942997
52 36.318863312129565
53 33.28550742989585
54 33.97967995237795
55 26.23352650095825
56 11.977987671160088
57 20.665951189976468
58 27.12480805459625
59 30.393997686282347
60 34.97615880076723
61 25.788433402512
62 17.24899207314855
63 16.926305029287914
64 19.820523347669223
65 9.47589379688849
66 5.244074315183653
67 36.8413027500899
68 26.569750651276244
69 27.79212178736221
70 40.18608503937658
71 68.52178486569538
72 62.7588984266053
73 9.271528656321598
74 49.022479232891854
75 18.391474915445276
76 29.8753305935329
77 41.40100808892566
78 19.929207604258426
79 27.06829151910782
80 36.790782949719066
81 8.65123899320471
82 4.040288019726844
83 52.87726310221531
84 53.90037097429292
85 54.947875212606746
86 31.75880910882644
87 26.299951643696982
88 36.7033494431744
89 51.955303254601034
90 28.110020599320812
91 42.17266166964605
92 78.64598093744232
93 30.026435682453858
94 47.136985997917996
95 24.84731097026925
96 31.703433920917966
97 11.906561003441563
98 42.47790614828496
99 41.21064700186536
100 30.107209330559034
101 89.88211081643297
102 3.2245787285864114
103 -1.4345781417282004
104 3.3500148627747945
105 -1.1240771393255324
106 -6.411560966262883
107 5.412162686150389
108 1.1689132141839595
109 1.5812433960360344
110 -5.025438412561956
111 7.258422029114749
112 2.8586208456458477
113 3.6818715343852406
114 -2.0989796747699287
115 1.0833829888338573
116 1.1536260522425212
117 -1.983615838260274
118 -4.461955456307818
119 6.538309252855874
120 -2.3615462123129123
121 0.42308801920255845
122 3.0464589191338955
123 2.1155145176793586
124 1.7566664008358346
125 1.0688730396666535
126 7.90726036576204
127 -2.9895259008592623
128 0.07855972191568117
129 -2.6137248645544444
130 0.26639017820726585
131 -2.977476219901713
132 -2.018854263802373
133 4.796150863119641
134 5.976579845473102
135 -0.9624458350575392
136 -2.234377256204274
137 2.8944577296914495
138 -3.2363424739929303
139 -2.38178220266816
140 2.4440486937865904
141 0.8417098806396934
142 0.5498833685123192
143 -1.7744399362776389
144 1.7326062427104236
145 -3.3698917855095893
146 -5.660190832898839
147 6.669569743314805
148 7.2224906380300435
149 5.21619337696496
150 -1.770015548475059
151 4.942738133761903
152 -6.411515704386118
153 -5.526640862623944
154 -4.4732334910039535
155 -0.8049721526715414
156 -4.264501297065636
157 -1.630969155779777
158 -6.361774847424986
159 -0.2633240487844985
160 0.64396839245159
161 -1.0017377454289078
162 -1.250429073078088
163 -0.6176823006215635
164 -3.477137781695241
165 0.09472456008016494
166 -1.9150596616817535
167 1.4616511327441368
168 -1.5476679158426905
169 2.6973432466105107
170 -3.146579408980337
171 3.2196842910589956
172 -4.907207961931025
173 5.99230699677963
174 -3.9855926124000476
175 0.7691359167117484
176 0.5206266682682388
177 1.906746540091038
178 1.207811307226914
179 0.3191098504446731
180 -3.4969958046225424
181 0.05175111104426788
182 -1.9868182320899384
183 -1.6613956815676
184 1.8698045372142462
185 3.555927693365867
186 2.6608175606890634
187 0.6059923231033513
188 5.2319245963882155
189 -4.353894500440948
190 1.9115606520897814
191 2.8172782929697604
192 -1.1376088644173117
193 -2.140812811844303
194 -0.8637081337830421
195 -3.4124694184852946
196 6.475390098563748
197 5.927490629660117
198 -2.2237754228727358
199 1.441649757317073
200 7.289104570392591
201 5.201271002386523
202 13.709703614722976
203 -1.8757775993463945
204 5.156357183652873
205 0.018745391502202224
206 1.2846690312680988
207 4.231229199237465
208 4.233184758743081
209 2.6120646181541645
210 3.814522343952108
211 5.436356226809225
212 2.5318491733184683
213 7.739179295182259
214 2.615475995272238
215 6.599836864768635
216 8.46160308204708
217 6.395773755644621
218 8.764997348880284
219 1.2906924868886844
220 5.0468945205322076
221 13.787664793097486
222 -1.4476856180172026
223 0.9917993119432558
224 -2.7393601145454016
225 -1.5663237056635362
226 16.70227061597649
227 7.122697469925568
228 -0.26813654020773114
229 12.999618238293191
230 5.505128201093539
231 -0.3967260782523163
232 9.870809304129345
233 1.4092883941424903
234 13.277675649269788
235 1.047467615680178
236 4.004526036117425
237 5.239466625137889
238 3.987952491352443
239 6.924537725566705
240 1.362713882323293
241 6.8216211093155685
242 -2.290870762718562
243 2.592128256764766
244 11.2370745950007
245 9.180387437153666
246 9.831636389609052
247 -1.986791700305217
248 6.817644555314381
249 1.8557236894952585
250 4.7702038475008735
251 9.262869424132443
252 2.5759117946420513
253 -5.061578059029268
254 -0.012783812443942888
255 -3.996497479506931
256 3.585811249012024
257 -0.21780465756260842
258 4.020442524663216
259 -0.03715574674122024
260 1.1771280550417433
261 -0.3049947706633115
262 0.929867067029785
263 2.549386540331499
264 0.3078747479962934
265 0.746762716752038
266 -2.5696155834050973
267 -1.0040254757248497
268 2.990062163478639
269 5.782043476701463
270 1.6418023454951602
271 3.548080104230387
272 -0.8191833161198633
273 -2.48509395842583
274 -1.8103910484985184
275 1.2560888115435842
276 6.048611498567323
277 2.069928697127514
278 -0.18477442050195014
279 -3.6591609310298536
280 -4.926775250117779
281 0.8443181907371076
282 6.5705925357462265
283 -1.96238336927309
284 -1.422015980500635
285 2.5626227834143
286 6.909607797528743
287 2.127568715149718
288 -2.745895513094739
289 -4.43698907208836
290 -4.245762702337071
291 -2.9196471469743086
292 4.0146947413427165
293 4.223166575930452
294 1.2200754636980664
295 -5.56449024551027
296 -2.090578701087332
297 1.349837112445731
298 4.407317680782704
299 2.876873181050544
300 2.504451144814597
301 2.381609520777892
302 -6.397216898583107
303 -6.48423841203589
304 -4.2328613686651
305 -4.933186717769968
306 -5.173298994963862
307 1.515669646198747
308 -5.714940470843833
309 -0.8764576680663609
310 1.4164517514347095
311 -2.994298251115596
312 2.1827986971554436
313 9.086074936047007
314 2.3270623008493523
315 -3.5333384973196758
316 -2.366607398675897
317 1.9907822686546952
318 3.922669711076416
319 -2.140926963678857
320 -4.775387500036241
321 -2.0357440058006
322 0.46732169595191264
323 -2.4267820036430034
324 -1.2482756998889462
325 4.019231344252692
326 2.474820477458186
327 7.185952771825604
328 -1.3122402377879352
329 7.696747607352348
330 -2.3178387081576797
331 5.04523586874209
332 2.599183041089698
333 -1.0824000205799456
334 -3.009939102630903
335 -0.5677504446967796
336 0.9440765450950377
337 -3.9958926334618297
338 3.3949856753391856
339 2.594117724297539
340 -2.8358029366971125
341 2.095052479559055
342 -0.9967993750523592
343 -2.433285862471882
344 -0.3708939233461025
345 -3.1949076697138206
346 2.0350290728872498
347 3.6722658081507684
348 -1.0064622692013991
349 5.929189834156519
350 -3.3389714303651377
351 3.4145881936418645
352 5.110803314698368
353 18.31828785647544
354 5.159447398051046
355 14.707230380277753
356 7.511480202131962
357 6.162005505205024
358 1.3851699530466275
359 5.652796281548434
360 9.786583421135612
361 2.0148024972076914
362 13.209059909479533
363 6.668836539329216
364 6.370291409988922
365 18.661463045437586
366 14.431248364974563
367 4.706339292329011
368 7.901926541832828
369 -1.353596662181824
370 7.106286936650335
371 5.22366299430043
372 34.530923894697075
373 2.6294828712585376
374 19.4405913827138
375 3.661201303555908
376 1.1569038940245662
377 0.29065372090529884
378 1.4730187257237377
379 9.496336487851023
380 3.0892024433478116
381 -1.097784070020821
382 3.1112831745543237
383 4.715340595000251
384 13.881818109955589
385 -0.3138013445392156
386 7.480964833381833
387 12.083883127125286
388 18.09561294177196
389 2.99528399259591
390 2.85853101478126
391 8.218392679788568
392 12.482886759949523
393 9.89047608614016
394 4.351184597336433
395 3.781359526830828
396 0.05020134131781706
397 10.28803584357778
398 3.1641263392762258
399 19.832168259087894
400 0.7239725975889686
401 5.765037504996339
402 6.3963746295942885
403 -0.1504790379661517
404 3.1758796303645243
405 3.073821045193504
406 -3.2825928401125766
407 -0.9756388037577717
408 0.24646133290371497
409 3.1688521302783395
410 -2.3885283975895057
411 4.024098049240312
412 6.46915420171586
413 -3.7674935178588873
414 2.19862530549282
415 1.398794375172707
416 1.176450592533652
417 -2.7914291641157236
418 4.983722512513989
419 -2.8699472041259924
420 0.0015756635453159362
421 -4.239118925868895
422 -0.25797168280581456
423 -1.8759108107302502
424 -2.3151352014304307
425 -0.8563366415252287
426 4.125523657606341
427 3.818688388132118
428 3.301099942397393
429 1.7862441404053564
430 3.8399140049525182
431 -0.9289974439534734
432 -2.165980983611618
433 -2.0245113372101917
434 -1.7800195610095755
435 -3.971511734609307
436 -0.48696107320700566
437 -1.8293775807459878
438 2.2149034888505597
439 -2.0267220635278167
440 -3.4970677926244385
441 4.3266890708576256
442 0.3846478988233782
443 0.02940934963565829
444 0.9447501813083894
445 0.8625500171448456
446 2.0024696193207348
447 -7.611587575516805
448 -2.6427381783377006
449 -3.868424664722132
450 -1.2694005355471574
451 3.167337680997446
452 -7.698664163322437
453 -6.104761539459663
454 -6.2231630557708915
455 -4.7850152601387235
456 -5.33169124517776
457 0.7193634546867134
458 -4.037341559344691
459 0.11660040757016155
460 3.906848915884886
461 -5.147908521087006
462 -4.1485479701539845
463 -2.476729366489251
464 1.8495998927322739
465 -1.087202155229447
466 -1.67302898721013
467 4.542997169625257
468 0.06716036907173084
469 -1.965920242426978
470 -2.8435815359331555
471 -6.401095387328132
472 -1.9363877876041204
473 -2.8314559725720154
474 0.6407005527012868
475 -4.179438793092557
476 2.9569527546607643
477 -1.9747689146589278
478 -3.789417673327936
479 5.946036556107398
480 7.519311733676131
481 0.6159396068586498
482 -4.908726762625427
483 -5.541242845571518
484 0.5366335125019424
485 -6.464198024942002
486 4.315051530209319
487 0.19760061557277725
488 0.25346341461669397
489 1.7016531493484495
490 6.081598005657432
491 -1.829369414451469
492 1.239336606867599
493 -5.2141357308150384
494 -4.890906914578618
495 -1.5825561265705077
496 -0.41505902925309035
497 -0.8647665898212971
498 -5.562900898591108
499 2.8247826292745453
500 2.713716385588863
501 -0.415894324837093
evaluations raw_y
1 27.617805735180532
2 27.310535887587122
3 55.946936523486
4 24.023523557831965
5 1.391214369741128
6 69.98888730975844
7 22.960928848068328
8 45.51301647736332
9 25.46236052114761
10 45.282069621521934
11 39.99910817795386
12 60.971317068265314
13 53.724977644944126
14 50.52487782165595
15 41.770500400460534
16 30.103346580315844
17 48.09624870300208
18 70.5334388229359
19 47.05552433402598
20 35.715998643070435
21 41.50567780747073
22 40.14645284124619
23 60.38281455310973
24 62.60789693834367
25 39.95142899100035
26 16.276617604078783
27 41.23454868654829
28 47.53078301572182
29 72.13350188976499
30 25.336139630480645
31 26.763039884769945
32 38.25707070179323
33 23.77471165779949
34 37.21748573353497
35 56.24561205556135
36 44.69241429439231
37 20.338745118611012
38 36.996112877292404
39 51.54053658868138
40 23.740135787137348
41 46.40537992378405
42 17.527916469470853
43 33.21118284703615
44 25.43394427822021
45 48.31665238652826
46 25.129725690764936
47 10.437332617146819
48 88.56424398876374
49 35.94164195846618
50 18.45450801491665
51 20.621599575621545
52 13.194040510936276
53 14.343340991833307
54 53.06879839228263
55 60.66949580697444
56 58.27453538846072
57 66.29313632036578
58 23.56531355383394
59 61.68946474307118
60 51.7395627759792
61 37.83282950796452
62 30.226994989143805
63 44.25577026093898
64 63.944943619133014
65 8.938862487838952
66 24.977464344215512
67 78.39754265687048
68 69.47524136269007
69 48.04803823058865
70 30.443732553063683
71 16.771057673155124
72 28.500979471168137
73 47.667242558991575
74 63.197723214940794
75 57.799612982585764
76 33.32451853531098
77 50.21204793073901
78 32.41599328291909
79 58.71182926230562
80 40.138799150653
81 5.597691175046178
82 28.159159275614584
83 47.311428220742805
84 8.549200889685695
85 39.914602760501495
86 27.57092263052709
87 26.752682806228
88 11.415067233371335
89 37.3413416358368
90 29.98148032459749
91 18.90610965050751
92 10.896237151824886
93 28.012267965965247
94 40.93889893057842
95 28.07982860519227
96 48.97787478371072
97 68.95040401919883
98 21.55800998006708
99 57.33063220776063
100 63.78404291384148
101 35.18148160041028
102 -0.0002995690844960208
103 1.0618677031952395
104 3.8871070182645386
105 -5.04953216516403
106 4.862215653168426
107 0.0588307329533066
108 4.233347727598241
109 -2.5515511053750695
110 -0.5669177267610102
111 -3.018413256587859
112 -7.067560428484889
113 0.6053225989872185
114 1.2880327249226244
115 -0.9888056217431962
116 -3.8874100509829743
117 -0.5925731884338944
118 0.16092213467616856
119 0.13601741907614645
120 1.8302843393140005
121 -5.840711829559818
122 -3.612460197719389
123 -3.764101762862346
124 2.5985923513748967
125 5.817313183668302
126 2.7262176691871214
127 5.179117672029927
128 -5.548558143212987
129 0.5271734237652483
130 1.7923194261820579
131 1.8114455672251104
132 -4.326098952647344
133 -5.348537762014439
134 -1.533767872296446
135 -3.0487816608913056
136 5.138420544148414
137 3.044840794920342
138 -5.4188972735086285
139 0.03909883399119185
140 1.8832894943247278
141 2.5837609051524386
142 -2.1152276127895524
143 -0.9211595373472019
144 7.610403925721078
145 -2.351738189724527
146 3.290704880740553
147 2.1681195230290022
148 -2.5228368120208526
149 4.106283958430818
150 1.8341011081110352
151 7.126776342732868
152 -7.544363794885202
153 -5.6557233451037865
154 -4.764287867836647
155 -1.1254351992387752
156 3.4013744365435783
157 2.0087281861881325
158 3.5024438772472157
159 2.8636319089215183
160 0.8194427134362147
161 -1.7077173002658705
162 1.355272273388638
163 -3.29409926208863
164 5.069913461610918
165 -2.661714748048407
166 3.036275687447459
167 -1.1313261906169
168 -4.211919749163212
169 0.9162660177795309
170 0.44442183555672177
171 1.5825402926251533
172 -4.8221206644484145
173 2.918503088815533
174 -2.1100151105596083
175 -5.038655275212456
176 -2.190475318662633
177 -7.47801781283095
178 -0.4337810214566096
179 0.24133528245213487
180 2.053562546365502
181 1.7801793367462566
182 -2.8876988960008134
183 1.394467856784099
184 1.7874793882803837
185 -1.1599677046675585
186 2.329324186838326
187 -0.5359942636392057
188 6.6713493612809005
189 -4.14405574803885
190 3.2561296584206656
191 -3.026181447866443
192 3.70205046239958
193 -4.617371526984478
194 1.635684188570314
195 -1.7308610763388432
196 1.479807336934607
197 -3.9732998064670735
198 -0.40237993056807053
199 1.6767601553498686
200 6.447433924401833
201 7.602859526622044
202 5.1711181557276955
203 7.666263458504289
204 6.541344899077882
205 3.1922100904186834
206 -0.7118315580155157
207 5.203169345849918
208 8.939297845025234
209 9.493986453383721
210 8.228038447481168
211 11.30795953307738
212 8.382245765732556
213 1.486028531691864
214 1.6745125526058628
215 11.887680573296148
216 -1.1782290861693712
217 5.754672092398067
218 4.280040530625617
219 4.891459975523141
220 4.233449101349978
221 8.637939101108726
222 12.943498446650574
223 -0.4192982455219374
224 -0.07040871037290852
225 13.954298593542665
226 6.750925603479942
227 4.382746348755944
228 4.506054365662431
229 9.856803314217045
230 5.454224097394459
231 4.613222292877775
232 9.7847170436847
233 3.4671283565215396
234 3.800493802499088
235 7.125783256293533
236 -0.285682984094902
237 3.1024163721667555
238 3.3700887767036516
239 4.2542810487855185
240 11.136442898724237
241 2.334271954464151
242 5.420084088655875
243 2.916046413610219
244 5.0095168492983095
245 6.408255487803724
246 1.8484976539850555
247 5.24608434916898
248 5.371077636441701
249 9.675178987576395
250 1.4290527786427227
251 5.003696012419129
252 -2.7279716472102242
253 2.0382427518381006
254 7.754925390419893
255 1.6387124742473589
256 -3.547268303833535
257 -7.529861483447429
258 1.795028372699624
259 -3.103522106851064
260 2.8236273361604027
261 0.2928198721404683
262 4.4170362872683695
263 -0.16719495359739356
264 -0.6274027496889456
265 -1.5389450770876136
266 3.036877627124043
267 -1.212198680889694
268 -5.383353434936577
269 -1.5343688373494273
270 -0.8778973550457849
271 0.08094806891900141
272 -5.1149646296048035
273 -6.550476749405974
274 2.743254607711652
275 1.8120941606570153
276 -0.32182945990202316
277 -2.680897766517813
278 -1.437431218115572
279 0.6899148921946298
280 -2.699190227608092
281 -1.9336975355516848
282 1.1462400857692703
283 -1.1392657374988433
284 5.458632085605358
285 -3.246279861932682
286 4.838968824063021
287 -5.566960905158815
288 -3.167012155968814
289 -3.0731515975822967
290 2.0739887422072227
291 -4.580883450042513
292 3.9001528826885763
293 -2.0416356965528837
294 3.031691639276329
295 -5.661616082324001
296 2.2240766068912854
297 0.5195359950691594
298 0.4122631104765626
299 -2.2857798569102066
300 6.278964281445793
301 3.7162904573397157
302 -7.361064596947031
303 -7.927244952893218
304 -1.4676579969531134
305 -3.9670596892578676
306 -3.133822271727264
307 -3.11893705202005
308 -3.345559932054921
309 6.313494638567766
310 -4.95439849159769
311 -2.1308787443742023
312 7.8647748103805
313 1.8973324602685993
314 1.2177997663383056
315 5.6725162466497085
316 -0.37790479576516844
317 -4.322311114939743
318 -6.336493610940903
319 2.625351155797832
320 -4.5691071071256255
321 -1.6839698426729428
322 3.2302978772250066
323 9.659414582334973
324 0.09215155059954139
325 -0.779041710559674
326 -2.2648260300048744
327 2.4639194517764644
328 -5.858314234546138
329 -2.2686905850550487
330 -2.884093146780246
331 -5.323850722103117
332 -2.990800132311651
333 -2.0618479458984003
334 2.497885448161255
335 2.1536676986451315
336 -2.861230376249244
337 -2.273830787573898
338 4.575276918517107
339 -3.8618427198802676
340 -2.475799657251839
341 0.09010356559858657
342 -6.757986543119501
343 -2.3393754453264197
344 -4.695855629802053
345 1.6175054488256795
346 -1.0066915593203745
347 -3.162947078043748
348 -0.9642135899077827
349 4.874688133900382
350 4.39982250830105
351 4.153540583244363
352 4.574559545476799
353 -0.5583115430792152
354 6.188608781818536
355 9.560486077205626
356 8.18485653210024
357 1.600850721964303
358 -3.106502807151589
359 5.5223389723919345
360 6.1421473759118665
361 9.322536309658869
362 3.6648876141571862
363 9.992434728830194
364 18.30120409163736
365 11.249377669140944
366 -1.9830675010100713
367 9.999123281224325
368 7.220183134492547
369 8.456915015582751
370 7.13762739914627
371 14.096155879410489
372 0.034404280763641104
373 7.179753524853594
374 9.608590838244002
375 8.911132562887865
376 6.470142432191042
377 5.4694452382133285
378 3.531315171326866
379 1.5460275718173921
380 12.5021505257686
381 -0.8492688577685144
382 3.432563063164716
383 2.3779838970880673
384 4.4428594412473394
385 6.611017513672181
386 4.183991863627781
387 1.3421142572252833
388 6.329456179617091
389 2.327064947818604
390 13.76818870013127
391 9.254158315037003
392 10.70068629838315
393 7.704336195671889
394 4.79520547569545
395 15.021017285921417
396 -2.3096204166683534
397 7.584275009966245
398 15.609763796754946
399 6.052234338037486
400 2.5209169049623146
401 6.988676757731532
402 -0.6663416348975773
403 -1.3587827873230718
404 1.7222268199772552
405 6.289108979133843
406 2.9184577410089045
407 3.5599294070209164
408 -3.997807527050428
409 0.39153620003572676
410 -1.7042898034387157
411 -2.791552122375136
412 -8.122382505239427
413 -1.7992885469446445
414 0.7408377938982069
415 -3.0115132568868885
416 4.2230567333215
417 0.9409402047652188
418 -1.434611626903079
419 0.6653960893957702
420 -4.494024971718131
421 -5.5040419411396835
422 -3.7909047749864353
423 0.09286476914313702
424 2.9634526342746765
425 -3.980819369691794
426 -1.4776982177894284
427 0.46721046547386325
428 0.8932362826795134
429 2.814120227666943
430 -3.439872541036316
431 0.17194132574678944
432 -1.0647483953467325
433 3.3985672565808183
434 -5.978126776645434
435 2.463268115667553
436 -3.0596558104323446
437 -2.3690041436050526
438 5.186393066637896
439 -2.783371334803684
440 0.48198043407353425
441 -3.9345548799808427
442 -4.669740152125943
443 3.9646756584386695
444 -1.433361679636695
445 -1.9172017620581403
446 1.4713140862150103
447 -1.1265080667590177
448 -4.363642853681047
449 -4.314909341220956
450 7.466771284842465
451 1.8073362952287844
452 -8.237692007628599
453 -7.618087053645175
454 -7.052716654744888
455 -7.392091030540776
456 -4.159510047942842
457 -4.8937259767573345
458 -3.6368892330791054
459 -3.9385625088994978
460 -3.403285840204556
461 -2.846683177144898
462 -1.0081844858571214
463 -5.945159547272691
464 -2.8465048750119664
465 -2.681578944627044
466 6.125016349549394
467 -1.194133725683748
468 -2.0249045581404914
469 -5.390426889830036
470 -2.488070309812371
471 -5.112711512114641
472 -4.327314123506496
473 4.8243483280467565
474 -4.829377045692764
475 -0.8038900223756373
476 -5.364903199162443
477 2.87586448863319
478 -6.278307223923048
479 -1.705481279255818
480 2.01013004626169
481 -0.6090678650976746
482 -7.277169280978072
483 -1.2823673489933083
484 -2.236180936251066
485 -2.7500439948582245
486 -3.4281756454554424
487 -4.4591011408815096
488 -5.635731486719373
489 -5.317902481595541
490 -2.3556637552493997
491 -0.5900272914672753
492 -3.116275500467819
493 -5.243151144691951
494 -3.554720267534067
495 -7.1445436894866745
496 -4.6549167829515685
497 -3.3441066123108714
498 -5.323933641205963
499 1.119371484018937
500 0.3841898090217447
501 -2.581941770737494
evaluations raw_y
1 57.64035607931874
2 70.53603194161116
3 49.37452141354086
4 11.404809320471413
5 31.538026321877982
6 23.599436745566372
7 33.31831750320455
8 37.51379290955406
9 58.127059860145344
10 55.43658620963295
11 63.432299612696575
12 84.70407603438024
13 62.003624210684684
14 44.24895613063348
15 47.30757691880511
16 34.97452569761164
17 35.922347248136866
18 28.81732535047949
19 37.980889175973175
20 65.98483502867133
21 42.723522168795604
22 37.43891628804195
23 57.38661854215752
24 42.47075060070929
25 12.355464029570769
26 28.83450312621413
27 58.150487043432065
28 46.805637953583336
29 33.186158459982344
30 38.037220418990756
31 42.94197340911386
32 21.463339424831865
33 47.60420669267171
34 22.18858081978942
35 27.89211329359044
36 68.29646934370561
37 91.06988420990862
38 74.51579129249446
39 54.14695518610728
40 44.88264236597312
41 17.31534915086377
42 45.50396729194376
43 53.09077091836741
44 41.879940316480756
45 32.12356445846776
46 24.36824542786184
47 41.01890163565525
48 20.840715579803344
49 38.161519296041284
50 11.021312665962819
51 39.78296269289289
52 11.055884976299657
53 74.635475895294
54 25.430780363724672
55 75.95761262218325
56 58.110101002874195
57 58.518895846315694
58 17.596171782847396
59 84.14311662100886
60 9.304978867703666
61 69.4122007774077
62 52.02292802209315
63 49.177049288614015
64 24.885841880141697
65 39.263800759489364
66 71.74298786448476
67 22.325788524867335
68 82.44524618092805
69 73.08561834219907
70 20.891283023764526
71 49.04480145346365
72 43.017660689330384
73 31.872791334255496
74 1.5685243769441444
75 53.78637107113398
76 19.803655515255283
77 46.76791212559804
78 31.107884697174736
79 22.179497395002986
80 30.65254443950148
81 31.771907683248116
82 78.09973227423515
83 37.26711070134137
84 45.68941593968966
85 83.00148736892268
86 25.424771819699604
87 52.483016918173846
88 93.9830897222487
89 60.248912780526574
90 18.189935112925443
91 89.86101542172356
92 59.78477783126004
93 34.90015160517674
94 53.51334350410738
95 53.113535501525845
96 90.08307377733985
97 5.567481415906203
98 54.2104346641892
99 58.70002145779537
100 59.670689931039625
101 60.69592575817823
102 5.373032120895693
103 -2.8403502169572166
104 5.830392097302186
105 -3.0024813273826463
106 0.514395605059139
107 4.053682484771265
108 -8.079396350283162
109 -0.39828161100474313
110 -4.605529609306308
111 6.020420086960652
112 -0.10842300159553997
113 -2.780736020908019
114 -1.8915375617798704
115 -0.5718238280230172
116 4.88472229706823
117 -1.140505357131694
118 -3.6420628672658877
119 -2.6588805965256057
120 -0.8592567041533702
121 -2.5260372651443213
122 2.9917571154223124
123 -2.6892848030111165
124 0.8900608877585912
125 0.9449814122900424
126 2.450336329139044
127 5.199140691930734
128 3.3732051517804327
129 -0.19643143701923463
130 1.2994489903647926
131 2.869997857043677
132 -1.3938616908983317
133 -2.484910752472282
134 -1.0422164677651016
135 1.7753187457571928
136 2.0108527103849365
137 5.224265911719566
138 0.19788599500308246
139 0.9014325113906939
140 -2.937378314575824
141 -4.950562645847662
142 -5.3819807057972335
143 0.8134012068400798
144 -0.4344962662428737
145 3.94066954456064
146 0.7746324565850007
147 1.903094590249505
148 1.5128178227776816
149 7.256992493810331
150 1.5149178862133337
151 -0.04952810591607193
152 -7.854558027143929
153 -5.324608928261745
154 -4.184416424396842
155 -3.9583452245024633
156 -4.726335310421398
157 2.413316345014808
158 -0.21543002641039294
159 -1.3096868016971126
160 6.561402739104207
161 -3.405614645957768
162 5.280435675541415
163 -7.4502882817279295
164 -1.3664796996995372
165 -3.824025773979761
166 5.0703108424122725
167 -3.5384117919739753
168 2.407354118040682
169 -1.151491771556071
170 -5.196625371681021
171 -0.7427535689860927
172 -1.0340571200081767
173 2.8384551348859604
174 1.4020574980690783
175 -0.2462590541571703
176 2.9378535356031024
177 -0.9793148732119101
178 -3.476619487581579
179 6.217071266300162
180 7.133278431068729
181 8.328031828326573
182 0.7069014415767884
183 5.280355747124402
184 -2.826114661662442
185 -3.4823095837799944
186 -1.6542031847986798
187 -5.658835909512276
188 5.296420666453726
189 -5.2373363818623675
190 -2.8961826314109156
191 1.3558079746355374
192 -2.6990929578304907
193 4.865861548338085
194 -1.4547025666458904
195 -4.8442514690731295
196 2.0927113318804498
197 -1.2506915042669045
198 -0.5327163876524178
199 -1.120512422331795
200 -1.3735074707592196
201 4.067004063201912
202 9.052234228225904
203 4.565753439765313
204 2.6452127775906833
205 1.7524789649389159
206 11.567611396516842
207 5.447355086198312
208 0.6831306934845555
209 4.064126879080861
210 12.207910245952974
211 4.2924794773605
212 11.764953323651602
213 -0.13375879899365062
214 11.544105362860194
215 0.20453843376630942
216 9.972297285834621
217 2.3204251808232055
218 13.88005258965703
219 6.869730295537505
220 1.4631386410522964
221 7.802582787254862
222 -1.3040560165795483
223 9.236165256576523
224 -0.007180690618911356
225 0.3002847912496329
226 5.143224339039977
227 3.966715984102736
228 9.141635079183946
229 7.869337095295806
230 14.334010952073589
231 1.2899816881834925
232 3.519297645765108
233 -0.5107279699294343
234 7.507825630214076
235 4.600707396937125
236 1.1401506694274741
237 19.172490901329773
238 26.008784803342863
239 9.64043613238253
240 8.464720052498937
241 7.311944930635233
242 7.438500501507164
243 6.212767580768471
244 1.4209174510533362
245 9.455313764298419
246 8.64494958167418
247 4.111216702540731
248 -1.2559126211094926
249 7.810364542581284
250 3.808332594439066
251 -0.10218019798275346
252 4.403299254445267
253 0.8579609995241708
254 -2.2523928893484157
255 -3.2103698983192888
256 4.2706243137374456
257 -1.2226147260175164
258 2.360444744752464
259 2.5391519052506464
260 0.7999523979325891
261 -4.128403353213304
262 -3.328586987054472
263 -3.994137493998191
264 -1.9366395120292141
265 -2.777478223562495
266 -0.6230122046366374
267 -0.7018086492583705
268 -3.7730006170621193
269 0.05658877134233392
270 3.2956319060284263
271 0.8164482655146628
272 -1.3474016999683434
273 -0.07340074979512831
274 -3.786130446698482
275 2.9601472834243916
276 -3.7948790784766304
277 -1.8060413613710056
278 -0.013488638167677605
279 1.090045062039821
280 4.5132082670784275
281 7.577693929209001
282 -5.255545126059838
283 -7.636721593809346
284 1.4294870113230413
285 3.525707582223631
286 4.32824854325486
287 -1.5252797819159674
288 1.6787692942913244
289 2.764779669896627
290 3.5206953979806848
291 0.7666359959959095
292 5.31710395397378
293 -1.8237533202394833
294 2.071094892601403
295 2.5318658825609255
296 6.151882384838852
297 -0.4828296020472037
298 -2.7983884125411924
299 -0.7788695495385843
300 -3.4661159330058244
301 1.9512353996954963
302 -8.023620588796156
303 -7.448376887119272
304 -7.723471056005228
305 -6.939992128170813
306 -5.112736532014509
307 2.4925250051774057
308 -5.195230954508126
309 1.9673784661795999
310 -1.896817446634241
311 -3.656040254845988
312 -2.7837038464967407
313 -3.3727911718498182
314 -0.6370531928997679
315 -2.8039101161837645
316 -2.214343180444623
317 2.1067089123024076
318 -0.3744673791728793
319 -0.3272395761099812
320 -1.7356136168648657
321 -2.9330251642438108
322 -6.031356646869871
323 1.3943195476586019
324 -4.7283329725437975
325 -4.833558417291239
326 3.7548013652863945
327 5.6325992983283015
328 0.5851095676300645
329 -0.2924101205619466
330 -2.6382436193523437
331 0.23279331483202903
332 2.4330018555733726
333 -2.0262358769023354
334 -3.209941714991639
335 0.07682161687969047
336 -0.03557090224167844
337 2.7102635426830615
338 -2.5701617061772035
339 -3.3404834116842483
340 -2.796054245784625
341 -2.7169515156884048
342 0.07582436209381771
343 1.4627330692074894
344 -1.5864086796965675
345 -3.6218643499985204
346 5.859744710556681
347 -0.7532195588219934
348 -0.4700282755066616
349 -0.9852115655147388
350 0.8404869683961501
351 2.5030526160503475
352 12.518287760559225
353 10.320311265593304
354 2.6134365239921555
355 7.43017006450138
356 4.494680909328743
357 0.5224845170164878
358 3.3003028979479154
359 3.8909318795307724
360 4.8833537229696695
361 1.6774457426909888
362 2.959460066305696
363 2.352112522045058
364 16.646950759821276
365 7.276196299722041
366 13.405808645188884
367 -4.22275050756835
368 7.25669119063844
369 4.84168742457112
370 9.527917500310497
371 6.646044806238706
372 3.5555267726569832
373 2.489341032694299
374 0.765175233215271
375 8.144400227336483
376 14.723869270968295
377 4.586863782190022
378 1.7935650463653752
379 9.4148219843005
380 11.228483014384544
381 0.1268890615109295
382 -0.2878392747201204
383 6.580546709509962
384 10.39750151162434
385 -0.7205632690959003
386 -1.59372066408557
387 -1.0003944198278325
388 4.429317157682696
389 11.084914509808062
390 0.23597249037007728
391 -2.591350918323803
392 -2.013094151095075
393 5.340274465107101
394 7.95268665559922
395 -0.5182113609235692
396 8.459657633982648
397 0.8638624338678405
398 8.688392184394337
399 5.78437121033734
400 3.512298518088908
401 -2.621088277666535
402 5.0043124214525285
403 3.9412040592850177
404 -1.9985992835628972
405 -4.864147901867468
406 -7.245597303256417
407 4.278972468907586
408 0.3393015471784833
409 2.7404009576395296
410 5.150096744034535
411 1.0530052365033482
412 2.4873369025064913
413 7.079107396047649
414 2.5960027778518295
415 4.98998337304245
416 -2.6082988421710493
417 3.0933983911322627
418 -0.6111978270840872
419 1.9446538098504287
420 -2.4830609328375353
421 1.7865130149367343
422 7.3640688973000366
423 0.6504162944948975
424 3.4044566493191675
425 4.277772217193807
426 -2.0161963218278074
427 4.735462662490337
428 -5.121645630008901
429 -0.1490270168726966
430 2.254163455915209
431 -0.35013917614827106
432 2.1364637424427215
433 4.418284354771537
434 -0.24148817079952245
435 2.5657949882387596
436 5.804439373887085
437 -4.061156595781279
438 -0.4416755816416173
439 3.4791093159047626
440 -0.18308723193521592
441 -5.53807821436103
442 7.986465202992354
443 2.6844265484647565
444 -0.00825841626478252
445 1.6394017710710236
446 5.866278396493114
447 0.42391510052661296
448 1.081350198008411
449 -6.526873948715433
450 0.47274968656739397
451 -0.3600779014492447
452 -8.005401000822669
453 -7.439114415910615
454 -5.8027533614613915
455 -6.697010210399261
456 -4.120015849759775
457 -5.148576008521614
458 1.6522016576311496
459 -4.266267144886597
460 -3.105070138211356
461 -6.992854476536403
462 -7.832408225478105
463 -6.959600776637104
464 -1.4065659044343972
465 -5.672311394038208
466 2.254234578063438
467 -0.7639966843328109
468 -2.311018438319311
469 0.753431458842684
470 -6.528560077399335
471 -5.109732685549283
472 -7.202798264650166
473 2.0453608791758775
474 -1.789415998993408
475 -4.026659514201232
476 -0.12799541057604646
477 0.4094989271115669
478 -6.217123319953078
479 2.0476347610432892
480 -5.248035029258832
481 -6.380052252130868
482 1.249532786796018
483 -3.367566388182592
484 -4.100890187340504
485 -6.000661732260557
486 -0.46290312823471047
487 -2.256149841272579
488 -1.1950011324472798
489 -7.876430671004207
490 -0.3139065532516172
491 1.885344109915997
492 -5.040618686238047
493 1.447123053321413
494 3.208197908574633
495 -7.129265417352022
496 3.6143506810595896
497 -4.8019807642135435
498 -0.26653039294087
499 -2.702487957033564
500 -2.19333778246207
501 -2.353595476453262
