evaluations raw_y
1 242.11068037208926
2 823600846691597.8
3 4055540538148.8057
4 4.940390682544427e+17
5 2958589283709555.0
6 23935588009529.51
7 10114761875687.426
8 54387.05494943801
9 1855353853575345.8
10 961821470977.1252
11 20641831.977156572
12 414405.6503338653
13 7877.603220631494
14 654565504415.6376
15 5067.3713431111755
16 2435338506477.9614
17 25496.074358923142
18 5.172331002433715e+17
19 33863720988.00002
20 4749916330.191239
21 2.3376445681915277e+17
22 3.8969489919529734e+17
23 4496024588.825534
24 2.0642881207204237e+17
25 5328549734879.526
26 12362.418557008636
27 6.681480450088534e+17
28 72243569.82432458
29 1.0068435184341117e+18
30 567216042063.6802
31 255717287775445.16
32 403749674830180.94
33 5292759454147201.0
34 4432737180224391.0
35 1.954749002615499e+16
36 6.121858991611189e+16
37 3903666510.9658384
38 35865475.68312938
39 6072.1622399360385
40 8.13027627700472e+16
41 31364238197712.31
42 7.436921631865343e+17
43 40153451390.51214
44 53591064.539477535
45 1.6480236171744148e+16
46 15614504167704.639
47 45764050.01932056
48 6593.355374151749
49 840942532029783.2
50 2218519.0330024795
51 204481.88029741557
52 5.675210863982317e+18
53 4055540623984.7383
54 5.634073382624679e+18
55 134264.1077728429
56 189302.61990606258
57 1.8861676475028412e+16
58 387971.88243386865
59 5.63407338261976e+18
60 49459571159900.68
61 2.9849150090329075e+17
62 400875.4507062254
63 4658.069889511484
64 6.357355081908407e+18
65 5067.520990594814
66 27957185277.0526
67 287090331.31095
68 1184521592.8824403
69 33863846780.605785
70 5.676583392454711e+18
71 1.0721791778366063e+18
72 1.1268146765239527e+19
73 10754.287030419531
74 1.6902220147859104e+19
75 1.278810366252789e+18
76 235111.84702689643
77 5.634073382653334e+18
78 223.45332173442088
79 1.1853522416387616e+17
80 5.645560611943854e+18
81 255857806219492.06
82 5.634073393858007e+18
83 5619782576597.171
84 5.6340733826197e+18
85 1.1268146765239534e+19
86 5.634073382619956e+18
87 5.634073384032715e+18
88 1.2260057182831202e+17
89 5597522.527870714
90 7.910289183912731e+16
91 128274.61062327286
92 1128056.2475138213
93 5.273290657706085e+16
94 1322470697.5563493
95 5.635396630058733e+18
96 5.634073382636324e+18
97 313341.6381603456
98 174666494.51318315
99 1.126814676523998e+19
100 75400.73411339475
101 86736.81984284996
102 1.5271247594170358e+18
103 5.689227766709254e+18
104 1685348455.9822273
105 83339210036.2772
106 2272013.9370814273
107 5.634283689951328e+18
108 129423.01183594833
109 1855353856346896.5
110 5.634073382620108e+18
111 5.634073382622986e+18
112 164196270082500.22
113 38.814232646599926
114 5.63407339367093e+18
115 2281549.422643522
116 5.6340733826197e+18
117 129166.9486148709
118 462883578.40662366
119 5.634073382651927e+18
120 2243.66650432793
121 5.634073390584876e+18
122 169989022.92526627
123 170494868470.1503
124 4.191145116658384e+17
125 5.676747279345038e+18
126 2923638721.6248937
127 370613723.5518973
128 223.53065892669906
129 5.634073382826558e+18
130 1.1268170681153534e+19
131 255717287873429.47
132 1540125337368370.0
133 93455629532833.11
134 5.634081234575309e+18
135 20135859087454.867
136 1.1268146765327835e+19
137 5.634073382619791e+18
138 649003044.4110683
139 2497107.816381905
140 58920.890755779925
141 129411.99665116322
142 15.143691145466644
143 5.637904822025637e+18
144 2912022612.695423
145 1.1449022264160985e+19
146 1.126814676523953e+19
147 22176.208073428403
148 669422.2295204782
149 1.5937711524093272e+19
150 34054239037.80793
151 241581527317924.72
152 76020686641681.39
153 74386866107.30055
154 6395792148.575896
155 132177745.95085745
156 255920.0982989886
157 3618.922663755613
158 128250.56322376542
159 5.634073382619964e+18
160 1.1268176743616641e+19
161 5.634073530727752e+18
162 1194806902.246262
163 38.774384849631986
164 4.082500128051351e+17
165 47968.830809708015
166 6208679.110968531
167 128142.0428282184
168 1.1882780395980426e+18
169 2076859183788094.2
170 2039038.8272929944
171 34114442.87690644
172 1527383.2788937816
173 3285279.449877838
174 92716553.35122254
175 934904876558.8193
176 132137.9994632471
177 6933976.842777653
178 47.50133470627136
179 268775.4730698514
180 365403.1411960219
181 1558708193567256.2
182 5.634073382619703e+18
183 1.6902220147859102e+19
184 5.638468124322072e+18
185 256022.0964922106
186 5.63411205456564e+18
187 2362458267757.991
188 5.634073382629625e+18
189 98380.74876143168
190 2331.7360243558674
191 24714640801423.957
192 15.410136513278077
193 5.634073382619713e+18
194 1100702437826.3877
195 5.643555741496623e+18
196 260361223634334.03
197 461086186424.6638
198 116070.69361472588
199 3.761170194764586e+16
200 8364299582.476403
201 140276343008.8636
202 4.923077092735555e+17
203 255935.89138918207
204 5.634073382620307e+18
205 130761.09933407846
206 2709524.2290239506
207 1541416.6341713094
208 925.1290479675399
209 439764.31442331884
210 5.634149154053913e+18
211 2.58948324001745e+17
212 315707.4532405998
213 38.73915891676454
214 1.6902220147859167e+19
215 28556562.947618157
216 3602.348398572717
217 155188.61064539183
218 35999737.64059115
219 383881.3949541132
220 144313251.67768127
221 37164390.96435448
222 1138.408293352795
223 5018035776.2092905
224 18110667716831.17
225 22221687108.303154
226 128125.19856693193
227 644479550.821709
228 47.23894374728007
229 127978.7218875539
230 136607197099079.64
231 5.634073382620643e+18
232 96732348245141.52
233 3.3212523878246948e+16
234 5626687974655705.0
235 5.634073707194983e+18
236 164374.7918710716
237 1.665726378468008e+16
238 1.2043200403355894e+17
239 360897166220295.5
240 40328.72286393949
241 140752504.65942848
242 15.472665246545963
243 5.634330830575536e+18
244 8016896024124303.0
245 5.63407338261971e+18
246 5.634497417989253e+18
247 128060.33532973907
248 73308007.34376107
249 5.63407338261971e+18
250 5.63410632179195e+18
251 259019513.98660424
252 2125396.5224076374
253 69430973956.59113
254 5.634073382619717e+18
255 227.89235944173947
256 66087920374835.72
257 128133.0055198633
258 286.6364183332863
259 128949.99151965453
260 83533547079574.1
261 5.63407340286778e+18
262 5.634073382619831e+18
263 1345.4204909891394
264 5.6340733826197e+18
265 9278476318755.357
266 10025.400860018197
267 29944452106571.383
268 1.126814676523953e+19
269 150133.22128497154
270 128070.20126679749
271 9500769.591600548
272 3942.3199537571913
273 5.635490056130688e+18
274 1.186803856483092e+18
275 5.634073382620218e+18
276 282234.09144616063
277 267147.94161707524
278 161.67085243195007
279 4976006283.978009
280 31998710.002070833
281 5.634073382641649e+18
282 5.634073617968102e+18
283 1.126814676523953e+19
284 4.2680028240198835e+18
285 2340950164846.4927
286 312039713069.385
287 5.634073382619956e+18
288 5.634073383182464e+18
289 6.356394162171891e+16
290 220.5817155370519
291 5.634073382619864e+18
292 15.104249385742085
293 1.1268146765239783e+19
294 3757777405556973.0
295 9084702274.60427
296 969753950.764429
297 29863268977.247787
298 5416369059226.393
299 5.6340733826197e+18
300 3.346991554369179e+17
301 18041147.84106109
302 5.634073382619956e+18
303 3349562735106731.0
304 18030260.494898792
305 128460.7320707536
306 51399304260695.055
307 15674929586612.31
308 906.6194692617104
309 301726037511.452
310 210725108.53897431
311 5.634073382760549e+18
312 312951.4642661635
313 410.9792677260985
314 1.1268156590153843e+19
315 1648401499.8883524
316 302911.0253552368
317 103316883316.02771
318 81726399673283.1
319 416092.80692705995
320 42773.76481031313
321 486897.6230280476
322 1.7924650873235373e+17
323 5.6340733826197e+18
324 4.436237192569773e+17
325 129380.42944462982
326 933984421663.0326
327 127988.65927915976
328 110.13611359402833
329 175838610.58569932
330 1741612.1251637922
331 8.732161129382608e+16
332 1.126814676523941e+19
333 28.16692594846425
334 1.1268146765239656e+19
335 5943168805.782712
336 142965926.05310008
337 1595029.232223919
338 485359609.2018352
339 89179034.9406893
340 5889806931.895094
341 175.75906262901194
342 15.19664753893063
343 5.6340733826197e+18
344 10727619728.474062
345 5.634073385557235e+18
346 128010.47278967017
347 5.6340733826197e+18
348 7885831898840.529
349 273589.9166313385
350 5.634073382619726e+18
351 5.778070875791179e+18
352 5.634073382619701e+18
353 263149.43301112176
354 35064070.02853957
355 969350.5204852293
356 128082.41054157758
357 128340.09048901855
358 830580.0372581233
359 10199666417.899805
360 2.874375545526353e+17
361 1.1268146830177546e+19
362 7.530797150057702e+17
363 287.59960162727816
364 407175847900.27637
365 165376564729878.06
366 231472.4785376177
367 5.634073382619718e+18
368 5.634073382619831e+18
369 1835277813478452.0
370 3554311528470.39
371 3.566159996129957e+16
372 5.6340733826197e+18
373 5.634476132827706e+18
374 3.448509913366875e+18
375 5743736378160.481
376 254393955.0972539
377 9.351554552757461
378 302.57042076320766
379 1296506170054.2874
380 2379.1738921322326
381 5.634073382619848e+18
382 551292.8677751404
383 34.22585965480654
384 3.561028484801638e+17
385 140004.14183808942
386 5.634073382767403e+18
387 1338114118.977441
388 291228.15758034005
389 633.5660432532864
390 1205610162.392742
391 49881.6086452816
392 15.355749370896701
393 167762.01355537772
394 1000021239489.8826
395 261328.06184200366
396 87.33740818901893
397 5.63407346423894e+18
398 40422653.495688826
399 724455.5180735715
400 116764379501776.1
401 4423098593.918886
402 6615207172237419.0
403 13842115.807045309
404 2.1111567844745692e+16
405 40568.639294527675
406 5.634073382619851e+18
407 585894554877.3068
408 255981.8514516893
409 7627197062018.605
410 8.611189498623414e+18
411 8930697088.108627
412 5.634073382621874e+18
413 42783.58641591386
414 2787602007675.767
415 8019224366433.293
416 684397777011562.6
417 127984.77235563494
418 1300561899901163.2
419 26675776435728.0
420 1548.5396231231603
421 1.126814676523953e+19
422 33912825278196.21
423 1390750723491433.2
424 1.1268147512238447e+19
425 42.65463321662812
426 1353568009.748799
427 9.499822304509445
428 26.42043960910798
429 131661.00657636626
430 855173.9725311018
431 5.634073388664048e+18
432 5.634073383291119e+18
433 902.5220942787159
434 4430950420590797.5
435 5.634073382619828e+18
436 5.634403622787465e+18
437 256271.08130868262
438 262060.7238093204
439 907701837050.667
440 12035217.100046918
441 17606.63319173945
442 101.06686988835277
443 1143747112508949.5
444 6089060640.754059
445 10465622317168.924
446 140889044.15261808
447 580146463237826.2
448 856.7047747801097
449 128133.29031679736
450 151.98566558346752
451 193670163.40459183
452 1.1268146765239527e+19
453 127992.07847603512
454 290209.6760324202
455 322539356856858.6
456 14313.393166275311
457 539031344128455.3
458 257320.24509919982
459 131304.55191711645
460 5.634073382619828e+18
461 119347249988797.94
462 127994.39927513555
463 37.41191768624207
464 1791575944098498.0
465 413832513.69586915
466 151746312779.3242
467 5.634073382619891e+18
468 439610306.78022724
469 17000308.562077563
470 548.6412484179278
471 55113740.770593606
472 2110087.038941984
473 5.634073382902135e+18
474 3.347817748894904e+18
475 30610.122400763976
476 28957.303125379185
477 9.420482319412363
478 13.961970292830783
479 383870.58600925957
480 1.7696314272039386e+17
481 436968.47680672084
482 1933399.1758331885
483 557.8892553077388
484 3.827969848968337e+18
485 140002.22762885335
486 125533314.66914834
487 8446270708012272.0
488 128002.84477262285
489 103.61469185420573
490 1279777623.5667365
491 5629.156615069213
492 138837.9314433739
493 3189161.784339877
494 127966.60615003589
495 70296.49464774338
496 22219034.27376731
497 29316583249091.105
498 3.8392693965144083e+17
499 5.634073536312739e+18
500 141971.20475460115
501 4.895424023142302e+18
evaluations raw_y
1 5.550030186273673e+18
2 1.660734347402346e+17
3 150760.49775811305
4 36133229798995.516
5 20996649355820.133
6 4.5896280284897894e+17
7 1.0213543214328298e+16
8 972351968900.985
9 3245612.627167453
10 5939106684375.673
11 63962.79213553556
12 1490477585912259.0
13 7.704593524855741e+17
14 5.0311023596587974e+17
15 2.276555717164709e+16
16 737899399479346.1
17 74147504114.42233
18 164347.00260865502
19 1398423184720719.0
20 1496810749787863.8
21 7435.198681937479
22 2409323612697.03
23 1057371116696.4836
24 975749.9815533732
25 5239497232.1075325
26 5.344224168973836e+18
27 138.02816446771615
28 126260.18121127818
29 16147670.781024316
30 19668.844917159473
31 48865340699.34538
32 9037655653936.674
33 24142073543470.348
34 256338808048.77542
35 34567486827939.785
36 16104947.782146154
37 300042164409.8356
38 3.061910093478575e+17
39 848730559.3457928
40 1.6156822938936454e+17
41 8.941605821019949e+16
42 11090073841811.855
43 5.254577319117691e+17
44 201.24952874078576
45 5.251618888461019e+18
46 3724342827.6580615
47 3774357896301.6855
48 8220.86048083471
49 57773.946251609006
50 19468328.651936986
51 123125616411338.95
52 31696464927703.33
53 57797871.924111255
54 5.634073382619731e+18
55 192635.83508001623
56 4.589701364570107e+17
57 1.0190365227316578e+16
58 557411654.0019999
59 152819977310981.4
60 6.732910151793327e+18
61 150285.0233946399
62 128447.74166750831
63 1.926256042918392e+17
64 5.6340733826197e+18
65 5806850673737.121
66 5.6340733828919e+18
67 447925405.3562248
68 2.4539665937496463e+18
69 127967.58104900805
70 399411722.0391669
71 2039354.9952335684
72 5.63407338261983e+18
73 1208510537116.8364
74 1699530678465550.5
75 8.107346869749864e+17
76 1.126814676523957e+19
77 137.86144581240586
78 510587.5221724674
79 263058.4867611124
80 94935.26641624905
81 138576.22187560666
82 5.63408087891386e+18
83 32280021.133324437
84 5.634073382622783e+18
85 34567486960345.504
86 1521.643602551993
87 39676.74669062192
88 51742462246.42344
89 90809377659.99841
90 1.1328042199381963e+19
91 372712544.9476959
92 5.63408447269367e+18
93 5.634423233428666e+18
94 201.41743538102554
95 5.63407964620472e+18
96 4309735.81010893
97 5.634104830852778e+18
98 8052109.141534993
99 17141.819568146537
100 44257742.276343875
101 3.4294792463965308e+16
102 208917981513.5983
103 1259094261.990631
104 123768041.44727086
105 98831889.58242042
106 5.6340733826197e+18
107 282466.4772126798
108 2510.4587399924258
109 613141587.8637688
110 5242641.703743976
111 852489.03700468
112 391378216.2526636
113 1.7351851110895142e+17
114 5.031104432377649e+17
115 5.634073934938662e+18
116 1.1268146765239542e+19
117 4716.422119746788
118 5297.8497727420645
119 50612.543859125864
120 255925.86546737494
121 15756.407979944504
122 5.634073382692535e+18
123 1209689692.7079358
124 6.083746607980744e+18
125 5239423786.67625
126 5.6340733826197e+18
127 138.10337983754735
128 10813157111081.182
129 39220.8819058174
130 811.0535640263325
131 121305633.96650672
132 5.634082418002389e+18
133 18424875621.699364
134 4523777946.702924
135 7644028040.366306
136 1521.6260295282593
137 1003566.9486360612
138 8.293241845548814e+17
139 2.415230792602466e+18
140 40875.236393315674
141 2870.0709606407104
142 7690695842701.79
143 5.634073382619956e+18
144 201.41252131381756
145 5.634073604920462e+18
146 194093067960.98935
147 5.634073382619828e+18
148 15538914.2876992
149 223.07659970297357
150 853588.3563654254
151 1.6902220149535097e+19
152 9031447.064159267
153 264620.071347288
154 396117157.5643884
155 5.634073382622392e+18
156 5.634129535200092e+18
157 127963.98083969326
158 127960.63421548685
159 343743415539.5278
160 2455.3304621198577
161 1.5967938064931034e+18
162 8693989.66167026
163 5.634073382619956e+18
164 339459.7905636832
165 256213.43020501817
166 5.634073382619958e+18
167 149316391660.2948
168 1190249120093.8044
169 128596.40680605132
170 184542379917.11234
171 843.1003135669885
172 1.126814676676103e+19
173 5.649773077966972e+18
174 3257246464.5141797
175 5.634073382725372e+18
176 3.739263427994279e+17
177 138.037651705891
178 16367013296.577635
179 17.141895269182218
180 167122.36705282165
181 4041119.652041616
182 8989307.982513504
183 32153237.096855674
184 1.1268146765239808e+19
185 383877.4407905305
186 36072055.37000633
187 127965.1815532656
188 1448978233878.4229
189 5.73861077549053e+18
190 4.06838576198632
191 4696729496644.071
192 380532882593.6863
193 1.1268146765381943e+19
194 201.5712291381269
195 7.092773165698423e+18
196 11.608953446057265
197 203576955063.53946
198 466286519.70411354
199 222.92404972959463
200 5.634073450201279e+18
201 6832736617.753542
202 39408296.97323029
203 5.634073382619828e+18
204 5298283145751.823
205 255924.86089426978
206 5.669844908913572e+18
207 1.3095330596289149e+19
208 2510.3531838456893
209 1.12681467652394e+19
210 2455.3683721441184
211 5.63407338262e+18
212 306137.96089717624
213 1.1268146765239402e+19
214 68529226.4072191
215 3.1559470053304716e+16
216 635685.1497664823
217 210806.65651126107
218 5.634073382638591e+18
219 255915.9336867045
220 259045.37227763303
221 843.0959737367205
222 5.634073382619828e+18
223 8.534599193522206e+16
224 18853709578.646366
225 1.1268146765239402e+19
226 5.634073382619701e+18
227 137.9676217596386
228 9757364728762824.0
229 17.23840082291494
230 810.9012798563726
231 7774774808935697.0
232 154596.47530762042
233 1.1268146765239407e+19
234 5.634078116343268e+18
235 350747633.8683243
236 1521.2984181008396
237 128090.56850667942
238 138614.99835317247
239 67036.34107697589
240 3.7352594866971476
241 2869.896818523577
242 28794.812808291827
243 1.126901125691761e+19
244 201.09339782798557
245 255947.95916850294
246 11.787165155538432
247 25622989242508.17
248 4896700134066.632
249 222.9530382804929
250 5.634073382619741e+18
251 3746.938185430075
252 1.5363146472548204e+16
253 2.6435030695083932e+16
254 2514206435391.479
255 256519.77371665367
256 259425.90268962414
257 2365280599180.6274
258 5673.943565848323
259 5.634073382641022e+18
260 38084.47614475583
261 229652447499.08
262 5.634073382619828e+18
263 144869.10427538434
264 7957371.186430177
265 136970.34812242346
266 5.634073382619828e+18
267 52.222854831552816
268 5.634073382619727e+18
269 12146.642811108151
270 88332692.56041682
271 4.3704711133004e+17
272 17.183859291068817
273 1.1268146765239656e+19
274 5.634073382619828e+18
275 5.634073793268745e+18
276 451252601141451.5
277 33.64496934458068
278 5.634073382619701e+18
279 17.092507102827543
280 367826292.9624015
281 7.915712167847848e+18
282 9194419135826.342
283 5.641075868248505e+18
284 142994971497.85016
285 5.634073382619956e+18
286 127270.76663989872
287 128490.37557611433
288 151955.71261800957
289 1071.1669580241503
290 3.824213234245031
291 32109416838.052807
292 256016.13479131943
293 511824.4915023154
294 1769708582.0798864
295 154396.10616286736
296 11.615811532289367
297 27317.829559105678
298 23523160.127977513
299 7217.719246110794
300 1524350210261808.5
301 255920.80718179428
302 5.634073382619786e+18
303 51.48353454509918
304 1099963.6095511294
305 11658893855.28978
306 320357794819.5483
307 128130.113792249
308 4290.778954223689
309 5.634387752165717e+18
310 5.638817716338015e+18
311 1.1268147907142584e+19
312 5.63407338261983e+18
313 383873.139540409
314 259015.35522675893
315 5.634073382619962e+18
316 160149.4652688431
317 20503.250535867846
318 14902890448.3331
319 2.0615331340540176e+16
320 130853.32684649518
321 80593.65747735188
322 54160.85518553581
323 5.634073382619828e+18
324 127961.02092168074
325 14353261087379.31
326 5.634073382644421e+18
327 199.86761625280616
328 249099980146.80795
329 5970.046775088162
330 137343.63596036387
331 383869.3821136168
332 128039.74752162774
333 52061450.397619836
334 5.634073382619703e+18
335 275842.602358487
336 55335006121.29348
337 129639.95246282357
338 5.634073385270773e+18
339 67244201.51265724
340 3.7750796399553512
341 9.452763101177961e+17
342 255914.60898067016
343 5.634073382619953e+18
344 2703.693038245561
345 153311.36515376274
346 458.1083938921656
347 353634494762135.56
348 7078304474.54147
349 711574.2776867346
350 265702158325669.97
351 4802896345110287.0
352 132539.8235638215
353 133944.96090953567
354 36002.230226833366
355 75367.49942657829
356 614072.7768697571
357 126560.29520577678
358 140817.47868530566
359 731942702851710.4
360 1.7235151820655306e+18
361 169031600065081.3
362 10413382.371690972
363 2.8819485198196874e+17
364 140367.6738423109
365 116321151.72548535
366 5.634073382619828e+18
367 12918.874131423458
368 3486207443971.6685
369 83951481169.59811
370 255916.73088838384
371 5281519398559832.0
372 132279.5953556336
373 5.734261383762458e+18
374 487.7089205492744
375 1.1268146770647554e+19
376 1.1268146765239538e+19
377 128082.68085014878
378 5.634073386023778e+18
379 67.21391718023929
380 127986.91552352223
381 5.634073382619705e+18
382 5.634073382619796e+18
383 251309.1639926458
384 5.634073382619832e+18
385 512123.6058414508
386 35436585854869.9
387 5.496797299643394e+17
388 381625696.5852697
389 493442902.85377795
390 3.965143910060836
391 5.786864282601029e+16
392 3320296.191568774
393 255933.9373277377
394 2380799670.708805
395 42.9127237130914
396 190.94920434790384
397 92.02753947162726
398 5.3969374827544704e+17
399 66.52586380415929
400 135021.7792619262
401 5.634073382619828e+18
402 5.634073382620745e+18
403 26013.989465670198
404 5.6340733826197e+18
405 1191006074.84557
406 135219.51346906743
407 131660.64321843284
408 50390727910282.38
409 1.1268146765239542e+19
410 2128233012369684.5
411 2838722.661224474
412 114055273.37800294
413 936941808733.9275
414 752242037.8431256
415 7743339541940.759
416 5.634073383596899e+18
417 115776.17651264803
418 5.634073382619842e+18
419 2.4540563027066547e+17
420 128306.94495029577
421 149229895246157.62
422 25.71893464291246
423 1.12681467652394e+19
424 90.18359827016315
425 6410.975016702098
426 3.003919220649125e+17
427 129442.61753763951
428 5.634115176423802e+18
429 591.5548261599052
430 259267.89762947452
431 895095300.3364154
432 9.521064425717926e+17
433 5.6340733826197e+18
434 127983.93429649723
435 5350.814996052061
436 497850708.1058203
437 131269.07263033366
438 98468542441.65028
439 4154181604853324.5
440 3.7276650558118307
441 128593.53539898382
442 394969.7243556422
443 188325.1877227419
444 236076945232.6317
445 22027.685591406294
446 4207.416055717824
447 1900.0573250105256
448 5.634073382671778e+18
449 287137204.7626418
450 5.634073382619828e+18
451 66514284204687.93
452 6364381840289774.0
453 6800.496611940529
454 18.792796459704473
455 1492659.6371192744
456 22.006108278163012
457 1053190095327.4873
458 1228613288641.5193
459 6650259560654961.0
460 188.45328955390062
461 1147272186996.9363
462 4.071695997518339e+18
463 133884.6180654252
464 5.634233425404145e+18
465 255938.24967627102
466 16216550.581078812
467 5.634922770120845e+18
468 152551456.60161182
469 5.6340733826197e+18
470 32.77791077906562
471 710659808.775645
472 152.78558524240384
473 383891.6328773956
474 18536503061.878475
475 5.634073382619703e+18
476 5.634073398750282e+18
477 89.29787861856911
478 5.634074647079508e+18
479 20.630053280495773
480 128933.18884844908
481 128145.6689513736
482 138317.4065832033
483 5.808100528215418e+18
484 823443.7933272668
485 4761205165597.67
486 12078847.336589836
487 30079987.15719322
488 5.634073382619828e+18
489 255970.5280180335
490 3.721669926921149
491 89163466856955.62
492 130450.10731126656
493 5.634073382619956e+18
494 311406.5419453434
495 1498.7795770166003
496 2208.015654557414
497 133984.64240524822
498 445.2844896569215
499 210.69277836449456
500 306.808150138848
501 153558.19660302534
evaluations raw_y
1 1.9967382210860947e+17
2 723646282724.8926
3 1666993606167243.5
4 1009907286.5383742
5 33984.423003098935
6 228085510338132.75
7 21691731228.5568
8 7254305.083994316
9 2.0936357610601136e+17
10 2.7616352438482736e+16
11 767205843221.5128
12 5223983.095848599
13 9348911885273.416
14 50905093453513.055
15 46772538632.83976
16 1.1893803139672277e+17
17 689581.3791432836
18 2.5552659524452e+16
19 39620.48996432461
20 23689988372359.54
21 3.0591783831803837e+18
22 1004007852408.4117
23 2.3447341224445564e+16
24 94022964.87506899
25 9021410380.703514
26 5170242470002.598
27 149323968791974.9
28 118911993549802.22
29 5985.229069247914
30 345.41157880958355
31 1.3311717958760634e+17
32 861926.9532438725
33 2.2431907959726384e+16
34 3156704041820317.5
35 4601241236935.716
36 63096.54444424533
37 23967617.772455692
38 35644832315337.24
39 46518090315439.22
40 22358635.470186796
41 193191576.29662755
42 7.008622734140197e+16
43 9520.83125423132
44 139797513.65436748
45 4169.179167899507
46 2648483345702456.0
47 3.6386569538818744e+18
48 834.3057026555089
49 4662831939.888744
50 102999377414748.47
51 836646534.5097018
52 1.1268146765239402e+19
53 1.3377765686828272e+17
54 6.420582400258637e+17
55 3143.019688574168
56 1.1268146765239402e+19
57 603785954891895.6
58 1.6913773163108052e+16
59 127981.0287941606
60 1.1268159470822238e+19
61 131207.7604572969
62 128858.2903971284
63 2764984919.906219
64 50904783279993.945
65 5.634073382623042e+18
66 1.1268146765239792e+19
67 93923166992.62733
68 5654296.590498381
69 1797.621875298561
70 5.771894474975176e+18
71 5.651088866335624e+18
72 189321879610122.94
73 2.406229533928981e+16
74 1.6940197778887763e+17
75 5.34358746269535e+16
76 1.1268146765239402e+19
77 5.63419794910626e+18
78 484263656657.362
79 135393.66970725902
80 345.429080100266
81 3122380517.8410015
82 846584.4137148479
83 250882.60308791487
84 5.643966823239866e+18
85 5.634073394227835e+18
86 3.298425105347875e+17
87 5.63429261633004e+18
88 128099.12703401019
89 5.634079199543768e+18
90 18360826.79296191
91 3.247240745513321e+16
92 2.25362935304788e+19
93 419.93181972136375
94 5.044702132093624e+18
95 59285.8795521305
96 5.652276582004505e+18
97 5.634073382619701e+18
98 834.4468174176966
99 2555387.7047404624
100 5.634073382619847e+18
101 1259.4366304401174
102 5.759012070978971e+18
103 1.1268146765239407e+19
104 1.12681467652394e+19
105 1632681955.0175333
106 1183.548128384346
107 5.634168290391124e+18
108 5.634073382619828e+18
109 4170.04158657117
110 1.1268405723590205e+19
111 578456.6473352892
112 36434707292304.23
113 3634088330914.335
114 502.0309157241543
115 668146553683.5292
116 5.634101154278276e+18
117 526758030476.76605
118 8911521858797414.0
119 467862618.414091
120 5.634073382619828e+18
121 5.634073382619886e+18
122 5.634073382752845e+18
123 1.1269399433679081e+19
124 5.634073382619734e+18
125 34581129944345.188
126 4.7375425180762374e+17
127 5.634073382620186e+18
128 1250521115.6103117
129 16212.998792765937
130 345.5403771975955
131 5.634073382619701e+18
132 345057.646042808
133 5.634127908930779e+18
134 5.635041247032107e+18
135 9.435042697348502e+16
136 38.43599622803035
137 5.634073384443461e+18
138 150021.6259007989
139 1.7135010774317524e+16
140 1363625726.4041922
141 2.6128606941308784e+17
142 5.634073382619709e+18
143 419.71020766293225
144 5.634073382619958e+18
145 164623740.2313761
146 5.634073382619956e+18
147 1.126814676523954e+19
148 834.208316192304
149 568.1302259058041
150 5.634073382619829e+18
151 1259.0528052500056
152 1048.1665879788884
153 1560148310.4732153
154 6.790519446937073e+18
155 5.634073382619704e+18
156 1183.6044675544308
157 2272.557774732471
158 3226778597003674.0
159 363911143274.1289
160 5.634073382653574e+18
161 28408684617289.695
162 202686.27511429388
163 2657476388259716.5
164 502.0121469632047
165 5.634073382619844e+18
166 139958.37982981693
167 1955900.8206804562
168 127991.20695330374
169 1797.409969709906
170 5127721594980.36
171 46187.762330455385
172 5.634073383015866e+18
173 145437.472131139
174 5.634095554270823e+18
175 9712201466.195076
176 86085334.52626295
177 155235.05728970174
178 5.634073382619835e+18
179 28981.86931172504
180 345.7397894900296
181 5.634073382628575e+18
182 1911586.2806307185
183 9894.421335088304
184 3.646199067094511e+18
185 13938619571792.918
186 38.39563093802557
187 1.126814676525586e+19
188 257404.9742170151
189 5.634144541788547e+18
190 1.6141853834724842e+17
191 25899563.324215453
192 5.634073382647667e+18
193 419.56639480974457
194 3704696532.990267
195 99269288314.29703
196 5.6515003970783e+18
197 2003904.24402259
198 834.487813266744
199 567.9934586627321
200 5.634073393209815e+18
201 1259.100344488448
202 1.013944348060338e+17
203 5.634073456134447e+18
204 5.634073512475441e+18
205 12730.192300967246
206 1469489223.2222927
207 5.634073382750889e+18
208 136300.63924373608
209 172961.59165292472
210 132120.0658985563
211 256057.65362588235
212 128358.02257670651
213 9.782019505538435e+16
214 197140.7259373218
215 248805223.4156202
216 79848106596227.75
217 5.634073382619828e+18
218 1.2236410116232938e+17
219 31275.25604453992
220 11124930.01862964
221 277242.89840699354
222 1.1268146765239656e+19
223 9.449306219434149
224 56625914624201.03
225 5.634073382620122e+18
226 6.751138651708084e+18
227 5.634073382619831e+18
228 5.634073382621499e+18
229 383887.39581608097
230 215702.78697470037
231 1.1268146765239402e+19
232 460841022680459.75
233 255948.38712985197
234 1.126814676523953e+19
235 1.12681467652403e+19
236 38.55222515787413
237 24709136848366.176
238 5.634073382619889e+18
239 1.12682273239912e+19
240 5.634073382859672e+18
241 880.2511887237558
242 3.751095141254407e+17
243 168903.0441904665
244 4.17985802632175e+17
245 38020385662520.86
246 256744.46526326402
247 10467.188303389788
248 776882900810156.9
249 55810741.671862446
250 108880.26507588457
251 2369.964920162966
252 8331255.00065809
253 5.634269967610425e+18
254 1.1268146765239656e+19
255 5.634073382619828e+18
256 174971231.3213931
257 5.63586439417368e+18
258 705931.4448569766
259 129114.69470885377
260 3812653087.2740173
261 5.634073382619828e+18
262 3889984160252.551
263 5.646275818264232e+18
264 402258.3240221911
265 5.634073385286803e+18
266 206223223.67185545
267 128429.2701564683
268 339687.31539904396
269 199732.04102099556
270 6276069194806.924
271 13049910.440668613
272 4626258514040141.0
273 9.774630040358215
274 2628945.0446059373
275 1.1268146800561035e+19
276 1949362839004795.2
277 5.634073382619956e+18
278 2.927902254145432e+16
279 1927604487777.2937
280 127980.93987571416
281 5.634073382619909e+18
282 5.634073382619716e+18
283 1270313.4987295005
284 1.664417074643123e+17
285 5.634073382619703e+18
286 621.7179741910887
287 1.1268146765263686e+19
288 133044.08418197485
289 6597774.248803976
290 5.634073382619859e+18
291 20938297.306879018
292 3990041.0426594014
293 68578801216792.836
294 5.634073382619703e+18
295 177002.4144892794
296 198620.83099721296
297 100445785354735.53
298 49053.553303184664
299 19453.205393336997
300 128647.03763329351
301 102485746164963.4
302 5.634073382619715e+18
303 5.634073382619873e+18
304 5.63407338426571e+18
305 3309700466.116536
306 2.235836106198601e+17
307 2001.7254926811677
308 32157.0480129298
309 237145.98869250112
310 355841.62121877423
311 638342382589014.1
312 29019950.36447894
313 5.634073382619956e+18
314 75743.11033423
315 5.634073382619828e+18
316 30197825461.667206
317 234762.53040753055
318 1.3226816733121462e+16
319 4442084177.191452
320 329259907.7853937
321 8.872275072447776e+17
322 36018960207.856636
323 9.634854814738071
324 2312019510488846.0
325 5.634073382619935e+18
326 431.1060698606552
327 147460389417416.06
328 5.634074774194529e+18
329 45.20638038353891
330 129436.7638325722
331 1.5132142024287728e+19
332 5.634742788813149e+18
333 128321.37696626624
334 13663.174666615307
335 5.634073382619965e+18
336 369.44411708034175
337 5.634073561167868e+18
338 530304.9922654117
339 4075669216.201495
340 5.914204943050582e+17
341 128316.57236143723
342 5.634073383037939e+18
343 467.76099599095517
344 762738100881.014
345 128723.24280493696
346 7760700542772.498
347 603.6768259339668
348 1.973736472056878e+17
349 1353.8148970740267
350 22305519.720547438
351 451.1148250778568
352 5.634073382619839e+18
353 4.706223743927482e+16
354 1.2848774074536888e+18
355 199242.5060425992
356 5.6340733826197e+18
357 90.5902791565167
358 202.16707029957595
359 5.6340733826197e+18
360 127998.06195256725
361 14159749003.346586
362 2583796986.751066
363 255916.32394513657
364 68.43772494599732
365 6.167143680178659e+18
366 5.634073382620088e+18
367 1.5621418491090678e+18
368 503.23567096771507
369 33450.10073672178
370 27.99638213765139
371 165919.71984405632
372 256827.01211761925
373 9.528049391463405
374 6241888525.454438
375 1495878668.3665836
376 20094101819.80504
377 5.634269999520864e+18
378 5.634073382631163e+18
379 271988.63475021214
380 1371.5115242440584
381 5.634073382619927e+18
382 1.8345168444578496e+18
383 147478.5428206686
384 4605938269043.03
385 1078271753.794791
386 1019.4072668093719
387 6577.647723723317
388 52182.42675731191
389 128165.11114807084
390 22642479695.394024
391 128010.46313630718
392 474597943553171.0
393 2993198.5782878804
394 1.2101252568475255e+19
395 480306773652017.6
396 41413360925.54784
397 2768.448676103474
398 3904.3217246530426
399 10187725843026.77
400 5.634073382619835e+18
401 2103950.074701601
402 26.63682043645721
403 131253.60276486736
404 383921.2567795992
405 5067080.354483701
406 5.634073382619717e+18
407 1822.434363388337
408 265791414.04666692
409 3124636030401.438
410 5780966742646.491
411 11753.120359456974
412 145645323212.13843
413 166.44488406776125
414 125.50190360904145
415 43279028608.51858
416 719278901535.5914
417 364696958190.3926
418 2379877.12976774
419 139764995060710.3
420 384.6837945250977
421 5.634073382620167e+18
422 5.634073382636376e+18
423 9.595240399542385
424 227456.082847986
425 257043.30002098822
426 1992.9823039256314
427 1057.610732930738
428 2652033.752428175
429 1141.9074946299374
430 74363804.39199796
431 4328040337.800487
432 1.1268146766228783e+19
433 8449318647.576879
434 552983898781736.8
435 1.1268146765239833e+19
436 128005.34920482618
437 218714426.89242393
438 387282.3140949272
439 26982202194.922226
440 1360593846.5113614
441 1239142.2877340608
442 127963.26383104593
443 171081250536219.72
444 5.634073392886259e+18
445 5.637425451325496e+18
446 255919.6329532399
447 5.634073382619828e+18
448 6.143795737819272e+17
449 374564.0670278386
450 164426333.88296616
451 158827994.3049382
452 10.528077282809296
453 4029.171786212542
454 53000.08925249039
455 5.6340733826197e+18
456 14135013315589.404
457 8287931098762.048
458 1512.740921880623
459 2638.4038910918143
460 165165906.36781606
461 256949.33926298705
462 726309712.962384
463 1016846.9151778712
464 2789.9682821671217
465 5.634236069662981e+18
466 256484.09775321465
467 12792.643392310654
468 733131.4086188677
469 21765775699604.52
470 2317.8984248667157
471 321.7004841556752
472 139267.16317716718
473 9.783660315772003
474 5.634073382659815e+18
475 3372835.246848184
476 272532.62341501145
477 14091.94772514074
478 5.634073382619828e+18
479 74.52666359292708
480 5074864323494.049
481 256498.94776833066
482 204.27393031358764
483 1.852371476260903e+17
484 69843038610.4011
485 1.5121478759795652e+16
486 997.8265119963982
487 1302774.1512238292
488 220814759738016.0
489 7737511.719445473
490 17051109643582.984
491 71371431599.10513
492 139769.34951339045
493 10794.792004520388
494 49865.807111892704
495 127966.07146452245
496 301347.3490390152
497 2648974620416112.5
498 5.634073382619705e+18
499 5.6340733826197e+18
500 2342980.491615109
501 14182910165.8037
evaluations raw_y
1 665847.9854307693
2 1.214662974406352e+17
3 73548400217.60564
4 28996.267327189642
5 4034603.6594376126
6 126713060585338.55
7 84911.01003116985
8 33.4669434939635
9 1255683723628.634
10 59.6830662466024
11 2459418059.7027225
12 608551690445584.6
13 509260525.99137336
14 208643739336763.7
15 65459600733.768745
16 100664484956.60443
17 897338.550155373
18 1702673.3737024253
19 37367.64872011174
20 78141573499.28154
21 2023777922815031.2
22 178314577334.25043
23 41912723761.72802
24 746419524191.101
25 3.248749289522293e+18
26 19377.412688731594
27 142.03262954168574
28 4419713748268383.0
29 687051.8823001019
30 7529070021523.85
31 181591332787053.2
32 122137913954007.89
33 1238.1570158326376
34 1.1364303897977588e+16
35 9217931010016652.0
36 2.824529941250065e+16
37 1638050460.2454424
38 3.1874446891851494e+17
39 1.0270177415042083e+18
40 178681668159774.4
41 239.13403055141907
42 241247.90130282927
43 1.4816905745347373e+17
44 18558.122322494415
45 336716426092.953
46 12606055682851.912
47 29323219281.56876
48 350369086.32451373
49 576013.6058518605
50 813.7615119562262
51 15897828340100.064
52 5.634073382620748e+18
53 5.63407345616708e+18
54 1.1379214883953654e+17
55 13891878565.117752
56 5.634073383663964e+18
57 1.1268146893080547e+19
58 33.575181661674456
59 5.634073382619729e+18
60 59.338428330897216
61 1.1268146765239402e+19
62 1.1268146765239652e+19
63 1456535223460.708
64 5.663124087907272e+18
65 458000963526.5131
66 1.1268146765239462e+19
67 1.0610092659706018e+17
68 1536.9229910998224
69 87615.84042670247
70 5.634073382619834e+18
71 5.672021668967542e+18
72 5.6340733826197e+18
73 5.66478452497143e+18
74 5.634073382619736e+18
75 5.660908838410632e+18
76 2837006680553027.0
77 142.008574535278
78 4419713770908961.0
79 12298167281.888163
80 5.634073384143621e+18
81 5.634073428910714e+18
82 121624624510707.25
83 1238.2724682483013
84 6.056014037319241e+17
85 9217931010056062.0
86 1.6902220147859227e+19
87 5.63407338897434e+18
88 5.636094628904334e+18
89 1.126814676523971e+19
90 5.634194511348051e+18
91 239.0964968498672
92 5.634236376013737e+18
93 5.63630468829497e+18
94 127984.59529757958
95 32630.478741360344
96 547097053686911.25
97 5.6340733826197e+18
98 1.1268146765239642e+19
99 3.532614537849779e+18
100 813.66756786
101 8.813179362193795e+16
102 2318620.6370591046
103 5.634073870673256e+18
104 129289.86131839921
105 354956644413.2908
106 126711292423566.11
107 5.634083150742228e+18
108 33.51831300403068
109 128197.69938316836
110 59.578524406969414
111 8154594285141.665
112 5.634681924298192e+18
113 3.100000366929994e+17
114 129521.73989235665
115 309640.66635139677
116 1904335.8600101746
117 1963.0991212004596
118 1537.2571641314833
119 134177.93169487227
120 5.635030330134675e+18
121 8.30594782997492e+18
122 1.1319777812273836e+19
123 5.634073382619703e+18
124 5.6340733826197e+18
125 64714342791912.78
126 85519145613827.98
127 141.6813092869449
128 1.7015958147129526e+17
129 5.634073382619971e+18
130 5.634079214108216e+18
131 5.63409251080357e+18
132 5.634073382651941e+18
133 1238.1509704254513
134 1.1268146765239527e+19
135 4685.575182509892
136 5.634073382625357e+18
137 1.4336650773941412e+18
138 5.63407339344131e+18
139 158316933347.5532
140 181139.1240742278
141 239.44217248086184
142 128937.33166313029
143 2.746057059322174e+18
144 5.634073382619704e+18
145 196368.98831492796
146 5.634073382619945e+18
147 5.634073382706906e+18
148 2334079.4508126588
149 5.634073382623294e+18
150 813.2814466684379
151 799504773.2410187
152 2436538.2580429874
153 221623327461506.2
154 29.356481388073078
155 3125664.213229146
156 384663.0463071304
157 5.634073463384793e+18
158 33.83028372542168
159 40511774.31470755
160 59.599191604299556
161 2694387.462754842
162 5.634853014946655e+18
163 6.24136857575386e+18
164 584591.9187063567
165 864055585189193.4
166 5.634073382619707e+18
167 61928.701736464056
168 1645.389219784241
169 2799715744391402.5
170 239290.5480094096
171 5.646762465983209e+18
172 4068115552929.5093
173 1.1268146765242186e+19
174 5.635251420497885e+18
175 1.126872743035562e+19
176 987554905044.3525
177 141.94365870707728
178 5.634073382773045e+18
179 5.634099121979595e+18
180 1.1268146795636107e+19
181 32567575118534.418
182 5.5961324064295386e+17
183 1.0669419960556792e+17
184 1.12681467652394e+19
185 5074031.459857298
186 5.635027201977793e+18
187 166576980.46831703
188 198851350745.0436
189 19906160994.874767
190 1.2041099661269856e+16
191 239.28038047378533
192 1147.1784491788624
193 5.634378563947036e+18
194 715.9633939835143
195 962592961053146.1
196 2.1552704564337987e+17
197 5.634073382622471e+18
198 79035.14428434361
199 5.634145146396581e+18
200 15576431448.651285
201 5.634073382619831e+18
202 72043.5704066421
203 5.634073382619829e+18
204 29.33172347323058
205 12126815454.448856
206 281167.0612184705
207 3486508.9628608394
208 33.59196379821461
209 268140.4709528101
210 59.70460062549518
211 5.634073382619701e+18
212 5.728805957402157e+18
213 5.634073382665439e+18
214 127997.07073685854
215 6003598.296712957
216 128124.9302058472
217 25002.43266822159
218 120760.04552064335
219 131133.25019543417
220 88192420049.90182
221 5.63517628593504e+18
222 1.1268207814150078e+19
223 9705998581.25748
224 5.634073382619975e+18
225 5.634092471823001e+18
226 139068448385.73245
227 98747.4820086018
228 1.2419794528984666e+18
229 5.634073382779869e+18
230 5.634101952674255e+18
231 771185454004.3685
232 5.638129401861057e+18
233 46636002.839450896
234 18918779584738.508
235 144448.3838149346
236 2.8243401180589704e+16
237 5.63407338262003e+18
238 70672774.75090344
239 127963.88370299646
240 5.634073382619916e+18
241 7457114244236399.0
242 466.2784020475776
243 5.634073382619963e+18
244 135959.6972969148
245 5.634073382619703e+18
246 716985.176914029
247 5.634348873354377e+18
248 1.0505768208710582e+18
249 1.6902220147859722e+19
250 5.6340733826197e+18
251 351128572.8422868
252 284989218169294.5
253 4.753062069930472e+17
254 29.160593938249587
255 35290946.40098859
256 250234.58129347945
257 1.1856926314490765e+17
258 33.43628410291763
259 1838899.4038483435
260 26.871593352931598
261 3.112193747222433e+16
262 1077480455.8624616
263 5.634073382620093e+18
264 10849.919374533194
265 5.634073382619866e+18
266 1492452678.820005
267 780141.7751787967
268 1002814306906.4152
269 127977.9019801914
270 69124441.46963301
271 9.477978993800581e+18
272 5.634073382619839e+18
273 1127980227688600.2
274 4399696.514582555
275 166486.05366725742
276 28166000187.58804
277 1752.8449924545362
278 322712441543620.44
279 1.1268146765239534e+19
280 21733469.08426724
281 248801916985.3364
282 1.2951424465154332e+16
283 113316.08820135522
284 6867744998890.517
285 1210.3929328145582
286 2431325228.429052
287 925639013595.7272
288 5.671082421851114e+18
289 128119.13487945535
290 128261.63701413784
291 22155.65023885126
292 3293943.5915844794
293 5.634073382619828e+18
294 117007.33972797373
295 1661346126876.1702
296 128069.48469754713
297 1867948859815.5286
298 5.634077646694913e+18
299 260504.56626130248
300 260053.2178760685
301 61557003.15868545
302 8.433815265484675e+18
303 5.634073383925768e+18
304 29.093888306026237
305 5.634073392652505e+18
306 179259023391533.66
307 5.634073382620316e+18
308 33.658230898407005
309 5929113252358.078
310 26.89807370082799
311 543424.4238798292
312 143396.1185522818
313 140191.40744543707
314 8016618713.687252
315 5.637365671349849e+18
316 818247051.0496103
317 988958951344.3165
318 129803.63623751799
319 44469790930.17124
320 5.634073382644113e+18
321 5.63407338440845e+18
322 117495559.24699822
323 8791721544494969.0
324 3762416835.983237
325 206222489274.05716
326 329909170880.25696
327 130.76618111207037
328 876574.5993098137
329 5.6340733826197e+18
330 128048.56541729174
331 5.634073382619829e+18
332 1.0352005417831502e+17
333 64289.27880332494
334 5.634073382619829e+18
335 3763802195779.5815
336 5.634073382619828e+18
337 5.634073382619701e+18
338 701380.4997125067
339 159357753501.63483
340 84963381.50481547
341 206709.30560159398
342 218.28287997410632
343 5.634073382619956e+18
344 559223263888.6425
345 9808970098537320.0
346 133936.9435447208
347 5.6340733826197e+18
348 128072.47280162181
349 134344.22025607064
350 243337.85491276396
351 5.634073382619848e+18
352 423075479.6434877
353 45.001443385085295
354 29.220388664524314
355 29.770524220222153
356 257347.0148477608
357 3047203.42015588
358 33.66473099030438
359 129192.53575646465
360 26.810510107211968
361 11388907.634272277
362 15622552336.011267
363 13260079440.124466
364 24274861189.57703
365 6022175547.425609
366 5.634073382619721e+18
367 128266.90271516908
368 17226640.16075169
369 69449164101.52736
370 127974.60531695365
371 3180895.445600479
372 931854595348.2144
373 13065897706.583754
374 1157733120440.342
375 256060.00779707104
376 5.6340733826197e+18
377 597941058.4592795
378 1.126814676523953e+19
379 5.634073382619956e+18
380 8642639305761.954
381 4.575224460494823e+17
382 131742.25477839462
383 2248.930086464552
384 5.634073382636007e+18
385 1413076.588747251
386 5420362537855452.0
387 5.634073382619966e+18
388 262361.36984820786
389 278674.19354220154
390 1.258512272485919e+16
391 9797.428709776914
392 116433.75622957041
393 5.634073382619828e+18
394 617409474722.9773
395 3.686494721305359e+16
396 129411.44954830568
397 5.634073382619717e+18
398 260370.47628223407
399 3.690809650780538e+18
400 5.6340733826197e+18
401 5.634073382619701e+18
402 5.6340733826197e+18
403 44.934812402367534
404 29.14081501113589
405 29.94520346429331
406 439996596297.3898
407 5.634073382619709e+18
408 33.7959951902982
409 5.634073382619828e+18
410 26.649359127848104
411 5.63407338261983e+18
412 51433481726359.17
413 1.12681467652394e+19
414 1.544185874264483e+16
415 20763256.438270252
416 26276042834163.418
417 1573363.2926023172
418 128343.77709207039
419 14010215921.075298
420 184196.98554160135
421 73781727579.78648
422 128591.09206594463
423 1.126814676523953e+19
424 147157890195755.56
425 127971.40378709142
426 2691165.651780209
427 53100370204.27442
428 255948.48361222
429 1.1268146765241074e+19
430 3653822438.103378
431 5.634165590201581e+18
432 8457269.78466092
433 1788.456987184601
434 859.9076047796358
435 77.42019783988403
436 1.1268146765239538e+19
437 546638570052403.3
438 6787357861728.77
439 128114.11452265241
440 32.38360854636678
441 183689.2464958403
442 550685.9198010191
443 16656693.481608065
444 1381888.6796970693
445 4.636877824932614e+18
446 384208.86524954095
447 23215.076106390843
448 5.634073405137973e+18
449 3806085580467457.0
450 737.7109300345924
451 1120.4079333242346
452 38367337474772.625
453 1430.8748273059214
454 3268.9355543911684
455 250.8519803283126
456 5.634073809802844e+18
457 8787313220412185.0
458 4551.380296992619
459 1144265306862129.0
460 26.873629497550045
461 5.634073382906484e+18
462 1.12681467652394e+19
463 5.634073382619701e+18
464 27286950064733.95
465 1002240.9631725911
466 132476.87315138365
467 2.0788625684896712e+18
468 390095736673148.44
469 1341297215069722.0
470 508806531.139719
471 5.634073382619831e+18
472 5.634073382918839e+18
473 38.288425963370074
474 4.011302571043092e+16
475 144420.30675329178
476 127985.9195132164
477 918942059.3889333
478 203879.2126853442
479 288728.26815417607
480 129780.71352407428
481 5.634073382619702e+18
482 5.634073382619828e+18
483 87222.81374661234
484 4.206744811497153e+17
485 723035.2401659659
486 5.634073383531728e+18
487 128112.34898528455
488 2737205.807575779
489 5.634073382624008e+18
490 229.77577567299917
491 2.4904008853462538e+17
492 127996.45750234278
493 630.6134495177894
494 855885701688.234
495 284952915062656.8
496 5.6340733826197e+18
497 103782791.06384695
498 129014.43602319772
499 2416657159803.485
500 265569.6242893109
501 5.634073382619956e+18
evaluations raw_y
1 36048.91535189914
2 38247289635.19669
3 14791177606.371851
4 12205258428439.717
5 8459100084.582959
6 2606913687.6741457
7 42079.599164891406
8 1663665236528274.0
9 1.2119605137015406e+16
10 167166531123.97427
11 6578154.985110173
12 3476837262085184.5
13 58565.08550599648
14 2661369.386993748
15 11550.790393862415
16 713509389194793.0
17 128794.49375342204
18 7737.419732689553
19 1.2303785279755094e+17
20 4678175393.3289585
21 7543991877202789.0
22 920281905.6899154
23 32714.791255699536
24 2498346295134.954
25 213438233499021.56
26 5.80057543103444e+17
27 3.5745288525215334e+17
28 1131214056114594.8
29 2947421315.2593136
30 89450.09505058045
31 59488.97331851957
32 1.7219683103017702e+17
33 721410649530095.5
34 44110560649.95089
35 375811125446222.0
36 583597600393774.2
37 72.27802426946107
38 3171.4412540848484
39 1006491.6714658241
40 22348.324778920705
41 1.1941093332695916e+18
42 3703065290.3925653
43 2799966.1974519966
44 209764851135321.34
45 1293694009241.1724
46 11236844609.780155
47 388012.9792923105
48 171165239.26711273
49 2170277498.461101
50 85441868038.38449
51 3109577305.9690094
52 5.634073382619742e+18
53 1.1268146765239665e+19
54 994257.8917869423
55 6922.232470608776
56 2342769719969748.5
57 28557859202.015835
58 128344.09281077022
59 5.634073382688325e+18
60 184390.55314334854
61 19080526768356.527
62 5859688166001643.0
63 219380.04519479835
64 5.634073382663352e+18
65 7872202043.137332
66 127666035665876.47
67 23499471490.736423
68 2792.59413133572
69 5.634073382898011e+18
70 1.12681467652394e+19
71 5.634073382698039e+18
72 442501870235.641
73 128588.93438659252
74 5.63407338262126e+18
75 8357.492107024196
76 1.4000056193151216e+17
77 5.895968428563224e+18
78 72505820771041.11
79 9170555.792643765
80 24356879912.375755
81 903416.0137308917
82 9.341379563840391e+18
83 633229430294429.6
84 134315.2787625219
85 5.635948145056781e+18
86 9.748803505410771e+16
87 72.42480640663604
88 17971434.39740653
89 5.634073411502188e+18
90 1328108.3521013216
91 1.1929057411656148e+18
92 271896482559.30096
93 5.63407338261983e+18
94 5.634073382619828e+18
95 5.63407338262278e+18
96 135748.48075789658
97 128063.29024785683
98 395251.2387525713
99 958294.5050593207
100 5.634073468060854e+18
101 376167614.8531521
102 5208822583756837.0
103 1449446054.6536043
104 3062.9714166506965
105 59082.01492153202
106 5.634225223909766e+18
107 973325.1098196298
108 2797317510943109.5
109 1.1268146838659457e+19
110 448200.62593705056
111 5.634073382619829e+18
112 6.8705449651071976e+16
113 256023.03374153093
114 489636276.76470286
115 1030.9674272653529
116 1.1268194606829023e+19
117 2925172783682508.5
118 44823.907093631
119 5.634073398844506e+18
120 5.634073382626038e+18
121 5.634073382619713e+18
122 3.024727717340986e+16
123 441.5286323012418
124 4661095147.875534
125 39787.88221518447
126 11658658947.44185
127 5.634598764210755e+18
128 1.1268146885056315e+19
129 736311.5077498554
130 71232.93371611442
131 128082.94648550452
132 1.1268152203570037e+19
133 633790720047967.4
134 6.064744450238789e+16
135 5.63407338261983e+18
136 3492027652417.2075
137 72.4013349265597
138 57030.38994889075
139 5.634073467023019e+18
140 16432.713232412985
141 512667460587280.1
142 16486866282.33298
143 5.634073382620007e+18
144 209998035418430.6
145 1.1268146765239538e+19
146 129027.32259988226
147 256033.33893850242
148 1276071.4787448992
149 151029492323092.8
150 2376.419053414552
151 1.4188913473499786e+18
152 6.971528589342765e+18
153 8226295159778911.0
154 13698534154004.31
155 1541150250.4710493
156 2619822723.6336446
157 38362.571013089524
158 91943.47070943458
159 2354789867133296.0
160 9900616258600.127
161 5.634073382620084e+18
162 1.5811192673591306e+17
163 256261.75001032682
164 170282.5759126077
165 130958.52479429026
166 392437.5556729699
167 128138.62361300268
168 129.45439652057937
169 8567988029.797934
170 1.5269238900753158e+16
171 289643.93249779026
172 5.634073382619727e+18
173 391.4058721843457
174 258484191115.81345
175 227680139604.59424
176 5.634073382619828e+18
177 41652266.11560727
178 1161522246456426.8
179 5.63407338261972e+18
180 1.1268146765239435e+19
181 15489.24267723082
182 5.634073672935294e+18
183 1.12681467652394e+19
184 153950841685.30603
185 5.634073382621955e+18
186 81034414964.5354
187 72.53069265219794
188 10559.659159052075
189 1.772970426544626e+16
190 9413.322220788401
191 5.634073382739857e+18
192 1.0441279138826346e+16
193 132012.1150894746
194 18388688033.2846
195 133842831519539.62
196 128705.40490657304
197 5.634073382619767e+18
198 2.0658602603355366e+17
199 34911867095.923996
200 8640.273423706145
201 741032957.6960607
202 3.0142246592079904e+17
203 5.634073382619953e+18
204 5.6340733826197e+18
205 1861.2070638244852
206 5.634073382619844e+18
207 23960966566984.258
208 42.05154617519373
209 31.884187288266826
210 60101051.31179397
211 1.12681467652394e+19
212 5.634073382623649e+18
213 128376.45610621473
214 34.80862011405947
215 102582.43274255365
216 8.480361098275377e+17
217 1030.923992190759
218 1538.6366149207643
219 5.63433314945779e+18
220 5.666368014331948e+18
221 58119627516080.89
222 5.634073382619837e+18
223 67874.84692198382
224 5.634073382619829e+18
225 30768717974.326904
226 133156.0327409997
227 1177229.7529636065
228 5.634073382621308e+18
229 177924.82566928124
230 20528.540636686634
231 52066.8854327893
232 5.634073382619956e+18
233 5.634073382619837e+18
234 73829.43123966239
235 128195.686685796
236 5.634700753694117e+18
237 72.18151386920675
238 667694.5747958994
239 6038275909282017.0
240 40.23320309249214
241 5.634073388379425e+18
242 5.634089210845089e+18
243 58630.421216803814
244 521712.6959661081
245 1.1244473042663114e+18
246 263450.733621723
247 13.21414983225907
248 13371920662716.79
249 5.634073382620152e+18
250 1024943731227484.4
251 5.634073383815724e+18
252 5.634643003369841e+18
253 5.634073382619956e+18
254 27543063980155.742
255 6623588.231388485
256 29232850.843134344
257 111401242747.19359
258 42.204338301993616
259 31.885201825408583
260 3009466489544.6826
261 5.652525800119178e+18
262 5.634073382619701e+18
263 25300.208394028934
264 34.97825384387428
265 196185751.69824046
266 5.635215031858579e+18
267 394467339419347.3
268 18339017449.520897
269 2.963741674410463e+18
270 5081.507676579457
271 188720.39364177312
272 131.82289279076159
273 866.688680726745
274 5.634075957081949e+18
275 4448.127090809761
276 999846056.3497252
277 417982.0225367445
278 1.1268146769358737e+19
279 2.852153535902839e+18
280 3625538132080315.5
281 532879582.74491596
282 266572.2408075713
283 9710745661290546.0
284 383876.6288990576
285 266.30056822867243
286 5.6340733826197e+18
287 72.67264650115527
288 5.634073382619828e+18
289 2519741.247414153
290 40.18232944578075
291 5.634577236907287e+18
292 5.634073382619703e+18
293 722660785709307.2
294 294901563.38066655
295 765693047249621.1
296 601009.4725247333
297 13.196161014771677
298 5.634073382619956e+18
299 5.634074747493919e+18
300 143925.34431703578
301 5.634073382645444e+18
302 5.634073382619956e+18
303 128424.12096424177
304 2326997.1549168373
305 1029923.788247418
306 129170.82582520216
307 74571515346.43005
308 88.34078765338629
309 27.404868712278503
310 5.634073390708374e+18
311 4393219.116530324
312 257579.12932317436
313 1.126814676530577e+19
314 404.3664773097689
315 128012.08683144969
316 5.634073382620052e+18
317 128158.5552954093
318 626079281528302.2
319 4213831702.707803
320 5.635847474686592e+18
321 26384620326829.61
322 1597256.5066255257
323 17098.5659206334
324 66.72825156762615
325 34541098.963807866
326 1908238939775207.5
327 1075207717570.434
328 24594800531922.9
329 58505029.61734335
330 5.634073382619832e+18
331 8103047531074078.0
332 127984.15876586383
333 6.196314238981648
334 82073498711.57666
335 218.8412216409823
336 282.21698867897584
337 54058.57227359715
338 5.634073526170324e+18
339 5.634073382619828e+18
340 15141.330321020434
341 133806.1775618693
342 5.634073382620206e+18
343 255947.12978850974
344 301604884663.04
345 5.6340733826197e+18
346 4.383814358228198e+16
347 13.135018758635757
348 11662.590468943952
349 166356285309681.72
350 316503413273.856
351 5.634073382619956e+18
352 8.993831242523235e+16
353 1.7869241491146362e+16
354 39.03463825372901
355 3439257070352.705
356 5.634076692089261e+18
357 693.5620379556748
358 14460.314662039968
359 133.83175393385923
360 5.634362545262328e+18
361 111.03680742007151
362 129078.3684812899
363 3.243095316882602e+16
364 23060710913.29193
365 1.081661320441282e+16
366 24862505.190929126
367 1740.1936814589014
368 135396072.72351643
369 2.9210114579044045e+17
370 2152359461258638.2
371 6261177922.124154
372 79682.46805120946
373 56461072882.324585
374 154831.2317708184
375 270871.79731060046
376 88019315538633.28
377 1124160373930070.4
378 5.63407338432802e+18
379 128410.67821499152
380 4663.53619535458
381 1.1985121541564575e+18
382 2611453998891.965
383 6.078718098299634
384 255942.4295141501
385 5.723323191163674e+18
386 153279.07062244747
387 161904.1737423399
388 5.634073382628853e+18
389 15022612.405294426
390 47881.40889464976
391 5.634073382620567e+18
392 8493707.637882372
393 255994.27113587214
394 1863568.9135120832
395 280014616898.8551
396 1.0354704280506893e+17
397 38.75342528126357
398 30170154.291916728
399 1.1268146765239656e+19
400 71474254.63228711
401 62506085771.93893
402 1192611650.791291
403 1.12681467652394e+19
404 106368.77399298217
405 215383631301.0906
406 14089.030351664458
407 1288698.6432554564
408 5.63407338261983e+18
409 5246.24518618848
410 78835.6877145988
411 28703564.233270705
412 5.634073382619956e+18
413 127974.59690462741
414 403.6690332632401
415 4033793099964087.0
416 138043290.0850678
417 56602609.51248159
418 8.847437801859267e+17
419 5.634073382785033e+18
420 257517.68091580752
421 130091.97622158642
422 127963.80356532767
423 1283134536102.7297
424 4519.692644902699
425 109909.30879805199
426 7357016.724698282
427 256522.3342606402
428 127972.40759388753
429 5.634073382619828e+18
430 39505.70652805961
431 5.634074353371732e+18
432 712185.917668926
433 5.858521601355192
434 128290.3509479195
435 980340672.7874022
436 257010.66477749118
437 575951284.512703
438 5.634073384521651e+18
439 5.839559399555624e+18
440 2183441.3946630666
441 3.065528004810725e+18
442 5.634073573111623e+18
443 5.6340733826197e+18
444 2473.5966987997676
445 686.334672910851
446 9327075747717908.0
447 40.733312180729015
448 1.052157135433234e+18
449 1.1268146765239654e+19
450 1.1002743795717075e+17
451 127971.16034501723
452 25237514754937.957
453 5.634073382619828e+18
454 2934.9598386621565
455 7.03301439198937e+16
456 612492182.9612051
457 8613.452822032048
458 24186078.144037917
459 215.0255756937565
460 573456.1222009716
461 128010.11553186615
462 1473010449.824511
463 1204253720657264.0
464 147.8262966510628
465 1087051431799659.8
466 2258321326236852.5
467 965236.9880857096
468 11552293691.206753
469 965228.3887133668
470 89611806.6881031
471 2135360856408077.8
472 45.138142119052176
473 6897419.059798232
474 165054.65908826934
475 257500.46257394543
476 15079.880635694875
477 1129489762.3329577
478 1.1685963463662267e+18
479 1346010541.3547943
480 93494842.79626882
481 8142578725324852.0
482 255927.60457284437
483 5.634418991210909
484 851314924.7723542
485 3279782867.3298016
486 18.463649893736296
487 61796.85787284471
488 383871.5937998372
489 83346848530.39804
490 207.48376276697726
491 207027460.42076087
492 127979.30632485318
493 227.05230342158404
494 7.1096347934671495
495 5.634073382619726e+18
496 5.634073382619839e+18
497 83.22195326601215
498 5.634086924559404e+18
499 5.651162681582782e+18
500 4.527927670755384e+18
501 448700.85059525823
