evaluations raw_y
1 161.98178388379165
2 285198120702.17145
3 6369781951.365805
4 921354020.665394
5 98260460.75487158
6 599301937.2667829
7 21794310041.37484
8 36822734573.17159
9 24717064361.186214
10 2237859.406324004
11 25679568820.738903
12 26680.69080469587
13 20724717.537551787
14 59494058.28331787
15 9134097022.63813
16 38415783.29001078
17 292670765.72264165
18 284087113.0941091
19 1828171.8494543226
20 90757704913.04358
21 244397924286.9011
22 1800076146.5818224
23 174886.75247959065
24 106833773.56447595
25 1543631867.3095934
26 992505258.5210096
27 1416586.485706553
28 48.29615000642176
29 263008790.73330325
30 109592015879.21808
31 4991839.307067497
32 289623151.59998685
33 13122944733.358238
34 1776241685.4918292
35 1908702783269.1118
36 6986643358.611236
37 381877614.12161005
38 1739.0670607238592
39 39214384938.85699
40 30797144143.489628
41 12864129745.72666
42 24381741.2443033
43 18641856536.26438
44 194156.20972059525
45 736690.9386429151
46 53126627375.61624
47 883814737470.6616
48 1060.5735088521
49 33121181.617700208
50 11026170.986728074
51 83027856.89575924
52 238042234871.4426
53 25447729293.65274
54 17052422242.793085
55 229191969422.53903
56 69798011.41108768
57 3397412796498.207
58 1074232216.4122417
59 710243.3946383636
60 763102889429.8557
61 3212460737.475563
62 43184370153.59645
63 1521904087.7161705
64 17179996.62082135
65 597395972.1717111
66 910.9789295093586
67 529163880.8859523
68 2271.165148809153
69 120611983995.00108
70 3196323747.9835706
71 289921294.3741675
72 2463200453.1500783
73 10611816.260030042
74 793887602.0590035
75 4971.077448541204
76 2000620918.7536185
77 1086310699.4287043
78 1402279.9195678884
79 6018443203.565054
80 2422973680808.116
81 43114420648.38571
82 6127832757.688834
83 349548224.6068108
84 24456228173.905212
85 2158451083.286405
86 2206369975.851222
87 2413.022530938897
88 672.811861755917
89 104593187306.5641
90 518624287343.19366
91 436.65481137921313
92 2756.4056173893396
93 447.62344175053335
94 207.8343548424545
95 176292.6530021618
96 14773225354701.053
97 560.4100633293309
98 30094810365.281837
99 121922907384.57668
100 401494052.86545247
101 358.6924331353506
102 194070.24846980252
103 14773562506285.55
104 1011270.5972189524
105 1070045.0644723412
106 1425671.0196048417
107 121922768152.08777
108 817.5364545935325
109 4587852.47022471
110 3999127.1987361186
111 128241.45365812743
112 122165428114.88235
113 19136932.76393159
114 1773.2111099746096
115 62450146.34192161
116 10390518.985222867
117 1472612851.6865194
118 9909303.59421625
119 49265841.42813868
120 98229893.41093488
121 15.251881743000364
122 64043387.07649175
123 6508.360352223014
124 289675674.56198245
125 289921694.0856973
126 292670767.3002374
127 213607878.48508984
128 381877650.85072976
129 401502311.726689
130 596981248.3807682
131 10.338682503007378
132 72749158600.97473
133 14774145278746.719
134 17655047.594772547
135 8054283.460542853
136 18563464112.344975
137 73390670069.51251
138 1543692893.0718153
139 4490374830.218718
140 152799934.10111067
141 2665873526.9457455
142 68406173.27044128
143 1939654503.3640509
144 11661157342.278309
145 3193747079.516135
146 12641.714417273872
147 12850089.90409302
148 20529.021400704325
149 6369862462.970265
150 157300404.3399547
151 79495148.29919438
152 121922767351.51628
153 30490860.39904134
154 1824060.7076453583
155 3027657825.212443
156 21794307757.736904
157 24320401766.70955
158 5363.033842971759
159 25447730952.148155
160 72433184690.95364
161 30799266829.748672
162 5989921.915729683
163 507307.01165323646
164 43073377258.74712
165 122324650248.02258
166 71955271854.13512
167 1347114.495940104
168 631028.796127441
169 86667750.23898329
170 125102291814.19775
171 91182420815.44989
172 238042235462.89438
173 244397931505.20862
174 28.446261173559144
175 499108119104.0539
176 1207315.6599960297
177 883814715319.483
178 628534471.1712631
179 1367151350.7952824
180 14944.072089264246
