evaluations raw_y
1 31.304155906966052
2 707.9569299455347
3 742.7521430126887
4 1192.0854597010868
5 883.9514436860516
6 560.8217284598518
7 629.6144832218646
8 413.54464056168644
9 406.35163976170634
10 284.8252294395177
11 895.3215470924495
12 220.65095542300418
13 629.0586846569257
14 769.3836893806895
15 1073.9667757549648
16 909.9768529907487
17 390.3253342189047
18 645.10331084832
19 247.92286484033775
20 1352.8826174984317
21 569.3130907891225
22 486.2041403686278
23 278.31729562204043
24 442.7350383709592
25 470.2630952778015
26 581.3233184216615
27 201.09530401190398
28 20.391925469986933
29 576.8515156185788
30 1227.561492335404
31 29.934638131643684
32 488.6289602852626
33 197.01049974155814
34 793.9692026763545
35 832.1024263455666
36 237.05075816892486
37 360.62414847860913
38 122.31744861942781
39 17.496228626414332
40 104.04768842301091
41 387.92851353936726
42 16.43547208303809
43 13.93044341120821
44 56.61798276024664
45 89.82544027058495
46 256.86544496389473
47 66.29220677833624
48 181.39152051318015
49 21.362661756295942
50 135.19124768246013
51 207.79547047059626
52 334.8463016556366
53 168.66218969181543
54 83.17863269122057
55 17.652778149183057
56 438.948940483669
57 13.395855661040882
58 20.391925469986933
59 282.1062797954214
60 519.1961247747644
61 14.427877409666362
62 18.76488308064954
63 8.725242251279699
64 17.70745827984927
65 9.176576510474105
66 18.36885320292533
67 14.772555766498417
68 22.006747522176873
69 663.0205885014735
70 55.50867411057008
71 11.160709026073803
72 23.38648791551813
73 589.743490124182
74 654.1974095854638
75 16.62946828795292
76 1566.4617240279615
77 195.7435117301836
78 192.6226564370463
79 48.610282146900744
80 22.23149893327908
81 53.829361224386986
82 293.8702452785476
83 14.856270472861778
84 31.074154737495217
85 70.26340958582298
86 12.700401610385883
87 187.74384629276045
88 16.266814382422105
89 206.55611728280837
90 696.6789877800271
91 12.55555147585505
92 10.694413616200261
93 169.17951824692437
94 83.84263484581338
95 138.902665638592
96 12.138037702269951
97 480.10117634894846
98 10.159160809541914
99 276.6354581818758
100 12.235362272441769
101 15.08133942833241
102 38.47719784831327
103 634.0914618776563
104 310.585568901665
105 10.675496462423132
106 25.74581184826392
107 134.08097421769688
108 89.88091855271227
109 21.604652392762844
110 52.39984524434919
111 851.4997088400064
112 633.0624850978904
113 110.21492272324848
114 24.72626600015218
115 15.925428435868046
116 765.6217355259332
117 11.75018942283074
118 7.831442986388451
119 30.784333532243274
120 939.860454448338
121 25.03449536485633
122 11.097935552121132
123 87.0365384252072
124 15.788739100279015
125 77.4352040844717
126 11.14917521878372
127 14.247895966049292
128 9.512610820422584
129 19.740115947949167
130 7.477955733192647
131 9.463447828675436
132 34.59038654208173
133 387.2615623596864
134 224.4465599034104
135 10.06746130964115
136 798.0247141345676
137 7.835599703397293
138 41.03226913528255
139 12.820597108636427
140 93.01609890055754
141 86.2711357540745
142 18.77143139169994
143 129.9243042024473
144 11.11862662082184
145 56.67777191773118
146 1130.598492284607
147 135.25299860290724
148 12.83813328169067
149 35.20772724070028
150 512.6928607414212
151 12.345670144082403
152 6.434182149436059
153 48.009779885031115
154 16.696569523165998
155 69.63246702800387
156 11.019702121833737
157 319.10002616473844
158 20.290347799280788
159 433.7130900050667
160 8.103086734064275
161 8.911031220644915
162 636.8342153991766
163 38.38496252706949
164 1054.592017347607
165 11.653052132197644
166 24.50566137816436
167 12.560240867661774
168 162.24935137502317
169 17.11518539463313
170 82.07256988985294
171 54.39579340895764
172 82.99475226568222
173 16.34152795318025
174 35.36270128790464
175 18.732946392278336
176 1932.265154119171
177 9.572446028643562
178 6.31355364766119
179 11.170292975856528
180 646.8165281254172
181 8.435192849698366
182 15.562277044676755
183 63.04419415219797
184 11.278651144444138
185 12.616517465419719
186 6.72763433519744
187 14.816603939192209
188 6.09376424765069
189 380.52257141854557
190 10.14407749000717
191 7.859935659517632
192 631.2212935678245
193 635.6935570743308
194 55.1112151635118
195 11.689518184719393
196 98.34931608179498
197 7.459150233418738
198 64.74393088285922
199 49.71458773904083
200 195.74445128480622
201 239.51594976323
202 38.54340420909642
203 102.22527413053785
204 13.446400158209864
205 31.808256744755333
206 851.528417329707
207 308.1488341524469
208 9.823323956770693
209 10.357271228450678
210 284.3392042251561
211 7.2336727093657816
212 12.038661744728572
213 9.7788188767007
214 7.935513323266321
215 36.583961145698495
216 13.422312024545496
217 85.37032210719393
218 5.182986691282675
219 315.64590338425194
220 7.633016937914249
221 6.411395825550578
222 17.32838542451527
223 633.1910642371796
224 134.02022095335576
225 17.875372921859267
226 17.312609716337406
227 20.483895753629255
228 8.760757540028616
229 28.473892623791528
230 197.44990471371676
231 1115.4184964276017
232 632.3741780318559
233 133.21784669189412
234 35.20336717843438
235 18.740691199008747
236 174.10678426412136
237 9.652756884431463
238 6.537598644194998
239 8.69168939038839
240 401.4345868128986
241 7.057573236424995
242 7.0395079278678105
243 106.63500625714025
244 25.453085755275893
245 23.75181587631768
246 8.835864334306851
247 80.29742359013792
248 6.126154663902376
249 10.206967258872634
250 6.273704986056266
251 5.232281491182287
252 33.41262965023731
253 134.63806242117246
254 371.36433409377764
255 7.1608984581152875
256 22.077902345635295
257 16.897414263224135
258 28.907740332831438
259 8.406113743723875
260 10.592707058891182
261 69.16956492410279
262 135.2287993251706
263 676.5359816400673
264 138.02288051132803
265 255.45185763333512
266 505.9673757501494
267 35.715279672928965
268 9.190061266609014
269 5.392284052550633
270 920.31267467521
271 6.115321226538838
272 13.071078586577588
273 285.6275133928375
274 53.08695153882966
275 33.38226821066469
276 6.030946019384062
277 12.073388938741694
278 5.809564250939364
279 664.5126497651158
280 5.571973151160083
281 6.082847225348682
282 12.440547276592183
283 634.2469799116046
284 159.19854086013737
285 12.435344243083161
286 7.252087804387079
287 5.253804437788919
288 36.21234779691433
289 5.9723322227025095
290 4.7404587406113174
291 639.9802175528475
292 24.421157016391582
293 630.7941969157814
294 5.473383577541195
295 109.64135685959513
296 111.56456985729034
297 340.6714482222198
298 5.504666991374693
299 5.7538923498679555
300 634.0634321537003
301 9.905370085143328
302 9.690435925820143
303 155.71300722164722
304 13.42384558321149
305 4.5262165643071715
306 6.66099000828045
307 74.12559156839792
308 8.443155424867328
309 144.7331797969404
310 5.1779378060912435
311 6.147557773633337
312 46.2318937469485
313 16.910065216709086
314 73.47859704292459
315 8.02168554857122
316 18.589620457883544
317 8.95495403741267
318 7.608563109365829
319 6.4814835620123255
320 8.375576794224813
321 114.10907103700661
322 7.272402135527096
323 31.433932657408647
324 8.865153789498919
325 42.04408324003588
326 199.95232666038672
327 65.35275196509116
328 5.5531361913171216
329 5.933331681846259
330 45.923379998908345
331 4.589488336845369
332 8.728439380597992
333 10.859889909003837
334 250.86038780721358
335 53.8262107490744
336 6.070280253169884
337 13.518938937775284
338 5.5713266469172344
339 19.235314151226053
340 4.525516721521799
341 6.206748887718735
342 13.569710434979957
343 646.9208832444127
344 43.88638034442828
345 11.722413104827126
346 5.386814891653983
347 8.081540212436726
348 8.139711603778649
349 7.2950724788792725
350 5.4421550245377786
351 1553.6603384392438
352 6.939723047562283
353 631.1484437543295
354 8.032415432017801
355 12.471792225759366
356 46.048658436572836
357 9.25667726681755
358 4.729537400719449
359 4.916317400326655
360 347.7073820163731
361 6.283022486532111
362 5.032553466754679
363 416.76622419620224
364 60.191166609108265
365 7.553091583446562
366 6.538574913775051
367 22.154301475956043
368 7.057687242274949
369 169.17605543744014
370 4.391715718704938
371 9.671688750298127
372 9.330480096327744
373 251.418934360229
374 10.548739704125516
375 5.797941820868359
376 8.092898564074993
377 4.716068995017691
378 7.034957598782036
379 9.103703728013745
380 4.10986441632175
381 959.5682675266762
382 13.847224162218739
383 6.1541918107077525
384 19.208706746225563
385 42.739293746206684
386 204.41429883881528
387 7.004610152984985
388 4.292199461706349
389 4.507876483042049
390 150.39345930733998
391 4.8925507761538976
392 5.986299263873589
393 361.1272259328168
394 630.4422219298044
395 6.894592380386405
396 5.908836933821398
397 65.07473842614489
398 4.919216953316661
399 18.961199867879976
400 4.100033679236018
401 7.26975682413235
402 11.60837577148568
403 632.1689933678744
404 28.90029576131335
405 24.453344514543943
406 8.832582701629011
407 4.734859309007329
408 5.695575052041391
409 4.975764701201093
410 4.515582562594231
411 263.159428614466
412 145.49750670249293
413 630.0202045952839
414 5.522403756490717
415 20.337207799515994
416 73.25554595011721
417 10.10991170606206
418 4.941611786933192
419 5.330001700942672
420 271.24792736774714
421 7.775605097201527
422 4.306405942450983
423 14.567603457424427
424 8.583221477907271
425 7.6858472807400515
426 4.820646211577262
427 9.93854078780775
428 7.7135600206172725
429 23.085752273306134
430 4.077211324193681
431 6.563912987729779
432 5.090911697960048
433 632.9607242091363
434 18.537979413630474
435 6.899765169456853
436 4.589010310087894
437 4.453199737033247
438 6.085067155897484
439 5.779047320809266
440 4.6039280802234845
441 8.9600228044114
442 9.85796176482675
443 51.8306526442784
444 7.998822957035426
445 33.09927434349862
446 363.61020362142915
447 5.566929512205135
448 4.211693765327714
449 7.398984349343094
450 15.128461638389235
451 9.063321810015225
452 4.974339822565662
453 49.29230812303468
454 114.49110571366354
455 14.629449149366893
456 4.711502623138541
457 35.69374989812294
458 6.619221225791838
459 9.867585241464893
460 4.084675068052345
461 6.077411953822194
462 7.010574893276107
463 634.2706811815158
464 6.780346914682377
465 8.12422637060758
466 13.747478990607721
467 4.1186539442087735
468 5.271753307246064
469 4.978940521693474
470 4.182611482836624
471 39.99101875977167
472 120.183210106759
473 634.9728993448996
474 4.777423271301282
475 11.505126175987188
476 936.4997528817048
477 22.424705900862303
478 4.273745463095978
479 4.848474559633103
480 634.1363220877151
481 5.491389228638707
482 5.911280705905958
483 58.611207174571206
484 7.037882186400556
485 4.347928817765412
486 6.093763092200072
487 10.528400154198852
488 5.670939311391507
489 6.866175892132978
490 4.078865194064144
491 10.305397284784034
492 5.312117371489048
493 391.15023222151007
494 9.39214069937529
495 8.333804989739317
496 39.843106915740684
497 4.3496316134900015
498 5.597895591446815
499 6.1236370771443305
500 4.558950046709797
501 63.67796356518744
502 8.013065600147156
503 375.57492621204545
504 5.622839827421747
505 137.7487343417432
506 319.2162914585705
507 6.384419163755286
508 4.09746246726574
509 4.771103018607044
510 180.16581062294236
evaluations raw_y
1 823.1243811499621
2 380.9813322240372
3 794.6310231146487
4 262.6997200770511
5 791.7019653568459
6 1313.7799869691553
7 717.8862186339563
8 731.068139348766
9 954.1924095660393
10 507.0909507433774
11 646.6548020492176
12 576.5737358178949
13 679.4212718757753
14 404.0927479274012
15 698.0112135604317
16 536.0617062496435
17 296.15999860241305
18 727.4834601638242
19 634.6162542013724
20 929.756380189033
21 514.6433983046963
22 1521.268459180389
23 1010.8852875214554
24 631.5983719578815
25 1739.9367389958338
26 362.0039708197418
27 1109.466249713603
28 356.630533031581
29 1186.6626998479508
30 882.7079496743412
31 652.6854847742549
32 233.241805291427
33 156.42423292675784
34 262.6997200770511
35 47.09773532828294
36 966.6013362148813
37 296.61348988581994
38 237.72194880335914
39 382.4339540437512
40 533.2712040661312
41 300.69757414208567
42 202.5558615661175
43 213.70896694446847
44 394.7293499403254
45 478.5935983801492
46 1152.7067507496083
47 221.5595083321932
48 644.9278497499333
49 1401.6060879455358
50 248.91793768598922
51 1437.1214187432972
52 1270.6137483615316
53 408.66062820620897
54 302.0005903525593
55 1323.1200799920246
56 289.85850309694183
57 372.3286374537433
58 9.907112372681357
59 320.94659058394035
60 1262.6399832647367
61 1554.2420250120347
62 618.8162480933124
63 638.5146983033563
64 7.55657631990644
65 45.19125912627812
66 1828.7213796098538
67 25.06931167526626
68 695.054802081116
69 51.93410776746968
70 705.9699842654868
71 754.9623526461153
72 18.611853341590905
73 67.79779088496187
74 634.1590134780731
75 649.0340464261359
76 208.82516891755688
77 306.47507392263094
78 56.42127308546731
79 381.36435112713104
80 427.2783053035394
81 2051.913513791349
82 1040.8333187478052
83 579.3035658564187
84 509.43630733178776
85 9.242873145013192
86 16.529749172125964
87 19.651916922098085
88 204.93611891439477
89 33.82393089155682
90 1197.5996286242053
91 1451.0040076198406
92 960.575856439241
93 494.38201667150406
94 9.573284886698222
95 27.536952614123376
96 124.40173085069365
97 533.7735209420518
98 103.03194831115526
99 783.9057288317268
100 322.0585717002811
101 780.1424882509519
102 21.031110030703235
103 19.855911110700323
104 107.04224361611068
105 639.6578886210615
106 36.69437593054974
107 108.09566993623496
108 319.6191096997352
109 438.1696539561982
110 350.9669507065541
111 1261.394194111129
112 768.6995304683816
113 83.39918487962498
114 112.37223691677464
115 202.77243152264452
116 10.650486163864583
117 116.19808816664376
118 9.273679517974871
119 55.933757020610464
120 559.7819548109987
121 118.92999908047055
122 99.14199676424532
123 29.75409611834947
124 10.315989246321701
125 8.546839256439329
126 29.26449475116457
127 73.6772288996983
128 84.00727630056096
129 777.8463998622555
130 812.5475754355944
131 236.45988726459547
132 30.94927902393479
133 73.15341961058029
134 94.62344642836665
135 244.98336801751645
136 338.2020283050115
137 553.48716210279
138 14.79211239672382
139 142.67369990194612
140 744.6786222321952
141 1411.078196939302
142 20.162134199409785
143 1106.7743449255167
144 241.26690927648943
145 57.102409091700274
146 13.778124945080677
147 96.30780667791495
148 14.8293573814298
149 24.31282570010452
150 632.295575336864
151 841.5938388821853
152 741.2117744428919
153 711.0775375306181
154 43.75327367001433
155 8.508899971047025
156 22.132136152027673
157 28.460083328628727
158 530.7338040723245
159 197.02025149448986
160 293.1455947995198
161 13.192136864871149
162 29.388228709276888
163 9.002637734627546
164 11.13748341550877
165 277.6292063725709
166 95.76704291278295
167 47.231850079179175
168 41.61476271315978
169 14.539074566005008
170 632.4480906546991
171 1180.531574291917
172 502.03466386224784
173 12.682587408143112
174 24.379198691084138
175 16.400665613141626
176 7.218195618794601
177 26.838218159709964
178 21.347616962147015
179 41.81335832959102
180 482.96691111122203
181 36.70007294626664
182 775.454636422845
183 11.791008759295261
184 10.9483013759138
185 30.885021597411498
186 61.48859145573007
187 17.02411548921915
188 208.58497474331293
189 166.98050218119437
190 13.963333610971205
191 223.20082432220735
192 7.945903547720142
193 37.27398391568583
194 162.2967379313415
195 14.996297872963815
196 674.6593269166406
197 376.0284061250397
198 22.52466256771811
199 235.1937842249535
200 540.7309465616124
201 369.43014458556974
202 5.379319926923918
203 896.0247218618849
204 40.85851783737946
205 98.61963667538748
206 132.66085472309587
207 310.4169374684681
208 81.44766362627806
209 27.642996854207695
210 49.566308864339575
211 296.72040245899893
212 6.932962851128432
213 692.4229443725012
214 8.11643006704568
215 11.51397846683455
216 114.88016785572204
217 13.179515498703104
218 31.08329835027042
219 725.1878738422068
220 299.4733649770519
221 10.109014736309428
222 17.108442117434677
223 6.24825911348834
224 13.297047744904507
225 9.89177214561591
226 14.583050131998295
227 7.125705730416071
228 14.96549617956806
229 7.728951685550839
230 638.1036239149312
231 730.7114272443264
232 177.26724867370538
233 27.839553933318935
234 19.087285371854875
235 17.206681008312792
236 31.70391627042216
237 148.54891405457582
238 15.845767318200291
239 22.559227981422424
240 10.345192168035782
241 14.275016070450988
242 1046.7450927713905
243 43.92586986521013
244 9.02060448624772
245 21.5413972063488
246 299.8552670247962
247 11.463709861967414
248 240.40916916842906
249 57.5785855346911
250 60.48235281263674
251 684.7317905415674
252 11.92032224176075
253 73.95685258385592
254 35.86947826436224
255 7.6609230843718015
256 14.497933835294162
257 96.29393530185985
258 9.814500986828232
259 87.8402104593616
260 20.11719908559148
261 51.35232624214614
262 133.27958350038938
263 37.095028049703124
264 36.08100845594012
265 133.8874122161781
266 14.949245473914807
267 37.223979295899824
268 10.079301760804462
269 121.0202748822434
270 168.24524273637766
271 390.67826090236434
272 10.698022026954252
273 15.878967469933956
274 18.021465090577447
275 5.9902570034334595
276 11.009957811526538
277 7.157263984899029
278 14.693167680435096
279 340.4054788081936
280 226.6860000452291
281 9.836885093082277
282 7.696365286507661
283 7.513247048897119
284 6.870174361703342
285 9.49773095524968
286 46.45456004125837
287 30.933582398685402
288 20.532663210174757
289 81.9772407374656
290 67.05457217137813
291 240.39917949753465
292 13.76804165768249
293 48.2887850382724
294 30.453969902045152
295 14.810861827917087
296 6.236972268600301
297 653.3676549909587
298 13.233172094937999
299 11.892973794138253
300 27.706061895295196
301 306.11272605093444
302 63.155446496846835
303 18.53128256313234
304 10.241747923280771
305 5.790322077830687
306 62.03151523645794
307 30.150295219731717
308 717.7512661995871
309 1518.7352117470796
310 239.85718878915006
311 77.5013579085365
312 7.721750483040554
313 9.867161587388926
314 166.85053825957846
315 9.329608557565752
316 34.24173459705971
317 148.4111675775698
318 13.018836049482221
319 12.365642776386727
320 41.79760543674524
321 112.21784740903587
322 12.151131825499299
323 104.27842131436599
324 17.755310678610364
325 110.79115942717178
326 87.82812580536472
327 6.353079568306084
328 18.633040378682605
329 6.840485950422886
330 49.744074286525546
331 110.33395249899186
332 22.66410534511502
333 183.59413015499507
334 9.26733598075181
335 24.05200013046572
336 8.629510054274537
337 11.277010248136435
338 6.253326702893766
339 594.8269306990281
340 161.02460346422333
341 187.52588942957635
342 6.8594469088981835
343 5.915942101170514
344 12.592051428497754
345 7.109970322967003
346 7.750027385379504
347 93.98755134757454
348 9.380194642556116
349 25.669257794381913
350 264.78875616368066
351 21.491746718583364
352 29.059358264076582
353 41.555084157567634
354 11.192021444595934
355 18.293612270830664
356 5.154952959504923
357 348.4256532152851
358 54.73085977065562
359 21.03220349730342
360 28.516658626813744
361 113.37753875641023
362 250.08650955888248
363 632.9682648280628
364 7.516754460676155
365 6.682691320290877
366 11.04584821997823
367 5.775839620739095
368 411.64763060184595
369 687.1590676192739
370 639.0322571868377
371 48.00863755583862
372 113.22649555132132
373 32.980031547440326
374 44.063544325290664
375 5.802792993737542
376 113.47873315127264
377 17.17234332269401
378 6.8885886850093785
379 10.609123065825324
380 7.285672182422849
381 150.39942174813123
382 8.948098638513688
383 9.019510754378443
384 7.4339213075801736
385 68.86666209982158
386 7.286377553291075
387 17.252057160263025
388 72.47498210106039
389 6.452870702287221
390 11.298680345440676
391 522.6379073947486
392 6.2616301187087755
393 163.1214576058596
394 6.519418167883561
395 7.108895751305315
396 25.579910875680977
397 10.46773362062303
398 10.641042618989772
399 436.60508335378125
400 1113.5126384139817
401 11.392778557870122
402 6.7056287500416705
403 7.333998589839727
404 159.3392404005343
405 6.218068170725102
406 6.259312684921362
407 104.87473995667023
408 7.86839439479508
409 54.75199934998477
410 83.9209823281014
411 17.128188097502473
412 10.502739185263174
413 45.72961353976828
414 7.085864142854767
415 41.41042343039195
416 5.955582853651226
417 494.63307465566686
418 64.84134699554345
419 7.211894996675825
420 112.64583834909699
421 14.344832996592086
422 122.02153816879138
423 7.990721340773662
424 13.940039855070717
425 6.753852483197324
426 244.37027762995996
427 5.308446010700686
428 662.904028031563
429 40.454995737389424
430 16.988872391661857
431 217.22821910342645
432 10.687960468822466
433 6.900420510754138
434 26.59224626561941
435 7.649918098635796
436 6.865147355389257
437 20.548901481582924
438 7.105608520296838
439 595.0595178710503
440 16.102766637791653
441 43.769160806091094
442 24.100012882306178
443 8.766177409380493
444 5.549597250525373
445 20.01967561861146
446 22.71593163311841
447 9.271148132597641
448 130.53662975054672
449 11.010471212104708
450 16.777060047030737
451 633.0925361117249
452 7.362710900387567
453 42.048433392904585
454 6.637041652130211
455 12.41118867040758
456 9.48768923298078
457 8.494048969848578
458 677.3519470725499
459 227.676509173886
460 688.703819370766
461 220.4759442015094
462 9.540417231780149
463 9.59150044232399
464 11.68722712225606
465 8.723292985207012
466 5.912857917885774
467 629.3454924697694
468 9.676397941460118
469 89.36398647896036
470 367.1663832380297
471 8.177218967258238
472 15.470610355600023
473 44.09081812562223
474 6.722614278541307
475 14.304941243101434
476 6.364025636431897
477 237.00729205043024
478 649.7292570064059
479 54.62120500849728
480 8.660522611439555
481 791.3186015163693
482 167.72613216612598
483 5.285486808555603
484 5.171891898941877
485 6.766788283588887
486 48.706688209387735
487 8.352091089644311
488 6.391377126315434
489 129.49900656786104
490 127.27967477505467
491 8.031474601738992
492 229.90854407712789
493 14.995008344003406
494 7.739547291532922
495 5.203502759786708
496 16.051393217444833
497 329.7996353252853
498 11.996683845158572
499 14.441219972597404
500 630.2226509463214
501 107.97236131497647
502 10.489904428141179
503 28.66338514258488
504 5.791192567226937
505 10.384113076949546
506 5.221110584244903
507 33.41721769971728
508 193.5765837196576
509 5.833528103345998
510 17.206973244076014
evaluations raw_y
1 511.84617951314834
2 134.68543171474462
3 283.9145617582305
4 682.966232153111
5 818.6024880666796
6 364.9393925217649
7 90.30711319852767
8 227.75173262701765
9 705.414497381081
10 489.35023043884416
11 461.92888811724094
12 1977.0318244025118
13 275.60765035198773
14 978.3766477069249
15 167.89616807450497
16 706.1457234904715
17 520.7016283240918
18 732.4238179350773
19 561.6964255201058
20 345.36188792903715
21 547.5756657422249
22 377.2072811014521
23 331.5313663663987
24 232.2102763559802
25 387.0477589473997
26 719.5148729982805
27 379.7857355503753
28 1178.0361758730835
29 425.40376625020605
30 643.3484568400686
31 184.01067211878464
32 93.4056380687039
33 16.691625180202504
34 220.80937713303027
35 96.82462451486123
36 77.70765820827478
37 90.30711319852767
38 13.01061219574132
39 681.609083428355
40 70.45970353517369
41 204.84234447625425
42 85.12306333762692
43 260.09686420566953
44 91.87954530468734
45 49.70338658601733
46 404.46182150593205
47 123.91556068605
48 361.40417914456583
49 134.77277729255223
50 36.30710776091506
51 236.6517029970649
52 242.72105301884395
53 194.09677822675025
54 836.3646498683257
55 113.90582307575588
56 229.3250655560391
57 249.12407968024036
58 682.8738060773359
59 102.48212856361584
60 158.44311111000405
61 12.421476579454602
62 19.227186998326022
63 257.5536577927933
64 192.75444730897152
65 116.50530167554712
66 56.00762675124581
67 21.488544784197344
68 55.56601126777535
69 757.7083797465889
70 63.174656029744355
71 37.962843627748384
72 1308.7587943229018
73 99.57524124098634
74 36.75289786117959
75 127.2383737996712
76 20.263365441036807
77 10.550722330534288
78 1742.7797718938275
79 92.25860583662305
80 88.80774190350502
81 10.631327964195222
82 13.625602266272693
83 98.66027365457668
84 290.32306057739777
85 228.2008339838126
86 64.82550057755991
87 900.870890552584
88 57.71213525922609
89 32.040034481004035
90 229.17757242839716
91 11.987233361662724
92 14.29771935688633
93 39.47892632577216
94 550.1082469382541
95 13.336095419877111
96 122.90074506939035
97 13.303651033346977
98 10.598241684234331
99 614.0401840424211
100 423.04273206410204
101 17.372944860899988
102 33.24377627848175
103 29.096622329518528
104 22.499650018075826
105 27.037151971602697
106 632.4271345842
107 17.51785191682339
108 14.227349358608192
109 11.046501876658915
110 14.121212852224108
111 14.73509293889521
112 17.419543109068275
113 15.268375555057963
114 1891.6967272594254
115 157.09833623003726
116 30.167126666418422
117 232.30827297238457
118 63.012995360012496
119 313.3924310976475
120 1356.6200557563584
121 10.657692715575667
122 13.296376326015174
123 97.87081588258276
124 15.259973235869705
125 19.68477946446818
126 26.197233216096897
127 12.544367443034364
128 19.16228165575702
129 390.50185575500035
130 11.763179976123824
131 29.730850858842214
132 233.9537213058772
133 191.518437386794
134 30.628058093435037
135 8.905383762329356
136 9.21005676056412
137 10.579004833683825
138 176.38804384969868
139 6.69462472314726
140 20.972113687810158
141 8.555678351677749
142 13.096935611772253
143 86.23415829573398
144 722.1459409793623
145 37.45089208497966
146 15.816716129874795
147 1053.2744036891772
148 182.38077360473937
149 95.99451057408587
150 185.6363790712723
151 10.257384029178791
152 6.759113139303933
153 27.01607284380328
154 35.66641586684122
155 8.568445777798841
156 33.2518022511717
157 12.105254444277882
158 10.614906573964296
159 104.4167919926191
160 85.28903888269913
161 18.98244984529175
162 203.7441197588588
163 273.6960720882736
164 14.472725791033332
165 8.102215031977188
166 180.21461004194776
167 38.417766226310334
168 20.925390559840135
169 6.446389969064988
170 12.368909567545447
171 27.291503722465887
172 12.143900969922225
173 58.70723149599886
174 326.6774463278284
175 8.761467804573766
176 41.92946977570628
177 414.3160010928796
178 20.051932924994492
179 47.827237838764184
180 47.9402247347919
181 9.931734394248966
182 18.560474663542546
183 32.36297148929171
184 5.784001101062191
185 9.892506892321126
186 37.586895112955695
187 8.570664735314683
188 9.586844147761616
189 27.882235975523184
190 15.184595137040231
191 21.568074349727116
192 71.08706391500742
193 25.81794455324505
194 7.558086382504156
195 9.640103833974845
196 21.448642454774582
197 12.847565859306687
198 897.9088826857713
199 6.490438985869976
200 7.719875604694508
201 40.9315857169921
202 7.3278120570251515
203 24.095284101982877
204 1268.727640177234
205 7.146835532077516
206 8.545456385412482
207 311.7540230653675
208 19.998249980984895
209 356.49795229122515
210 37.39194900408342
211 8.551568010699674
212 6.082971631945206
213 11.338325534306591
214 14.810220004202764
215 7.8102587470195335
216 22.088231380157787
217 9.803985658175273
218 6.838414250537787
219 13.412174307506076
220 214.10530625492535
221 21.23437972897364
222 1228.1146621828664
223 97.29915630218484
224 6.294335771337746
225 6.568383695160884
226 649.6897320714857
227 8.314420193310857
228 12.61445262080765
229 5.811296110550138
230 38.486577464075026
231 27.743420423628827
232 9.18942751353001
233 7.12061150054652
234 1025.3997323568672
235 9.293149550927154
236 16.39711637004705
237 1274.6791516946296
238 11.312203306117162
239 1256.143196045666
240 6.932338376869885
241 6.570725832274383
242 6.603158614506303
243 13.128651401632453
244 12.260712950645352
245 6.605136866149683
246 43.57073515865125
247 11.091628542914865
248 10.404066489976913
249 388.65634716941685
250 372.3018418105908
251 17.15131685227226
252 196.02879261716703
253 62.4742913746236
254 13.78508403863745
255 8.514798165929266
256 13.836955246160008
257 9.820668764338837
258 622.9714292964137
259 7.534051244306447
260 7.28382929773681
261 7.431588932017679
262 9.69943088172755
263 6.64525779399529
264 770.5661799579035
265 6.398376925216488
266 10.486093409560159
267 146.26745352562747
268 9.45535794241871
269 87.56100574380147
270 12.054502208200239
271 7.227916361959273
272 7.777273594241337
273 7.035063534122816
274 7.17444155719274
275 5.514710723723241
276 6.480046388763975
277 9.857481539397432
278 10.508262876949784
279 18.899362487912022
280 38.81751909004079
281 50.849809344677254
282 728.9475182505632
283 55.1256022530014
284 6.7267858307341015
285 8.217924223561807
286 724.0849265598913
287 10.983713751970779
288 679.6242555804838
289 6.446733983073088
290 11.152336961104236
291 7.81953993753685
292 7.449368093920494
293 7.274357221864011
294 597.8013940681926
295 7.0421664494850305
296 7.881184107382951
297 412.02187734675687
298 12.553360397439814
299 83.66171050724071
300 6.367521525334757
301 6.325635769134479
302 7.0104560948781955
303 14.20923373376837
304 9.086151223209098
305 5.755144997103617
306 10.075007069485572
307 8.204367295976596
308 8.415827170465178
309 21.843173516101402
310 43.92924251971774
311 6.835613677261536
312 76.00593223137284
313 10.507314916336668
314 6.491934560969368
315 6.070556120701678
316 527.8721856207522
317 16.654901834211902
318 85.07316233024028
319 6.796459772447316
320 5.951211994082704
321 6.393805631198531
322 5.490777702365095
323 8.014132535416417
324 424.7392685551805
325 6.32158676645318
326 23.828366328618984
327 718.9917297600394
328 11.145323552164587
329 109.21172420022377
330 5.865564613990317
331 6.116981553617947
332 5.9299381463068475
333 12.421459779746588
334 16.649356445224942
335 5.529762052258463
336 6.618264226290106
337 21.45000432654542
338 10.422251568555923
339 151.7543385391555
340 38.31894385742277
341 7.089279832460544
342 1266.3563557019863
343 9.148325966990368
344 6.619497217030126
345 5.810352651390666
346 678.2591441289103
347 7.293043142965246
348 1253.9068203061863
349 6.852821637956771
350 58.08354286496123
351 5.432259911021161
352 7.055141283424998
353 5.6091622077601375
354 69.12769980185135
355 6.34358700091051
356 5.319028100028062
357 1305.8070209316595
358 6.826138138875546
359 260.276597117784
360 6.010783261683997
361 5.903820200762388
362 6.33293062754873
363 10.159229557591972
364 40.55989149071153
365 5.344900525851276
366 20.212805644125098
367 6.84442400185484
368 6.77214840576007
369 6.98667421481771
370 336.82969419627216
371 7.395746123104467
372 1258.7751908831694
373 88.4557504762616
374 8.213939518112221
375 6.413855785545835
376 8.552360189832832
377 18.09573554377532
378 25.986854464019444
379 6.074251782729454
380 10.34057917196846
381 35.46918700598388
382 5.344130060676045
383 5.552701839731279
384 1199.531387412515
385 6.247913423021208
386 14.478889962161924
387 649.6660259857525
388 6.432468086512294
389 318.0417773703816
390 6.067275165029068
391 5.624169536087586
392 5.479665744805256
393 11.322671144605879
394 8.322880299022898
395 5.313032805601468
396 9.385443019646733
397 8.800730452324174
398 9.178952670609698
399 73.47171894973233
400 23.67832348410306
401 5.873496703527007
402 1000.4017271592899
403 10.468741088048723
404 6.906628427491798
405 5.383568285150868
406 99.16222255223224
407 8.269822851682957
408 549.5676774182933
409 5.658574217813095
410 7.520740682973046
411 8.74830921141551
412 6.032610157501407
413 6.174932354587323
414 7.580219810358025
415 5.513518169100157
416 6.013699792712544
417 788.6218931065489
418 6.883879707708516
419 7.3624122251861905
420 5.622834117142042
421 5.347199096719704
422 6.6239174051028185
423 7.060392836982548
424 34.516867446732434
425 5.31291448625409
426 9.654706088859108
427 11.250534789681192
428 7.476637060456133
429 6.940129343846318
430 27.075961794540788
431 5.437169166900487
432 710.7925942703464
433 6.921590313912635
434 6.26558343527835
435 5.340352381943147
436 8.238522667194617
437 22.378834949403206
438 12.947274653790036
439 5.823921318560315
440 126.42550281574098
441 5.498621798409514
442 5.224578040157903
443 5.237288481103565
444 1452.0136012835171
445 5.246347211019732
446 17.22910589084846
447 432.36158198438744
448 5.50526300326037
449 251.35777099117496
450 6.667784642003681
451 5.3929599615629105
452 5.484871812203597
453 10.866953441625842
454 43.15208510339594
455 5.255168244473847
456 6.101013354781546
457 9.083803136429973
458 7.747261271235807
459 20.864917627714853
460 7.67275243519246
461 6.250883904852497
462 20.851578557405293
463 5.74003655138597
464 6.530512588838685
465 5.227998141612539
466 333.6727541826039
467 6.4467806439388
468 831.8199086582944
469 5.180053812695431
470 216.78386192499906
471 4.646140886079753
472 5.206699098892395
473 5.471765132078797
474 65.41617039069348
475 5.212031351428718
476 6.045069867976913
477 1446.6325765051986
478 5.336000291309696
479 6.0539298954278635
480 5.778532686858698
481 6.220864806796756
482 5.453299500586789
483 27.675615521784614
484 103.6767732699476
485 8.604454027729627
486 10.452091444755425
487 6.581440291459698
488 8.889358130995532
489 6.7814885729268966
490 32.07716356026264
491 8.267154798626356
492 226.61118865866638
493 6.950241980969054
494 7.261208222184746
495 5.40254406528034
496 9.870740782602791
497 31.055400113939747
498 1253.986514415409
499 8.151012800929701
500 21.579520650916944
501 4.683296652142729
502 9.147341955868155
503 8.492712561388146
504 1233.259831824517
505 6.262989390937546
506 12.56122922630893
507 1468.2119061969595
508 5.774219170088307
509 400.5489440456443
510 11.118347168207967
evaluations raw_y
1 280.8556189095591
2 923.6544287790285
3 532.3577912240559
4 552.9111502903646
5 179.49590543159218
6 501.9789361730866
7 932.1864853609609
8 345.2557374189791
9 53.39931947046281
10 220.59253373537106
11 448.2877326629019
12 94.00806090471399
13 29.42293221012985
14 963.359858458896
15 55.25706348537514
16 1170.1674219899057
17 715.2050755458105
18 516.9847809691736
19 214.45700088228972
20 387.9898206097086
21 834.4692862790581
22 691.2170834165781
23 506.71953834345925
24 819.1278876361686
25 136.8800663034523
26 1167.0959277604084
27 998.6062071505437
28 659.0375952945342
29 384.6141678393952
30 367.1889597877397
31 132.42075087021826
32 26.373529102203626
33 21.159768297075573
34 635.8380252960173
35 24.718522622406258
36 215.63732878825596
37 370.2996172026714
38 342.1111374517487
39 22.728493579906925
40 27.029930037529258
41 18.175519082834608
42 23.98390117863938
43 29.42293221012985
44 124.82368806673094
45 144.33037062882153
46 33.574712715655146
47 551.7271361100618
48 111.04604996885641
49 175.50312622286492
50 69.6027265785538
51 909.2614472825404
52 24.783930298780454
53 30.764855441695843
54 536.9359103394991
55 89.12061929533185
56 593.1098675875573
57 29.308665156151534
58 31.103986146167472
59 361.3156693281194
60 439.71304180493934
61 31.807042279135096
62 1259.6110184000645
63 216.6602049586204
64 803.5430504082144
65 65.39592249368755
66 56.31048617316627
67 72.80853362708653
68 14.372919005708123
69 17.745043433548044
70 92.68151003919057
71 37.15208018589765
72 213.0244576680248
73 19.76563291520514
74 19.521896184438447
75 14.870063233942076
76 86.3807048729686
77 275.94346480473035
78 664.9222106976013
79 353.09621600752166
80 140.67261601402444
81 74.42499775721222
82 759.8075456481222
83 51.79795990165502
84 314.27226731353875
85 86.90431516893686
86 16.62012002760392
87 160.42723697957354
88 635.6631598170405
89 9.109815063515601
90 60.80617917366178
91 631.0685054049977
92 42.64279597895135
93 11.424888651665153
94 98.06490026562109
95 48.09076336126243
96 76.73365607167024
97 998.0405419754836
98 30.268645015408033
99 10.328614562134216
100 59.82312547508894
101 11.94300104419286
102 171.17215779033896
103 9.602787101131652
104 10.013053782641
105 32.371339774286
106 9.110157580263467
107 73.01877340575504
108 7.981322563604931
109 9.192614613585688
110 49.188515315600924
111 52.15293397863607
112 14.211600216291608
113 13.246017078686776
114 9.044929702900658
115 13.208402103435851
116 33.750106614952095
117 9.980456269299685
118 35.57694445498554
119 23.266060050367678
120 63.17002075544801
121 102.96484644832539
122 60.812488141309814
123 20.87708181834021
124 983.5375833796271
125 7.8004667603205124
126 79.58620069525388
127 26.94377271244408
128 78.44320619269594
129 6.71073947249876
130 131.01116848936223
131 9.13109786039687
132 255.08543154381414
133 7.183788741458617
134 7.59502468141573
135 29.262059805544723
136 9.61103101843576
137 17.08930003239234
138 19.89029531949909
139 65.51240661685293
140 14.079963650008304
141 46.745849044992994
142 52.03531496464397
143 28.927410733328387
144 410.4337091419955
145 80.76612715892341
146 67.59240094095699
147 32.038700028295615
148 277.6783642009456
149 28.710761446046465
150 163.8348520832954
151 22.191970240209326
152 8.63841600685174
153 13.171850573851607
154 761.8142862810607
155 10.917568925959708
156 102.5100062751957
157 69.37651215384334
158 299.3802779416913
159 11.35729131439767
160 428.7860351983375
161 9.74910088147383
162 34.2546195560422
163 9.668531664199374
164 7.680444153572925
165 32.93599667107047
166 10.248562719207285
167 28.549433184125895
168 9.33812428258824
169 55.30850044644221
170 8.874505440969637
171 19.698181747998913
172 69.95688611487778
173 46.15304984323865
174 126.95357904090372
175 8.669517322201193
176 283.58039956440757
177 38.52813549865282
178 51.88116138198361
179 6.623173005270955
180 199.47954482809047
181 246.98408907000007
182 45.06801972687404
183 19.720531247358103
184 1013.354547325442
185 32.758761350615046
186 94.60364766618326
187 7.614754194091921
188 20.63974277669604
189 7.455798636212154
190 50.28887994332021
191 7.308417971127297
192 21.753960200152108
193 16.281927893695016
194 7.035010434101658
195 26.999674421756602
196 6.866832628712629
197 66.7788431999383
198 108.8916903741698
199 101.80699440956532
200 20.61993701849293
201 17.139324909351803
202 8.47575073549724
203 9.004440111355176
204 49.33360426758654
205 110.92834849386809
206 19.458808206426838
207 9.713050421387376
208 211.12220441406637
209 18.92382150844771
210 777.6024667213575
211 11.984249332172633
212 6.975786672265703
213 9.520171637618795
214 1399.659752322189
215 16.07205146675345
216 11.780834528805544
217 378.37787001275694
218 199.8510644742904
219 11.186065502349788
220 122.97684522514089
221 8.084227312797019
222 119.54907854403416
223 36.806757881869096
224 13.650765278053688
225 13.572839663199709
226 21.83404381406815
227 8.59589897787784
228 23.16009867456099
229 8.14279617300542
230 21.516038880092168
231 20.099712406758023
232 131.0202144749643
233 16.509829256553168
234 113.57813001272909
235 550.3644175600059
236 34.694430215034984
237 22.082632252836788
238 56.30998374896835
239 7.9235204959906955
240 845.0349679408027
241 183.8563156509588
242 11.245818794391115
243 12.20046661309203
244 1076.6122965234072
245 6.258511215864038
246 10.566255060293964
247 211.27690385188126
248 637.4372648725665
249 8.089511064839703
250 70.64747214434165
251 7.976992561496966
252 6.982179673937786
253 131.24707107907878
254 6.1161484884789346
255 24.01740774062875
256 6.942782004999289
257 102.93837083395888
258 10.699632358262985
259 7.235822428685193
260 14.03671425966586
261 46.50640589967721
262 23.569171623877683
263 12.73712492979432
264 7.712994674130554
265 643.4813715582909
266 13.5328987581456
267 9.565768983736644
268 93.51316857434442
269 10.602654112662453
270 347.1067124117135
271 168.1004858344098
272 29.605663453974323
273 8.388526882445731
274 1254.1829502558699
275 10.387567669252949
276 16.85159019193931
277 9.197372480576671
278 637.1874698548885
279 8.731925433669119
280 636.2376685723608
281 6.8363574504359
282 14.800624091103096
283 150.01324830778836
284 7.016418538335415
285 10.20055432857655
286 6.604220060573651
287 14.218484690112357
288 174.44662635969001
289 6.826013527801205
290 7.205771795995473
291 16.236701583233145
292 23.536916028144887
293 17.163406378141577
294 71.40903769530459
295 634.7752534829173
296 8.776034952224796
297 100.02042458715756
298 102.77003605054466
299 9.844217577761391
300 627.4020376536374
301 823.9738598138833
302 34.32643426623524
303 8.810713127211027
304 865.8936717442666
305 8.500106128158226
306 7.817796382306633
307 18.15424477498679
308 6.8720407369499235
309 10.374437102940936
310 71.28246401451071
311 6.628160687649206
312 15.004197226822784
313 12.131679436021173
314 6.033467290812559
315 9.170557006688792
316 6.424739197522366
317 17.074668419861524
318 578.3979368306185
319 9.863201362040574
320 56.234968672538095
321 7.367441317174471
322 66.33179901293495
323 11.287071436117081
324 18.400702351511853
325 1253.754742135624
326 12.111260910064114
327 7.704610969051954
328 56.83855565201949
329 8.534084481560084
330 1258.811482311617
331 11.822014126384286
332 6.418518691127224
333 11.272084707232882
334 786.3432735930362
335 7.550406774194924
336 23.53408303803868
337 9.368422985408806
338 64.53834662619863
339 7.109185118359988
340 635.2945401461859
341 6.579015603418289
342 11.433975822278663
343 37.2781979290845
344 5.908244074868325
345 15.62006320990691
346 6.2489620594026185
347 9.703567280217076
348 16.39683498760968
349 6.134995082056582
350 6.722382700515
351 10.240465154929204
352 28.164787482218024
353 20.850347352360025
354 17.421938843682657
355 637.34463488946
356 9.802775671432688
357 12.062211322828539
358 39.44928185118191
359 8.277105400723276
360 954.9784606668655
361 991.5228935559525
362 6.086285353676411
363 9.148408761586904
364 47.97188370402714
365 6.63586067693602
366 23.420935451396858
367 50.01541140442989
368 7.268142931264039
369 10.567343997554559
370 637.0305514072314
371 6.167784000148237
372 6.8864348342835395
373 15.988853277372636
374 5.897101226086187
375 9.784576059846687
376 9.367859267288928
377 21.08974530278482
378 9.693247666615912
379 7.150041078797778
380 8.296028781248737
381 5.82379804404647
382 306.1710291033475
383 44.33952140902785
384 20.038525679570434
385 29.217243825120732
386 6.727264306937047
387 6.480361765731855
388 123.5905810211723
389 8.38657599532075
390 342.79797042525854
391 19.792780223490357
392 8.503245926545459
393 13.021798523792574
394 113.6936039102999
395 11.552927509827178
396 8.666823852513104
397 6.816214378818291
398 33.52982392450212
399 9.68139307933026
400 632.234420205076
401 6.657602065386812
402 7.384456429007537
403 8.649608864094956
404 9.869094770043269
405 22.404805005838732
406 9.981919646099552
407 6.633679399999835
408 8.794097616087122
409 6.92453113420513
410 12.943327987968942
411 6.754561208556087
412 46.20899411831112
413 35.71307645830496
414 7.427524932884134
415 246.92928026755462
416 10.293818181502804
417 46.89289450010631
418 11.943901539743267
419 8.382546193627629
420 15.21387419704577
421 587.079959322277
422 8.716561973011187
423 10.370878797289599
424 221.2103323846644
425 38.541534931524374
426 21.219455736734243
427 118.15762089787376
428 4.868948537953317
429 11.293882932129717
430 639.5843638246838
431 6.278787532448357
432 6.667198032560303
433 6.012762844132732
434 46.29814038150988
435 160.5927539415343
436 6.762445572420862
437 11.29634420489085
438 9.604981717569
439 7.142725616643357
440 438.34640187623074
441 6.56460708698681
442 77.39605072774006
443 17.107357402553507
444 23.67095667877904
445 66.74848996678136
446 6.908476014031121
447 9.206132945981265
448 39.738794912665895
449 9.852341310814715
450 219.10736645308228
451 312.4643648862794
452 5.581844387110039
453 9.334213027252586
454 492.37017660250274
455 8.370908204279509
456 5.339566817224499
457 16.919741267373396
458 34.450218949674934
459 13.897786771131535
460 204.88382380410297
461 6.902663887577839
462 6.532684112437759
463 8.899817605976946
464 10.511025784064042
465 1186.3526565303748
466 12.750634112882608
467 6.0100569191648265
468 25.945896813580102
469 7.82161765618455
470 10.232012302084593
471 8.429666497652565
472 11.956223414578506
473 7.40184090098499
474 6.939066713321378
475 296.6515086681852
476 9.735198489761924
477 9.115736780020118
478 13.249421182171712
479 5.162673617562131
480 303.72980802217086
481 434.4183138126677
482 6.504400106862844
483 6.0215227390602095
484 169.82409317257213
485 8.21929615336533
486 42.449378008377906
487 8.212792893168643
488 8.348823178883592
489 11.587916351794178
490 631.5529535470071
491 6.468013830540869
492 7.841445169919299
493 9.050960314489705
494 7.749294324662529
495 523.5706845228235
496 5.01839976751961
497 8.148943491510536
498 11.173071266234274
499 6.181879905464156
500 57.606931333277615
501 4.838994536592656
502 87.99746881470529
503 28.667098523916266
504 15.924280412674161
505 634.9183161833196
506 15.551475566563171
507 15.403888195324608
508 81.86432501433472
509 50.08641346693163
510 27.510419118408397
evaluations raw_y
1 1017.1191487151946
2 1213.4782959864392
3 993.6553397203141
4 1453.4692955144503
5 771.4382346576016
6 485.49071669075204
7 740.7827275090863
8 14.617352031980692
9 168.10805343238886
10 57.79164517259855
11 345.73747938046273
12 530.7321454858218
13 421.8867190666593
14 516.6419748740732
15 637.4947717581948
16 251.41192241105105
17 663.0559167595266
18 567.3606893141155
19 348.7109715834639
20 103.89248105187946
21 827.3721689327557
22 463.2745001918876
23 636.096326046612
24 962.8462739818436
25 1134.2535019392499
26 1476.537672674005
27 448.0176338034228
28 906.6446169364096
29 425.5748118801723
30 736.3994058024596
31 112.26229870329838
32 771.2065594753276
33 86.85743920427365
34 16.017299977841883
35 158.3665418020904
36 169.92942559569101
37 13.632654880027118
38 14.617352031980692
39 147.52193106000266
40 13.843344045308841
41 226.64343463075554
42 345.07295010534256
43 295.7981053309742
44 788.5464493211156
45 531.3766200294409
46 16.90900113447216
47 171.37765147755596
48 53.5389308147297
49 13.621645464079275
50 11.084708048828352
51 115.12701928903641
52 18.789776418844106
53 16.8504228044893
54 10.193473009873774
55 759.1613608972826
56 49.39882320653862
57 317.50908588698223
58 17.856228482721157
59 360.54541338809867
60 30.526751012462775
61 44.53207287246888
62 1679.5025485205538
63 271.99983937739927
64 713.1112917438024
65 1300.894324758721
66 46.53160338788744
67 627.1574041182511
68 7.666770644422836
69 9.730138697506542
70 67.28217827656795
71 20.32524842761468
72 91.1548122433229
73 150.57613149316734
74 156.36523057405867
75 981.1673222705285
76 81.78586136232522
77 71.54281855216053
78 8.242382893391776
79 87.81151073807123
80 38.74803829679677
81 79.1683631738828
82 128.27692732930495
83 25.09017679058754
84 18.56655237923843
85 58.36952002174092
86 19.260099710245004
87 84.67823606616864
88 1807.5031310674851
89 10.588600473835237
90 24.33298664923732
91 273.0196007804766
92 585.8751487213129
93 252.06635968635982
94 720.8040476948412
95 695.2617652609672
96 210.77462131545082
97 476.3290512594728
98 9.311027091958394
99 24.544310155901393
100 19.19780792180358
101 7.755615980783092
102 9.666439289557962
103 8.732349926973585
104 20.18178764344604
105 632.093086477759
106 13.868545362225209
107 221.24223486440454
108 81.88206499500416
109 23.707666439719375
110 66.67091689218564
111 11.193400673685709
112 12.275139307042446
113 7.929462519028064
114 51.434618118147355
115 41.75867261573562
116 100.31004830391498
117 9.3670169151613
118 188.30047871180642
119 47.07928745928361
120 9.094236483858623
121 10.09307052483273
122 638.3930765824651
123 303.9736473808521
124 18.011816863529262
125 462.111225036111
126 60.163106211703095
127 51.01404274206293
128 6.817923935163581
129 11.311205320000283
130 241.56738366189964
131 7.617600344198168
132 9.412477910250846
133 22.771488615646415
134 14.481991835890188
135 19.645172581827477
136 10.894008030529319
137 135.8820283299495
138 8.687098516995244
139 272.12950856599286
140 13.888042952956603
141 7.563371933529903
142 14.659684534677076
143 7.84815525448726
144 171.5201980912021
145 17.865832257610343
146 244.16635810039296
147 7.449809842204503
148 987.0523435895673
149 67.50565530225774
150 10.79824931567779
151 416.78273083773684
152 2057.2361322080587
153 123.95542503254197
154 224.6708090849516
155 330.1480227399081
156 7.276964871789598
157 911.766516256328
158 10.157800074390927
159 9.319741475131508
160 656.6741816507356
161 6.404125735683951
162 8.990808675804336
163 96.24729427227854
164 45.298637792840964
165 32.65136063699045
166 6.587365845891068
167 21.913378050216366
168 11.207327172989787
169 56.79466751962709
170 7.954835097890351
171 8.638213596975698
172 12.381442025452728
173 8.253682332266395
174 108.31328319539968
175 23.605272700108163
176 11.208006186671415
177 9.94930085201066
178 125.50456990500712
179 419.73900989475396
180 9.78722782704179
181 6.170170710322253
182 1882.0960911047962
183 119.51342834790562
184 692.2122366417686
185 1645.2221098415384
186 8.493960837201946
187 62.59378469993683
188 7.275857615397948
189 28.266974807406136
190 653.6326702021142
191 6.466177759872762
192 5.952460471836001
193 710.4807472547069
194 8.312308299688958
195 6.842419739425651
196 10.271251826971607
197 7.83315457791169
198 6.007935039935089
199 769.159495693296
200 127.6017202664876
201 8.572969137242492
202 12.712797477637677
203 7.4760512980377944
204 10.905118863528596
205 10.710762473596937
206 6.955010246808004
207 6.996429647748053
208 1885.0696906859675
209 699.231112682793
210 11.934234402010116
211 37.68391269591496
212 634.3316491284704
213 867.5096364783479
214 1393.7239674921314
215 268.5330499437938
216 6.685506571981986
217 632.9692744307414
218 4.958378043402367
219 7.261163432836621
220 558.1851859693128
221 6.525169135207361
222 11.850501917480212
223 644.7477274246102
224 31.148465985370173
225 78.24390400798917
226 7.43822418297652
227 11.249530112684491
228 6.380404773443631
229 829.6663375345453
230 266.36143504920096
231 6.356107265799295
232 19.521795788269458
233 6.679801022473727
234 90.01775900596627
235 5.950714204882186
236 33.435826909663135
237 6.781455741609807
238 838.6690680637987
239 58.23964089537303
240 7.230283259409681
241 17.003146480021794
242 774.9027521432506
243 5.107863149468463
244 768.631884234275
245 78.02397619742065
246 5.563039544604284
247 47.53355898203223
248 5.61543753704936
249 17.140402667778776
250 458.67880064277927
251 5.844257783591769
252 7.628834330389936
253 1276.9444413169472
254 122.07846951044561
255 8.83172873960984
256 4.538738471980648
257 18.83297290702507
258 7.345498339680031
259 9.652674713027737
260 15.700708082602961
261 6.348416867230381
262 8.493958952210399
263 5.970182813519815
264 7.052906506756769
265 7.4071327552482344
266 7.587097831163069
267 4.587811353355688
268 11.984912660356397
269 36.130475187732294
270 5.541503312537273
271 123.95334575671208
272 575.0450422734573
273 368.4071087243804
274 282.33836670236633
275 497.1250470706778
276 4.73355339268045
277 702.3931515713167
278 4.61341676440411
279 18.809638410876197
280 71.00652571561854
281 5.9917730945623395
282 8.56110657097324
283 1278.5837531018005
284 886.8196253466344
285 19.03893411537772
286 6.812489626037069
287 32.51640345987992
288 8.053061563517167
289 196.0389081869347
290 151.75800968232045
291 4.943054053713845
292 5.3627520025625515
293 4.438649917372518
294 39.0250035485762
295 6.482864682696447
296 10.845013118533927
297 5.581352087835925
298 286.1600297905706
299 10.838952988769801
300 6.35824020929711
301 384.4815628497729
302 1258.7533535759792
303 30.540282319177813
304 713.0562716400572
305 17.71977658923799
306 4.406087572494715
307 11.863441314909457
308 5.292299533935054
309 9.098752714230693
310 922.4645387264477
311 5.978563097449722
312 10.769348306500566
313 653.7873867473303
314 1041.773311530099
315 11.747868381381057
316 4.132993540875363
317 18.612743565685236
318 5.355946572777803
319 6.908304076413175
320 7.211727168827783
321 5.90947366883737
322 8.561024412901375
323 5.096105437628543
324 6.915867287115439
325 8.446383359552295
326 6.365218955480101
327 5.444644394671635
328 191.50049951987208
329 10.868974776195632
330 8.271176564272006
331 347.52949743632666
332 8.61425981227757
333 169.08240111644045
334 70.6247320773593
335 699.512413372402
336 4.149090159360245
337 191.0305190909957
338 4.4166096143559415
339 12.337873396875679
340 145.35459522297708
341 4.4995621216537804
342 6.3858620648818745
343 1151.6908004143338
344 9.607748631669429
345 155.65381103390186
346 6.756505183359342
347 7.23703980455547
348 4.808182695834563
349 10.346447350112708
350 115.2783269024203
351 4.156053851197631
352 7.016724315481303
353 7.066542415301058
354 5.457694294988208
355 7.586261414449661
356 4.901175077901733
357 4.988042773365905
358 39.9446770237713
359 49.77777790269714
360 15.919630089573033
361 6.1385247028303125
362 392.87265036459627
363 7.223048438094307
364 690.0254700959952
365 146.61619816174786
366 4.185674897619447
367 45.17663939497135
368 4.379254453446955
369 6.02941392738713
370 1262.9312243098907
371 4.714323497475226
372 5.865204657009689
373 634.8357024766458
374 287.91171986071566
375 35.5013806198766
376 4.77871398971666
377 75.8272249212007
378 4.385199223922425
379 7.346886309465605
380 17.002176863681225
381 5.603170698182049
382 4.556610661993324
383 5.522955831312405
384 10.591605376923981
385 5.281975181474516
386 6.635787685236549
387 5.3355167149443306
388 894.7561177102209
389 9.910686371888277
390 4.590655741432651
391 269.61472849085516
392 196.8769987911204
393 58.68125569607772
394 271.23190645681376
395 716.4285346845792
396 4.116618587188043
397 630.8011306263523
398 4.208530963441709
399 9.48728584228436
400 1259.7652298920348
401 5.851811195371397
402 4.741796661704724
403 843.2912669291201
404 32.60078320953646
405 39.14984997817815
406 5.151127427636758
407 41.33665928312212
408 4.23546868219393
409 7.117659984801913
410 4.467612500936691
411 5.4421463695450365
412 7.493634278828884
413 6.534303322744054
414 6.329342978890459
415 5.264953332580187
416 4.991695005979533
417 5.726813794825562
418 15.09012303167508
419 5.5544875301197765
420 10.226278296349998
421 24.104205417106055
422 1258.8332387023797
423 15.50567508907627
424 46.77672181366506
425 1276.1097633207855
426 4.102544010557443
427 632.8436997525081
428 4.64346250891985
429 9.18087818359777
430 1255.0210010451149
431 4.172411932775676
432 4.445499948947597
433 285.58026896741376
434 810.6787071839367
435 100.07592336349413
436 4.6670029653928875
437 433.98822745127393
438 4.163596215292872
439 4.210606798859652
440 55.945432932113945
441 5.58882851093516
442 6.548876960201466
443 9.050903609249126
444 7.077488085354909
445 4.119489312943792
446 4.769220090865352
447 4.433568154689957
448 48.37292520014129
449 5.415937781387734
450 6.596795175936318
451 196.57989821827553
452 1270.0886298097007
453 167.2118004385622
454 129.69979752740304
455 88.41269526346498
456 4.0990845445447945
457 97.30290089509208
458 4.126183996032889
459 6.6200463323471945
460 868.834759661796
461 5.275058657578648
462 4.344843908651213
463 50.08768418254782
464 52.99314960355007
465 22.84252969692238
466 4.1448190959606865
467 8.369082560429556
468 4.453153597451533
469 10.060089968352411
470 47.63605111846608
471 5.549953910818697
472 5.460616675557229
473 11.111639065344905
474 6.396829746338144
475 4.701905354481242
476 5.075242762679043
477 5.201005124368828
478 185.22010718755763
479 9.910520167880048
480 5.219413787836145
481 41.69849304424205
482 32.449665137542645
483 6.242087399769316
484 176.2100820524896
485 179.4958266667063
486 4.098169782235455
487 93.56664623951986
488 4.265551197562612
489 5.650910450800734
490 93.84421909487129
491 6.404975994915004
492 4.178706924032541
493 98.37285870190509
494 239.69352122597135
495 7.145595234449159
496 4.69404653072107
497 630.8491179998706
498 4.157605972966203
499 4.198833200863212
500 4.999369585491458
501 4.319831035879293
502 4.388942641556773
503 6.599840221263223
504 8.216514632345918
505 4.1523199961608634
506 4.05953379235846
507 4.0805821774325866
508 434.4512275510441
509 8.873148679169354
510 4.450446251041049
