evaluations raw_y
1 3.314124940992052
2 3.314124940992052
3 4.590411446745018
4 4.325494973288819
5 3.8664838046922365
6 3.673529385717184
7 3.2545768986779295
8 2.861728794664214
9 3.230744378439586
10 2.8370184431453267
11 2.851039970012148
12 2.834712141317803
13 2.842995037924293
14 2.831121804785205
15 2.830526793645193
16 2.828837657376817
17 2.831042438723297
18 2.8292230113355474
19 2.828842449034446
20 2.828657355983328
21 2.8286539388016054
22 2.828583632307626
23 2.8285841628863526
24 2.8285626784322
25 2.8285621307815143
26 2.828553825824914
27 2.828553529697019
28 2.82855084959757
29 2.828551194743771
30 2.8285504655208906
31 2.8285497896633816
32 2.828551035410305
33 2.828550047813102
34 2.8285500826938814
35 2.8285498451132947
36 2.8285497287233787
37 2.8285498577893597
38 2.828549752000349
39 2.828549771883612
40 2.8285497356541853
41 2.8285497390705556
42 2.8285497300338056
43 2.828549726624498
44 2.828549731324446
45 2.8285497274261995
46 2.828549728365695
47 2.82854972688167
48 2.8285497272355533
49 2.828549726700299
50 2.8285497268038773
51 2.8285497266411297
52 2.828549726638992
53 2.8285497266183066
54 2.828549726613093
55 2.8285497266069024
56 2.8285497266069024
57 2.381875330721404
58 2.5767397042258375
59 2.433164413827427
60 2.4291290312103575
61 2.3831288797960433
62 2.3817405086153256
63 2.381728739266003
64 2.381728666576997
65 2.381728665610174
66 2.3817286656096046
67 2.3817286656096046
68 2.3817286656096046
69 2.3817286656096046
70 2.3817286656096046
71 2.3817286656096046
72 2.3817286656096046
73 2.3817286656096046
74 2.3817286656096046
75 2.3817286656096046
76 2.3817286656096046
77 2.3817286656096046
78 2.3817286656096046
79 2.3817286656096046
80 2.3817286656096046
81 2.3817286656096046
82 4.866270060794482
83 3.336596977216529
84 3.163372756825093
85 2.564471175097549
86 2.3492354396180817
87 2.329721489853765
88 2.3286953598081244
89 2.3285464132695033
90 2.3285460329302863
91 2.32854602529581
92 2.3285460252941625
93 2.3285460252941634
94 2.328546025294165
95 2.3285460252941634
96 2.3285460252941634
97 2.3285460252941625
98 2.3285460252941634
99 2.3285460252941625
100 2.3285460252941625
101 2.3285460252941634
102 2.3285460252941625
103 2.3285460252941625
104 2.3285460252941634
105 2.3285460252941625
106 2.3285460252941625
107 2.3285460252941634
108 2.3285460252941634
109 2.3285460252941634
110 2.3285460252941625
111 1.8059015530908282
112 1.5259609581696507
113 1.53842972244367
114 1.4665091262190457
115 1.4710441616141172
116 2.0001772430825486
117 1.4970751172726087
118 1.4711746236301688
119 1.4652514998239003
120 1.4656457558525977
121 1.465386434660478
122 1.4652794152896949
123 1.465251796022721
124 1.4652347669708852
125 1.4652298158087906
126 1.4652381956095732
127 1.4652306043543413
128 1.465230786947624
129 1.4652298023031491
130 1.4652298219786672
131 1.4652297595549397
132 1.465229762541441
133 1.4652297680371467
134 1.4652297604102724
135 1.4652297596613941
136 1.4652297592290533
137 1.4652297592112942
138 1.465229759249937
139 1.4652297591892443
140 1.4652297591912444
141 1.465229759189421
142 1.4652297591872552
143 1.4652297591887788
144 1.4652297591871424
145 1.465229759187478
146 1.4652297591870664
147 1.465229759187062
148 1.4652297591871086
149 1.465229759187062
150 1.0792561816485375
151 0.8530644099627365
152 0.8568493512267743
153 0.8119232408848345
154 0.8143517491084511
155 1.229957544262564
156 0.8311510609843222
157 0.8140851789461792
158 0.8115874768908404
159 0.8115435689330108
160 0.8115377431600757
161 0.8116630588312734
162 0.8114988969796881
163 0.8114988015966147
164 0.8114982422217918
165 0.8114975677547211
166 0.8114980750485219
167 0.811497597184665
168 0.8114976418242561
169 0.8114975641782229
170 0.8114975620925042
171 0.8114975754962197
172 0.8114975566704876
173 0.8114975566607856
174 0.8114975561987867
175 0.8114975561741367
176 0.8114975563637259
177 0.8114975562095652
178 0.8114975561743072
179 0.8114975561774385
180 0.8114975561725619
181 0.8114975561727991
182 0.8114975561720712
183 0.8114975561728599
184 0.8114975561722337
185 0.811497556171898
186 0.8114975561721516
187 0.8114975561718571
188 0.8114975561718825
189 0.8114975561718438
190 0.8114975561718532
191 3.1735068205405224
192 0.8114975561718438
193 2.2359404338342235
194 2.119725094416523
195 2.303775240043261
196 1.3865932948342459
197 0.8120596374434026
198 0.9409950794842947
199 0.8540409195435132
200 0.8142258877537532
201 0.8116351552624423
202 0.8125312583805671
203 0.8118911597954317
204 0.8115400038386955
205 0.8116477187926834
206 0.8115137505883676
207 0.8115548868204661
208 0.8115037390956275
209 0.8115194506799024
210 0.8114999174311177
211 0.8115059185651021
212 0.8114984580331699
213 0.8115007502368243
214 0.811497900643535
215 0.8114987761811037
216 0.8114976877470528
217 0.8114980221691432
218 0.8114976064289157
219 0.8114977341636997
220 0.8114975753683096
221 0.81149762415563
222 0.8114975635042372
223 0.8114975821363193
224 0.8114975589725688
225 0.8114975660863766
226 0.811497557241625
227 0.811497559955844
228 0.8114975565804632
229 0.8114975576141896
230 0.811497556327923
231 0.8114975567197571
232 0.811497556231461
233 0.8114975563781148
234 0.8114975561946158
235 0.8114975562476179
236 0.8114975561805422
237 0.8114975561977733
238 0.8114975561718438
239 0.9237639183379982
240 1.0483498849186539
241 0.9367365666553158
242 0.8360843024160198
243 0.81252640050855
244 0.8115216273836032
245 0.8114975698814444
246 0.8114975561720104
247 0.8114975561718438
248 0.8114975561718443
249 0.8114975561718678
250 0.8114975561718474
251 0.8114975561718447
252 0.8114975561718434
253 0.8114975561718438
254 0.8114975561718438
255 0.8114975561718438
256 0.8114975561718438
257 0.8114975561718438
258 0.8114975561718438
259 0.8114975561718438
260 0.8114975561718438
261 0.8114975561718438
262 0.8114975561718438
263 0.8114975561718438
264 0.8114975561718438
265 0.8114975561718434
266 3.377091587145786
267 1.872527590433572
268 1.4723834239325617
269 1.7406987032705916
270 0.8786443773334112
271 0.830712995376254
272 0.811560653986275
273 0.8114975990836406
274 0.8114975561719526
275 0.8114975561718434
276 0.8114975561718443
277 0.8114975561718598
278 0.811497556171846
279 0.8114975561718443
280 0.8114975561718438
281 0.8114975561718443
282 0.8114975561718438
283 0.8114975561718438
284 0.8114975561718443
285 0.8114975561718438
286 0.8114975561718438
287 0.8114975561718438
288 0.8114975561718438
289 0.8114975561718438
290 0.8114975561718438
291 0.8114975561718434
292 0.8206957968136539
293 0.8348270119698729
294 0.8158415852930934
295 0.8137810649388322
296 0.8116822988929484
297 0.81185697873509
298 0.8115368761004524
299 0.811532440601725
300 0.8114986481582749
301 0.8115059508446851
302 0.811500760327966
303 0.8114980837776025
304 0.8114976972218391
305 0.8114976527984945
306 0.811497567277117
307 0.8114975775516973
308 0.811497558740442
309 0.8114975583059776
310 0.8114975562804339
311 0.8114975566781997
312 0.8114975563652242
313 0.811497556193014
314 0.811497556193649
315 0.8114975561719775
316 0.811497556177073
317 0.8114975561738107
318 0.8114975561722719
319 0.8114975561718887
320 0.81149755617189
321 0.8114975561718412
322 0.8114975561718412
323 0.8159011063487944
324 0.8250816883909677
325 0.8132679952287725
326 0.8123233324305374
327 0.8115304838201305
328 0.811594077366141
329 0.8115109849710911
330 0.8115021277743955
331 0.8114997157623378
332 0.811498153382364
333 0.8114979452792483
334 0.8114976081219027
335 0.8114976404115279
336 0.8114975642426288
337 0.8114975671407723
338 0.8114975568963545
339 0.8114975580083814
340 0.8114975564498441
341 0.8114975562834665
342 0.8114975562134332
343 0.8114975561893476
344 0.8114975561778603
345 0.8114975561747109
346 0.8114975561726263
347 0.8114975561723603
348 0.8114975561719056
349 0.8114975561719531
350 0.8114975561718509
351 0.8114975561718545
352 0.8114975561718878
353 0.8114975561718412
354 2.2359404338342217
355 2.1197250944165207
356 2.303775240043259
357 1.386593294834244
358 0.8120596374433999
359 0.9409950794842779
360 0.8540409195435066
361 0.8142258877537505
362 0.811635155262441
363 0.8125312583805653
364 0.811891159795429
365 0.8115400038386946
366 0.8116477187926812
367 0.8115137505883663
368 0.8115548868204638
369 0.8115037390956257
370 0.8115194506799002
371 0.8114999174311164
372 0.8115059185651008
373 0.8114984580331672
374 0.8115007502368217
375 0.8114979006435332
376 0.811498776181101
377 0.811497687747051
378 0.8114980221691415
379 0.8114976064289139
380 0.8114977341636975
381 0.8114975753683078
382 0.8114976241556278
383 0.8114975635042354
384 0.8114975821363171
385 0.8114975589725661
386 0.8114975660863748
387 0.8114975572416228
388 0.8114975599558423
389 0.8114975565804619
390 0.8114975576141878
391 0.8114975563279212
392 0.8114975567197553
393 0.8114975562314592
394 0.8114975563781126
395 0.8114975561946136
396 0.8114975562476161
397 0.81149755618054
398 0.8114975561977715
399 0.8114975561718412
400 0.92376392301931
401 1.0483498781617742
402 0.9367365515827206
403 0.8360843058868528
404 0.8125264007067399
405 0.8115216274191734
406 0.8114975698813973
407 0.8114975561720081
408 0.811497556171842
409 0.8114975561718429
410 0.8114975561718425
411 0.8114975561718416
412 0.811497556171842
413 0.8114975561718416
414 0.8114975561718416
415 0.8114975561718416
416 0.8114975561718416
417 0.811497556171842
418 0.8114975561718416
419 0.811497556171842
420 0.8114975561718416
421 0.8114975561718416
422 0.8114975561718416
423 0.8114975561718416
424 0.8114975561718412
425 3.377091586968221
426 1.8725275908962475
427 1.47238342218878
428 1.740698713287327
429 0.878644377445867
430 0.8307129947870302
431 0.8115606539855498
432 0.8114975990836131
433 0.8114975561719495
434 0.8114975561718416
435 0.8114975624330132
436 0.8114975570853935
437 0.8114975563051443
438 0.8114975561912958
439 0.8114975561746824
440 0.8114975561722568
441 0.8114975561719024
442 0.8114975561718465
443 0.8114975561718429
444 0.8114975561718416
445 0.8114975561718416
446 0.8114975561718416
447 0.8114975561718416
448 0.8114975561718416
449 0.8114975561718416
450 0.8114975561718416
451 0.8114975561718416
452 0.8114975561718416
453 0.8114975561718416
454 0.811497556171842
455 0.8114975561718412
456 0.820695796813812
457 0.8348270119695567
458 0.815841585292993
459 0.8137810649389077
460 0.8116822988929342
461 0.8118569787350567
462 0.8115368761004467
463 0.8115324406017406
464 0.8114986481582691
465 0.8115059508448716
466 0.8115007603280087
467 0.8114980837776224
468 0.8114976972218302
469 0.811497652798514
470 0.811497567277109
471 0.8114975775517461
472 0.8114975587404594
473 0.811497558305958
474 0.8114975562804432
475 0.8114975566780944
476 0.8114975563652127
477 0.8114975561930069
478 0.8114975561936735
479 0.8114975561719855
480 0.8114975561763775
481 0.811497556173574
482 0.8114975561721636
483 0.8114975561718873
484 0.8114975561718434
485 0.8114975561718412
486 0.8159011063487944
487 0.8250816883909677
488 0.8132679952287725
489 0.8123233324305374
490 0.8115304838201305
491 0.811594077366141
492 0.8115109849710911
493 0.8115021277743955
494 0.8114997157623378
495 0.811498153382364
496 0.8114979452792483
497 0.8114976081219027
498 0.8114976404115279
499 0.8114975642426288
500 0.8114975671407723
evaluations raw_y
1 3.314124940992052
2 3.314124940992052
3 4.590411446745018
4 4.325494973288819
5 3.8664838046922365
6 3.673529385717184
7 3.2545768986779295
8 2.861728794664214
9 3.230744378439586
10 2.8370184431453267
11 2.851039970012148
12 2.834712141317803
13 2.842995037924293
14 2.831121804785205
15 2.830526793645193
16 2.828837657376817
17 2.831042438723297
18 2.8292230113355474
19 2.828842449034446
20 2.828657355983328
21 2.8286539388016054
22 2.828583632307626
23 2.8285841628863526
24 2.8285626784322
25 2.8285621307815143
26 2.828553825824914
27 2.828553529697019
28 2.82855084959757
29 2.828551194743771
30 2.8285504655208906
31 2.8285497896633816
32 2.828551035410305
33 2.828550047813102
34 2.8285500826938814
35 2.8285498451132947
36 2.8285497287233787
37 2.8285498577893597
38 2.828549752000349
39 2.828549771883612
40 2.8285497356541853
41 2.8285497390705556
42 2.8285497300338056
43 2.828549726624498
44 2.828549731324446
45 2.8285497274261995
46 2.828549728365695
47 2.82854972688167
48 2.8285497272355533
49 2.828549726700299
50 2.8285497268038773
51 2.8285497266411297
52 2.828549726638992
53 2.8285497266183066
54 2.828549726613093
55 2.8285497266069024
56 2.8285497266069024
57 2.381875330721404
58 2.5767397042258375
59 2.433164413827427
60 2.4291290312103575
61 2.3831288797960433
62 2.3817405086153256
63 2.381728739266003
64 2.381728666576997
65 2.381728665610174
66 2.3817286656096046
67 2.3817286656096046
68 2.3817286656096046
69 2.3817286656096046
70 2.3817286656096046
71 2.3817286656096046
72 2.3817286656096046
73 2.3817286656096046
74 2.3817286656096046
75 2.3817286656096046
76 2.3817286656096046
77 2.3817286656096046
78 2.3817286656096046
79 2.3817286656096046
80 2.3817286656096046
81 2.3817286656096046
82 4.866270060794482
83 3.336596977216529
84 3.163372756825093
85 2.564471175097549
86 2.3492354396180817
87 2.329721489853765
88 2.3286953598081244
89 2.3285464132695033
90 2.3285460329302863
91 2.32854602529581
92 2.3285460252941625
93 2.3285460252941634
94 2.328546025294165
95 2.3285460252941634
96 2.3285460252941634
97 2.3285460252941625
98 2.3285460252941634
99 2.3285460252941625
100 2.3285460252941625
101 2.3285460252941634
102 2.3285460252941625
103 2.3285460252941625
104 2.3285460252941634
105 2.3285460252941625
106 2.3285460252941625
107 2.3285460252941634
108 2.3285460252941634
109 2.3285460252941634
110 2.3285460252941625
111 1.8059015530908282
112 1.5259609581696507
113 1.53842972244367
114 1.4665091262190457
115 1.4710441616141172
116 2.0001772430825486
117 1.4970751172726087
118 1.4711746236301688
119 1.4652514998239003
120 1.4656457558525977
121 1.465386434660478
122 1.4652794152896949
123 1.465251796022721
124 1.4652347669708852
125 1.4652298158087906
126 1.4652381956095732
127 1.4652306043543413
128 1.465230786947624
129 1.4652298023031491
130 1.4652298219786672
131 1.4652297595549397
132 1.465229762541441
133 1.4652297680371467
134 1.4652297604102724
135 1.4652297596613941
136 1.4652297592290533
137 1.4652297592112942
138 1.465229759249937
139 1.4652297591892443
140 1.4652297591912444
141 1.465229759189421
142 1.4652297591872552
143 1.4652297591887788
144 1.4652297591871424
145 1.465229759187478
146 1.4652297591870664
147 1.465229759187062
148 1.4652297591871086
149 1.465229759187062
150 1.0792561816485375
151 0.8530644099627365
152 0.8568493512267743
153 0.8119232408848345
154 0.8143517491084511
155 1.229957544262564
156 0.8311510609843222
157 0.8140851789461792
158 0.8115874768908404
159 0.8115435689330108
160 0.8115377431600757
161 0.8116630588312734
162 0.8114988969796881
163 0.8114988015966147
164 0.8114982422217918
165 0.8114975677547211
166 0.8114980750485219
167 0.811497597184665
168 0.8114976418242561
169 0.8114975641782229
170 0.8114975620925042
171 0.8114975754962197
172 0.8114975566704876
173 0.8114975566607856
174 0.8114975561987867
175 0.8114975561741367
176 0.8114975563637259
177 0.8114975562095652
178 0.8114975561743072
179 0.8114975561774385
180 0.8114975561725619
181 0.8114975561727991
182 0.8114975561720712
183 0.8114975561728599
184 0.8114975561722337
185 0.811497556171898
186 0.8114975561721516
187 0.8114975561718571
188 0.8114975561718825
189 0.8114975561718438
190 0.8114975561718532
191 3.1735068205405224
192 0.8114975561718438
193 2.2359404338342235
194 2.119725094416523
195 2.303775240043261
196 1.3865932948342459
197 0.8120596374434026
198 0.9409950794842947
199 0.8540409195435132
200 0.8142258877537532
201 0.8116351552624423
202 0.8125312583805671
203 0.8118911597954317
204 0.8115400038386955
205 0.8116477187926834
206 0.8115137505883676
207 0.8115548868204661
208 0.8115037390956275
209 0.8115194506799024
210 0.8114999174311177
211 0.8115059185651021
212 0.8114984580331699
213 0.8115007502368243
214 0.811497900643535
215 0.8114987761811037
216 0.8114976877470528
217 0.8114980221691432
218 0.8114976064289157
219 0.8114977341636997
220 0.8114975753683096
221 0.81149762415563
222 0.8114975635042372
223 0.8114975821363193
224 0.8114975589725688
225 0.8114975660863766
226 0.811497557241625
227 0.811497559955844
228 0.8114975565804632
229 0.8114975576141896
230 0.811497556327923
231 0.8114975567197571
232 0.811497556231461
233 0.8114975563781148
234 0.8114975561946158
235 0.8114975562476179
236 0.8114975561805422
237 0.8114975561977733
238 0.8114975561718438
239 0.9237639183379982
240 1.0483498849186539
241 0.9367365666553158
242 0.8360843024160198
243 0.81252640050855
244 0.8115216273836032
245 0.8114975698814444
246 0.8114975561720104
247 0.8114975561718438
248 0.8114975561718443
249 0.8114975561718678
250 0.8114975561718474
251 0.8114975561718447
252 0.8114975561718434
253 0.8114975561718438
254 0.8114975561718438
255 0.8114975561718438
256 0.8114975561718438
257 0.8114975561718438
258 0.8114975561718438
259 0.8114975561718438
260 0.8114975561718438
261 0.8114975561718438
262 0.8114975561718438
263 0.8114975561718438
264 0.8114975561718438
265 0.8114975561718434
266 3.377091587145786
267 1.872527590433572
268 1.4723834239325617
269 1.7406987032705916
270 0.8786443773334112
271 0.830712995376254
272 0.811560653986275
273 0.8114975990836406
274 0.8114975561719526
275 0.8114975561718434
276 0.8114975561718443
277 0.8114975561718598
278 0.811497556171846
279 0.8114975561718443
280 0.8114975561718438
281 0.8114975561718443
282 0.8114975561718438
283 0.8114975561718438
284 0.8114975561718443
285 0.8114975561718438
286 0.8114975561718438
287 0.8114975561718438
288 0.8114975561718438
289 0.8114975561718438
290 0.8114975561718438
291 0.8114975561718434
292 0.8206957968136539
293 0.8348270119698729
294 0.8158415852930934
295 0.8137810649388322
296 0.8116822988929484
297 0.81185697873509
298 0.8115368761004524
299 0.811532440601725
300 0.8114986481582749
301 0.8115059508446851
302 0.811500760327966
303 0.8114980837776025
304 0.8114976972218391
305 0.8114976527984945
306 0.811497567277117
307 0.8114975775516973
308 0.811497558740442
309 0.8114975583059776
310 0.8114975562804339
311 0.8114975566781997
312 0.8114975563652242
313 0.811497556193014
314 0.811497556193649
315 0.8114975561719775
316 0.811497556177073
317 0.8114975561738107
318 0.8114975561722719
319 0.8114975561718887
320 0.81149755617189
321 0.8114975561718412
322 0.8114975561718412
323 0.8159011063487944
324 0.8250816883909677
325 0.8132679952287725
326 0.8123233324305374
327 0.8115304838201305
328 0.811594077366141
329 0.8115109849710911
330 0.8115021277743955
331 0.8114997157623378
332 0.811498153382364
333 0.8114979452792483
334 0.8114976081219027
335 0.8114976404115279
336 0.8114975642426288
337 0.8114975671407723
338 0.8114975568963545
339 0.8114975580083814
340 0.8114975564498441
341 0.8114975562834665
342 0.8114975562134332
343 0.8114975561893476
344 0.8114975561778603
345 0.8114975561747109
346 0.8114975561726263
347 0.8114975561723603
348 0.8114975561719056
349 0.8114975561719531
350 0.8114975561718509
351 0.8114975561718545
352 0.8114975561718878
353 0.8114975561718412
354 2.2359404338342217
355 2.1197250944165207
356 2.303775240043259
357 1.386593294834244
358 0.8120596374433999
359 0.9409950794842779
360 0.8540409195435066
361 0.8142258877537505
362 0.811635155262441
363 0.8125312583805653
364 0.811891159795429
365 0.8115400038386946
366 0.8116477187926812
367 0.8115137505883663
368 0.8115548868204638
369 0.8115037390956257
370 0.8115194506799002
371 0.8114999174311164
372 0.8115059185651008
373 0.8114984580331672
374 0.8115007502368217
375 0.8114979006435332
376 0.811498776181101
377 0.811497687747051
378 0.8114980221691415
379 0.8114976064289139
380 0.8114977341636975
381 0.8114975753683078
382 0.8114976241556278
383 0.8114975635042354
384 0.8114975821363171
385 0.8114975589725661
386 0.8114975660863748
387 0.8114975572416228
388 0.8114975599558423
389 0.8114975565804619
390 0.8114975576141878
391 0.8114975563279212
392 0.8114975567197553
393 0.8114975562314592
394 0.8114975563781126
395 0.8114975561946136
396 0.8114975562476161
397 0.81149755618054
398 0.8114975561977715
399 0.8114975561718412
400 0.92376392301931
401 1.0483498781617742
402 0.9367365515827206
403 0.8360843058868528
404 0.8125264007067399
405 0.8115216274191734
406 0.8114975698813973
407 0.8114975561720081
408 0.811497556171842
409 0.8114975561718429
410 0.8114975561718425
411 0.8114975561718416
412 0.811497556171842
413 0.8114975561718416
414 0.8114975561718416
415 0.8114975561718416
416 0.8114975561718416
417 0.811497556171842
418 0.8114975561718416
419 0.811497556171842
420 0.8114975561718416
421 0.8114975561718416
422 0.8114975561718416
423 0.8114975561718416
424 0.8114975561718412
425 3.377091586968221
426 1.8725275908962475
427 1.47238342218878
428 1.740698713287327
429 0.878644377445867
430 0.8307129947870302
431 0.8115606539855498
432 0.8114975990836131
433 0.8114975561719495
434 0.8114975561718416
435 0.8114975624330132
436 0.8114975570853935
437 0.8114975563051443
438 0.8114975561912958
439 0.8114975561746824
440 0.8114975561722568
441 0.8114975561719024
442 0.8114975561718465
443 0.8114975561718429
444 0.8114975561718416
445 0.8114975561718416
446 0.8114975561718416
447 0.8114975561718416
448 0.8114975561718416
449 0.8114975561718416
450 0.8114975561718416
451 0.8114975561718416
452 0.8114975561718416
453 0.8114975561718416
454 0.811497556171842
455 0.8114975561718412
456 0.820695796813812
457 0.8348270119695567
458 0.815841585292993
459 0.8137810649389077
460 0.8116822988929342
461 0.8118569787350567
462 0.8115368761004467
463 0.8115324406017406
464 0.8114986481582691
465 0.8115059508448716
466 0.8115007603280087
467 0.8114980837776224
468 0.8114976972218302
469 0.811497652798514
470 0.811497567277109
471 0.8114975775517461
472 0.8114975587404594
473 0.811497558305958
474 0.8114975562804432
475 0.8114975566780944
476 0.8114975563652127
477 0.8114975561930069
478 0.8114975561936735
479 0.8114975561719855
480 0.8114975561763775
481 0.811497556173574
482 0.8114975561721636
483 0.8114975561718873
484 0.8114975561718434
485 0.8114975561718412
486 0.8159011063487944
487 0.8250816883909677
488 0.8132679952287725
489 0.8123233324305374
490 0.8115304838201305
491 0.811594077366141
492 0.8115109849710911
493 0.8115021277743955
494 0.8114997157623378
495 0.811498153382364
496 0.8114979452792483
497 0.8114976081219027
498 0.8114976404115279
499 0.8114975642426288
500 0.8114975671407723
evaluations raw_y
1 3.314124940992052
2 3.314124940992052
3 4.590411446745018
4 4.325494973288819
5 3.8664838046922365
6 3.673529385717184
7 3.2545768986779295
8 2.861728794664214
9 3.230744378439586
10 2.8370184431453267
11 2.851039970012148
12 2.834712141317803
13 2.842995037924293
14 2.831121804785205
15 2.830526793645193
16 2.828837657376817
17 2.831042438723297
18 2.8292230113355474
19 2.828842449034446
20 2.828657355983328
21 2.8286539388016054
22 2.828583632307626
23 2.8285841628863526
24 2.8285626784322
25 2.8285621307815143
26 2.828553825824914
27 2.828553529697019
28 2.82855084959757
29 2.828551194743771
30 2.8285504655208906
31 2.8285497896633816
32 2.828551035410305
33 2.828550047813102
34 2.8285500826938814
35 2.8285498451132947
36 2.8285497287233787
37 2.8285498577893597
38 2.828549752000349
39 2.828549771883612
40 2.8285497356541853
41 2.8285497390705556
42 2.8285497300338056
43 2.828549726624498
44 2.828549731324446
45 2.8285497274261995
46 2.828549728365695
47 2.82854972688167
48 2.8285497272355533
49 2.828549726700299
50 2.8285497268038773
51 2.8285497266411297
52 2.828549726638992
53 2.8285497266183066
54 2.828549726613093
55 2.8285497266069024
56 2.8285497266069024
57 2.381875330721404
58 2.5767397042258375
59 2.433164413827427
60 2.4291290312103575
61 2.3831288797960433
62 2.3817405086153256
63 2.381728739266003
64 2.381728666576997
65 2.381728665610174
66 2.3817286656096046
67 2.3817286656096046
68 2.3817286656096046
69 2.3817286656096046
70 2.3817286656096046
71 2.3817286656096046
72 2.3817286656096046
73 2.3817286656096046
74 2.3817286656096046
75 2.3817286656096046
76 2.3817286656096046
77 2.3817286656096046
78 2.3817286656096046
79 2.3817286656096046
80 2.3817286656096046
81 2.3817286656096046
82 4.866270060794482
83 3.336596977216529
84 3.163372756825093
85 2.564471175097549
86 2.3492354396180817
87 2.329721489853765
88 2.3286953598081244
89 2.3285464132695033
90 2.3285460329302863
91 2.32854602529581
92 2.3285460252941625
93 2.3285460252941634
94 2.328546025294165
95 2.3285460252941634
96 2.3285460252941634
97 2.3285460252941625
98 2.3285460252941634
99 2.3285460252941625
100 2.3285460252941625
101 2.3285460252941634
102 2.3285460252941625
103 2.3285460252941625
104 2.3285460252941634
105 2.3285460252941625
106 2.3285460252941625
107 2.3285460252941634
108 2.3285460252941634
109 2.3285460252941634
110 2.3285460252941625
111 1.8059015530908282
112 1.5259609581696507
113 1.53842972244367
114 1.4665091262190457
115 1.4710441616141172
116 2.0001772430825486
117 1.4970751172726087
118 1.4711746236301688
119 1.4652514998239003
120 1.4656457558525977
121 1.465386434660478
122 1.4652794152896949
123 1.465251796022721
124 1.4652347669708852
125 1.4652298158087906
126 1.4652381956095732
127 1.4652306043543413
128 1.465230786947624
129 1.4652298023031491
130 1.4652298219786672
131 1.4652297595549397
132 1.465229762541441
133 1.4652297680371467
134 1.4652297604102724
135 1.4652297596613941
136 1.4652297592290533
137 1.4652297592112942
138 1.465229759249937
139 1.4652297591892443
140 1.4652297591912444
141 1.465229759189421
142 1.4652297591872552
143 1.4652297591887788
144 1.4652297591871424
145 1.465229759187478
146 1.4652297591870664
147 1.465229759187062
148 1.4652297591871086
149 1.465229759187062
150 1.0792561816485375
151 0.8530644099627365
152 0.8568493512267743
153 0.8119232408848345
154 0.8143517491084511
155 1.229957544262564
156 0.8311510609843222
157 0.8140851789461792
158 0.8115874768908404
159 0.8115435689330108
160 0.8115377431600757
161 0.8116630588312734
162 0.8114988969796881
163 0.8114988015966147
164 0.8114982422217918
165 0.8114975677547211
166 0.8114980750485219
167 0.811497597184665
168 0.8114976418242561
169 0.8114975641782229
170 0.8114975620925042
171 0.8114975754962197
172 0.8114975566704876
173 0.8114975566607856
174 0.8114975561987867
175 0.8114975561741367
176 0.8114975563637259
177 0.8114975562095652
178 0.8114975561743072
179 0.8114975561774385
180 0.8114975561725619
181 0.8114975561727991
182 0.8114975561720712
183 0.8114975561728599
184 0.8114975561722337
185 0.811497556171898
186 0.8114975561721516
187 0.8114975561718571
188 0.8114975561718825
189 0.8114975561718438
190 0.8114975561718532
191 3.1735068205405224
192 0.8114975561718438
193 2.2359404338342235
194 2.119725094416523
195 2.303775240043261
196 1.3865932948342459
197 0.8120596374434026
198 0.9409950794842947
199 0.8540409195435132
200 0.8142258877537532
201 0.8116351552624423
202 0.8125312583805671
203 0.8118911597954317
204 0.8115400038386955
205 0.8116477187926834
206 0.8115137505883676
207 0.8115548868204661
208 0.8115037390956275
209 0.8115194506799024
210 0.8114999174311177
211 0.8115059185651021
212 0.8114984580331699
213 0.8115007502368243
214 0.811497900643535
215 0.8114987761811037
216 0.8114976877470528
217 0.8114980221691432
218 0.8114976064289157
219 0.8114977341636997
220 0.8114975753683096
221 0.81149762415563
222 0.8114975635042372
223 0.8114975821363193
224 0.8114975589725688
225 0.8114975660863766
226 0.811497557241625
227 0.811497559955844
228 0.8114975565804632
229 0.8114975576141896
230 0.811497556327923
231 0.8114975567197571
232 0.811497556231461
233 0.8114975563781148
234 0.8114975561946158
235 0.8114975562476179
236 0.8114975561805422
237 0.8114975561977733
238 0.8114975561718438
239 0.9237639183379982
240 1.0483498849186539
241 0.9367365666553158
242 0.8360843024160198
243 0.81252640050855
244 0.8115216273836032
245 0.8114975698814444
246 0.8114975561720104
247 0.8114975561718438
248 0.8114975561718443
249 0.8114975561718678
250 0.8114975561718474
251 0.8114975561718447
252 0.8114975561718434
253 0.8114975561718438
254 0.8114975561718438
255 0.8114975561718438
256 0.8114975561718438
257 0.8114975561718438
258 0.8114975561718438
259 0.8114975561718438
260 0.8114975561718438
261 0.8114975561718438
262 0.8114975561718438
263 0.8114975561718438
264 0.8114975561718438
265 0.8114975561718434
266 3.377091587145786
267 1.872527590433572
268 1.4723834239325617
269 1.7406987032705916
270 0.8786443773334112
271 0.830712995376254
272 0.811560653986275
273 0.8114975990836406
274 0.8114975561719526
275 0.8114975561718434
276 0.8114975561718443
277 0.8114975561718598
278 0.811497556171846
279 0.8114975561718443
280 0.8114975561718438
281 0.8114975561718443
282 0.8114975561718438
283 0.8114975561718438
284 0.8114975561718443
285 0.8114975561718438
286 0.8114975561718438
287 0.8114975561718438
288 0.8114975561718438
289 0.8114975561718438
290 0.8114975561718438
291 0.8114975561718434
292 0.8206957968136539
293 0.8348270119698729
294 0.8158415852930934
295 0.8137810649388322
296 0.8116822988929484
297 0.81185697873509
298 0.8115368761004524
299 0.811532440601725
300 0.8114986481582749
301 0.8115059508446851
302 0.811500760327966
303 0.8114980837776025
304 0.8114976972218391
305 0.8114976527984945
306 0.811497567277117
307 0.8114975775516973
308 0.811497558740442
309 0.8114975583059776
310 0.8114975562804339
311 0.8114975566781997
312 0.8114975563652242
313 0.811497556193014
314 0.811497556193649
315 0.8114975561719775
316 0.811497556177073
317 0.8114975561738107
318 0.8114975561722719
319 0.8114975561718887
320 0.81149755617189
321 0.8114975561718412
322 0.8114975561718412
323 0.8159011063487944
324 0.8250816883909677
325 0.8132679952287725
326 0.8123233324305374
327 0.8115304838201305
328 0.811594077366141
329 0.8115109849710911
330 0.8115021277743955
331 0.8114997157623378
332 0.811498153382364
333 0.8114979452792483
334 0.8114976081219027
335 0.8114976404115279
336 0.8114975642426288
337 0.8114975671407723
338 0.8114975568963545
339 0.8114975580083814
340 0.8114975564498441
341 0.8114975562834665
342 0.8114975562134332
343 0.8114975561893476
344 0.8114975561778603
345 0.8114975561747109
346 0.8114975561726263
347 0.8114975561723603
348 0.8114975561719056
349 0.8114975561719531
350 0.8114975561718509
351 0.8114975561718545
352 0.8114975561718878
353 0.8114975561718412
354 2.2359404338342217
355 2.1197250944165207
356 2.303775240043259
357 1.386593294834244
358 0.8120596374433999
359 0.9409950794842779
360 0.8540409195435066
361 0.8142258877537505
362 0.811635155262441
363 0.8125312583805653
364 0.811891159795429
365 0.8115400038386946
366 0.8116477187926812
367 0.8115137505883663
368 0.8115548868204638
369 0.8115037390956257
370 0.8115194506799002
371 0.8114999174311164
372 0.8115059185651008
373 0.8114984580331672
374 0.8115007502368217
375 0.8114979006435332
376 0.811498776181101
377 0.811497687747051
378 0.8114980221691415
379 0.8114976064289139
380 0.8114977341636975
381 0.8114975753683078
382 0.8114976241556278
383 0.8114975635042354
384 0.8114975821363171
385 0.8114975589725661
386 0.8114975660863748
387 0.8114975572416228
388 0.8114975599558423
389 0.8114975565804619
390 0.8114975576141878
391 0.8114975563279212
392 0.8114975567197553
393 0.8114975562314592
394 0.8114975563781126
395 0.8114975561946136
396 0.8114975562476161
397 0.81149755618054
398 0.8114975561977715
399 0.8114975561718412
400 0.92376392301931
401 1.0483498781617742
402 0.9367365515827206
403 0.8360843058868528
404 0.8125264007067399
405 0.8115216274191734
406 0.8114975698813973
407 0.8114975561720081
408 0.811497556171842
409 0.8114975561718429
410 0.8114975561718425
411 0.8114975561718416
412 0.811497556171842
413 0.8114975561718416
414 0.8114975561718416
415 0.8114975561718416
416 0.8114975561718416
417 0.811497556171842
418 0.8114975561718416
419 0.811497556171842
420 0.8114975561718416
421 0.8114975561718416
422 0.8114975561718416
423 0.8114975561718416
424 0.8114975561718412
425 3.377091586968221
426 1.8725275908962475
427 1.47238342218878
428 1.740698713287327
429 0.878644377445867
430 0.8307129947870302
431 0.8115606539855498
432 0.8114975990836131
433 0.8114975561719495
434 0.8114975561718416
435 0.8114975624330132
436 0.8114975570853935
437 0.8114975563051443
438 0.8114975561912958
439 0.8114975561746824
440 0.8114975561722568
441 0.8114975561719024
442 0.8114975561718465
443 0.8114975561718429
444 0.8114975561718416
445 0.8114975561718416
446 0.8114975561718416
447 0.8114975561718416
448 0.8114975561718416
449 0.8114975561718416
450 0.8114975561718416
451 0.8114975561718416
452 0.8114975561718416
453 0.8114975561718416
454 0.811497556171842
455 0.8114975561718412
456 0.820695796813812
457 0.8348270119695567
458 0.815841585292993
459 0.8137810649389077
460 0.8116822988929342
461 0.8118569787350567
462 0.8115368761004467
463 0.8115324406017406
464 0.8114986481582691
465 0.8115059508448716
466 0.8115007603280087
467 0.8114980837776224
468 0.8114976972218302
469 0.811497652798514
470 0.811497567277109
471 0.8114975775517461
472 0.8114975587404594
473 0.811497558305958
474 0.8114975562804432
475 0.8114975566780944
476 0.8114975563652127
477 0.8114975561930069
478 0.8114975561936735
479 0.8114975561719855
480 0.8114975561763775
481 0.811497556173574
482 0.8114975561721636
483 0.8114975561718873
484 0.8114975561718434
485 0.8114975561718412
486 0.8159011063487944
487 0.8250816883909677
488 0.8132679952287725
489 0.8123233324305374
490 0.8115304838201305
491 0.811594077366141
492 0.8115109849710911
493 0.8115021277743955
494 0.8114997157623378
495 0.811498153382364
496 0.8114979452792483
497 0.8114976081219027
498 0.8114976404115279
499 0.8114975642426288
500 0.8114975671407723
evaluations raw_y
1 3.314124940992052
2 3.314124940992052
3 4.590411446745018
4 4.325494973288819
5 3.8664838046922365
6 3.673529385717184
7 3.2545768986779295
8 2.861728794664214
9 3.230744378439586
10 2.8370184431453267
11 2.851039970012148
12 2.834712141317803
13 2.842995037924293
14 2.831121804785205
15 2.830526793645193
16 2.828837657376817
17 2.831042438723297
18 2.8292230113355474
19 2.828842449034446
20 2.828657355983328
21 2.8286539388016054
22 2.828583632307626
23 2.8285841628863526
24 2.8285626784322
25 2.8285621307815143
26 2.828553825824914
27 2.828553529697019
28 2.82855084959757
29 2.828551194743771
30 2.8285504655208906
31 2.8285497896633816
32 2.828551035410305
33 2.828550047813102
34 2.8285500826938814
35 2.8285498451132947
36 2.8285497287233787
37 2.8285498577893597
38 2.828549752000349
39 2.828549771883612
40 2.8285497356541853
41 2.8285497390705556
42 2.8285497300338056
43 2.828549726624498
44 2.828549731324446
45 2.8285497274261995
46 2.828549728365695
47 2.82854972688167
48 2.8285497272355533
49 2.828549726700299
50 2.8285497268038773
51 2.8285497266411297
52 2.828549726638992
53 2.8285497266183066
54 2.828549726613093
55 2.8285497266069024
56 2.8285497266069024
57 2.381875330721404
58 2.5767397042258375
59 2.433164413827427
60 2.4291290312103575
61 2.3831288797960433
62 2.3817405086153256
63 2.381728739266003
64 2.381728666576997
65 2.381728665610174
66 2.3817286656096046
67 2.3817286656096046
68 2.3817286656096046
69 2.3817286656096046
70 2.3817286656096046
71 2.3817286656096046
72 2.3817286656096046
73 2.3817286656096046
74 2.3817286656096046
75 2.3817286656096046
76 2.3817286656096046
77 2.3817286656096046
78 2.3817286656096046
79 2.3817286656096046
80 2.3817286656096046
81 2.3817286656096046
82 4.866270060794482
83 3.336596977216529
84 3.163372756825093
85 2.564471175097549
86 2.3492354396180817
87 2.329721489853765
88 2.3286953598081244
89 2.3285464132695033
90 2.3285460329302863
91 2.32854602529581
92 2.3285460252941625
93 2.3285460252941634
94 2.328546025294165
95 2.3285460252941634
96 2.3285460252941634
97 2.3285460252941625
98 2.3285460252941634
99 2.3285460252941625
100 2.3285460252941625
101 2.3285460252941634
102 2.3285460252941625
103 2.3285460252941625
104 2.3285460252941634
105 2.3285460252941625
106 2.3285460252941625
107 2.3285460252941634
108 2.3285460252941634
109 2.3285460252941634
110 2.3285460252941625
111 1.8059015530908282
112 1.5259609581696507
113 1.53842972244367
114 1.4665091262190457
115 1.4710441616141172
116 2.0001772430825486
117 1.4970751172726087
118 1.4711746236301688
119 1.4652514998239003
120 1.4656457558525977
121 1.465386434660478
122 1.4652794152896949
123 1.465251796022721
124 1.4652347669708852
125 1.4652298158087906
126 1.4652381956095732
127 1.4652306043543413
128 1.465230786947624
129 1.4652298023031491
130 1.4652298219786672
131 1.4652297595549397
132 1.465229762541441
133 1.4652297680371467
134 1.4652297604102724
135 1.4652297596613941
136 1.4652297592290533
137 1.4652297592112942
138 1.465229759249937
139 1.4652297591892443
140 1.4652297591912444
141 1.465229759189421
142 1.4652297591872552
143 1.4652297591887788
144 1.4652297591871424
145 1.465229759187478
146 1.4652297591870664
147 1.465229759187062
148 1.4652297591871086
149 1.465229759187062
150 1.0792561816485375
151 0.8530644099627365
152 0.8568493512267743
153 0.8119232408848345
154 0.8143517491084511
155 1.229957544262564
156 0.8311510609843222
157 0.8140851789461792
158 0.8115874768908404
159 0.8115435689330108
160 0.8115377431600757
161 0.8116630588312734
162 0.8114988969796881
163 0.8114988015966147
164 0.8114982422217918
165 0.8114975677547211
166 0.8114980750485219
167 0.811497597184665
168 0.8114976418242561
169 0.8114975641782229
170 0.8114975620925042
171 0.8114975754962197
172 0.8114975566704876
173 0.8114975566607856
174 0.8114975561987867
175 0.8114975561741367
176 0.8114975563637259
177 0.8114975562095652
178 0.8114975561743072
179 0.8114975561774385
180 0.8114975561725619
181 0.8114975561727991
182 0.8114975561720712
183 0.8114975561728599
184 0.8114975561722337
185 0.811497556171898
186 0.8114975561721516
187 0.8114975561718571
188 0.8114975561718825
189 0.8114975561718438
190 0.8114975561718532
191 3.1735068205405224
192 0.8114975561718438
193 2.2359404338342235
194 2.119725094416523
195 2.303775240043261
196 1.3865932948342459
197 0.8120596374434026
198 0.9409950794842947
199 0.8540409195435132
200 0.8142258877537532
201 0.8116351552624423
202 0.8125312583805671
203 0.8118911597954317
204 0.8115400038386955
205 0.8116477187926834
206 0.8115137505883676
207 0.8115548868204661
208 0.8115037390956275
209 0.8115194506799024
210 0.8114999174311177
211 0.8115059185651021
212 0.8114984580331699
213 0.8115007502368243
214 0.811497900643535
215 0.8114987761811037
216 0.8114976877470528
217 0.8114980221691432
218 0.8114976064289157
219 0.8114977341636997
220 0.8114975753683096
221 0.81149762415563
222 0.8114975635042372
223 0.8114975821363193
224 0.8114975589725688
225 0.8114975660863766
226 0.811497557241625
227 0.811497559955844
228 0.8114975565804632
229 0.8114975576141896
230 0.811497556327923
231 0.8114975567197571
232 0.811497556231461
233 0.8114975563781148
234 0.8114975561946158
235 0.8114975562476179
236 0.8114975561805422
237 0.8114975561977733
238 0.8114975561718438
239 0.9237639183379982
240 1.0483498849186539
241 0.9367365666553158
242 0.8360843024160198
243 0.81252640050855
244 0.8115216273836032
245 0.8114975698814444
246 0.8114975561720104
247 0.8114975561718438
248 0.8114975561718443
249 0.8114975561718678
250 0.8114975561718474
251 0.8114975561718447
252 0.8114975561718434
253 0.8114975561718438
254 0.8114975561718438
255 0.8114975561718438
256 0.8114975561718438
257 0.8114975561718438
258 0.8114975561718438
259 0.8114975561718438
260 0.8114975561718438
261 0.8114975561718438
262 0.8114975561718438
263 0.8114975561718438
264 0.8114975561718438
265 0.8114975561718434
266 3.377091587145786
267 1.872527590433572
268 1.4723834239325617
269 1.7406987032705916
270 0.8786443773334112
271 0.830712995376254
272 0.811560653986275
273 0.8114975990836406
274 0.8114975561719526
275 0.8114975561718434
276 0.8114975561718443
277 0.8114975561718598
278 0.811497556171846
279 0.8114975561718443
280 0.8114975561718438
281 0.8114975561718443
282 0.8114975561718438
283 0.8114975561718438
284 0.8114975561718443
285 0.8114975561718438
286 0.8114975561718438
287 0.8114975561718438
288 0.8114975561718438
289 0.8114975561718438
290 0.8114975561718438
291 0.8114975561718434
292 0.8206957968136539
293 0.8348270119698729
294 0.8158415852930934
295 0.8137810649388322
296 0.8116822988929484
297 0.81185697873509
298 0.8115368761004524
299 0.811532440601725
300 0.8114986481582749
301 0.8115059508446851
302 0.811500760327966
303 0.8114980837776025
304 0.8114976972218391
305 0.8114976527984945
306 0.811497567277117
307 0.8114975775516973
308 0.811497558740442
309 0.8114975583059776
310 0.8114975562804339
311 0.8114975566781997
312 0.8114975563652242
313 0.811497556193014
314 0.811497556193649
315 0.8114975561719775
316 0.811497556177073
317 0.8114975561738107
318 0.8114975561722719
319 0.8114975561718887
320 0.81149755617189
321 0.8114975561718412
322 0.8114975561718412
323 0.8159011063487944
324 0.8250816883909677
325 0.8132679952287725
326 0.8123233324305374
327 0.8115304838201305
328 0.811594077366141
329 0.8115109849710911
330 0.8115021277743955
331 0.8114997157623378
332 0.811498153382364
333 0.8114979452792483
334 0.8114976081219027
335 0.8114976404115279
336 0.8114975642426288
337 0.8114975671407723
338 0.8114975568963545
339 0.8114975580083814
340 0.8114975564498441
341 0.8114975562834665
342 0.8114975562134332
343 0.8114975561893476
344 0.8114975561778603
345 0.8114975561747109
346 0.8114975561726263
347 0.8114975561723603
348 0.8114975561719056
349 0.8114975561719531
350 0.8114975561718509
351 0.8114975561718545
352 0.8114975561718878
353 0.8114975561718412
354 2.2359404338342217
355 2.1197250944165207
356 2.303775240043259
357 1.386593294834244
358 0.8120596374433999
359 0.9409950794842779
360 0.8540409195435066
361 0.8142258877537505
362 0.811635155262441
363 0.8125312583805653
364 0.811891159795429
365 0.8115400038386946
366 0.8116477187926812
367 0.8115137505883663
368 0.8115548868204638
369 0.8115037390956257
370 0.8115194506799002
371 0.8114999174311164
372 0.8115059185651008
373 0.8114984580331672
374 0.8115007502368217
375 0.8114979006435332
376 0.811498776181101
377 0.811497687747051
378 0.8114980221691415
379 0.8114976064289139
380 0.8114977341636975
381 0.8114975753683078
382 0.8114976241556278
383 0.8114975635042354
384 0.8114975821363171
385 0.8114975589725661
386 0.8114975660863748
387 0.8114975572416228
388 0.8114975599558423
389 0.8114975565804619
390 0.8114975576141878
391 0.8114975563279212
392 0.8114975567197553
393 0.8114975562314592
394 0.8114975563781126
395 0.8114975561946136
396 0.8114975562476161
397 0.81149755618054
398 0.8114975561977715
399 0.8114975561718412
400 0.92376392301931
401 1.0483498781617742
402 0.9367365515827206
403 0.8360843058868528
404 0.8125264007067399
405 0.8115216274191734
406 0.8114975698813973
407 0.8114975561720081
408 0.811497556171842
409 0.8114975561718429
410 0.8114975561718425
411 0.8114975561718416
412 0.811497556171842
413 0.8114975561718416
414 0.8114975561718416
415 0.8114975561718416
416 0.8114975561718416
417 0.811497556171842
418 0.8114975561718416
419 0.811497556171842
420 0.8114975561718416
421 0.8114975561718416
422 0.8114975561718416
423 0.8114975561718416
424 0.8114975561718412
425 3.377091586968221
426 1.8725275908962475
427 1.47238342218878
428 1.740698713287327
429 0.878644377445867
430 0.8307129947870302
431 0.8115606539855498
432 0.8114975990836131
433 0.8114975561719495
434 0.8114975561718416
435 0.8114975624330132
436 0.8114975570853935
437 0.8114975563051443
438 0.8114975561912958
439 0.8114975561746824
440 0.8114975561722568
441 0.8114975561719024
442 0.8114975561718465
443 0.8114975561718429
444 0.8114975561718416
445 0.8114975561718416
446 0.8114975561718416
447 0.8114975561718416
448 0.8114975561718416
449 0.8114975561718416
450 0.8114975561718416
451 0.8114975561718416
452 0.8114975561718416
453 0.8114975561718416
454 0.811497556171842
455 0.8114975561718412
456 0.820695796813812
457 0.8348270119695567
458 0.815841585292993
459 0.8137810649389077
460 0.8116822988929342
461 0.8118569787350567
462 0.8115368761004467
463 0.8115324406017406
464 0.8114986481582691
465 0.8115059508448716
466 0.8115007603280087
467 0.8114980837776224
468 0.8114976972218302
469 0.811497652798514
470 0.811497567277109
471 0.8114975775517461
472 0.8114975587404594
473 0.811497558305958
474 0.8114975562804432
475 0.8114975566780944
476 0.8114975563652127
477 0.8114975561930069
478 0.8114975561936735
479 0.8114975561719855
480 0.8114975561763775
481 0.811497556173574
482 0.8114975561721636
483 0.8114975561718873
484 0.8114975561718434
485 0.8114975561718412
486 0.8159011063487944
487 0.8250816883909677
488 0.8132679952287725
489 0.8123233324305374
490 0.8115304838201305
491 0.811594077366141
492 0.8115109849710911
493 0.8115021277743955
494 0.8114997157623378
495 0.811498153382364
496 0.8114979452792483
497 0.8114976081219027
498 0.8114976404115279
499 0.8114975642426288
500 0.8114975671407723
evaluations raw_y
1 3.314124940992052
2 3.314124940992052
3 4.590411446745018
4 4.325494973288819
5 3.8664838046922365
6 3.673529385717184
7 3.2545768986779295
8 2.861728794664214
9 3.230744378439586
10 2.8370184431453267
11 2.851039970012148
12 2.834712141317803
13 2.842995037924293
14 2.831121804785205
15 2.830526793645193
16 2.828837657376817
17 2.831042438723297
18 2.8292230113355474
19 2.828842449034446
20 2.828657355983328
21 2.8286539388016054
22 2.828583632307626
23 2.8285841628863526
24 2.8285626784322
25 2.8285621307815143
26 2.828553825824914
27 2.828553529697019
28 2.82855084959757
29 2.828551194743771
30 2.8285504655208906
31 2.8285497896633816
32 2.828551035410305
33 2.828550047813102
34 2.8285500826938814
35 2.8285498451132947
36 2.8285497287233787
37 2.8285498577893597
38 2.828549752000349
39 2.828549771883612
40 2.8285497356541853
41 2.8285497390705556
42 2.8285497300338056
43 2.828549726624498
44 2.828549731324446
45 2.8285497274261995
46 2.828549728365695
47 2.82854972688167
48 2.8285497272355533
49 2.828549726700299
50 2.8285497268038773
51 2.8285497266411297
52 2.828549726638992
53 2.8285497266183066
54 2.828549726613093
55 2.8285497266069024
56 2.8285497266069024
57 2.381875330721404
58 2.5767397042258375
59 2.433164413827427
60 2.4291290312103575
61 2.3831288797960433
62 2.3817405086153256
63 2.381728739266003
64 2.381728666576997
65 2.381728665610174
66 2.3817286656096046
67 2.3817286656096046
68 2.3817286656096046
69 2.3817286656096046
70 2.3817286656096046
71 2.3817286656096046
72 2.3817286656096046
73 2.3817286656096046
74 2.3817286656096046
75 2.3817286656096046
76 2.3817286656096046
77 2.3817286656096046
78 2.3817286656096046
79 2.3817286656096046
80 2.3817286656096046
81 2.3817286656096046
82 4.866270060794482
83 3.336596977216529
84 3.163372756825093
85 2.564471175097549
86 2.3492354396180817
87 2.329721489853765
88 2.3286953598081244
89 2.3285464132695033
90 2.3285460329302863
91 2.32854602529581
92 2.3285460252941625
93 2.3285460252941634
94 2.328546025294165
95 2.3285460252941634
96 2.3285460252941634
97 2.3285460252941625
98 2.3285460252941634
99 2.3285460252941625
100 2.3285460252941625
101 2.3285460252941634
102 2.3285460252941625
103 2.3285460252941625
104 2.3285460252941634
105 2.3285460252941625
106 2.3285460252941625
107 2.3285460252941634
108 2.3285460252941634
109 2.3285460252941634
110 2.3285460252941625
111 1.8059015530908282
112 1.5259609581696507
113 1.53842972244367
114 1.4665091262190457
115 1.4710441616141172
116 2.0001772430825486
117 1.4970751172726087
118 1.4711746236301688
119 1.4652514998239003
120 1.4656457558525977
121 1.465386434660478
122 1.4652794152896949
123 1.465251796022721
124 1.4652347669708852
125 1.4652298158087906
126 1.4652381956095732
127 1.4652306043543413
128 1.465230786947624
129 1.4652298023031491
130 1.4652298219786672
131 1.4652297595549397
132 1.465229762541441
133 1.4652297680371467
134 1.4652297604102724
135 1.4652297596613941
136 1.4652297592290533
137 1.4652297592112942
138 1.465229759249937
139 1.4652297591892443
140 1.4652297591912444
141 1.465229759189421
142 1.4652297591872552
143 1.4652297591887788
144 1.4652297591871424
145 1.465229759187478
146 1.4652297591870664
147 1.465229759187062
148 1.4652297591871086
149 1.465229759187062
150 1.0792561816485375
151 0.8530644099627365
152 0.8568493512267743
153 0.8119232408848345
154 0.8143517491084511
155 1.229957544262564
156 0.8311510609843222
157 0.8140851789461792
158 0.8115874768908404
159 0.8115435689330108
160 0.8115377431600757
161 0.8116630588312734
162 0.8114988969796881
163 0.8114988015966147
164 0.8114982422217918
165 0.8114975677547211
166 0.8114980750485219
167 0.811497597184665
168 0.8114976418242561
169 0.8114975641782229
170 0.8114975620925042
171 0.8114975754962197
172 0.8114975566704876
173 0.8114975566607856
174 0.8114975561987867
175 0.8114975561741367
176 0.8114975563637259
177 0.8114975562095652
178 0.8114975561743072
179 0.8114975561774385
180 0.8114975561725619
181 0.8114975561727991
182 0.8114975561720712
183 0.8114975561728599
184 0.8114975561722337
185 0.811497556171898
186 0.8114975561721516
187 0.8114975561718571
188 0.8114975561718825
189 0.8114975561718438
190 0.8114975561718532
191 3.1735068205405224
192 0.8114975561718438
193 2.2359404338342235
194 2.119725094416523
195 2.303775240043261
196 1.3865932948342459
197 0.8120596374434026
198 0.9409950794842947
199 0.8540409195435132
200 0.8142258877537532
201 0.8116351552624423
202 0.8125312583805671
203 0.8118911597954317
204 0.8115400038386955
205 0.8116477187926834
206 0.8115137505883676
207 0.8115548868204661
208 0.8115037390956275
209 0.8115194506799024
210 0.8114999174311177
211 0.8115059185651021
212 0.8114984580331699
213 0.8115007502368243
214 0.811497900643535
215 0.8114987761811037
216 0.8114976877470528
217 0.8114980221691432
218 0.8114976064289157
219 0.8114977341636997
220 0.8114975753683096
221 0.81149762415563
222 0.8114975635042372
223 0.8114975821363193
224 0.8114975589725688
225 0.8114975660863766
226 0.811497557241625
227 0.811497559955844
228 0.8114975565804632
229 0.8114975576141896
230 0.811497556327923
231 0.8114975567197571
232 0.811497556231461
233 0.8114975563781148
234 0.8114975561946158
235 0.8114975562476179
236 0.8114975561805422
237 0.8114975561977733
238 0.8114975561718438
239 0.9237639183379982
240 1.0483498849186539
241 0.9367365666553158
242 0.8360843024160198
243 0.81252640050855
244 0.8115216273836032
245 0.8114975698814444
246 0.8114975561720104
247 0.8114975561718438
248 0.8114975561718443
249 0.8114975561718678
250 0.8114975561718474
251 0.8114975561718447
252 0.8114975561718434
253 0.8114975561718438
254 0.8114975561718438
255 0.8114975561718438
256 0.8114975561718438
257 0.8114975561718438
258 0.8114975561718438
259 0.8114975561718438
260 0.8114975561718438
261 0.8114975561718438
262 0.8114975561718438
263 0.8114975561718438
264 0.8114975561718438
265 0.8114975561718434
266 3.377091587145786
267 1.872527590433572
268 1.4723834239325617
269 1.7406987032705916
270 0.8786443773334112
271 0.830712995376254
272 0.811560653986275
273 0.8114975990836406
274 0.8114975561719526
275 0.8114975561718434
276 0.8114975561718443
277 0.8114975561718598
278 0.811497556171846
279 0.8114975561718443
280 0.8114975561718438
281 0.8114975561718443
282 0.8114975561718438
283 0.8114975561718438
284 0.8114975561718443
285 0.8114975561718438
286 0.8114975561718438
287 0.8114975561718438
288 0.8114975561718438
289 0.8114975561718438
290 0.8114975561718438
291 0.8114975561718434
292 0.8206957968136539
293 0.8348270119698729
294 0.8158415852930934
295 0.8137810649388322
296 0.8116822988929484
297 0.81185697873509
298 0.8115368761004524
299 0.811532440601725
300 0.8114986481582749
301 0.8115059508446851
302 0.811500760327966
303 0.8114980837776025
304 0.8114976972218391
305 0.8114976527984945
306 0.811497567277117
307 0.8114975775516973
308 0.811497558740442
309 0.8114975583059776
310 0.8114975562804339
311 0.8114975566781997
312 0.8114975563652242
313 0.811497556193014
314 0.811497556193649
315 0.8114975561719775
316 0.811497556177073
317 0.8114975561738107
318 0.8114975561722719
319 0.8114975561718887
320 0.81149755617189
321 0.8114975561718412
322 0.8114975561718412
323 0.8159011063487944
324 0.8250816883909677
325 0.8132679952287725
326 0.8123233324305374
327 0.8115304838201305
328 0.811594077366141
329 0.8115109849710911
330 0.8115021277743955
331 0.8114997157623378
332 0.811498153382364
333 0.8114979452792483
334 0.8114976081219027
335 0.8114976404115279
336 0.8114975642426288
337 0.8114975671407723
338 0.8114975568963545
339 0.8114975580083814
340 0.8114975564498441
341 0.8114975562834665
342 0.8114975562134332
343 0.8114975561893476
344 0.8114975561778603
345 0.8114975561747109
346 0.8114975561726263
347 0.8114975561723603
348 0.8114975561719056
349 0.8114975561719531
350 0.8114975561718509
351 0.8114975561718545
352 0.8114975561718878
353 0.8114975561718412
354 2.2359404338342217
355 2.1197250944165207
356 2.303775240043259
357 1.386593294834244
358 0.8120596374433999
359 0.9409950794842779
360 0.8540409195435066
361 0.8142258877537505
362 0.811635155262441
363 0.8125312583805653
364 0.811891159795429
365 0.8115400038386946
366 0.8116477187926812
367 0.8115137505883663
368 0.8115548868204638
369 0.8115037390956257
370 0.8115194506799002
371 0.8114999174311164
372 0.8115059185651008
373 0.8114984580331672
374 0.8115007502368217
375 0.8114979006435332
376 0.811498776181101
377 0.811497687747051
378 0.8114980221691415
379 0.8114976064289139
380 0.8114977341636975
381 0.8114975753683078
382 0.8114976241556278
383 0.8114975635042354
384 0.8114975821363171
385 0.8114975589725661
386 0.8114975660863748
387 0.8114975572416228
388 0.8114975599558423
389 0.8114975565804619
390 0.8114975576141878
391 0.8114975563279212
392 0.8114975567197553
393 0.8114975562314592
394 0.8114975563781126
395 0.8114975561946136
396 0.8114975562476161
397 0.81149755618054
398 0.8114975561977715
399 0.8114975561718412
400 0.92376392301931
401 1.0483498781617742
402 0.9367365515827206
403 0.8360843058868528
404 0.8125264007067399
405 0.8115216274191734
406 0.8114975698813973
407 0.8114975561720081
408 0.811497556171842
409 0.8114975561718429
410 0.8114975561718425
411 0.8114975561718416
412 0.811497556171842
413 0.8114975561718416
414 0.8114975561718416
415 0.8114975561718416
416 0.8114975561718416
417 0.811497556171842
418 0.8114975561718416
419 0.811497556171842
420 0.8114975561718416
421 0.8114975561718416
422 0.8114975561718416
423 0.8114975561718416
424 0.8114975561718412
425 3.377091586968221
426 1.8725275908962475
427 1.47238342218878
428 1.740698713287327
429 0.878644377445867
430 0.8307129947870302
431 0.8115606539855498
432 0.8114975990836131
433 0.8114975561719495
434 0.8114975561718416
435 0.8114975624330132
436 0.8114975570853935
437 0.8114975563051443
438 0.8114975561912958
439 0.8114975561746824
440 0.8114975561722568
441 0.8114975561719024
442 0.8114975561718465
443 0.8114975561718429
444 0.8114975561718416
445 0.8114975561718416
446 0.8114975561718416
447 0.8114975561718416
448 0.8114975561718416
449 0.8114975561718416
450 0.8114975561718416
451 0.8114975561718416
452 0.8114975561718416
453 0.8114975561718416
454 0.811497556171842
455 0.8114975561718412
456 0.820695796813812
457 0.8348270119695567
458 0.815841585292993
459 0.8137810649389077
460 0.8116822988929342
461 0.8118569787350567
462 0.8115368761004467
463 0.8115324406017406
464 0.8114986481582691
465 0.8115059508448716
466 0.8115007603280087
467 0.8114980837776224
468 0.8114976972218302
469 0.811497652798514
470 0.811497567277109
471 0.8114975775517461
472 0.8114975587404594
473 0.811497558305958
474 0.8114975562804432
475 0.8114975566780944
476 0.8114975563652127
477 0.8114975561930069
478 0.8114975561936735
479 0.8114975561719855
480 0.8114975561763775
481 0.811497556173574
482 0.8114975561721636
483 0.8114975561718873
484 0.8114975561718434
485 0.8114975561718412
486 0.8159011063487944
487 0.8250816883909677
488 0.8132679952287725
489 0.8123233324305374
490 0.8115304838201305
491 0.811594077366141
492 0.8115109849710911
493 0.8115021277743955
494 0.8114997157623378
495 0.811498153382364
496 0.8114979452792483
497 0.8114976081219027
498 0.8114976404115279
499 0.8114975642426288
500 0.8114975671407723
