evaluations raw_y
1 0.5000870416288893
2 2.9276384668451954
3 4.286515952618196
4 7.579265879418365
5 4.668542621203784
6 3.6937445173152623
7 5.023716415269685
8 1.25601380343325
9 3.897412201563226
10 5.118320447565156
11 5.787087044648988
12 4.597824662153372
13 8.134341235932547
14 6.657677593517321
15 3.2034097680955864
16 9.692868832829621
17 4.108256143529961
18 4.829658175268876
19 4.127159671593847
20 9.169235517922633
21 3.877824653531457
22 2.6790108107125548
23 2.312379163668549
24 2.0871653551307334
25 1.8518324867932374
26 5.261055253221971
27 3.373614587754671
28 0.34579439064105844
29 2.9664289541193942
30 5.347651516115209
31 6.932903536295345
32 4.244059563949558
33 2.578156252824272
34 6.695244418151584
35 8.39620732427356
36 6.476251112216089
37 4.3329164151599455
38 1.0268295779543648
39 4.972705511217321
40 5.913503925639147
41 6.49465559731566
42 4.0356683353051785
43 7.5210836002601145
44 2.0388148780149136
45 3.9267324927854097
46 4.177400673949864
47 7.59918165805514
48 2.0442923070842007
49 5.41837944910943
50 4.361379838573896
51 3.1729803497455187
52 5.426388169910226
53 3.383581145648641
54 5.1626053372181815
55 1.1118134565009299
56 3.6239391579655043
57 5.106179355675112
58 0.3668236258045177
59 3.660414471822297
60 3.8563699108873144
61 5.350782863647966
62 3.8320600684432273
63 6.879217772862857
64 3.933813419179815
65 2.748943682584322
66 6.334826213920347
67 4.177740040365312
68 5.364950060210299
69 6.282375400071282
70 9.340512335465483
71 6.244081167708805
72 3.285020656405418
73 1.5603409451501238
74 1.6037103349552506
75 2.853053758821471
76 4.320333519237658
77 2.8374893275617223
78 0.6333361775936526
79 3.659708224465608
80 3.5499566597260355
81 7.181887105017135
82 4.515602677994211
83 2.2172718204858497
84 1.5546557563697254
85 4.6402883549722045
86 5.007670119503332
87 3.802116293192335
88 1.0803285848917705
89 1.9569113002509977
90 2.7885546831046777
91 3.225265624049894
92 4.797438783544734
93 3.5939087698858128
94 1.9547044391306045
95 2.4178933004578678
96 1.538205148728737
97 6.393512010041603
98 3.6320353418650786
99 5.2498242794102925
100 1.5298945103250747
101 2.3900313882217685
102 2.2986922569895962
103 3.424834740206867
104 3.512467424086759
105 2.869054153947773
106 3.9669779267315577
107 4.423914917035164
108 1.4645726889136796
109 4.0832199123540125
110 3.2843297457315908
111 5.531211696725781
112 5.771658819822627
113 6.342015783975544
114 2.527807464474217
115 2.4453838474388196
116 1.9378071793816292
117 1.576900826151648
118 4.042395041267309
119 4.232800225387316
120 9.161828141004445
121 2.00490720865568
122 1.316277424862998
123 0.77104349718834
124 4.292684766950254
125 2.0037121402366216
126 2.9306329902099866
127 2.7470726510817642
128 0.14410641520664758
129 6.257520376738062
130 5.049701379167598
131 4.064218948837769
132 4.608212729802398
133 4.659350979487729
134 1.297629777178995
135 3.229264457132382
136 4.312995924993285
137 3.6452837888238516
138 0.19600825657327803
139 0.7887868031438033
140 3.306969982181486
141 1.5724458484321784
142 4.338970584255419
143 1.5276748259956494
144 2.7851693035427143
145 2.2270644416221166
146 1.5852594398109807
147 5.202604471612926
148 0.9888564560934803
149 2.7785631773667605
150 0.6867641839943803
151 2.6466726898981685
152 0.7976092161325478
153 2.019509593818651
154 6.454981974109572
155 1.818744912266547
156 3.176311556899839
157 1.7006794985778957
158 1.3314591871799308
159 0.6776804070844611
160 2.711875340908014
161 5.479836760687868
162 0.5402026460792633
163 4.8747361298955125
164 2.547472642366216
165 1.6976741886914763
166 1.7475144933796893
167 4.196717461077028
168 3.36576852026827
169 0.9742327523585378
170 4.233896015529438
171 1.8267396206886621
172 1.3414011499697616
173 1.4175014719961736
174 1.9511564873921468
175 1.912217620880121
176 2.710832850245631
177 3.301108977165044
178 2.1064992226592696
179 2.2029452622658092
180 3.511038027253047
181 4.086000684460555
182 3.8572171421269763
183 3.2453910732480113
184 1.2027590899612033
185 3.2321836306700344
186 4.267562793336119
187 5.406746428780221
188 2.2585721435358885
189 1.0150602963047028
190 1.4820017009545212
191 3.231895206830459
192 4.092073845229664
193 1.2622080174661883
194 3.2746908242731667
195 1.134422061304852
196 1.0653070956665538
197 3.3670751294990406
198 1.4484081251941974
199 3.3465976458923636
200 0.9344071238690697
201 2.138179963970954
202 0.7368370301308709
203 1.3529355793198898
204 1.6614069519758634
205 2.4275569756816746
206 4.887361588320549
207 1.0174422872295137
208 1.113863350640736
209 1.4719993504612785
210 3.9397918300164263
211 5.603398589044069
212 0.9554198294145532
213 4.51419756922696
214 2.567289275925486
215 1.6902510609152064
216 2.29572175667976
217 0.5994920648266066
218 2.384903530415308
219 1.679727189243102
220 0.7284894279458146
221 3.120078359871353
222 0.4181793215667769
223 1.0698442725101818
224 1.654045343199434
225 1.0351487351712938
226 1.994632693757049
227 1.3182362669917531
228 0.19631017962665337
229 2.6100433163358647
230 0.8699493616552413
231 3.382013400133659
232 3.4892418766884803
233 2.1254941191063503
234 0.8027560271027073
235 2.844573763893573
236 3.2611216430961107
237 1.7323053093607175
238 2.892294753961733
239 0.8448414324730894
240 1.9375180325434118
241 1.6785674771732395
242 5.949362905745509
243 1.2996375990336162
244 1.8340536750175909
245 1.001425139334254
246 0.45960453501646614
247 5.143063481651763
248 0.8664805864849232
249 1.6593378056826003
250 0.8128095374942721
251 6.489081438556611
252 0.8606068086699414
253 2.3183452029409275
254 1.8962065375338353
255 3.965723989094806
256 2.85884393754126
257 1.7108781210275035
258 0.29514486495454567
259 1.1832995668836293
260 0.2478086197331816
261 4.6482903965397195
262 1.9310408993025399
263 3.351680143974751
264 1.9757405655582925
265 2.3693503365254793
266 0.5215993198512358
267 0.3424366841360402
268 5.109553765668358
269 0.08223181447130719
270 0.7570935916063665
271 1.7800387691405557
272 0.536921375843094
273 0.7548821522681174
274 2.4395070279788853
275 2.974188471596655
276 2.8953105724399357
277 0.3422731700354261
278 0.9279001123557822
279 1.9241363064123296
280 1.2171681993536263
281 2.004033147773425
282 2.864350206086968
283 0.7024456314886648
284 0.9076227708673257
285 0.8493899710130033
286 2.430781239151353
287 0.6686359299665492
288 0.2362011631241046
289 0.31756404138855443
290 2.0739610472085803
291 1.3229506576338268
292 0.996220493694262
293 1.0016575622576425
294 1.3451206712582324
295 5.535381495086175
296 0.4000828874271189
297 3.814382059459383
298 0.9650138154774044
299 1.857643110682001
300 1.8897839970478023
301 0.9653126639998628
302 0.32492533164646376
303 1.14753720023653
304 1.7156356295679134
305 1.0585084700233947
306 3.780452358890814
307 0.33755612051266204
308 0.6840249404376111
309 0.6849240643646762
310 1.9373069968707735
311 2.9489942350848586
312 0.35821119584962635
313 1.559844971048738
314 1.3457820327001544
315 1.6019037834028813
316 1.095062852733037
317 1.1819263460590224
318 3.557109229666871
319 0.39641516403492305
320 1.8884632810724185
321 1.3743799204570817
322 0.41512144204639656
323 0.8610300542102518
324 2.6205501733521124
325 1.8156952041027108
326 2.2430278768686636
327 0.3419369444005606
328 0.32508211938310144
329 0.41176289789370685
330 0.5719155999210923
331 3.067006501165347
332 2.768902775079138
333 1.5266342957345682
334 1.1099636750803752
335 0.9499999162118511
336 2.2184028640621944
337 1.385676670074498
338 0.5432468043919736
339 -1.0438480779964299
340 1.3175101726439162
341 1.6433708065429875
342 1.529435356093258
343 1.9691390890373839
344 1.4788615115758175
345 0.4349614085415249
346 0.5284172164921906
347 2.8439764378134753
348 0.2069498567212264
349 1.6946222854161852
350 0.838811607508563
351 0.7986144109464913
352 0.1933773637938116
353 1.3277100216304882
354 1.5868029050605443
355 1.2301939951238166
356 1.3098171397872473
357 2.009963671361002
358 0.4276737788262191
359 0.6847761156488686
360 0.4502179623407723
361 2.284130633434714
362 2.2975799396370027
363 0.46484128727474877
364 0.5160151670156191
365 1.403736567335968
366 0.23092538176783417
367 0.3633004126770561
368 2.182051549297496
369 0.3161230972195619
370 0.6433840606784236
371 0.8870939047814517
372 0.4257851673890924
373 0.44610172735238407
374 0.8281139530958863
375 0.9445932698388216
376 2.1735201321368893
377 3.1359204941501337
378 2.0353521494892544
379 0.6117473305604966
380 0.4382380727828349
381 2.665563198436855
382 2.160235947724315
383 0.4845306122518258
384 0.6828160216323435
385 1.3716662492583893
386 0.6762057587723859
387 0.6201475307266368
388 0.6081067066001772
389 3.231849820015425
390 1.1821303759859436
391 0.8341238000732216
392 1.4510928118518411
393 1.4411017953892868
394 1.454950049917938
395 0.23821176679064074
396 0.24462225868414894
397 2.7611521472701734
398 1.2007311599450972
399 1.6801344192046712
400 0.6144194131457806
401 1.4580579417589776
402 0.22832023072927132
403 0.5195690438837202
404 1.197789226473624
405 0.7350137520024503
406 1.3444215509324382
407 0.4619024350091926
408 0.2533731396661516
409 2.1398859778554584
410 0.27922730546016805
411 1.0396199608966232
412 0.8549631578272596
413 1.0525355840915616
414 0.6559942423259992
415 1.3606047190964337
416 0.2958207170915464
417 0.41743951599327117
418 1.8739428222949528
419 0.881195983354182
420 1.078653597841234
421 0.3747075983815498
422 0.4121885973272359
423 0.952683974876553
424 0.475838602360887
425 1.077288505180221
426 0.8405566258130588
427 1.6438458471440882
428 0.43626245239649963
429 0.34533377899174933
430 0.5245710919159512
431 2.042248458453104
432 0.6809243767078924
433 1.3223056603286294
434 0.8750346356881818
435 0.375956023529884
436 0.6230595875288395
437 0.35537390136371066
438 0.7803318111521705
439 -1.6405321664586585
440 0.9220511046345496
441 2.5834135132144285
442 1.5386497358433566
443 1.1605420328749607
444 0.7397125110221117
445 0.5441028138903765
446 1.2559654865996577
447 1.2988001819354416
448 0.21020831093370484
449 1.5749719205382398
450 0.5118821969268165
451 0.6136010291446327
452 0.3269260829415642
453 0.3201089376261573
454 1.3623240959756011
455 1.013142750930855
456 0.6920857063231954
457 0.19898016188657985
458 0.29758461565509586
459 1.9460871342085466
460 0.1919065985467964
461 1.0485712647435048
462 1.9376332806848446
463 0.5798941138765186
464 0.9478884502824366
465 1.3801411427281365
466 0.1930335201313766
467 1.152637741009529
468 0.5179289546833336
469 0.5525707847891418
470 1.5029201726497132
471 0.7057316728904958
472 0.7411763251067084
473 0.1549763376790488
474 0.9340516582241997
475 1.301973218137175
476 0.7782790182795891
477 0.5044218421334207
478 0.20777729682457077
479 0.5567064022426426
480 0.2293687251741253
481 0.7975376836677827
482 0.4741974101691771
483 0.7948590464811176
484 0.8483671204847738
485 0.552169663535592
486 1.069516624485168
487 0.8851235890875633
488 0.15890368648796513
489 0.5379922967389316
490 0.8320632276931529
491 0.7834547742689405
492 0.39388182841066927
493 1.1721829705550206
494 0.5407731692311333
495 0.23995126552144672
496 0.5491930542411514
497 0.25686581894296223
498 0.15947111443963263
499 0.9697111734501422
500 0.3644245806848776
501 0.8558657350520528
evaluations raw_y
1 7.018578136109294
2 5.386867489809996
3 6.016452729375126
4 4.128161869743049
5 3.4295510053871276
6 9.290412067845274
7 4.246511194458875
8 5.043948161904282
9 5.578931145309276
10 5.3059723620531125
11 6.1779790799385585
12 5.150034921143231
13 6.2823804863251995
14 1.3434920357175462
15 6.02162276979237
16 3.984206884715378
17 2.756059700913849
18 2.547050810423145
19 4.174190419203844
20 5.813391103920208
21 3.159183229785398
22 6.164671034008583
23 8.022852690340091
24 3.909473726436591
25 11.853875051154994
26 3.9388050309787386
27 5.165469028370309
28 3.1370263891798387
29 10.461122800072308
30 7.4213521852022595
31 6.834294204735654
32 3.8254992021490066
33 3.90258860092042
34 6.328170909351252
35 2.8206074906763545
36 4.758539781730225
37 5.761508499461116
38 3.1995205500123007
39 5.411777137944622
40 7.094432029468179
41 2.699341384394844
42 2.235474465811272
43 7.960645661331349
44 8.584006759297946
45 4.993455096856592
46 3.4690328188084814
47 1.7277246926919532
48 4.1230658062939725
49 3.757245299369428
50 4.384483249944318
51 6.911179190481546
52 2.7174408312298826
53 5.169952474628284
54 5.491857492730344
55 2.4164013384874066
56 8.810471164297208
57 4.558385108061507
58 4.157881367998653
59 4.633014715082823
60 3.9313449374531766
61 2.9157739527456803
62 2.582377340055792
63 5.542823506514257
64 6.282370519303655
65 6.835808258446147
66 5.00591695252331
67 3.5452044339190714
68 2.6411115891944403
69 4.1346891991922465
70 6.695852906251484
71 1.6604802107072771
72 3.6719330127300664
73 8.084460121758088
74 2.07217925238871
75 9.32185653328919
76 2.084921554595837
77 5.285725779040162
78 4.023964776714944
79 4.119434565934929
80 8.351267213015369
81 4.0471615961985306
82 3.141393800230906
83 3.0908462645674195
84 3.861346529856708
85 2.7140670785439522
86 5.725992119910378
87 5.746898065172124
88 3.790579542917291
89 5.266251515662462
90 8.732360587011463
91 2.5591644359527126
92 5.699432707264824
93 3.6321057188107413
94 9.185293077435341
95 4.951472616380629
96 3.113237477346652
97 6.6232353210956
98 5.386536449085225
99 4.464913702270259
100 4.205498216537899
101 7.610553253678279
102 2.477774968250071
103 5.843600509508687
104 5.587064107138748
105 2.0970540837610345
106 7.548624505084933
107 3.391191462849315
108 3.226174287115526
109 2.396672493722696
110 5.543350456873777
111 3.9219657532139114
112 4.899411927898097
113 2.9056183086180964
114 0.7842203894041607
115 5.048927297074424
116 4.292808686019491
117 1.4907674665461508
118 3.7553535488002097
119 4.4846438533124555
120 4.51883956560751
121 1.923204549352495
122 3.4033642579667993
123 4.984909818053834
124 1.4242242063643384
125 4.645687631036583
126 0.9719348887077303
127 4.192366140839223
128 2.96474292618825
129 3.2435112573198195
130 0.2898174434483455
131 2.3454899795982254
132 2.052137508476155
133 1.5575730687035976
134 2.279987345106788
135 1.975700165675803
136 1.4640569707991755
137 4.932315695112396
138 1.9666034256178708
139 5.368312715989041
140 7.017963192743277
141 1.3932582382803185
142 1.6600764125868497
143 2.7316136189116307
144 7.741050033329347
145 4.499782910336694
146 0.7150589268253382
147 3.1361763690577544
148 1.9157190391508376
149 2.8167961601307274
150 3.887349572574328
151 6.040484558987443
152 1.3613185129316074
153 3.1069435869545576
154 2.492075646328746
155 2.8362688735415476
156 6.815724567387978
157 3.221233308363144
158 2.010962791967662
159 2.269435686962088
160 6.165960241591441
161 2.871773808756207
162 6.7413936759028745
163 2.0967784031923045
164 2.0371764055628674
165 5.076332949727294
166 2.6024663835236685
167 4.5464402324347395
168 3.188106151084657
169 2.9462758844581343
170 3.1126049418887924
171 1.3076649045575552
172 1.6170182737713408
173 2.95111323678058
174 2.6354071627308167
175 7.452032295452622
176 1.9399135256623006
177 2.713006103270265
178 2.922177160899161
179 1.8782354188157493
180 2.94571066583927
181 5.6855558547324145
182 3.977778377840105
183 2.6146898909380396
184 2.8787041017154866
185 1.792953967270312
186 1.4432484753665002
187 5.209146319932884
188 0.6689441550905357
189 2.9227449335025564
190 4.594903570699242
191 2.4711136273674734
192 1.1892112608568755
193 2.225335604371412
194 2.205778290660178
195 4.390842277996271
196 2.160729629176415
197 3.1883572661106143
198 6.67400370825348
199 3.0294746728136888
200 3.360794829035688
201 0.5425232780218042
202 2.0216657657120876
203 5.111397324187028
204 2.601227592978624
205 1.9489595253781689
206 5.764728976903237
207 2.8953559907584556
208 1.687307115863133
209 6.505946302527053
210 3.0313513564134613
211 1.9998734385120063
212 2.44191361558717
213 5.389899736332315
214 0.8430675391085409
215 5.001878639599899
216 4.226955104884887
217 0.40944137758440996
218 2.8132541612047977
219 2.1711697548947737
220 2.2055410404893596
221 1.654829906278515
222 1.3712096565955465
223 2.475574064405873
224 2.7474781287729657
225 1.5596272624723555
226 1.87344364669046
227 2.303284099537727
228 2.9655305724187038
229 1.8215261202628785
230 0.12487537804066048
231 2.8846579686596874
232 2.5721916917128236
233 2.476831526500388
234 2.7486452567457786
235 0.9246696620522673
236 2.3025081703500283
237 2.7268386479663738
238 0.857735211324323
239 1.4266364507744593
240 5.110346618162333
241 2.0610943381876528
242 1.1951282985641296
243 2.1929026852989986
244 1.9406812474280033
245 1.8251025896305024
246 1.0509288905366472
247 2.487914798147127
248 1.7168520804031058
249 0.6759814495359796
250 5.733578195247247
251 1.931568325833007
252 1.3473403044698138
253 2.24353055339135
254 0.9125341668388862
255 2.967253130997828
256 3.4552849419541523
257 2.1712901827767217
258 1.393655286603729
259 1.855588815190451
260 2.945151190825035
261 2.2596946951089967
262 5.167957191943404
263 4.289599383768785
264 1.8410672042567717
265 1.322235185011173
266 4.324327177472191
267 0.9771574302390112
268 1.2424191138483707
269 0.8551684866745102
270 2.2998326099997666
271 0.7171457075775208
272 1.6391271171310406
273 1.0696795238524437
274 2.489482020955575
275 1.6768846925011949
276 1.9287823539870443
277 1.080539873521373
278 5.32946612806759
279 2.1109837008909955
280 0.4114074149735045
281 2.139545068182232
282 3.8497633664626814
283 0.4054790695424977
284 1.0623966655216182
285 0.16596438463726032
286 0.8684327824383686
287 1.7420775126485337
288 1.6992189826370134
289 1.375919412331734
290 2.47874110660932
291 1.3029495143145726
292 1.1874254379166869
293 1.8962520051222245
294 2.168810132888156
295 2.246637820920426
296 0.3969583457384203
297 1.3894669161053506
298 1.008684229307091
299 1.528173765845477
300 2.7077589808969456
301 2.6441735994894566
302 1.2996995817020858
303 2.2441563528193234
304 1.0728530182439542
305 0.8745080979019011
306 3.5141444691775834
307 1.7209105999817718
308 1.3762964552898822
309 1.4952312436786563
310 1.690964939190071
311 1.1438593356142495
312 0.5966229657910771
313 0.8812860527489004
314 0.7757705767311819
315 1.707995329931888
316 2.3257965916005228
317 1.4958537179971092
318 1.9943297679978687
319 0.9929047360796014
320 2.185069058481406
321 1.1580560632127885
322 3.3362225125753695
323 3.245464660562399
324 0.5171893134701815
325 3.896774553375702
326 0.8992360736527538
327 1.8554130447939905
328 4.488255697634009
329 0.5585215621446574
330 1.896130540164703
331 2.72227080398341
332 1.1659792678075835
333 1.9430549415576763
334 0.7700054615759843
335 1.4409377594541093
336 0.6324898387499481
337 1.5392762814243268
338 -1.3152775729508317
339 1.5090106584476062
340 1.3245512845148806
341 1.1342247985374034
342 3.408793827346729
343 0.6506650848451049
344 2.722812510071435
345 3.87173438397937
346 0.8328554024082406
347 1.4464794395774923
348 1.0017935260021895
349 1.5755618398957667
350 2.311083319168409
351 0.8892608498797726
352 1.7172805298600966
353 2.0008485805963634
354 0.8853724357366172
355 1.8572735632519863
356 2.6546501439160854
357 2.2534340175758656
358 0.8590934962558127
359 1.7107470706323584
360 1.9093191436838217
361 0.9096010456588779
362 0.4009097502344813
363 0.9226225458227422
364 1.9566154906524498
365 2.4906365754051403
366 2.345128130752637
367 1.307939500927784
368 1.2593776095725011
369 0.7211326462270391
370 0.4745095209909928
371 1.0379653897697485
372 1.8286182974943324
373 0.9504887122103904
374 0.8794220021383975
375 1.9179278447078416
376 1.3390860481172624
377 0.21701411634927648
378 1.4546656876084327
379 0.34017798441199326
380 0.22556562369123315
381 1.5328606554373
382 0.8357850110795151
383 0.2716388848739878
384 0.6301340044562853
385 0.4334757382647674
386 2.380453754921153
387 0.8090561952557799
388 2.1485289310994875
389 0.2789064576976282
390 2.1788539250677106
391 0.42581332805555
392 1.2775710887547778
393 0.6454121259098275
394 1.090587211143307
395 1.6314317086833818
396 0.6402997201103576
397 0.7368759276872701
398 1.2295565710642546
399 2.1177573063919426
400 1.3158633694436561
401 0.39973935478325545
402 1.3663762653720986
403 1.7479667190828692
404 2.1720691393438596
405 0.6799680765584531
406 0.9099743966532868
407 3.5517064803726504
408 0.482709223498422
409 0.3392438346487184
410 0.8646854024658642
411 0.8953144666836295
412 0.7352294191980472
413 0.8543980133533089
414 0.734522084518267
415 1.1245484907927952
416 1.805651842396979
417 0.5315209622640422
418 1.984911692891573
419 0.8012696363738457
420 0.6643137311403112
421 0.8610121381966467
422 2.7631100825408637
423 0.9317783364632963
424 0.7542035772390066
425 1.8333227678555994
426 1.3231901955160625
427 0.22322095258321106
428 2.3755326899052913
429 1.2238382745440208
430 0.5538775873471756
431 1.4971621574971279
432 3.096547335298176
433 0.1701073563435719
434 0.6333830403736845
435 0.964462942926841
436 0.6560112808982372
437 0.8290708598256202
438 -1.275292388243828
439 0.5492886667940817
440 0.5767911203008331
441 1.5374578862962305
442 0.7649194488564967
443 0.46763168503798497
444 0.7971420940956825
445 0.1854291774204863
446 0.25001029849031514
447 2.0239091091619748
448 0.3882468943741547
449 0.7208156146961703
450 0.36691968047461754
451 0.37307702206458065
452 0.4446967970253454
453 0.8252406897589815
454 0.46536978767953224
455 0.992275578913623
456 0.2552597515625226
457 2.1103028890485183
458 0.782332511000813
459 0.2990351846648579
460 0.7548363944442275
461 0.32620584596659125
462 1.0041425410981
463 0.31231844029225464
464 0.40809453744709284
465 1.1025789393285328
466 0.7770028455791964
467 0.34946586008046304
468 1.2196557067760396
469 0.7452706928158354
470 2.0584883478254796
471 0.9953783738875299
472 1.2277978658503996
473 1.0952457825543669
474 0.0849896190419248
475 1.5596707009327049
476 1.6708961094628627
477 0.21857706894313703
478 0.8292796083150548
479 0.26796906336234794
480 1.012461001225756
481 3.0809292467151392
482 0.09381543252628405
483 0.5953940417924067
484 1.7507309013542591
485 0.5046653055721995
486 0.8756833425626545
487 0.5702068201853312
488 1.3186847056946822
489 0.22510819652550565
490 0.5152260417477309
491 0.48996237459271746
492 1.0879465051961126
493 0.4892373220596105
494 0.9143381006061108
495 0.3547068390553907
496 0.42147567875465847
497 0.6819429611165161
498 0.47840440753721436
499 0.9188842969434523
500 0.6626496529466187
501 1.4593290291490386
evaluations raw_y
1 4.183733059535975
2 4.305074471659208
3 4.022403308952578
4 4.415998085133069
5 8.014975713451689
6 5.896465990321192
7 2.003638879568651
8 2.8504359099210084
9 2.9456069809279852
10 2.1684516725062664
11 4.263896006607143
12 10.28965327518611
13 3.471199167611846
14 5.442438804764308
15 3.006664870273395
16 5.599041497746277
17 3.898998515867629
18 4.751772234124146
19 5.647782431557426
20 3.0309924516726396
21 3.8277285608940526
22 3.1284741008717454
23 2.4773143289061452
24 2.432515719283962
25 5.484736567406416
26 7.181566996999407
27 6.184082060043949
28 6.526541654131437
29 4.336416533425514
30 5.140082706918519
31 9.459683064872225
32 8.034339210957919
33 2.008706582344576
34 3.572144687166955
35 5.370979150890567
36 2.1128152757647625
37 2.088650053319441
38 7.7972630920813835
39 6.272650179478006
40 2.626640120518267
41 5.514846203292999
42 2.4895367411519755
43 6.000819751133023
44 2.1451523161945385
45 5.782833745277251
46 5.068665556644613
47 2.5274446461497067
48 2.6013915247966057
49 3.9115013518678663
50 3.4098847524102327
51 5.354878312685144
52 1.271833798950849
53 4.999876613185865
54 2.2458532697454383
55 4.286907668571566
56 4.318511968070966
57 2.6774864950022286
58 2.8489704975133976
59 2.8640217934879586
60 1.5934081786209608
61 4.255412196420102
62 6.659809668282958
63 3.253196248516786
64 3.944897706849303
65 5.619790915510822
66 0.8306242691993426
67 1.6040021655292067
68 4.542911459695819
69 6.567892091412767
70 6.0718882773583225
71 5.0889620134735125
72 3.4250303043564174
73 1.5168753068568717
74 3.8133388620138375
75 4.101540271917894
76 5.417792274319559
77 3.2110854425447686
78 3.1816489699874677
79 3.4482472591345297
80 4.726113707445389
81 8.645175573991642
82 4.13419717922111
83 6.33229777301684
84 2.8277391788880317
85 3.665631979639294
86 3.451791294283372
87 2.382016746594949
88 6.150986819816975
89 3.0906109295337196
90 1.480325380989665
91 4.733015388406943
92 2.376463573066586
93 3.9402467911185215
94 4.585061017944365
95 6.138143750308663
96 2.6429646226157244
97 1.7743989317892757
98 1.334896756817067
99 2.6793542054938952
100 3.456786313130929
101 5.021043103770113
102 1.1718193608419143
103 2.9544181541543635
104 1.6364593493985988
105 3.607506172367207
106 3.2022448425234793
107 0.288407170180087
108 1.441228063745022
109 1.0497498154728324
110 0.9766291814083243
111 2.8693609098635213
112 5.483613801958267
113 3.123481831599093
114 3.490801088314098
115 1.8793263898753645
116 1.3523125553084079
117 4.364845918948847
118 1.108464779240776
119 4.363564828434623
120 5.968435752242373
121 2.546583591166104
122 3.2140304722707413
123 1.6432538326900743
124 1.688633284563659
125 2.791911462135587
126 5.242030316511412
127 1.8081057732547605
128 3.3326852094613315
129 2.618078433821233
130 3.8216605506049763
131 6.846308390440171
132 3.7082839175701006
133 2.6109109427837316
134 2.564543721824994
135 3.2530763936032248
136 2.032811521255348
137 4.940858739380961
138 2.078031362630417
139 3.0507067831607833
140 2.343937806128513
141 4.670609276474609
142 2.6129556606191024
143 2.5225867418927503
144 3.3253217195698275
145 1.9144767680882275
146 3.592814595706082
147 1.5294529345399266
148 4.228425058751327
149 5.141600316290184
150 2.401413366514189
151 6.542415996927258
152 2.663571451978694
153 1.8848998498063592
154 1.022200326749324
155 0.6444420368044088
156 1.8317024700785485
157 1.7223481340999849
158 3.8300431767686187
159 2.2031629749590094
160 2.060422691933077
161 4.163935240632362
162 3.4596701524006623
163 2.4414289509810545
164 3.2593906493448825
165 1.0077910210054257
166 1.8553881093642561
167 0.9927910702769484
168 0.8095298685463657
169 1.6482034964434729
170 4.283475986192636
171 1.3360434943168502
172 3.550293130360241
173 1.5684022765574148
174 5.058443486006785
175 3.3619460282401805
176 9.994148119464194
177 2.242180194413897
178 2.457127573832824
179 3.298978045342656
180 1.5754799457913062
181 6.786037835899989
182 1.3102895578489717
183 1.645619590624037
184 2.9792695510933807
185 3.859737058178412
186 2.244188605353761
187 1.2448776627189118
188 2.6080582734815247
189 2.7056751612904475
190 0.9799413473851867
191 3.3105842767069147
192 1.7515850587521227
193 2.5188888191312184
194 4.047507627526304
195 1.6716157715719668
196 2.842784303702272
197 0.6905674840611736
198 1.3835691201831115
199 2.5636808327308938
200 1.1641553292982365
201 5.006268253505311
202 0.9876752169665692
203 2.5373832685842093
204 0.693311003537235
205 0.763055344833174
206 2.152020681262712
207 0.38882379949785617
208 0.7738101168594933
209 0.8306877596019691
210 2.409388766872767
211 3.0747759343278314
212 4.447895591671585
213 1.4421494508058657
214 3.7419210230233277
215 0.6431774978001413
216 0.6862041616434544
217 1.4312970830741414
218 1.0059650561497335
219 1.1337648634094195
220 2.4718736105876062
221 1.6257029787410413
222 2.87912464036304
223 1.3993786302400306
224 2.780966758334286
225 1.9712941191784787
226 6.483000559999757
227 0.8654757055157897
228 1.1534405921655635
229 2.235972965805948
230 2.295334567994102
231 4.723737715657005
232 1.1238574314003738
233 1.110838257978615
234 5.231427098549119
235 5.729170247254645
236 1.931291802903266
237 1.480988725563142
238 1.921408332156114
239 2.5527327307280627
240 1.45396205534711
241 1.8858164916998932
242 2.2049865535915765
243 1.4982788279968071
244 2.2153511472776044
245 1.7424394456806527
246 4.389553478185228
247 1.5827703281190568
248 1.6561174195601172
249 1.4210198449840845
250 0.8614517271826914
251 4.770396008067143
252 2.04430768873935
253 1.8978684685847276
254 2.7466724969013714
255 2.6185618985445087
256 1.5972420844358586
257 0.23134126229086557
258 1.7094573137422153
259 1.0280011985977568
260 1.4077494133955906
261 1.9498086814095112
262 4.402994748066058
263 0.40961147657557273
264 3.4579211694660383
265 1.383822698131766
266 4.8657117397072644
267 0.7487803725471925
268 1.5130617677607465
269 0.5943253209775126
270 2.699703754704353
271 1.1062285688637354
272 1.8349008938417113
273 0.7058011340839115
274 1.694041890690987
275 2.829798682646564
276 2.2725017919985833
277 0.9483305171868969
278 1.8578937853920092
279 2.0149977466585516
280 2.722941825133426
281 4.476764519869155
282 0.6749828370304397
283 0.32455241792323997
284 1.427084671328431
285 0.7738101168594933
286 2.2925697138462846
287 1.9242513038502267
288 2.734628865319161
289 1.9044106218052024
290 0.5993339733449853
291 3.6891305586345386
292 1.6735029692391066
293 1.8519034779479597
294 0.8874536531568255
295 2.1916464004750056
296 1.6161564896991834
297 0.7473890463174278
298 1.753844839118265
299 1.443447771963175
300 0.7605638284004002
301 3.5260895583235037
302 1.2772366382051146
303 1.4332874810733012
304 0.5892252313708762
305 1.1395839117766136
306 1.7402348211879568
307 0.7122938235018659
308 0.9394908079956792
309 0.5620881474408236
310 0.5821556071852504
311 0.9508096113687529
312 4.781228344493868
313 0.6078854276367095
314 3.1308102342921384
315 1.0583892976698492
316 0.6776011050173077
317 0.5390979873711157
318 0.6696845110386945
319 2.196320513549523
320 1.0153389393684753
321 2.397651004937797
322 2.0275567628477664
323 1.1082326842891879
324 1.9294791317079407
325 5.671033267794372
326 2.0335594691839614
327 0.6568656073165486
328 0.8706720456282065
329 1.3124179187849525
330 1.0969352606334664
331 4.666593804457599
332 1.3645313792696923
333 0.5657105843451815
334 1.5404395091988017
335 0.32079915881775456
336 1.0726991706897808
337 0.9430316905725877
338 1.1282810858153804
339 0.47399540632518583
340 0.4964674967277786
341 1.600782093709165
342 1.3556767919190031
343 0.9959395503996312
344 2.399176866962197
345 1.607688122657922
346 3.324007928911187
347 0.672941105990423
348 0.6093489898638302
349 1.5162248820585267
350 0.3245142732435176
351 2.137401871754298
352 1.0620599333527874
353 1.7848518782465514
354 0.6174643238032456
355 0.21465226465304266
356 0.8497315331206342
357 0.14568400835402792
358 0.9942864364499765
359 0.434530024773528
360 1.8457452396760805
361 0.49366084485513556
362 2.3398378235415223
363 1.7906859569951767
364 3.3612280172177087
365 1.0453873170586458
366 0.2813519999590353
367 1.1361623702728565
368 0.7123846342577833
369 0.6768663776199014
370 1.129439296402492
371 1.0973740766056443
372 1.2847047071612205
373 0.9030261871456405
374 0.5542166121604345
375 1.9245899892160008
376 2.401552956331388
377 1.6883603345230738
378 1.0628129288579824
379 1.2332685183493353
380 0.2615425805647986
381 2.7748478629908946
382 2.3039443663045
383 0.30865409329003884
384 4.748802866172993
385 0.7043693284825755
386 2.864782172727639
387 1.4040285491023012
388 1.1039575222888685
389 0.6370826177740212
390 0.3200251172263673
391 1.7656735684504345
392 1.2667027840781682
393 0.9426602438296584
394 2.8495998511510345
395 1.3762809622691625
396 3.001434511293106
397 0.3802177841011876
398 0.6258742636373104
399 0.6604372149179667
400 0.9599292591265949
401 1.0705976090496847
402 2.47072728132723
403 1.4711483626020667
404 0.9035270775357339
405 0.27382916568287924
406 3.0703491462264143
407 0.49257766484591115
408 0.2397255500601248
409 0.18984394845592004
410 0.6936359131981739
411 0.43373843027391695
412 1.717736784231451
413 0.9187676454311697
414 2.2438950329325213
415 0.3928764969709255
416 0.742090003060245
417 0.5500388661477555
418 1.132146906228017
419 0.807207038867596
420 0.22479486818142114
421 1.2661089259090152
422 1.5670086651858561
423 0.7419708494186656
424 0.8253923472266003
425 1.5962172929240954
426 1.786074326204072
427 0.697414383317877
428 0.17333220440722655
429 1.3558101492268138
430 0.3075792256605652
431 0.6368826008855683
432 1.0725613615192715
433 0.21335793692096738
434 0.5158962559547919
435 0.412932561398958
436 1.3032632006113025
437 0.34855089623868457
438 0.5950096838990657
439 0.5039553350743914
440 0.45089661687233945
441 1.6576986084923417
442 0.48380654328607126
443 1.2098845060631882
444 1.6892346192326013
445 0.9391763231316341
446 0.5749913912099414
447 0.5931131610483233
448 1.2239509509532498
449 2.208674504840148
450 0.44851245352344976
451 0.35486165660264407
452 1.2589348061772148
453 1.4277326319408836
454 0.233255412456459
455 0.6320448537916254
456 0.8050859542573079
457 0.5789581540630228
458 0.2966626321605365
459 0.06548097419551384
460 0.6134083885727672
461 0.1895750581899497
462 1.1235739703646226
463 0.3030867843713787
464 0.5151657457042977
465 1.9732628059162312
466 0.30312392903165863
467 0.1847913316688381
468 0.25889632638538457
469 0.4247681932864769
470 0.09527402995078649
471 0.1320162993314503
472 1.2029515775968365
473 1.0009253312705115
474 0.578360425011985
475 0.20513697842841713
476 0.3530455729886709
477 2.361073102138101
478 0.3627187172919735
479 0.9348277194221802
480 0.3040256234007385
481 0.3511949231419147
482 0.5541993437585471
483 0.07566159729618603
484 0.314894291592779
485 0.13034237508637914
486 1.1633382140589485
487 0.2443094069624129
488 0.49938523405846713
489 0.39533014421421714
490 0.518081882544581
491 1.0227538971351173
492 0.3819546561368296
493 1.2781069602335262
494 1.0761088539751789
495 1.1574403985329669
496 0.5248801766034942
497 0.40975333803069436
498 0.967799326612381
499 0.7236207900840066
500 0.28114122121822077
501 0.36512022049613674
evaluations raw_y
1 2.0342631241092386
2 7.933467836743694
3 4.571382354623762
4 4.838353036950663
5 3.337159943070162
6 4.197617784552284
7 3.480005879803331
8 4.59906117443715
9 2.7924983340070724
10 2.9308006184160003
11 5.984759472093367
12 1.0594208307500816
13 1.9949945055222669
14 7.161685289986866
15 0.4189094410189226
16 11.738567532741634
17 5.242791898531631
18 2.919015217304934
19 1.1350548653207257
20 3.1962992031900233
21 4.178432944529346
22 4.185866210872869
23 6.35902840174132
24 6.336830881111608
25 2.926711606701263
26 7.316516978143557
27 6.415804821880854
28 5.649943668180905
29 3.8957559430268693
30 3.606210909984317
31 4.689140945860338
32 5.169156032828253
33 3.068212675476454
34 5.8783004398854475
35 2.7783262574042364
36 4.817353319644706
37 3.5382338083782248
38 7.692528149067912
39 4.085746906253548
40 6.800002199865543
41 10.085177498575549
42 0.892777857233862
43 5.4089507670317705
44 9.67519727823882
45 2.554539828081609
46 4.370401638259392
47 5.14360000730788
48 4.712912606058069
49 7.008384695770431
50 6.699670581515408
51 1.8928346819729258
52 5.07126406496556
53 4.495869689523037
54 12.160160034103253
55 4.906522631049105
56 2.6014382796224345
57 2.7530817990004026
58 1.4783953228909024
59 2.5619393818272065
60 3.2233613665623335
61 2.8010197480559946
62 1.4403507504185837
63 3.269906122892641
64 5.867589337338829
65 5.074507964565279
66 8.903989567356135
67 5.840306868680754
68 3.601431088086878
69 3.7520946708302625
70 0.8514551113954766
71 1.9994692559012694
72 6.551973402810256
73 2.44639672850903
74 5.003459798289894
75 4.179994654528089
76 4.775671846378304
77 2.793188356936769
78 3.6705614453357693
79 4.76950667579691
80 2.177784880609943
81 4.224399749286627
82 4.261845457430146
83 4.475268327071111
84 5.428848935544204
85 3.69248521656853
86 3.759266551212434
87 6.23088107029808
88 5.0838574252901605
89 3.7112800955133056
90 6.077488224980384
91 4.422550746019461
92 2.314523683708603
93 3.987072500862017
94 6.3308716961716485
95 3.407862801122136
96 1.5318650665638474
97 4.646114026028398
98 1.497509005784044
99 4.325157586202579
100 4.593378119055425
101 3.265175450301726
102 3.46370417442428
103 5.4505971117852905
104 2.7270497650157193
105 1.5844874107721043
106 2.2065973096856832
107 2.757671094571303
108 1.6828242964411952
109 1.3362419503969827
110 5.0566029437779205
111 4.783761833361698
112 2.8426667671665005
113 2.1149490210019577
114 3.4375072808203475
115 0.8612140523332761
116 5.496149768503071
117 4.859751963749446
118 2.8642869527161534
119 2.2191300605484705
120 0.32734988129374476
121 0.8387904016784009
122 4.271367167462758
123 1.4771668693354565
124 3.2138691348239625
125 2.888535110230916
126 4.926379006265009
127 1.8346366530222276
128 3.6345405360913707
129 1.4833457858159105
130 1.959675613142872
131 2.9538574265035966
132 0.7778895554589906
133 4.418263282663006
134 4.697760244599143
135 1.2861433162051066
136 3.1054483907229726
137 2.4560034801087447
138 2.671412132533416
139 1.786479351428126
140 5.063892219464024
141 4.726935283928171
142 3.425484159341694
143 5.527467342630553
144 3.0798067571715633
145 3.8520204537718343
146 3.8624407507670613
147 4.752548858753793
148 2.353616500891088
149 1.7475312450030789
150 2.5455716829723247
151 2.5964770453340833
152 0.9598588891954275
153 3.508417938696584
154 4.688899278669231
155 2.2710183369362813
156 2.0977756039597213
157 2.0623454510286328
158 0.4742924522269543
159 6.205337625967096
160 3.117732755792982
161 2.8866669124050217
162 0.6011069206543667
163 0.9514483060130531
164 3.746742725343947
165 3.6587650416057182
166 2.559334041764954
167 3.308783452963756
168 1.500675007394374
169 0.8582212899033181
170 0.7957888690838908
171 0.7821722617867137
172 2.3021510682983743
173 2.2921056850450903
174 4.459323881945788
175 1.2533421288134128
176 5.336179387756254
177 1.252913441378184
178 2.152235482930188
179 0.7517692049181027
180 4.154276598727612
181 3.445679825435221
182 4.806603060787469
183 0.7030005042954484
184 3.7857776955730666
185 2.0367418082154454
186 3.0192525282807336
187 1.4724871964343282
188 0.7450252001140568
189 1.6843462465084906
190 3.7116488186655148
191 4.5783237053582155
192 1.0170290609311654
193 1.7244120739023723
194 1.8963117294516387
195 2.1334925252980015
196 1.4753874016328248
197 3.917272678499769
198 4.6363886348146455
199 0.9604066059401944
200 1.5636778025102966
201 2.4625878393486467
202 0.9352031935097522
203 2.614568220769874
204 1.463997148834177
205 2.2746372834638944
206 1.0156834736518434
207 1.377507562789844
208 2.1235002932904843
209 1.0321797289822172
210 2.4738341349319506
211 3.6246506418639757
212 1.6699859718567653
213 0.8351466299247118
214 3.2489445902929894
215 0.24490637662052428
216 2.143348414754677
217 2.6721951703992093
218 1.606752253236836
219 1.895165190861599
220 0.1843599056669885
221 1.3839205269273478
222 3.763960815338287
223 0.8698345717459959
224 0.7023421269791855
225 1.2154496747076986
226 2.2163210409645533
227 2.5461041591024887
228 1.8827502753861676
229 1.6371923355379907
230 2.2107700370710726
231 0.922381301386952
232 0.6705566050001159
233 2.525267671575942
234 2.43603983457086
235 1.3126005043680613
236 2.167538657623514
237 2.009373239172925
238 0.731119536945437
239 7.992965612029644
240 3.2680805857871364
241 4.66848948371885
242 0.4482653176003396
243 3.6160773251482228
244 1.3873242464175983
245 1.9429921370515348
246 1.678845655106575
247 3.462773903263431
248 3.9025483095952973
249 0.611643196986344
250 0.6340953821392983
251 1.1541760793562283
252 1.0772552378951408
253 0.705016906793358
254 2.0550652758193624
255 0.9781957923238098
256 0.7326326929484281
257 1.8730464601785943
258 2.000082714803316
259 0.70434177012413
260 2.0780477967865663
261 2.1970406675189516
262 2.208119668674963
263 3.17773913739918
264 1.6910559895864157
265 3.3648480043334392
266 1.093182845341502
267 1.7976366220420994
268 2.6530140003930045
269 3.3236328604556595
270 0.4176756210239897
271 0.6077358266535201
272 4.584071054872197
273 0.7826879272093896
274 1.250323110944974
275 0.5055155441097918
276 0.07539450934813141
277 1.122732957542299
278 2.13398585921506
279 1.7639112755485373
280 1.8971127004040438
281 1.0861048971966458
282 2.988337199819057
283 0.651923053825731
284 1.3061401311357208
285 0.5862314601397534
286 2.0105408732778565
287 3.1061965507003735
288 2.3215793295689147
289 1.283361400129235
290 1.9937172238668432
291 2.2664489849134326
292 0.5436685054597489
293 4.254706890884157
294 3.2005928635683407
295 1.370848572508957
296 0.4961896510695066
297 2.766067630838648
298 1.6190579515660306
299 0.9256170357055056
300 0.5849916059768242
301 1.055460391438594
302 1.2158553976563697
303 0.915887651344071
304 1.5194907457338886
305 0.9978333228875623
306 1.2635407765795963
307 0.5663651245432708
308 1.3312648231096633
309 0.683571401600314
310 1.1028891453182523
311 0.5649878309436547
312 1.0242452775593218
313 0.5380506962122993
314 3.437686861069581
315 0.4349728336282948
316 0.6002697966000139
317 1.8926061497859585
318 1.0364969605488297
319 1.096611699330189
320 0.2894502665198475
321 0.5013752418407361
322 2.023671262329762
323 3.4898493692122985
324 3.0159181092816723
325 1.6233829548069316
326 1.2615070455700474
327 3.051966438561141
328 1.8742639720337666
329 0.9260786152756147
330 0.6500358624517646
331 0.7996832213189602
332 1.4649302994044322
333 0.26616837271741206
334 0.33809848507832785
335 3.869357827116924
336 1.9179500903998998
337 1.547251946603205
338 0.2920561341042685
339 1.0462432778970958
340 1.3865903822772314
341 1.1922767433502945
342 1.4987398232885052
343 1.1364562711041355
344 1.9798050026310796
345 0.8185574447534314
346 0.8656475073909834
347 3.3043479780454432
348 1.4145094682414254
349 2.6554215325127473
350 0.45364301134899643
351 0.7483065358449142
352 1.0437682530696046
353 0.5470526634081271
354 1.6234892348753496
355 1.3815256022440807
356 0.7578841595154613
357 0.5240006277803892
358 0.4725686186654431
359 0.9723418090099624
360 1.3128855148237653
361 1.7225451140111285
362 1.4754530194073288
363 0.3957188821568578
364 1.3999375335025614
365 0.08944332269010818
366 1.2440699439459084
367 3.047284783207979
368 0.892477108800698
369 0.37376360185110197
370 2.9816693893979904
371 0.2277127119442032
372 1.3396589539660813
373 0.6582581692025301
374 0.7633250017124836
375 0.9990586078620952
376 0.30410108647413003
377 0.8181238362662971
378 0.48025004848859065
379 1.577654922885184
380 0.6308364856629165
381 1.550894124946423
382 2.749251125334255
383 0.21837911249017952
384 0.5628653443244741
385 0.7610080118627486
386 1.80546031153445
387 1.346482295916995
388 3.3099262576106487
389 1.1153928449467494
390 1.9011311475966632
391 1.3520495574969857
392 0.7614753692501735
393 2.0322801200927323
394 1.2287379905592628
395 1.7472954788149428
396 0.34340502217627267
397 2.868206571318142
398 2.245589081744519
399 0.5541544704657139
400 0.5624956749003385
401 0.45753229003523255
402 0.6837027568860887
403 0.4843343515239232
404 1.6271037550171112
405 1.6270587274898476
406 0.38019388898437306
407 0.8221212617496187
408 0.48802593718129944
409 0.1112534962347233
410 1.1548465290433072
411 0.5546183897239281
412 0.894046234275089
413 0.32852674001747867
414 0.9064583812928877
415 0.7363163079479502
416 0.5963401350544907
417 1.7125745699723098
418 0.5926434688778479
419 0.20083206378200769
420 0.18392383240592583
421 0.44658314394043097
422 0.7505118146036472
423 1.1376215828102272
424 0.36927420522711074
425 0.33939835324963796
426 1.0188785199580637
427 0.12594355912163985
428 0.19978377069496678
429 1.1710908525372952
430 1.5313676337367432
431 0.9092080623889954
432 1.59856769718061
433 0.37170924288354573
434 0.42310918810604825
435 2.209441382298565
436 1.8498891399621176
437 1.9270224232676336
438 0.5049713965118702
439 1.0077833985704678
440 0.8866956094601404
441 0.2698489878728308
442 0.08009004850873905
443 0.7210093912889
444 0.960942441879519
445 1.321861633839628
446 0.22970925086009963
447 1.4545996462920783
448 0.42080732247601954
449 0.24790745757208865
450 0.4198753652160348
451 0.19879648994577992
452 1.0774787717618481
453 0.9588268302613919
454 1.095134964230258
455 0.2258164701355384
456 0.26868310271152773
457 1.8489436220753388
458 0.4904951954896116
459 0.08500198192111756
460 0.4291376155378806
461 0.2412886116200801
462 0.46166370382015504
463 0.875672818789936
464 1.1629717307787724
465 0.1542663526727928
466 0.6554162181947848
467 1.4533396311400615
468 0.7540838405560757
469 0.2980759215775887
470 0.8989096417933466
471 0.10558406891901405
472 0.559204544347487
473 0.7763359388192199
474 0.6946144756703007
475 0.46568830465647254
476 0.47214121395058095
477 1.0352288231512616
478 0.2367089750049069
479 0.23036995071524793
480 0.3716138513286963
481 1.5674830308345282
482 1.8331516147194078
483 0.8506962050422286
484 1.2942487140859382
485 0.07487796267969818
486 0.9723270397174757
487 1.4208739623184539
488 0.3080283733180471
489 0.8632217195651288
490 1.1999280524525853
491 0.24959025866524112
492 0.07159226071515722
493 0.30197932104625147
494 2.347683605977352
495 0.2929611231437724
496 0.3074646297955059
497 1.0695691194456702
498 0.40121502402339726
499 0.20715280969696115
500 1.8526500216401183
501 0.5304560203948215
evaluations raw_y
1 2.9912260597648976
2 7.892473291375412
3 6.004306434429808
4 8.310157385756494
5 4.362322701978306
6 5.076037226376508
7 5.623235158635148
8 0.5201662998068736
9 2.974751838722348
10 1.3961870947767143
11 3.223319781415053
12 3.9056089986631033
13 2.642015160068127
14 4.594307918507893
15 3.9783579991570153
16 3.0947210489328043
17 5.595345687272374
18 2.3095923220791597
19 3.965552685959918
20 2.539627443211682
21 4.184566207639897
22 3.4262052820288402
23 6.087430894002616
24 4.916495868630319
25 3.5267143016854705
26 9.816025206173107
27 2.633837763652628
28 7.178804071943302
29 2.5106734000552344
30 3.9325709740374313
31 8.291164066251044
32 1.8709041978064906
33 3.756161921571897
34 8.03816731259673
35 2.7619523243053186
36 6.07476225456546
37 7.309927971995366
38 1.539461619485384
39 4.237766812856348
40 4.288750714375334
41 6.138539789655153
42 4.912251584428256
43 4.645097632737474
44 5.338572067439852
45 3.1859548096266566
46 3.355031317373119
47 5.373511440811598
48 7.739312925392724
49 5.266888703585898
50 6.984485776849548
51 6.563128639569415
52 2.401160756974327
53 3.1353961737633407
54 6.461367151088457
55 0.8254667505112491
56 5.556317259567644
57 1.4692602606767224
58 2.70545938801309
59 9.918169132318827
60 7.245170085893831
61 4.282104975003462
62 3.2106952068354753
63 2.4774014386063117
64 5.085650444479388
65 3.3677885161189463
66 3.9106720210039603
67 0.48420396677421484
68 1.8719814688653358
69 3.4755855954543486
70 3.9208541323140804
71 5.962374227970612
72 2.668254652633487
73 4.17424476327377
74 5.415907143345657
75 4.861045030723443
76 7.741241409651125
77 2.664167576705709
78 9.136843458561632
79 4.035535902156679
80 1.1459347638159192
81 5.694348350182097
82 2.835402450400232
83 3.566342156215013
84 6.43553499477019
85 3.5236135625095875
86 4.815202973808365
87 5.872140230909871
88 0.891583648581654
89 3.9577880202942266
90 3.5353573814184505
91 4.907584021179887
92 3.770032511604173
93 5.084663538689387
94 3.803453417454869
95 4.620627551383356
96 1.7998978469135116
97 5.794968950205762
98 9.186623254441415
99 4.4641363224636335
100 8.035218865117525
101 6.812082542186524
102 7.969630879546835
103 3.9713342713727315
104 5.706798826571927
105 1.0826170439747282
106 3.5456802416078865
107 2.104218861312573
108 1.8549892965923793
109 1.4554957243469018
110 5.162018259345262
111 3.1541593639993963
112 1.8663554144975465
113 3.3023481420588148
114 2.635484384670368
115 2.202259403785291
116 3.427124432012239
117 4.357368470628299
118 2.006034272919196
119 1.8714913967794167
120 0.7443876649401021
121 1.8466879076528806
122 1.074373686920219
123 2.911965374663171
124 4.626724168198617
125 0.9796779454218834
126 9.721933734245574
127 2.432876493487004
128 3.445200893508335
129 1.287122914188635
130 1.0464039193216699
131 5.096544604437908
132 1.4964301085690992
133 3.4856694010400195
134 2.5879444753345466
135 4.367670566677832
136 4.839378423135594
137 2.530309578544035
138 2.136896648329928
139 4.280737947059495
140 2.9331841550870825
141 4.958459895577207
142 2.909781634762781
143 2.179368796096991
144 5.57083962304659
145 1.003558416598944
146 0.8318853253881946
147 2.519606503823834
148 8.729919540695985
149 5.261250079393152
150 6.152095419324208
151 3.01736374971245
152 0.5444850516865937
153 5.245305617897049
154 4.395850633815624
155 1.143448042113556
156 2.9601258933994017
157 1.033269663394938
158 0.8597596783880985
159 2.060942270217549
160 2.6389873432677966
161 2.45812803375745
162 1.2700267620919092
163 4.706154489522673
164 1.0051981326224286
165 3.630106450825491
166 2.7427685126349726
167 2.0929323693870994
168 2.8399222478895862
169 0.7020115582605688
170 2.0540016610112306
171 1.749184655997026
172 2.8552602827633384
173 0.9887475175277473
174 4.232471789025519
175 0.8897277313624898
176 3.14176501694989
177 1.8506149237612615
178 1.0729818073222117
179 1.3363957037692606
180 0.7324829523498164
181 2.7142737685084795
182 1.5561315891065934
183 4.570548985207086
184 2.4950208812707535
185 2.802292550525457
186 4.187595465881391
187 2.7247466643507847
188 1.2758299296083064
189 1.929136723237597
190 3.2714300980994917
191 5.533950145106822
192 4.651784872870861
193 1.0654732328762975
194 3.954943184437874
195 1.2107273322522858
196 2.4560757042997654
197 1.2519709265885972
198 6.9517638027946305
199 1.7008003310655653
200 2.4641076056318014
201 6.630501629083587
202 0.8024583997135324
203 1.3495912022096186
204 5.867256930202338
205 1.9342248377565858
206 4.4837609623613615
207 1.3665245116351363
208 0.7048415622068598
209 1.212061292788839
210 0.5738939774813734
211 2.404215837905625
212 1.5658465898854086
213 1.566091935316135
214 9.457194080768172
215 0.5269185874900153
216 4.388342171329814
217 2.7495787105471057
218 1.2043155647664112
219 3.12617958917098
220 2.79217638888288
221 0.9942751550629572
222 1.2858754737949956
223 0.37571386704756904
224 4.0988957963855155
225 1.148570331515349
226 2.4926619491462487
227 1.0885128706402016
228 2.0574268978332215
229 1.331591328735288
230 1.6999112922939508
231 2.8454260707465635
232 1.3859390398571245
233 0.25713563439055087
234 1.104558815821287
235 1.9243708276872016
236 0.690453017568944
237 2.314697324773843
238 2.426939372094904
239 1.7745397680472814
240 2.645095231659499
241 4.221443890767604
242 4.3868776882851215
243 1.1179461038107898
244 2.2508244100608628
245 2.1761783304456332
246 1.1474805060036657
247 0.596703478088574
248 1.8385955738906006
249 2.842679065615281
250 2.4592841461570005
251 9.434645739510948
252 1.264812128065437
253 2.961609912958347
254 3.5086136089608773
255 0.7342718497153193
256 0.05132541339914158
257 1.6650350991176737
258 0.745645098052747
259 2.097546266314398
260 0.6178892914571699
261 2.6407152517658825
262 1.5281197529736943
263 2.91495546870632
264 0.9607918090363268
265 1.1581138450409785
266 2.1520586493447795
267 2.0681859977736585
268 3.05324110965933
269 1.1509161510808201
270 0.9971260607249541
271 1.3048222487225951
272 5.470815260625126
273 1.7437882352407712
274 3.947953366720598
275 0.6864975884903448
276 2.6459473069110766
277 1.6953879152295004
278 1.4449239768958735
279 0.8197131283292333
280 6.0610813536516055
281 0.5209403652522957
282 1.9995463625978664
283 0.7833194942500368
284 0.8299991068834619
285 1.085808726765025
286 0.7711391918973206
287 2.7784369346556352
288 0.6812762731293068
289 0.8473191052141654
290 2.462663455642001
291 3.762685579578849
292 2.81797833494338
293 1.0301157507149254
294 2.2096780534045686
295 0.672514163916784
296 1.4919012662366
297 1.9395560438181665
298 1.5555927526505111
299 2.586487204102541
300 2.245648234986778
301 4.640351410967105
302 0.32535206144275897
303 1.2189036623779341
304 3.5867968186452215
305 0.8533353569310385
306 1.102171989149003
307 0.8532679308839638
308 0.7179096710041295
309 0.9040655057550361
310 0.5465707532416292
311 1.9132858890767646
312 0.998129546112122
313 2.307240502506331
314 0.8938808698973658
315 1.5650423731079273
316 0.9598047224527182
317 3.9383044368116575
318 1.211336139843153
319 1.4185253465895171
320 0.9992363090038899
321 0.44492987305475756
322 1.372672878064151
323 1.1067982376746324
324 3.0939697407724145
325 0.9627709059961876
326 5.637224643692953
327 0.7629003798417023
328 0.7899315714515497
329 2.6174737020185037
330 0.5533389791998633
331 0.9372677214645894
332 1.022149069294717
333 0.4633811031683227
334 1.7282118528456827
335 2.1690195985654626
336 0.47684916463877236
337 2.3682685520065787
338 4.75055875037572
339 1.1183736059277523
340 2.3647700531410645
341 1.5139127307600089
342 1.1756253763842304
343 0.9829025711164602
344 0.9708511311287388
345 0.7359467994163701
346 2.0220380703229917
347 1.0075388757244739
348 0.8775489751807137
349 0.6257000090557275
350 2.993360116700608
351 2.9241113510755725
352 1.9505261692894473
353 1.6061576949006682
354 4.50798757028108
355 1.152552037477775
356 1.0127839302320318
357 1.2845844405784541
358 0.133755154515921
359 0.9698956029313405
360 3.056380335811956
361 1.8536246655957427
362 0.7990833732096352
363 0.8442423509197411
364 1.8850895418859177
365 0.45272189998480306
366 1.358514413020991
367 2.917966068736689
368 1.177563766413121
369 0.2918480817103542
370 0.597294994777699
371 0.9616057861115784
372 1.0747916902737427
373 0.4557049313610289
374 6.26402193543268
375 1.0144738053897744
376 1.1994064556060162
377 0.7590758159635184
378 1.0471904253487416
379 0.688014482964607
380 0.35039548032483897
381 1.9043469785846248
382 1.0520999622809797
383 0.933360416428928
384 0.5439565260749484
385 1.3899561860972285
386 0.5476572759599123
387 1.6264600126035031
388 1.0279384843086354
389 0.8513176498534217
390 1.841247557726656
391 1.47451345710264
392 1.2502357673300117
393 1.1784205011067328
394 1.0283235502987125
395 0.7760067421135644
396 0.7668651330820163
397 0.8632297223024744
398 1.1158805552197555
399 0.9869416208760651
400 0.7778207727549932
401 -1.3647075972207667
402 0.35365507361088816
403 2.8394564253171355
404 1.5651423518468637
405 0.8692708461122033
406 0.21767645127924967
407 1.1070017083884376
408 0.6662896856407571
409 1.0416896347041638
410 0.5087671704558447
411 1.8453389915781213
412 2.408231132299712
413 0.638533841078961
414 1.2499815618454702
415 0.27482361556358553
416 0.8468935359827835
417 4.011634793419661
418 0.7800320893005892
419 0.8994577428237241
420 0.6741436526173455
421 0.5501349413846015
422 0.32358789625683976
423 0.19760000444687223
424 3.3629974121132884
425 0.9079976368816494
426 1.865807745685703
427 2.354669300802285
428 0.8562255981115526
429 0.7124547731082245
430 0.15035668962260512
431 1.0823131772287875
432 0.504480383009603
433 0.14900308383631689
434 0.6309276642488668
435 0.36723827071441584
436 0.39701573279900004
437 1.6416118763380463
438 0.5797409558671885
439 0.8876580113303051
440 1.8299942725255813
441 0.1637111254319843
442 1.969958999198879
443 1.3763097699775446
444 0.6375173815208002
445 0.6966786031968929
446 0.9870034778275273
447 1.0640100591774866
448 0.8626263050887214
449 0.5653044374138984
450 0.9902321099426
451 0.46439567934623655
452 0.33189895389504953
453 0.6527684792378529
454 1.4834476176423177
455 0.5250244395015823
456 0.13644516470237913
457 0.6723781445144196
458 0.40977428999790905
459 2.1105012592935797
460 1.1973424920672513
461 1.6553628257147446
462 2.8404563282499407
463 0.3991757008725195
464 0.5715030769329394
465 0.6832889364059933
466 0.8821747855851699
467 5.57015612778267
468 1.0914330174107536
469 0.3245230007894295
470 0.5212364443472401
471 0.7444392337840974
472 0.19650708290697208
473 0.42654884234838397
474 3.1818832045418834
475 0.810746536014761
476 1.1255763697763104
477 1.5433283587435322
478 0.35706958372940845
479 0.432623511324851
480 0.25413982234525734
481 1.4715015181449456
482 0.4198682920356078
483 1.4655239044576491
484 0.5937522989020557
485 0.297876531908997
486 0.31284431928795087
487 1.7244099123867858
488 0.8657922451826551
489 0.9664412713697991
490 0.8945610780042925
491 1.055655315921753
492 0.9547759642694185
493 0.6142515320251888
494 0.9381468474678261
495 0.4791571535325254
496 0.5089202612439772
497 0.7374260501120298
498 1.7962445586181601
499 0.6773282458693376
500 0.6366209419964411
501 -0.3003138242969341
