evaluations raw_y
1 23.375
2 23.375
3 25.544712574713188
4 72.68771560462118
5 30.718571924853407
6 23.34050630885652
7 23.573159464609773
8 38.21559500668208
9 24.471304423599726
10 23.943140568789644
11 23.410932528878845
12 23.450744253256616
13 23.328154180945337
14 23.34303188334141
15 23.327341928153874
16 23.327318192021885
17 23.327316678424577
18 23.327316675102406
19 23.327316675097137
20 23.327316675097137
21 23.327316675097137
22 23.32731667509714
23 23.327316675097137
24 23.327316675097137
25 23.32731667509714
26 23.32731667509714
27 23.32731667509714
28 23.327316675097137
29 23.32731667509714
30 23.32731667509714
31 23.32731667509714
32 23.327316675097137
33 25.49702924981033
34 72.64003227971831
35 30.670888599950548
36 23.29282298395366
37 23.525476139706903
38 38.1679116817792
39 24.423621098696863
40 23.895457243886778
41 23.36324920397598
42 23.403060928353757
43 23.280470856042477
44 23.295348558438548
45 23.279658603251015
46 23.279634867119025
47 23.279633353521717
48 23.27963335019954
49 23.27963335019428
50 23.279633350194278
51 23.27963335019428
52 23.279633350194278
53 23.279633350194278
54 23.279633350194274
55 23.279633350194278
56 23.279633350194278
57 23.279633350194274
58 23.279633350194274
59 23.27963335019428
60 23.279633350194278
61 23.279633350194278
62 23.279633350194274
63 25.449345924907462
64 72.59234895481545
65 30.623205275047678
66 23.245139659050793
67 23.47779281480405
68 38.12022835687634
69 24.375937773794
70 23.84777391898391
71 23.315565879073116
72 23.355377603450894
73 23.23278753113961
74 23.24766523353569
75 23.231975278348152
76 23.231951542216166
77 23.23195002861885
78 23.23195002529668
79 23.23195002529141
80 23.23195002529141
81 23.231950025291415
82 23.231950025776914
83 23.231950025362256
84 23.23195002530175
85 23.231950025292925
86 23.23195002529163
87 23.231950025291447
88 23.231950025291418
89 23.23195002529141
90 23.231950025291418
91 23.23195002529141
92 23.23195002529141
93 23.231950025291415
94 23.231950025291418
95 23.23195002529141
96 23.231950025291415
97 23.23195002529141
98 23.231950025291415
99 23.231950025291415
100 23.23195002529141
101 23.23195002529141
102 25.401662600004602
103 72.54466562991259
104 30.57552195014482
105 23.19745633414793
106 23.430109489901184
107 38.07254503197348
108 24.328254448891137
109 23.800090594081052
110 23.267882554170257
111 23.30769427854803
112 23.18510420623675
113 23.199981908632825
114 23.184291953445292
115 23.1842682173133
116 23.184266703715988
117 23.184266700393817
118 23.184266700388555
119 23.18426670038855
120 23.18426670038856
121 23.18426670038855
122 23.18426670038855
123 23.184266700388555
124 23.18426670038855
125 23.18426670038855
126 23.18426670038855
127 23.18426670038855
128 23.18426670038855
129 23.18426670038855
130 23.18426670038855
131 23.184266700388548
132 23.18426670038855
133 23.184266700388548
134 25.35397927510174
135 72.49698230500972
136 30.527838625241955
137 23.149773009245074
138 23.382426164998307
139 38.02486170707062
140 24.280571123988274
141 23.752407269178192
142 23.22019922926739
143 23.260010953645168
144 23.137420881333885
145 23.152298583729966
146 23.136608628542426
147 23.136584892410436
148 23.13658337881313
149 23.13658337549095
150 23.13658337548569
151 23.13658337548569
152 23.13658337548569
153 23.136583375485692
154 23.136583375485692
155 23.136583375485685
156 23.136583375485692
157 23.13658337548569
158 23.136583375485692
159 23.136583375485692
160 23.136583375485692
161 23.13658337548569
162 12.606265566211954
163 23.136583375485685
164 12.606265566211954
165 42.8150145542174
166 29.74623582656363
167 107.97824720719856
168 21.52956925339508
169 58.52464514258088
170 7.72551114684842
171 7.6634440560949075
172 7.420889778834299
173 7.988369509092571
174 7.412307058186215
175 7.4115341031313795
176 7.411529672451943
177 7.411529643492633
178 7.411529643482642
179 7.411529643482642
180 7.411529643482642
181 7.411529643482643
182 7.411529643482643
183 7.411529643482646
184 7.411529643482643
185 7.411529643482643
186 7.411529643482643
187 7.4115296434826465
188 7.411529643482644
189 7.411529643482642
190 29.694498768856874
191 12.609169167160617
192 10.84777548775082
193 7.375838548447316
194 12.309174383202622
195 13.590714068298457
196 11.614777098253242
197 9.077147647358261
198 7.762120013457548
199 7.594046852420792
200 7.469925470631224
201 7.379824664080575
202 7.402331986366315
203 7.3669008864544105
204 7.366893212984769
205 7.366886423279185
206 7.366886391493779
207 7.3668863914890785
208 7.3668863914890625
209 7.366886391489064
210 7.366886391489064
211 7.366886391489064
212 7.3668863914890625
213 7.366886391489064
214 7.3668863914890625
215 7.366886391489062
216 7.366886391489064
217 7.3668863914890625
218 7.366886391489064
219 7.366886391489065
220 7.366886391489062
221 29.649855636074758
222 12.564525925418405
223 10.803132143806529
224 7.331195277468843
225 12.264531142032318
226 7.3311952775054845
227 9.032504524021649
228 7.549403695225194
229 7.335181436005339
230 7.322252772782928
231 7.32225345630259
232 7.322243139524298
233 7.3222431395014045
234 7.322243139495474
235 7.322243139495475
236 7.322243139495482
237 7.322243139495477
238 7.322243139495472
239 7.322243139495473
240 7.322243139495472
241 7.322243139495475
242 7.322243139495473
243 7.322243139495472
244 7.322243139495473
245 7.322243139495473
246 7.322243139495473
247 7.322243139495472
248 29.605212351355664
249 12.519882670610647
250 10.758488917054926
251 7.2865520306869245
252 12.219887887067616
253 13.501427792204193
254 11.525490155876968
255 8.98786123670964
256 7.672833427261284
257 7.50476041720801
258 7.380638931354867
259 7.2905381774457805
260 7.313045457109533
261 7.277614382525692
262 7.277606708993884
263 7.27759991929203
264 7.277599887506614
265 7.277599887501908
266 7.277599887501893
267 7.2775998875018955
268 7.277599887501896
269 7.277599887501896
270 7.277599887501895
271 7.277599887501894
272 7.2775998875018955
273 7.277599887501895
274 7.277599887501897
275 7.277599887501893
276 29.56056905546319
277 12.475239414842063
278 10.713845698921652
279 7.241908785684418
280 12.175244631088425
281 13.45678442453573
282 11.480847126402843
283 8.943217937338888
284 7.6281902169957565
285 7.460117130305635
286 7.335995697273529
287 7.2458949166444055
288 7.2684022179424135
289 7.232971130502447
290 7.232963457002192
291 7.232956667298445
292 7.232956635513034
293 7.232956635508331
294 7.232956635508318
295 7.232956635508318
296 7.232956635508316
297 7.232956635508322
298 7.232956635508319
299 7.232956635508319
300 7.2329566355083195
301 7.232956635508317
302 7.2329566355083195
303 7.232956635508318
304 7.232956635508316
305 23.361199186819924
306 34.13950394624082
307 36.93758072860512
308 55.1003077729195
309 21.98625658124278
310 14.51485187577584
311 7.33261494277914
312 7.235660785270041
313 7.232959643476427
314 7.232956635572556
315 7.232956635508321
316 7.232956635508321
317 7.232956635508318
318 7.232956635508323
319 7.232956635508323
320 7.232956635508319
321 7.232956635508321
322 7.2329566355083195
323 7.232956635508321
324 7.2329566355083195
325 7.23295663550832
326 7.2329566355083195
327 28.265286906315588
328 7.232956635508316
329 12.461809774475206
330 9.221833581118272
331 18.733519536745806
332 12.228310549847683
333 7.343224873180143
334 8.550466418407767
335 7.234985516555866
336 7.232962583651137
337 7.232956636349731
338 7.232956635508316
339 7.232956635508318
340 7.2329575039927505
341 7.2329567622618525
342 7.232956654006318
343 7.232956638208366
344 7.23295663590268
345 7.232956635566017
346 7.232956635516798
347 7.232956635509578
348 7.232956635508513
349 7.23295663550835
350 7.232956635508323
351 7.2329566355083195
352 7.2329566355083195
353 7.232956635508318
354 7.232956635508319
355 7.2329566355083195
356 7.232956635508318
357 7.232956635508318
358 7.232956635508316
359 7.2329566355083195
360 7.232956635508316
361 12.461809661353525
362 9.221833498022967
363 18.733519369013468
364 12.22831057667267
365 7.343224927097234
366 8.550467189259173
367 7.23498551554282
368 7.232962583643788
369 7.2329566363497095
370 7.232956635508318
371 7.232956635508317
372 7.232956635508318
373 7.232956635508316
374 7.232956635508317
375 7.232956635508315
376 7.232956635508317
377 7.232956635508315
378 12.461809740084199
379 9.22183355585582
380 18.7335194857522
381 12.228310558002955
382 7.343224889571891
383 8.550466652760198
384 7.234985516247881
385 7.232962583648902
386 7.232956636349724
387 7.2329566355083195
388 7.232956635508334
389 7.232956635508318
390 7.232956635508318
391 7.232956635508315
392 7.232956635508318
393 7.2329566355083195
394 7.232956635508317
395 7.232956635508317
396 7.232956635508318
397 7.232956635508319
398 7.232956635508318
399 7.232956635508317
400 7.232956635508315
401 12.461809739111704
402 9.221833555141462
403 18.733519484310214
404 12.228310558233566
405 7.343224890035411
406 8.550466659387121
407 7.234985516239174
408 7.23296258364884
409 7.232956636349724
410 7.232956635508317
411 7.2329566355083195
412 7.232956635508316
413 7.232956635508318
414 7.232956635508318
415 7.232956635508317
416 7.232956635508316
417 7.232956635508316
418 7.232956635508316
419 7.232956635508318
420 7.232956635508315
421 23.361199184475282
422 34.13950395050118
423 36.937580731678025
424 55.10030777469825
425 21.986256577085477
426 14.514851880829024
427 7.3326149427716025
428 7.235660785275506
429 7.232959643476374
430 7.232956635572557
431 7.232956635508316
432 7.2329566355083195
433 7.232956635517919
434 7.23295663550981
435 7.232956635508573
436 7.232956635508373
437 7.232956635508333
438 7.2329566355083195
439 7.232956635508326
440 7.232956635508321
441 7.232956635508321
442 7.2329566355083195
443 7.232956635508327
444 7.232956635508321
445 7.23295663550832
446 7.232956635508318
447 7.23295663550832
448 7.2329566355083195
449 7.232956635508312
450 7.232956635508315
451 7.232956635508312
452 7.2329566355083195
453 7.2329566355083195
454 7.2329566355083195
455 7.232956635508321
456 7.23295663550832
457 7.2329566355083195
458 7.232956635508321
459 7.23295663550832
460 7.232956635508322
461 7.232956635508321
462 7.2329566355083195
463 7.232956635508321
464 7.2329566355083195
465 7.23295663550832
466 7.232956635508321
467 7.232956635508319
468 7.232956635508316
469 7.232956635508317
470 7.23295663550832
471 7.23295663550832
472 7.232956635508318
473 7.232956635508321
474 7.232956635508318
475 7.232956635508316
476 7.232956635508316
477 7.232956635508317
478 7.232956635508316
479 7.232956635508316
480 7.232956635508312
481 7.232956635508312
482 7.232956635508312
483 7.232956635508312
484 7.232956635508312
485 7.232956635508312
486 7.232956635508312
487 7.232956635508312
488 7.232956635508312
489 7.232956635508312
490 7.232956635508312
491 7.232956635508312
492 7.232956635508312
493 7.232956635508312
494 7.232956635508312
495 7.232956635508312
496 7.232956635508312
497 7.232956635508312
498 7.232956635508312
499 7.232956635508312
500 7.232956635508312
evaluations raw_y
1 23.375
2 23.375
3 25.544712574713188
4 72.68771560462118
5 30.718571924853407
6 23.34050630885652
7 23.573159464609773
8 38.21559500668208
9 24.471304423599726
10 23.943140568789644
11 23.410932528878845
12 23.450744253256616
13 23.328154180945337
14 23.34303188334141
15 23.327341928153874
16 23.327318192021885
17 23.327316678424577
18 23.327316675102406
19 23.327316675097137
20 23.327316675097137
21 23.327316675097137
22 23.32731667509714
23 23.327316675097137
24 23.327316675097137
25 23.32731667509714
26 23.32731667509714
27 23.32731667509714
28 23.327316675097137
29 23.32731667509714
30 23.32731667509714
31 23.32731667509714
32 23.327316675097137
33 25.49702924981033
34 72.64003227971831
35 30.670888599950548
36 23.29282298395366
37 23.525476139706903
38 38.1679116817792
39 24.423621098696863
40 23.895457243886778
41 23.36324920397598
42 23.403060928353757
43 23.280470856042477
44 23.295348558438548
45 23.279658603251015
46 23.279634867119025
47 23.279633353521717
48 23.27963335019954
49 23.27963335019428
50 23.279633350194278
51 23.27963335019428
52 23.279633350194278
53 23.279633350194278
54 23.279633350194274
55 23.279633350194278
56 23.279633350194278
57 23.279633350194274
58 23.279633350194274
59 23.27963335019428
60 23.279633350194278
61 23.279633350194278
62 23.279633350194274
63 25.449345924907462
64 72.59234895481545
65 30.623205275047678
66 23.245139659050793
67 23.47779281480405
68 38.12022835687634
69 24.375937773794
70 23.84777391898391
71 23.315565879073116
72 23.355377603450894
73 23.23278753113961
74 23.24766523353569
75 23.231975278348152
76 23.231951542216166
77 23.23195002861885
78 23.23195002529668
79 23.23195002529141
80 23.23195002529141
81 23.231950025291415
82 23.231950025776914
83 23.231950025362256
84 23.23195002530175
85 23.231950025292925
86 23.23195002529163
87 23.231950025291447
88 23.231950025291418
89 23.23195002529141
90 23.231950025291418
91 23.23195002529141
92 23.23195002529141
93 23.231950025291415
94 23.231950025291418
95 23.23195002529141
96 23.231950025291415
97 23.23195002529141
98 23.231950025291415
99 23.231950025291415
100 23.23195002529141
101 23.23195002529141
102 25.401662600004602
103 72.54466562991259
104 30.57552195014482
105 23.19745633414793
106 23.430109489901184
107 38.07254503197348
108 24.328254448891137
109 23.800090594081052
110 23.267882554170257
111 23.30769427854803
112 23.18510420623675
113 23.199981908632825
114 23.184291953445292
115 23.1842682173133
116 23.184266703715988
117 23.184266700393817
118 23.184266700388555
119 23.18426670038855
120 23.18426670038856
121 23.18426670038855
122 23.18426670038855
123 23.184266700388555
124 23.18426670038855
125 23.18426670038855
126 23.18426670038855
127 23.18426670038855
128 23.18426670038855
129 23.18426670038855
130 23.18426670038855
131 23.184266700388548
132 23.18426670038855
133 23.184266700388548
134 25.35397927510174
135 72.49698230500972
136 30.527838625241955
137 23.149773009245074
138 23.382426164998307
139 38.02486170707062
140 24.280571123988274
141 23.752407269178192
142 23.22019922926739
143 23.260010953645168
144 23.137420881333885
145 23.152298583729966
146 23.136608628542426
147 23.136584892410436
148 23.13658337881313
149 23.13658337549095
150 23.13658337548569
151 23.13658337548569
152 23.13658337548569
153 23.136583375485692
154 23.136583375485692
155 23.136583375485685
156 23.136583375485692
157 23.13658337548569
158 23.136583375485692
159 23.136583375485692
160 23.136583375485692
161 23.13658337548569
162 12.606265566211954
163 23.136583375485685
164 12.606265566211954
165 42.8150145542174
166 29.74623582656363
167 107.97824720719856
168 21.52956925339508
169 58.52464514258088
170 7.72551114684842
171 7.6634440560949075
172 7.420889778834299
173 7.988369509092571
174 7.412307058186215
175 7.4115341031313795
176 7.411529672451943
177 7.411529643492633
178 7.411529643482642
179 7.411529643482642
180 7.411529643482642
181 7.411529643482643
182 7.411529643482643
183 7.411529643482646
184 7.411529643482643
185 7.411529643482643
186 7.411529643482643
187 7.4115296434826465
188 7.411529643482644
189 7.411529643482642
190 29.694498768856874
191 12.609169167160617
192 10.84777548775082
193 7.375838548447316
194 12.309174383202622
195 13.590714068298457
196 11.614777098253242
197 9.077147647358261
198 7.762120013457548
199 7.594046852420792
200 7.469925470631224
201 7.379824664080575
202 7.402331986366315
203 7.3669008864544105
204 7.366893212984769
205 7.366886423279185
206 7.366886391493779
207 7.3668863914890785
208 7.3668863914890625
209 7.366886391489064
210 7.366886391489064
211 7.366886391489064
212 7.3668863914890625
213 7.366886391489064
214 7.3668863914890625
215 7.366886391489062
216 7.366886391489064
217 7.3668863914890625
218 7.366886391489064
219 7.366886391489065
220 7.366886391489062
221 29.649855636074758
222 12.564525925418405
223 10.803132143806529
224 7.331195277468843
225 12.264531142032318
226 7.3311952775054845
227 9.032504524021649
228 7.549403695225194
229 7.335181436005339
230 7.322252772782928
231 7.32225345630259
232 7.322243139524298
233 7.3222431395014045
234 7.322243139495474
235 7.322243139495475
236 7.322243139495482
237 7.322243139495477
238 7.322243139495472
239 7.322243139495473
240 7.322243139495472
241 7.322243139495475
242 7.322243139495473
243 7.322243139495472
244 7.322243139495473
245 7.322243139495473
246 7.322243139495473
247 7.322243139495472
248 29.605212351355664
249 12.519882670610647
250 10.758488917054926
251 7.2865520306869245
252 12.219887887067616
253 13.501427792204193
254 11.525490155876968
255 8.98786123670964
256 7.672833427261284
257 7.50476041720801
258 7.380638931354867
259 7.2905381774457805
260 7.313045457109533
261 7.277614382525692
262 7.277606708993884
263 7.27759991929203
264 7.277599887506614
265 7.277599887501908
266 7.277599887501893
267 7.2775998875018955
268 7.277599887501896
269 7.277599887501896
270 7.277599887501895
271 7.277599887501894
272 7.2775998875018955
273 7.277599887501895
274 7.277599887501897
275 7.277599887501893
276 29.56056905546319
277 12.475239414842063
278 10.713845698921652
279 7.241908785684418
280 12.175244631088425
281 13.45678442453573
282 11.480847126402843
283 8.943217937338888
284 7.6281902169957565
285 7.460117130305635
286 7.335995697273529
287 7.2458949166444055
288 7.2684022179424135
289 7.232971130502447
290 7.232963457002192
291 7.232956667298445
292 7.232956635513034
293 7.232956635508331
294 7.232956635508318
295 7.232956635508318
296 7.232956635508316
297 7.232956635508322
298 7.232956635508319
299 7.232956635508319
300 7.2329566355083195
301 7.232956635508317
302 7.2329566355083195
303 7.232956635508318
304 7.232956635508316
305 23.361199186819924
306 34.13950394624082
307 36.93758072860512
308 55.1003077729195
309 21.98625658124278
310 14.51485187577584
311 7.33261494277914
312 7.235660785270041
313 7.232959643476427
314 7.232956635572556
315 7.232956635508321
316 7.232956635508321
317 7.232956635508318
318 7.232956635508323
319 7.232956635508323
320 7.232956635508319
321 7.232956635508321
322 7.2329566355083195
323 7.232956635508321
324 7.2329566355083195
325 7.23295663550832
326 7.2329566355083195
327 28.265286906315588
328 7.232956635508316
329 12.461809774475206
330 9.221833581118272
331 18.733519536745806
332 12.228310549847683
333 7.343224873180143
334 8.550466418407767
335 7.234985516555866
336 7.232962583651137
337 7.232956636349731
338 7.232956635508316
339 7.232956635508318
340 7.2329575039927505
341 7.2329567622618525
342 7.232956654006318
343 7.232956638208366
344 7.23295663590268
345 7.232956635566017
346 7.232956635516798
347 7.232956635509578
348 7.232956635508513
349 7.23295663550835
350 7.232956635508323
351 7.2329566355083195
352 7.2329566355083195
353 7.232956635508318
354 7.232956635508319
355 7.2329566355083195
356 7.232956635508318
357 7.232956635508318
358 7.232956635508316
359 7.2329566355083195
360 7.232956635508316
361 12.461809661353525
362 9.221833498022967
363 18.733519369013468
364 12.22831057667267
365 7.343224927097234
366 8.550467189259173
367 7.23498551554282
368 7.232962583643788
369 7.2329566363497095
370 7.232956635508318
371 7.232956635508317
372 7.232956635508318
373 7.232956635508316
374 7.232956635508317
375 7.232956635508315
376 7.232956635508317
377 7.232956635508315
378 12.461809740084199
379 9.22183355585582
380 18.7335194857522
381 12.228310558002955
382 7.343224889571891
383 8.550466652760198
384 7.234985516247881
385 7.232962583648902
386 7.232956636349724
387 7.2329566355083195
388 7.232956635508334
389 7.232956635508318
390 7.232956635508318
391 7.232956635508315
392 7.232956635508318
393 7.2329566355083195
394 7.232956635508317
395 7.232956635508317
396 7.232956635508318
397 7.232956635508319
398 7.232956635508318
399 7.232956635508317
400 7.232956635508315
401 12.461809739111704
402 9.221833555141462
403 18.733519484310214
404 12.228310558233566
405 7.343224890035411
406 8.550466659387121
407 7.234985516239174
408 7.23296258364884
409 7.232956636349724
410 7.232956635508317
411 7.2329566355083195
412 7.232956635508316
413 7.232956635508318
414 7.232956635508318
415 7.232956635508317
416 7.232956635508316
417 7.232956635508316
418 7.232956635508316
419 7.232956635508318
420 7.232956635508315
421 23.361199184475282
422 34.13950395050118
423 36.937580731678025
424 55.10030777469825
425 21.986256577085477
426 14.514851880829024
427 7.3326149427716025
428 7.235660785275506
429 7.232959643476374
430 7.232956635572557
431 7.232956635508316
432 7.2329566355083195
433 7.232956635517919
434 7.23295663550981
435 7.232956635508573
436 7.232956635508373
437 7.232956635508333
438 7.2329566355083195
439 7.232956635508326
440 7.232956635508321
441 7.232956635508321
442 7.2329566355083195
443 7.232956635508327
444 7.232956635508321
445 7.23295663550832
446 7.232956635508318
447 7.23295663550832
448 7.2329566355083195
449 7.232956635508312
450 7.232956635508315
451 7.232956635508312
452 7.2329566355083195
453 7.2329566355083195
454 7.2329566355083195
455 7.232956635508321
456 7.23295663550832
457 7.2329566355083195
458 7.232956635508321
459 7.23295663550832
460 7.232956635508322
461 7.232956635508321
462 7.2329566355083195
463 7.232956635508321
464 7.2329566355083195
465 7.23295663550832
466 7.232956635508321
467 7.232956635508319
468 7.232956635508316
469 7.232956635508317
470 7.23295663550832
471 7.23295663550832
472 7.232956635508318
473 7.232956635508321
474 7.232956635508318
475 7.232956635508316
476 7.232956635508316
477 7.232956635508317
478 7.232956635508316
479 7.232956635508316
480 7.232956635508312
481 7.232956635508312
482 7.232956635508312
483 7.232956635508312
484 7.232956635508312
485 7.232956635508312
486 7.232956635508312
487 7.232956635508312
488 7.232956635508312
489 7.232956635508312
490 7.232956635508312
491 7.232956635508312
492 7.232956635508312
493 7.232956635508312
494 7.232956635508312
495 7.232956635508312
496 7.232956635508312
497 7.232956635508312
498 7.232956635508312
499 7.232956635508312
500 7.232956635508312
evaluations raw_y
1 23.375
2 23.375
3 25.544712574713188
4 72.68771560462118
5 30.718571924853407
6 23.34050630885652
7 23.573159464609773
8 38.21559500668208
9 24.471304423599726
10 23.943140568789644
11 23.410932528878845
12 23.450744253256616
13 23.328154180945337
14 23.34303188334141
15 23.327341928153874
16 23.327318192021885
17 23.327316678424577
18 23.327316675102406
19 23.327316675097137
20 23.327316675097137
21 23.327316675097137
22 23.32731667509714
23 23.327316675097137
24 23.327316675097137
25 23.32731667509714
26 23.32731667509714
27 23.32731667509714
28 23.327316675097137
29 23.32731667509714
30 23.32731667509714
31 23.32731667509714
32 23.327316675097137
33 25.49702924981033
34 72.64003227971831
35 30.670888599950548
36 23.29282298395366
37 23.525476139706903
38 38.1679116817792
39 24.423621098696863
40 23.895457243886778
41 23.36324920397598
42 23.403060928353757
43 23.280470856042477
44 23.295348558438548
45 23.279658603251015
46 23.279634867119025
47 23.279633353521717
48 23.27963335019954
49 23.27963335019428
50 23.279633350194278
51 23.27963335019428
52 23.279633350194278
53 23.279633350194278
54 23.279633350194274
55 23.279633350194278
56 23.279633350194278
57 23.279633350194274
58 23.279633350194274
59 23.27963335019428
60 23.279633350194278
61 23.279633350194278
62 23.279633350194274
63 25.449345924907462
64 72.59234895481545
65 30.623205275047678
66 23.245139659050793
67 23.47779281480405
68 38.12022835687634
69 24.375937773794
70 23.84777391898391
71 23.315565879073116
72 23.355377603450894
73 23.23278753113961
74 23.24766523353569
75 23.231975278348152
76 23.231951542216166
77 23.23195002861885
78 23.23195002529668
79 23.23195002529141
80 23.23195002529141
81 23.231950025291415
82 23.231950025776914
83 23.231950025362256
84 23.23195002530175
85 23.231950025292925
86 23.23195002529163
87 23.231950025291447
88 23.231950025291418
89 23.23195002529141
90 23.231950025291418
91 23.23195002529141
92 23.23195002529141
93 23.231950025291415
94 23.231950025291418
95 23.23195002529141
96 23.231950025291415
97 23.23195002529141
98 23.231950025291415
99 23.231950025291415
100 23.23195002529141
101 23.23195002529141
102 25.401662600004602
103 72.54466562991259
104 30.57552195014482
105 23.19745633414793
106 23.430109489901184
107 38.07254503197348
108 24.328254448891137
109 23.800090594081052
110 23.267882554170257
111 23.30769427854803
112 23.18510420623675
113 23.199981908632825
114 23.184291953445292
115 23.1842682173133
116 23.184266703715988
117 23.184266700393817
118 23.184266700388555
119 23.18426670038855
120 23.18426670038856
121 23.18426670038855
122 23.18426670038855
123 23.184266700388555
124 23.18426670038855
125 23.18426670038855
126 23.18426670038855
127 23.18426670038855
128 23.18426670038855
129 23.18426670038855
130 23.18426670038855
131 23.184266700388548
132 23.18426670038855
133 23.184266700388548
134 25.35397927510174
135 72.49698230500972
136 30.527838625241955
137 23.149773009245074
138 23.382426164998307
139 38.02486170707062
140 24.280571123988274
141 23.752407269178192
142 23.22019922926739
143 23.260010953645168
144 23.137420881333885
145 23.152298583729966
146 23.136608628542426
147 23.136584892410436
148 23.13658337881313
149 23.13658337549095
150 23.13658337548569
151 23.13658337548569
152 23.13658337548569
153 23.136583375485692
154 23.136583375485692
155 23.136583375485685
156 23.136583375485692
157 23.13658337548569
158 23.136583375485692
159 23.136583375485692
160 23.136583375485692
161 23.13658337548569
162 12.606265566211954
163 23.136583375485685
164 12.606265566211954
165 42.8150145542174
166 29.74623582656363
167 107.97824720719856
168 21.52956925339508
169 58.52464514258088
170 7.72551114684842
171 7.6634440560949075
172 7.420889778834299
173 7.988369509092571
174 7.412307058186215
175 7.4115341031313795
176 7.411529672451943
177 7.411529643492633
178 7.411529643482642
179 7.411529643482642
180 7.411529643482642
181 7.411529643482643
182 7.411529643482643
183 7.411529643482646
184 7.411529643482643
185 7.411529643482643
186 7.411529643482643
187 7.4115296434826465
188 7.411529643482644
189 7.411529643482642
190 29.694498768856874
191 12.609169167160617
192 10.84777548775082
193 7.375838548447316
194 12.309174383202622
195 13.590714068298457
196 11.614777098253242
197 9.077147647358261
198 7.762120013457548
199 7.594046852420792
200 7.469925470631224
201 7.379824664080575
202 7.402331986366315
203 7.3669008864544105
204 7.366893212984769
205 7.366886423279185
206 7.366886391493779
207 7.3668863914890785
208 7.3668863914890625
209 7.366886391489064
210 7.366886391489064
211 7.366886391489064
212 7.3668863914890625
213 7.366886391489064
214 7.3668863914890625
215 7.366886391489062
216 7.366886391489064
217 7.3668863914890625
218 7.366886391489064
219 7.366886391489065
220 7.366886391489062
221 29.649855636074758
222 12.564525925418405
223 10.803132143806529
224 7.331195277468843
225 12.264531142032318
226 7.3311952775054845
227 9.032504524021649
228 7.549403695225194
229 7.335181436005339
230 7.322252772782928
231 7.32225345630259
232 7.322243139524298
233 7.3222431395014045
234 7.322243139495474
235 7.322243139495475
236 7.322243139495482
237 7.322243139495477
238 7.322243139495472
239 7.322243139495473
240 7.322243139495472
241 7.322243139495475
242 7.322243139495473
243 7.322243139495472
244 7.322243139495473
245 7.322243139495473
246 7.322243139495473
247 7.322243139495472
248 29.605212351355664
249 12.519882670610647
250 10.758488917054926
251 7.2865520306869245
252 12.219887887067616
253 13.501427792204193
254 11.525490155876968
255 8.98786123670964
256 7.672833427261284
257 7.50476041720801
258 7.380638931354867
259 7.2905381774457805
260 7.313045457109533
261 7.277614382525692
262 7.277606708993884
263 7.27759991929203
264 7.277599887506614
265 7.277599887501908
266 7.277599887501893
267 7.2775998875018955
268 7.277599887501896
269 7.277599887501896
270 7.277599887501895
271 7.277599887501894
272 7.2775998875018955
273 7.277599887501895
274 7.277599887501897
275 7.277599887501893
276 29.56056905546319
277 12.475239414842063
278 10.713845698921652
279 7.241908785684418
280 12.175244631088425
281 13.45678442453573
282 11.480847126402843
283 8.943217937338888
284 7.6281902169957565
285 7.460117130305635
286 7.335995697273529
287 7.2458949166444055
288 7.2684022179424135
289 7.232971130502447
290 7.232963457002192
291 7.232956667298445
292 7.232956635513034
293 7.232956635508331
294 7.232956635508318
295 7.232956635508318
296 7.232956635508316
297 7.232956635508322
298 7.232956635508319
299 7.232956635508319
300 7.2329566355083195
301 7.232956635508317
302 7.2329566355083195
303 7.232956635508318
304 7.232956635508316
305 23.361199186819924
306 34.13950394624082
307 36.93758072860512
308 55.1003077729195
309 21.98625658124278
310 14.51485187577584
311 7.33261494277914
312 7.235660785270041
313 7.232959643476427
314 7.232956635572556
315 7.232956635508321
316 7.232956635508321
317 7.232956635508318
318 7.232956635508323
319 7.232956635508323
320 7.232956635508319
321 7.232956635508321
322 7.2329566355083195
323 7.232956635508321
324 7.2329566355083195
325 7.23295663550832
326 7.2329566355083195
327 28.265286906315588
328 7.232956635508316
329 12.461809774475206
330 9.221833581118272
331 18.733519536745806
332 12.228310549847683
333 7.343224873180143
334 8.550466418407767
335 7.234985516555866
336 7.232962583651137
337 7.232956636349731
338 7.232956635508316
339 7.232956635508318
340 7.2329575039927505
341 7.2329567622618525
342 7.232956654006318
343 7.232956638208366
344 7.23295663590268
345 7.232956635566017
346 7.232956635516798
347 7.232956635509578
348 7.232956635508513
349 7.23295663550835
350 7.232956635508323
351 7.2329566355083195
352 7.2329566355083195
353 7.232956635508318
354 7.232956635508319
355 7.2329566355083195
356 7.232956635508318
357 7.232956635508318
358 7.232956635508316
359 7.2329566355083195
360 7.232956635508316
361 12.461809661353525
362 9.221833498022967
363 18.733519369013468
364 12.22831057667267
365 7.343224927097234
366 8.550467189259173
367 7.23498551554282
368 7.232962583643788
369 7.2329566363497095
370 7.232956635508318
371 7.232956635508317
372 7.232956635508318
373 7.232956635508316
374 7.232956635508317
375 7.232956635508315
376 7.232956635508317
377 7.232956635508315
378 12.461809740084199
379 9.22183355585582
380 18.7335194857522
381 12.228310558002955
382 7.343224889571891
383 8.550466652760198
384 7.234985516247881
385 7.232962583648902
386 7.232956636349724
387 7.2329566355083195
388 7.232956635508334
389 7.232956635508318
390 7.232956635508318
391 7.232956635508315
392 7.232956635508318
393 7.2329566355083195
394 7.232956635508317
395 7.232956635508317
396 7.232956635508318
397 7.232956635508319
398 7.232956635508318
399 7.232956635508317
400 7.232956635508315
401 12.461809739111704
402 9.221833555141462
403 18.733519484310214
404 12.228310558233566
405 7.343224890035411
406 8.550466659387121
407 7.234985516239174
408 7.23296258364884
409 7.232956636349724
410 7.232956635508317
411 7.2329566355083195
412 7.232956635508316
413 7.232956635508318
414 7.232956635508318
415 7.232956635508317
416 7.232956635508316
417 7.232956635508316
418 7.232956635508316
419 7.232956635508318
420 7.232956635508315
421 23.361199184475282
422 34.13950395050118
423 36.937580731678025
424 55.10030777469825
425 21.986256577085477
426 14.514851880829024
427 7.3326149427716025
428 7.235660785275506
429 7.232959643476374
430 7.232956635572557
431 7.232956635508316
432 7.2329566355083195
433 7.232956635517919
434 7.23295663550981
435 7.232956635508573
436 7.232956635508373
437 7.232956635508333
438 7.2329566355083195
439 7.232956635508326
440 7.232956635508321
441 7.232956635508321
442 7.2329566355083195
443 7.232956635508327
444 7.232956635508321
445 7.23295663550832
446 7.232956635508318
447 7.23295663550832
448 7.2329566355083195
449 7.232956635508312
450 7.232956635508315
451 7.232956635508312
452 7.2329566355083195
453 7.2329566355083195
454 7.2329566355083195
455 7.232956635508321
456 7.23295663550832
457 7.2329566355083195
458 7.232956635508321
459 7.23295663550832
460 7.232956635508322
461 7.232956635508321
462 7.2329566355083195
463 7.232956635508321
464 7.2329566355083195
465 7.23295663550832
466 7.232956635508321
467 7.232956635508319
468 7.232956635508316
469 7.232956635508317
470 7.23295663550832
471 7.23295663550832
472 7.232956635508318
473 7.232956635508321
474 7.232956635508318
475 7.232956635508316
476 7.232956635508316
477 7.232956635508317
478 7.232956635508316
479 7.232956635508316
480 7.232956635508312
481 7.232956635508312
482 7.232956635508312
483 7.232956635508312
484 7.232956635508312
485 7.232956635508312
486 7.232956635508312
487 7.232956635508312
488 7.232956635508312
489 7.232956635508312
490 7.232956635508312
491 7.232956635508312
492 7.232956635508312
493 7.232956635508312
494 7.232956635508312
495 7.232956635508312
496 7.232956635508312
497 7.232956635508312
498 7.232956635508312
499 7.232956635508312
500 7.232956635508312
evaluations raw_y
1 23.375
2 23.375
3 25.544712574713188
4 72.68771560462118
5 30.718571924853407
6 23.34050630885652
7 23.573159464609773
8 38.21559500668208
9 24.471304423599726
10 23.943140568789644
11 23.410932528878845
12 23.450744253256616
13 23.328154180945337
14 23.34303188334141
15 23.327341928153874
16 23.327318192021885
17 23.327316678424577
18 23.327316675102406
19 23.327316675097137
20 23.327316675097137
21 23.327316675097137
22 23.32731667509714
23 23.327316675097137
24 23.327316675097137
25 23.32731667509714
26 23.32731667509714
27 23.32731667509714
28 23.327316675097137
29 23.32731667509714
30 23.32731667509714
31 23.32731667509714
32 23.327316675097137
33 25.49702924981033
34 72.64003227971831
35 30.670888599950548
36 23.29282298395366
37 23.525476139706903
38 38.1679116817792
39 24.423621098696863
40 23.895457243886778
41 23.36324920397598
42 23.403060928353757
43 23.280470856042477
44 23.295348558438548
45 23.279658603251015
46 23.279634867119025
47 23.279633353521717
48 23.27963335019954
49 23.27963335019428
50 23.279633350194278
51 23.27963335019428
52 23.279633350194278
53 23.279633350194278
54 23.279633350194274
55 23.279633350194278
56 23.279633350194278
57 23.279633350194274
58 23.279633350194274
59 23.27963335019428
60 23.279633350194278
61 23.279633350194278
62 23.279633350194274
63 25.449345924907462
64 72.59234895481545
65 30.623205275047678
66 23.245139659050793
67 23.47779281480405
68 38.12022835687634
69 24.375937773794
70 23.84777391898391
71 23.315565879073116
72 23.355377603450894
73 23.23278753113961
74 23.24766523353569
75 23.231975278348152
76 23.231951542216166
77 23.23195002861885
78 23.23195002529668
79 23.23195002529141
80 23.23195002529141
81 23.231950025291415
82 23.231950025776914
83 23.231950025362256
84 23.23195002530175
85 23.231950025292925
86 23.23195002529163
87 23.231950025291447
88 23.231950025291418
89 23.23195002529141
90 23.231950025291418
91 23.23195002529141
92 23.23195002529141
93 23.231950025291415
94 23.231950025291418
95 23.23195002529141
96 23.231950025291415
97 23.23195002529141
98 23.231950025291415
99 23.231950025291415
100 23.23195002529141
101 23.23195002529141
102 25.401662600004602
103 72.54466562991259
104 30.57552195014482
105 23.19745633414793
106 23.430109489901184
107 38.07254503197348
108 24.328254448891137
109 23.800090594081052
110 23.267882554170257
111 23.30769427854803
112 23.18510420623675
113 23.199981908632825
114 23.184291953445292
115 23.1842682173133
116 23.184266703715988
117 23.184266700393817
118 23.184266700388555
119 23.18426670038855
120 23.18426670038856
121 23.18426670038855
122 23.18426670038855
123 23.184266700388555
124 23.18426670038855
125 23.18426670038855
126 23.18426670038855
127 23.18426670038855
128 23.18426670038855
129 23.18426670038855
130 23.18426670038855
131 23.184266700388548
132 23.18426670038855
133 23.184266700388548
134 25.35397927510174
135 72.49698230500972
136 30.527838625241955
137 23.149773009245074
138 23.382426164998307
139 38.02486170707062
140 24.280571123988274
141 23.752407269178192
142 23.22019922926739
143 23.260010953645168
144 23.137420881333885
145 23.152298583729966
146 23.136608628542426
147 23.136584892410436
148 23.13658337881313
149 23.13658337549095
150 23.13658337548569
151 23.13658337548569
152 23.13658337548569
153 23.136583375485692
154 23.136583375485692
155 23.136583375485685
156 23.136583375485692
157 23.13658337548569
158 23.136583375485692
159 23.136583375485692
160 23.136583375485692
161 23.13658337548569
162 12.606265566211954
163 23.136583375485685
164 12.606265566211954
165 42.8150145542174
166 29.74623582656363
167 107.97824720719856
168 21.52956925339508
169 58.52464514258088
170 7.72551114684842
171 7.6634440560949075
172 7.420889778834299
173 7.988369509092571
174 7.412307058186215
175 7.4115341031313795
176 7.411529672451943
177 7.411529643492633
178 7.411529643482642
179 7.411529643482642
180 7.411529643482642
181 7.411529643482643
182 7.411529643482643
183 7.411529643482646
184 7.411529643482643
185 7.411529643482643
186 7.411529643482643
187 7.4115296434826465
188 7.411529643482644
189 7.411529643482642
190 29.694498768856874
191 12.609169167160617
192 10.84777548775082
193 7.375838548447316
194 12.309174383202622
195 13.590714068298457
196 11.614777098253242
197 9.077147647358261
198 7.762120013457548
199 7.594046852420792
200 7.469925470631224
201 7.379824664080575
202 7.402331986366315
203 7.3669008864544105
204 7.366893212984769
205 7.366886423279185
206 7.366886391493779
207 7.3668863914890785
208 7.3668863914890625
209 7.366886391489064
210 7.366886391489064
211 7.366886391489064
212 7.3668863914890625
213 7.366886391489064
214 7.3668863914890625
215 7.366886391489062
216 7.366886391489064
217 7.3668863914890625
218 7.366886391489064
219 7.366886391489065
220 7.366886391489062
221 29.649855636074758
222 12.564525925418405
223 10.803132143806529
224 7.331195277468843
225 12.264531142032318
226 7.3311952775054845
227 9.032504524021649
228 7.549403695225194
229 7.335181436005339
230 7.322252772782928
231 7.32225345630259
232 7.322243139524298
233 7.3222431395014045
234 7.322243139495474
235 7.322243139495475
236 7.322243139495482
237 7.322243139495477
238 7.322243139495472
239 7.322243139495473
240 7.322243139495472
241 7.322243139495475
242 7.322243139495473
243 7.322243139495472
244 7.322243139495473
245 7.322243139495473
246 7.322243139495473
247 7.322243139495472
248 29.605212351355664
249 12.519882670610647
250 10.758488917054926
251 7.2865520306869245
252 12.219887887067616
253 13.501427792204193
254 11.525490155876968
255 8.98786123670964
256 7.672833427261284
257 7.50476041720801
258 7.380638931354867
259 7.2905381774457805
260 7.313045457109533
261 7.277614382525692
262 7.277606708993884
263 7.27759991929203
264 7.277599887506614
265 7.277599887501908
266 7.277599887501893
267 7.2775998875018955
268 7.277599887501896
269 7.277599887501896
270 7.277599887501895
271 7.277599887501894
272 7.2775998875018955
273 7.277599887501895
274 7.277599887501897
275 7.277599887501893
276 29.56056905546319
277 12.475239414842063
278 10.713845698921652
279 7.241908785684418
280 12.175244631088425
281 13.45678442453573
282 11.480847126402843
283 8.943217937338888
284 7.6281902169957565
285 7.460117130305635
286 7.335995697273529
287 7.2458949166444055
288 7.2684022179424135
289 7.232971130502447
290 7.232963457002192
291 7.232956667298445
292 7.232956635513034
293 7.232956635508331
294 7.232956635508318
295 7.232956635508318
296 7.232956635508316
297 7.232956635508322
298 7.232956635508319
299 7.232956635508319
300 7.2329566355083195
301 7.232956635508317
302 7.2329566355083195
303 7.232956635508318
304 7.232956635508316
305 23.361199186819924
306 34.13950394624082
307 36.93758072860512
308 55.1003077729195
309 21.98625658124278
310 14.51485187577584
311 7.33261494277914
312 7.235660785270041
313 7.232959643476427
314 7.232956635572556
315 7.232956635508321
316 7.232956635508321
317 7.232956635508318
318 7.232956635508323
319 7.232956635508323
320 7.232956635508319
321 7.232956635508321
322 7.2329566355083195
323 7.232956635508321
324 7.2329566355083195
325 7.23295663550832
326 7.2329566355083195
327 28.265286906315588
328 7.232956635508316
329 12.461809774475206
330 9.221833581118272
331 18.733519536745806
332 12.228310549847683
333 7.343224873180143
334 8.550466418407767
335 7.234985516555866
336 7.232962583651137
337 7.232956636349731
338 7.232956635508316
339 7.232956635508318
340 7.2329575039927505
341 7.2329567622618525
342 7.232956654006318
343 7.232956638208366
344 7.23295663590268
345 7.232956635566017
346 7.232956635516798
347 7.232956635509578
348 7.232956635508513
349 7.23295663550835
350 7.232956635508323
351 7.2329566355083195
352 7.2329566355083195
353 7.232956635508318
354 7.232956635508319
355 7.2329566355083195
356 7.232956635508318
357 7.232956635508318
358 7.232956635508316
359 7.2329566355083195
360 7.232956635508316
361 12.461809661353525
362 9.221833498022967
363 18.733519369013468
364 12.22831057667267
365 7.343224927097234
366 8.550467189259173
367 7.23498551554282
368 7.232962583643788
369 7.2329566363497095
370 7.232956635508318
371 7.232956635508317
372 7.232956635508318
373 7.232956635508316
374 7.232956635508317
375 7.232956635508315
376 7.232956635508317
377 7.232956635508315
378 12.461809740084199
379 9.22183355585582
380 18.7335194857522
381 12.228310558002955
382 7.343224889571891
383 8.550466652760198
384 7.234985516247881
385 7.232962583648902
386 7.232956636349724
387 7.2329566355083195
388 7.232956635508334
389 7.232956635508318
390 7.232956635508318
391 7.232956635508315
392 7.232956635508318
393 7.2329566355083195
394 7.232956635508317
395 7.232956635508317
396 7.232956635508318
397 7.232956635508319
398 7.232956635508318
399 7.232956635508317
400 7.232956635508315
401 12.461809739111704
402 9.221833555141462
403 18.733519484310214
404 12.228310558233566
405 7.343224890035411
406 8.550466659387121
407 7.234985516239174
408 7.23296258364884
409 7.232956636349724
410 7.232956635508317
411 7.2329566355083195
412 7.232956635508316
413 7.232956635508318
414 7.232956635508318
415 7.232956635508317
416 7.232956635508316
417 7.232956635508316
418 7.232956635508316
419 7.232956635508318
420 7.232956635508315
421 23.361199184475282
422 34.13950395050118
423 36.937580731678025
424 55.10030777469825
425 21.986256577085477
426 14.514851880829024
427 7.3326149427716025
428 7.235660785275506
429 7.232959643476374
430 7.232956635572557
431 7.232956635508316
432 7.2329566355083195
433 7.232956635517919
434 7.23295663550981
435 7.232956635508573
436 7.232956635508373
437 7.232956635508333
438 7.2329566355083195
439 7.232956635508326
440 7.232956635508321
441 7.232956635508321
442 7.2329566355083195
443 7.232956635508327
444 7.232956635508321
445 7.23295663550832
446 7.232956635508318
447 7.23295663550832
448 7.2329566355083195
449 7.232956635508312
450 7.232956635508315
451 7.232956635508312
452 7.2329566355083195
453 7.2329566355083195
454 7.2329566355083195
455 7.232956635508321
456 7.23295663550832
457 7.2329566355083195
458 7.232956635508321
459 7.23295663550832
460 7.232956635508322
461 7.232956635508321
462 7.2329566355083195
463 7.232956635508321
464 7.2329566355083195
465 7.23295663550832
466 7.232956635508321
467 7.232956635508319
468 7.232956635508316
469 7.232956635508317
470 7.23295663550832
471 7.23295663550832
472 7.232956635508318
473 7.232956635508321
474 7.232956635508318
475 7.232956635508316
476 7.232956635508316
477 7.232956635508317
478 7.232956635508316
479 7.232956635508316
480 7.232956635508312
481 7.232956635508312
482 7.232956635508312
483 7.232956635508312
484 7.232956635508312
485 7.232956635508312
486 7.232956635508312
487 7.232956635508312
488 7.232956635508312
489 7.232956635508312
490 7.232956635508312
491 7.232956635508312
492 7.232956635508312
493 7.232956635508312
494 7.232956635508312
495 7.232956635508312
496 7.232956635508312
497 7.232956635508312
498 7.232956635508312
499 7.232956635508312
500 7.232956635508312
evaluations raw_y
1 23.375
2 23.375
3 25.544712574713188
4 72.68771560462118
5 30.718571924853407
6 23.34050630885652
7 23.573159464609773
8 38.21559500668208
9 24.471304423599726
10 23.943140568789644
11 23.410932528878845
12 23.450744253256616
13 23.328154180945337
14 23.34303188334141
15 23.327341928153874
16 23.327318192021885
17 23.327316678424577
18 23.327316675102406
19 23.327316675097137
20 23.327316675097137
21 23.327316675097137
22 23.32731667509714
23 23.327316675097137
24 23.327316675097137
25 23.32731667509714
26 23.32731667509714
27 23.32731667509714
28 23.327316675097137
29 23.32731667509714
30 23.32731667509714
31 23.32731667509714
32 23.327316675097137
33 25.49702924981033
34 72.64003227971831
35 30.670888599950548
36 23.29282298395366
37 23.525476139706903
38 38.1679116817792
39 24.423621098696863
40 23.895457243886778
41 23.36324920397598
42 23.403060928353757
43 23.280470856042477
44 23.295348558438548
45 23.279658603251015
46 23.279634867119025
47 23.279633353521717
48 23.27963335019954
49 23.27963335019428
50 23.279633350194278
51 23.27963335019428
52 23.279633350194278
53 23.279633350194278
54 23.279633350194274
55 23.279633350194278
56 23.279633350194278
57 23.279633350194274
58 23.279633350194274
59 23.27963335019428
60 23.279633350194278
61 23.279633350194278
62 23.279633350194274
63 25.449345924907462
64 72.59234895481545
65 30.623205275047678
66 23.245139659050793
67 23.47779281480405
68 38.12022835687634
69 24.375937773794
70 23.84777391898391
71 23.315565879073116
72 23.355377603450894
73 23.23278753113961
74 23.24766523353569
75 23.231975278348152
76 23.231951542216166
77 23.23195002861885
78 23.23195002529668
79 23.23195002529141
80 23.23195002529141
81 23.231950025291415
82 23.231950025776914
83 23.231950025362256
84 23.23195002530175
85 23.231950025292925
86 23.23195002529163
87 23.231950025291447
88 23.231950025291418
89 23.23195002529141
90 23.231950025291418
91 23.23195002529141
92 23.23195002529141
93 23.231950025291415
94 23.231950025291418
95 23.23195002529141
96 23.231950025291415
97 23.23195002529141
98 23.231950025291415
99 23.231950025291415
100 23.23195002529141
101 23.23195002529141
102 25.401662600004602
103 72.54466562991259
104 30.57552195014482
105 23.19745633414793
106 23.430109489901184
107 38.07254503197348
108 24.328254448891137
109 23.800090594081052
110 23.267882554170257
111 23.30769427854803
112 23.18510420623675
113 23.199981908632825
114 23.184291953445292
115 23.1842682173133
116 23.184266703715988
117 23.184266700393817
118 23.184266700388555
119 23.18426670038855
120 23.18426670038856
121 23.18426670038855
122 23.18426670038855
123 23.184266700388555
124 23.18426670038855
125 23.18426670038855
126 23.18426670038855
127 23.18426670038855
128 23.18426670038855
129 23.18426670038855
130 23.18426670038855
131 23.184266700388548
132 23.18426670038855
133 23.184266700388548
134 25.35397927510174
135 72.49698230500972
136 30.527838625241955
137 23.149773009245074
138 23.382426164998307
139 38.02486170707062
140 24.280571123988274
141 23.752407269178192
142 23.22019922926739
143 23.260010953645168
144 23.137420881333885
145 23.152298583729966
146 23.136608628542426
147 23.136584892410436
148 23.13658337881313
149 23.13658337549095
150 23.13658337548569
151 23.13658337548569
152 23.13658337548569
153 23.136583375485692
154 23.136583375485692
155 23.136583375485685
156 23.136583375485692
157 23.13658337548569
158 23.136583375485692
159 23.136583375485692
160 23.136583375485692
161 23.13658337548569
162 12.606265566211954
163 23.136583375485685
164 12.606265566211954
165 42.8150145542174
166 29.74623582656363
167 107.97824720719856
168 21.52956925339508
169 58.52464514258088
170 7.72551114684842
171 7.6634440560949075
172 7.420889778834299
173 7.988369509092571
174 7.412307058186215
175 7.4115341031313795
176 7.411529672451943
177 7.411529643492633
178 7.411529643482642
179 7.411529643482642
180 7.411529643482642
181 7.411529643482643
182 7.411529643482643
183 7.411529643482646
184 7.411529643482643
185 7.411529643482643
186 7.411529643482643
187 7.4115296434826465
188 7.411529643482644
189 7.411529643482642
190 29.694498768856874
191 12.609169167160617
192 10.84777548775082
193 7.375838548447316
194 12.309174383202622
195 13.590714068298457
196 11.614777098253242
197 9.077147647358261
198 7.762120013457548
199 7.594046852420792
200 7.469925470631224
201 7.379824664080575
202 7.402331986366315
203 7.3669008864544105
204 7.366893212984769
205 7.366886423279185
206 7.366886391493779
207 7.3668863914890785
208 7.3668863914890625
209 7.366886391489064
210 7.366886391489064
211 7.366886391489064
212 7.3668863914890625
213 7.366886391489064
214 7.3668863914890625
215 7.366886391489062
216 7.366886391489064
217 7.3668863914890625
218 7.366886391489064
219 7.366886391489065
220 7.366886391489062
221 29.649855636074758
222 12.564525925418405
223 10.803132143806529
224 7.331195277468843
225 12.264531142032318
226 7.3311952775054845
227 9.032504524021649
228 7.549403695225194
229 7.335181436005339
230 7.322252772782928
231 7.32225345630259
232 7.322243139524298
233 7.3222431395014045
234 7.322243139495474
235 7.322243139495475
236 7.322243139495482
237 7.322243139495477
238 7.322243139495472
239 7.322243139495473
240 7.322243139495472
241 7.322243139495475
242 7.322243139495473
243 7.322243139495472
244 7.322243139495473
245 7.322243139495473
246 7.322243139495473
247 7.322243139495472
248 29.605212351355664
249 12.519882670610647
250 10.758488917054926
251 7.2865520306869245
252 12.219887887067616
253 13.501427792204193
254 11.525490155876968
255 8.98786123670964
256 7.672833427261284
257 7.50476041720801
258 7.380638931354867
259 7.2905381774457805
260 7.313045457109533
261 7.277614382525692
262 7.277606708993884
263 7.27759991929203
264 7.277599887506614
265 7.277599887501908
266 7.277599887501893
267 7.2775998875018955
268 7.277599887501896
269 7.277599887501896
270 7.277599887501895
271 7.277599887501894
272 7.2775998875018955
273 7.277599887501895
274 7.277599887501897
275 7.277599887501893
276 29.56056905546319
277 12.475239414842063
278 10.713845698921652
279 7.241908785684418
280 12.175244631088425
281 13.45678442453573
282 11.480847126402843
283 8.943217937338888
284 7.6281902169957565
285 7.460117130305635
286 7.335995697273529
287 7.2458949166444055
288 7.2684022179424135
289 7.232971130502447
290 7.232963457002192
291 7.232956667298445
292 7.232956635513034
293 7.232956635508331
294 7.232956635508318
295 7.232956635508318
296 7.232956635508316
297 7.232956635508322
298 7.232956635508319
299 7.232956635508319
300 7.2329566355083195
301 7.232956635508317
302 7.2329566355083195
303 7.232956635508318
304 7.232956635508316
305 23.361199186819924
306 34.13950394624082
307 36.93758072860512
308 55.1003077729195
309 21.98625658124278
310 14.51485187577584
311 7.33261494277914
312 7.235660785270041
313 7.232959643476427
314 7.232956635572556
315 7.232956635508321
316 7.232956635508321
317 7.232956635508318
318 7.232956635508323
319 7.232956635508323
320 7.232956635508319
321 7.232956635508321
322 7.2329566355083195
323 7.232956635508321
324 7.2329566355083195
325 7.23295663550832
326 7.2329566355083195
327 28.265286906315588
328 7.232956635508316
329 12.461809774475206
330 9.221833581118272
331 18.733519536745806
332 12.228310549847683
333 7.343224873180143
334 8.550466418407767
335 7.234985516555866
336 7.232962583651137
337 7.232956636349731
338 7.232956635508316
339 7.232956635508318
340 7.2329575039927505
341 7.2329567622618525
342 7.232956654006318
343 7.232956638208366
344 7.23295663590268
345 7.232956635566017
346 7.232956635516798
347 7.232956635509578
348 7.232956635508513
349 7.23295663550835
350 7.232956635508323
351 7.2329566355083195
352 7.2329566355083195
353 7.232956635508318
354 7.232956635508319
355 7.2329566355083195
356 7.232956635508318
357 7.232956635508318
358 7.232956635508316
359 7.2329566355083195
360 7.232956635508316
361 12.461809661353525
362 9.221833498022967
363 18.733519369013468
364 12.22831057667267
365 7.343224927097234
366 8.550467189259173
367 7.23498551554282
368 7.232962583643788
369 7.2329566363497095
370 7.232956635508318
371 7.232956635508317
372 7.232956635508318
373 7.232956635508316
374 7.232956635508317
375 7.232956635508315
376 7.232956635508317
377 7.232956635508315
378 12.461809740084199
379 9.22183355585582
380 18.7335194857522
381 12.228310558002955
382 7.343224889571891
383 8.550466652760198
384 7.234985516247881
385 7.232962583648902
386 7.232956636349724
387 7.2329566355083195
388 7.232956635508334
389 7.232956635508318
390 7.232956635508318
391 7.232956635508315
392 7.232956635508318
393 7.2329566355083195
394 7.232956635508317
395 7.232956635508317
396 7.232956635508318
397 7.232956635508319
398 7.232956635508318
399 7.232956635508317
400 7.232956635508315
401 12.461809739111704
402 9.221833555141462
403 18.733519484310214
404 12.228310558233566
405 7.343224890035411
406 8.550466659387121
407 7.234985516239174
408 7.23296258364884
409 7.232956636349724
410 7.232956635508317
411 7.2329566355083195
412 7.232956635508316
413 7.232956635508318
414 7.232956635508318
415 7.232956635508317
416 7.232956635508316
417 7.232956635508316
418 7.232956635508316
419 7.232956635508318
420 7.232956635508315
421 23.361199184475282
422 34.13950395050118
423 36.937580731678025
424 55.10030777469825
425 21.986256577085477
426 14.514851880829024
427 7.3326149427716025
428 7.235660785275506
429 7.232959643476374
430 7.232956635572557
431 7.232956635508316
432 7.2329566355083195
433 7.232956635517919
434 7.23295663550981
435 7.232956635508573
436 7.232956635508373
437 7.232956635508333
438 7.2329566355083195
439 7.232956635508326
440 7.232956635508321
441 7.232956635508321
442 7.2329566355083195
443 7.232956635508327
444 7.232956635508321
445 7.23295663550832
446 7.232956635508318
447 7.23295663550832
448 7.2329566355083195
449 7.232956635508312
450 7.232956635508315
451 7.232956635508312
452 7.2329566355083195
453 7.2329566355083195
454 7.2329566355083195
455 7.232956635508321
456 7.23295663550832
457 7.2329566355083195
458 7.232956635508321
459 7.23295663550832
460 7.232956635508322
461 7.232956635508321
462 7.2329566355083195
463 7.232956635508321
464 7.2329566355083195
465 7.23295663550832
466 7.232956635508321
467 7.232956635508319
468 7.232956635508316
469 7.232956635508317
470 7.23295663550832
471 7.23295663550832
472 7.232956635508318
473 7.232956635508321
474 7.232956635508318
475 7.232956635508316
476 7.232956635508316
477 7.232956635508317
478 7.232956635508316
479 7.232956635508316
480 7.232956635508312
481 7.232956635508312
482 7.232956635508312
483 7.232956635508312
484 7.232956635508312
485 7.232956635508312
486 7.232956635508312
487 7.232956635508312
488 7.232956635508312
489 7.232956635508312
490 7.232956635508312
491 7.232956635508312
492 7.232956635508312
493 7.232956635508312
494 7.232956635508312
495 7.232956635508312
496 7.232956635508312
497 7.232956635508312
498 7.232956635508312
499 7.232956635508312
500 7.232956635508312
