evaluations raw_y
1 -0.6848574812194039
2 -0.04244095634684408
3 -0.261925754907529
4 0.00024108837314231678
5 0.5844129212541234
6 0.9947981851734519
7 0.014184415427226526
8 -0.0547804876254418
9 0.3919404329128146
10 -0.21462931771162977
11 0.3481304557115587
12 0.36594736259964944
13 0.10457035758649731
14 -0.03267002772768075
15 0.3397451815106532
16 0.006242927244792431
17 -0.14847238944194133
18 -0.26208309052998047
19 -0.030000442919049377
20 0.18141550458605765
21 -0.011965553710175695
22 0.08835854216928729
23 -0.65105196701484
24 -0.7130760125906925
25 0.1898779045762362
26 -0.2373050510575971
27 -0.10546856138568869
28 0.35088454377758027
29 -0.15474466129866274
30 0.002651214492769382
31 -1.8090219506564337e-07
32 -1.8090219506564337e-07
33 -1.8090219506564337e-07
34 0.1683260741603571
35 -1.8090219506564337e-07
36 -1.8090219506564337e-07
37 -1.8090219506564337e-07
38 -1.8090219506564337e-07
39 -1.8090219506564337e-07
40 -1.8090219506564337e-07
41 -1.8090219506564337e-07
42 -1.8090219506564337e-07
43 -1.8090219506564337e-07
44 -1.8090219506564337e-07
45 -1.8090219506564337e-07
46 -1.8090219506564337e-07
47 -1.8090219506564337e-07
48 -1.8090219506564337e-07
49 -1.8090219506564337e-07
50 -1.8090219506564337e-07
51 -1.8090219506564337e-07
52 -1.8090219506564337e-07
53 -1.8090219506564337e-07
54 -1.8090219506564337e-07
55 -1.8090219506564337e-07
56 -1.8090219506564337e-07
57 -1.8090219506564337e-07
58 -1.8090219506564337e-07
59 -1.8090219506564337e-07
60 -1.8090219506564337e-07
61 0.23123802400300006
62 -1.8090219501209908e-07
63 0.1972505932181609
64 -1.8090219506564337e-07
65 -1.8090219506564337e-07
66 -1.8090219506564337e-07
67 -1.8090219506564337e-07
68 0.0005882238051719997
69 -1.8090219506564337e-07
70 -0.1561088602399048
71 0.34197587519065314
72 -1.8090219506564337e-07
73 -1.8090219506564337e-07
74 -1.8090219506564337e-07
75 -1.8090219506564337e-07
76 -1.8090219506564337e-07
77 -1.8090219506564337e-07
78 -7.392959490527252e-08
79 -1.8090219506564337e-07
80 -1.8090219506564337e-07
81 -1.8090219506564337e-07
82 -1.8090219506564337e-07
83 -1.8090219506564337e-07
84 -1.8090219506564337e-07
85 -1.8090219506564337e-07
86 -1.8090219506564337e-07
87 -1.8090219506564337e-07
88 -1.8090219506564337e-07
89 -1.8090219506564337e-07
90 -1.8090219506564337e-07
91 0.20374810902883905
92 2.5014011703967605e-06
93 -1.6706295826700577e-07
94 -1.8090219506564337e-07
95 -1.8090219506564337e-07
96 0.04376773956669143
97 -0.02201558251499952
98 -1.8090219506564337e-07
99 -1.8090219506564337e-07
100 4.933806104582064e-05
101 -1.8090219506564337e-07
102 -1.8090219506564337e-07
103 -1.8090219506564337e-07
104 -1.8090219506564337e-07
105 -1.8090219506564337e-07
106 0.0019505397658816305
107 -1.8090219506564337e-07
108 -1.8090219506564337e-07
109 0.00043556454376769775
110 0.31124776041094726
111 -3.67353268952185e-05
112 -1.8090219506564337e-07
113 -7.610127957729829e-07
114 -1.8090219506564337e-07
115 -1.8090219506564337e-07
116 -1.8090219506564337e-07
117 -1.8090219506564337e-07
118 -1.7403376966595755e-05
119 -1.8090219506564337e-07
120 -1.8090219506564337e-07
121 -1.8090219506564337e-07
122 -1.8081891707012084e-07
123 -1.8090219506564337e-07
124 0.021692642574063475
125 -1.8090219506564337e-07
126 -1.8090219506564337e-07
127 -1.8090219506564337e-07
128 -1.8090219506564337e-07
129 -1.8090219506564337e-07
130 -1.8085521537009884e-07
131 -1.8090219506564337e-07
132 -1.8090219506564337e-07
133 0.04502543815450969
134 2.0481997928988974e-06
135 0.00015563432220753093
136 -1.8090219506564337e-07
137 -0.002720510868694068
138 0.42491796895936895
139 -1.8090219506564337e-07
140 -1.809065503892724e-07
141 -1.8090219506564337e-07
142 -1.8090219506564337e-07
143 -1.8090219506564337e-07
144 -1.8090219506564337e-07
145 0.003040098893274846
146 -1.8090219506564337e-07
147 0.10903083391681488
148 -1.8090219506564337e-07
149 -1.8090219506564337e-07
150 -1.8090219506564337e-07
151 -1.8090219506564337e-07
152 -1.8090219506564337e-07
153 -1.8090219506564337e-07
154 0.0029801910780417637
155 -0.644385787975888
156 0.06061123798191512
157 0.013257926132940814
158 -1.8090219506564337e-07
159 -1.8090219506564337e-07
160 -1.8090219506564337e-07
161 -1.8090219506564337e-07
162 0.16191014552680036
163 -1.8090219506564337e-07
164 -1.7135000271171103e-07
165 -1.8090219506564337e-07
166 -1.7731061360762252e-07
167 -0.010765828652626937
168 -1.8090219506564337e-07
169 -1.8090219506564337e-07
170 -1.8090219506564337e-07
171 -0.30638043546791166
172 -1.8090219506564337e-07
173 -1.8090219506564337e-07
174 -1.8090215663447868e-07
175 -1.8090219506564337e-07
176 -1.8090219506564337e-07
177 -1.8090219506564337e-07
178 -1.8090219506564337e-07
179 -1.8090219506564337e-07
180 -1.8090219506564337e-07
181 6.191939662722214e-05
182 -1.8090219506564337e-07
183 0.06531106027106406
184 -1.8090219412536257e-07
185 -0.04759742305104253
186 -0.3573589207670426
187 -0.18885938168547847
188 0.05241027818049777
189 0.0001068228143456064
190 -1.8090219506564337e-07
191 -1.8090219506564337e-07
192 -1.8090219506564337e-07
193 0.003599561453218379
194 -1.8090219506564337e-07
195 -1.8090219506564337e-07
196 -1.8090219506564337e-07
197 -1.8090219506564337e-07
198 0.032238694578253166
199 -1.8090219506564337e-07
200 -1.8090219506564337e-07
201 0.02366282740748056
202 -0.008166061467430397
203 -1.8090219506564337e-07
204 0.25578043407261736
205 0.00855301451986622
206 0.13102120815286067
207 -1.8090219506564337e-07
208 -1.8090219506564337e-07
209 -1.8090219506564337e-07
210 -1.8090219506564337e-07
211 -1.8090219506564337e-07
212 -1.809017812906392e-07
213 0.3787520525983191
214 -1.8090219506564337e-07
215 0.010245831463197873
216 1.8894209047912152e-07
217 -1.8090219506564337e-07
218 -1.8090219506564337e-07
219 -1.8090219506564337e-07
220 -1.8090219506564337e-07
221 -1.8090219506564337e-07
222 -6.757882011447254e-07
223 -1.8090219506564337e-07
224 -1.8090219506564337e-07
225 -2.5985591323249043e-05
226 -1.8090200431286745e-07
227 0.0028504285888781597
228 0.00010777627512978018
229 0.31811637921186525
230 -1.8090219506564337e-07
231 0.0009376294953329096
232 -1.8090219506564337e-07
233 -1.8090219506564337e-07
234 -1.8090219506564337e-07
235 -1.8090219506564337e-07
236 -1.8090219506564337e-07
237 -1.8090219506564337e-07
238 -1.8090219506564337e-07
239 -0.04508764093182411
240 -1.8090219506564337e-07
241 -1.8090219506564337e-07
242 -0.00814823340764597
243 -1.8090219506564337e-07
244 -1.8090209013895284e-07
245 0.006920138685555285
246 -0.03907437337278505
247 -1.8090219506564337e-07
248 -1.8090219506564337e-07
249 -0.000552932434084613
250 -0.011461294874193307
251 -1.8088395136300947e-07
252 1.7843978129822087e-06
253 -1.8090219506564337e-07
254 -0.014513991969784585
255 -4.687001466508325e-05
256 0.003197317166120741
257 2.6482727857538328e-05
258 1.9660350197123937e-06
259 0.16759420492929836
260 -1.8090219506564337e-07
261 -0.23966425323240398
262 -1.8090199958990247e-07
263 2.9877880636765904e-05
264 -1.8090219506564337e-07
265 -1.8090219506564337e-07
266 -1.8090219506564337e-07
267 -1.8090219506564337e-07
268 -1.8090219506564337e-07
269 -0.008971918054501114
270 -1.8090219506564337e-07
271 -1.8090219506564337e-07
272 2.8240421337397433e-05
273 -0.0011694784836927615
274 -0.014677934512739037
275 -1.8090219506564337e-07
276 -0.21001520985588315
277 -1.8090219506564337e-07
278 -1.8090219506564337e-07
279 0.00011936314936203296
280 -8.240102781008499e-07
281 -0.00044102927745608806
282 -1.807048656768194e-07
283 -1.8090219506564337e-07
284 -1.8090219506564337e-07
285 -1.8090219506564337e-07
286 -1.7749537782141097e-07
287 -1.807785838479056e-07
288 -1.7644645218687825e-07
289 -1.8100076909546713e-07
290 -1.8090219506564337e-07
291 -1.8090219506564337e-07
292 0.11650931651377203
293 -2.533357959540969e-05
294 -0.01536213881201088
295 -1.8090219506564337e-07
296 -1.8090219506564337e-07
297 -1.8090219506564337e-07
298 -1.8090219506564337e-07
299 -1.8090219506564337e-07
300 -0.0002501183680389653
301 -1.8090219506564337e-07
302 -1.8090219506564337e-07
303 0.40317980500122647
304 -1.8090219506564337e-07
305 -1.8090219506564337e-07
306 5.697551599520499e-07
307 0.19799482193424506
308 0.07324440004533096
309 0.18483941083095862
310 0.004485079733703996
311 -1.8090205049232957e-07
312 -0.17115266222031256
313 0.3554510921365993
314 0.17148174538495953
315 -1.8090219506564337e-07
316 -0.4087479181674543
317 -1.8090219506564337e-07
318 -1.8090219506564337e-07
319 -0.0003306535143703824
320 0.001304542750099515
321 -1.8090219506564337e-07
322 0.10683857618331265
323 1.1414314195666559e-05
324 -1.8090219506564337e-07
325 -1.8090219506564337e-07
326 -1.8090219506564337e-07
327 -1.8090219506564337e-07
328 0.017913117234644598
329 -1.8090219506564337e-07
330 -1.8090219506564337e-07
331 -1.8090219506564337e-07
332 -0.015030922620950488
333 -1.8090219506564337e-07
334 -1.8090219506564337e-07
335 -1.8090219506564337e-07
336 -1.8090219506564337e-07
337 0.04549618478069727
338 -1.8090219506564337e-07
339 -1.8090219506564337e-07
340 -1.8090219506564337e-07
341 -1.8090219506564337e-07
342 -1.8090219506564337e-07
343 -1.8090219506564337e-07
344 -1.8090219506564337e-07
345 0.16414128066411682
346 3.191908738292873e-05
347 -1.8090219506564337e-07
348 -1.8090219506564337e-07
349 -1.8090219506564337e-07
350 -1.8078562728950415e-07
351 -1.8090219506564337e-07
352 -1.8085804643950795e-07
353 0.049386021125591345
354 0.5436705480271339
355 -1.8090219506564337e-07
356 -0.0005587898538023552
357 -1.8090219506564337e-07
358 -0.0004626976511108189
359 -1.8090219506564337e-07
360 -1.8090219506564337e-07
361 -1.8090219506564337e-07
362 -1.8090219506564337e-07
363 0.0038567511078654473
364 -2.655651208663977e-07
365 -1.8090219506564337e-07
366 0.2102284272130464
367 -1.8084670299951882e-07
368 0.21075931821462146
369 8.66366741813058e-07
370 0.004133032317181394
371 -2.7267566159865343e-06
372 -0.3830398740740671
373 -1.8090219506564337e-07
374 -0.20326734952498493
375 0.013241099748900868
376 -1.8090219506564337e-07
377 -1.8090219506564337e-07
378 -1.8090219506564337e-07
379 -0.19505251446940944
380 -1.8090219506564337e-07
381 -1.8090202783883092e-07
382 -0.038330992779959105
383 -1.8090219506564337e-07
384 1.7855782247323216e-05
385 -1.0586684951693182e-06
386 -1.8090219506564337e-07
387 -0.0005191907718518788
388 -1.8090219506564337e-07
389 -2.8785784419885157e-07
390 3.191398900407024e-05
391 -4.606043775262396e-06
392 -0.46930306005470973
393 0.21587666983489148
394 -4.811853003802839e-08
395 -0.0030220835427523358
396 2.6110181304897316e-05
397 0.004018630895443154
398 0.40508886124307775
399 -1.8090219506564337e-07
400 -1.6938769606234847e-07
401 -1.8090219506564337e-07
402 0.0046426469515812195
403 -1.8090219506564337e-07
404 -1.8090219506564337e-07
405 0.004707953216996603
406 -1.8090219506564337e-07
407 -1.811283330525654e-07
408 8.200231761160889e-06
409 0.05836116992039677
410 -1.8090219506564337e-07
411 -0.14374262732335724
412 -1.8090219506564337e-07
413 -1.134921394970159e-05
414 -2.5519788976463583e-07
415 0.19810647746176474
416 -1.8090219506564337e-07
417 -1.8090219506564337e-07
418 -1.8090219506564337e-07
419 0.017813997670587185
420 -1.8090219506564337e-07
421 -0.6328001931286934
422 -0.09994281970139658
423 -1.7041149806506418e-07
424 -1.8090219506564337e-07
425 0.004676179306783195
426 0.0047231894218995405
427 0.17529580065023675
428 -0.1929115857971518
429 -1.8090219506564337e-07
430 0.00020531998778898657
431 -1.8090219506564337e-07
432 -1.8090219506564337e-07
433 0.006866879402616926
434 -0.009569603976821616
435 -0.32823965999408866
436 -1.8090219506564337e-07
437 1.6007923791120295e-05
438 -1.8090219506564337e-07
439 0.007410482021272166
440 -1.8090219506564337e-07
441 -0.023077160216803276
442 -1.8090219506564337e-07
443 -1.8090219506564337e-07
444 2.9247274665317068e-06
445 -1.8090219506564337e-07
446 0.33616393537652395
447 -1.8090201929787632e-07
448 -1.8090219506564337e-07
449 -1.8090219506564337e-07
450 -1.8090219506564337e-07
451 -1.2335472222415074e-06
452 0.0012635547723088014
453 -0.12735248573048805
454 -2.7889274464054456e-07
455 -1.8090219506564337e-07
456 -1.8090219506564337e-07
457 1.11727014292674e-05
458 -1.8090219506564337e-07
459 -0.000603538368191973
460 -1.608485195253199e-07
461 -1.8090219506564337e-07
462 -0.053272267897179516
463 -1.8090219506564337e-07
464 -1.8090219506564337e-07
465 -1.8090219506564337e-07
466 -1.8090219506564337e-07
467 2.1835821684682192e-05
468 -1.8090219506564337e-07
469 0.20652035469464466
470 0.454643132722964
471 0.09747531832119102
472 0.07745957170638983
473 0.105070013651561
474 -1.8090219506564337e-07
475 -1.8090219506564337e-07
476 -1.8090219506564337e-07
477 -1.8090219506564337e-07
478 0.55875799809573
479 -1.8090219506564337e-07
480 -5.30547252849953e-07
481 0.07120703586916599
482 -1.8090219506564337e-07
483 0.16769740024086724
484 -1.8090219506564337e-07
485 -0.03444746592659484
486 -4.91387842494229e-05
487 -8.791720732322747e-06
488 2.4430547164480847e-05
489 -1.8090219506564337e-07
490 -1.2511779464675904e-07
491 -1.8090219506564337e-07
492 -0.029911235851452913
493 -1.8090219506564337e-07
494 -1.8090219506564337e-07
495 -1.8090219506564337e-07
496 -1.8090219506564337e-07
497 -0.5222259277458959
498 0.0007600244893053299
499 -0.00010174535022325066
500 -6.804075626522251e-07
501 -1.8090219506564337e-07
502 -1.8090219506564337e-07
503 -1.8090219506564337e-07
504 -1.8104601459541484e-07
505 -1.8092729443007979e-07
506 -1.8090219506564337e-07
507 -1.8090219506564337e-07
508 -1.8090219506564337e-07
509 -1.8090219506564337e-07
510 5.765162310413752e-06
evaluations raw_y
1 0.43092828644838854
2 0.1631237963175111
3 0.4351960260143663
4 0.14226725625944858
5 -0.02984108723435797
6 0.0002491220465418721
7 0.43187165378797043
8 -0.0017160367837623352
9 -0.009257451780040485
10 -0.6606702877002395
11 0.14035537672968196
12 0.12360820863182569
13 0.08300639040220492
14 0.7433218051688114
15 0.2561791812446514
16 0.16727178716180188
17 0.09316151566972017
18 -0.21632464091594505
19 0.6053028257531547
20 -0.7876652922063736
21 0.018175651764050352
22 -0.12606880408060214
23 0.006084936002026412
24 0.0018415729424908723
25 -0.00015430298434130957
26 -0.11329232685474941
27 0.2733706802409377
28 -0.0435171689070836
29 -0.5302606363449534
30 -0.47381461615941817
31 -1.8090219506564337e-07
32 -1.8090219506564337e-07
33 -1.8090219506564337e-07
34 -1.8090219506564337e-07
35 -1.8090219506564337e-07
36 -1.8090219506564337e-07
37 -1.8090219506564337e-07
38 -1.8090219506564337e-07
39 -1.8090219506564337e-07
40 -1.8090219506564337e-07
41 -1.8090219506564337e-07
42 -1.8090219506564337e-07
43 -1.8090219506564337e-07
44 -1.8090219506564337e-07
45 -1.8090219506564337e-07
46 -1.8090219506564337e-07
47 -1.8090219506564337e-07
48 -1.8090219506564337e-07
49 0.02329701047139017
50 -1.8090219506564337e-07
51 -1.8090219506564337e-07
52 -1.8090219506564337e-07
53 -1.8090219506564337e-07
54 -1.8090219506564337e-07
55 -1.8090219506564337e-07
56 -1.8090219506564337e-07
57 -1.8090219506564337e-07
58 -1.8090219506564337e-07
59 -1.8090219506564337e-07
60 -1.8090219506564337e-07
61 -1.8090219506564337e-07
62 -1.8090219506564337e-07
63 0.4254510320470491
64 0.02141419808191439
65 -1.8090219506564337e-07
66 -1.8090219506564337e-07
67 -1.8090219506564337e-07
68 -1.8090219506564337e-07
69 -0.03622420085496461
70 -1.8090219506564337e-07
71 -1.8090219506564337e-07
72 -1.8090219506564337e-07
73 0.11591961158127725
74 -1.8090219506564337e-07
75 -1.8090219506564337e-07
76 -1.8090219506564337e-07
77 -2.1494895914232384e-05
78 -1.8090219506564337e-07
79 -1.8090219506564337e-07
80 -1.8090219506564337e-07
81 -1.8090219506564337e-07
82 -1.6350376838787158e-06
83 -1.8090219506564337e-07
84 -1.8090219506564337e-07
85 -0.0003266751508657153
86 -1.8090219506564337e-07
87 -1.8090219506564337e-07
88 -1.8090219506564337e-07
89 -1.8090219506564337e-07
90 -1.8090219506564337e-07
91 -1.8090219506564337e-07
92 -1.8090219506564337e-07
93 0.003804922515926203
94 -1.8090219506564337e-07
95 -1.8090219506564337e-07
96 -0.14391068458290002
97 0.05153980040050099
98 -1.8090219506564337e-07
99 0.08259872676472577
100 0.0034329310883035547
101 -0.00013470459942098505
102 4.931543685654909e-06
103 -1.8090219506564337e-07
104 0.6079046959140134
105 -1.8090219506564337e-07
106 0.08334404213346695
107 -0.00026893537420993527
108 -1.8090219506564337e-07
109 -1.8090219506564337e-07
110 -1.8090219506564337e-07
111 -0.01962367383052361
112 -0.01644154293117333
113 -1.8090219506564337e-07
114 -1.8090219506564337e-07
115 -0.0005849888246326156
116 -1.8090219506564337e-07
117 -0.0004602715219622516
118 -1.8090219506564337e-07
119 -1.8090219506564337e-07
120 7.415687467432538e-07
121 -1.8090219299625222e-07
122 -1.8090219506564337e-07
123 0.025849252001154885
124 -1.8090219506564337e-07
125 -1.8090219506564337e-07
126 -1.8090219506564337e-07
127 5.459868752009563e-05
128 0.42190875683655943
129 -1.8090219506564337e-07
130 -1.8090219506564337e-07
131 0.15680072276931992
132 -1.8090219506564337e-07
133 0.1521769326397342
134 0.021016637223730168
135 7.27743783016757e-05
136 -0.010378783852293516
137 -0.00010357648804809164
138 0.1977051036463681
139 -1.8090207897814788e-07
140 -1.8090219506564337e-07
141 2.9448063973941853e-05
142 0.005347038190545851
143 0.002990290193176733
144 5.607089383396194e-06
145 -4.8099380803823954e-05
146 -1.8090219506564337e-07
147 -1.8090219506564337e-07
148 -1.8090219506564337e-07
149 -1.8090219506564337e-07
150 0.09147534186617323
151 -7.187836804359395e-07
152 0.17541761123258268
153 -1.8090219506564337e-07
154 -1.8090219506564337e-07
155 -1.8090219506564337e-07
156 -1.8090219506564337e-07
157 0.006581330649872695
158 -1.8090219506564337e-07
159 -1.8090219506564337e-07
160 -1.8090219506564337e-07
161 -4.994184893974702e-07
162 0.002427061496471392
163 0.10551696183313614
164 0.002851012618624691
165 0.0024839443568201473
166 -1.8090219506564337e-07
167 -1.7758430253471207e-07
168 -0.011934367814532915
169 0.19451520714072976
170 -1.8090219506564337e-07
171 1.2131510137121728e-05
172 0.006289028879105059
173 2.3528760950535372e-08
174 -1.8090219506564337e-07
175 -1.7254429835782755e-06
176 -1.8090219506564337e-07
177 0.00011668342144727376
178 -1.8090219506564337e-07
179 -1.8090219506564337e-07
180 -1.8090219506564337e-07
181 0.4877211417913116
182 -1.4532563973398203e-07
183 0.0024388136419644215
184 -1.8090219506564337e-07
185 0.14950129196146886
186 -1.8090219506564337e-07
187 0.01140762699476696
188 -1.8090219506564337e-07
189 -1.8090219506564337e-07
190 -1.8090219506564337e-07
191 -1.8090219506564337e-07
192 -0.5326407900175131
193 -1.1790607532798904e-07
194 7.359815846873463e-08
195 0.16751109350065763
196 -1.8090219506564337e-07
197 0.03799207851892227
198 -0.00037640505821991745
199 -1.8071015315434278e-07
200 -1.8090219506564337e-07
201 -1.8090219506564337e-07
202 -2.3142389525041982e-07
203 -1.8090219506564337e-07
204 0.0037704459127735927
205 -1.8090206523931827e-07
206 0.13437941136795464
207 -1.8090219506564337e-07
208 -1.8090219506564337e-07
209 -1.8090219506564337e-07
210 -1.8090219506564337e-07
211 -0.01377791222156654
212 4.2684339745083897e-07
213 5.7269149174051595e-06
214 -1.8090219506564337e-07
215 0.0023857663640424825
216 0.15655023549766708
217 -1.8090219718452905e-07
218 -1.978340942188424e-07
219 -0.021719938736763117
220 -1.809021972572115e-07
221 -0.4541669120908955
222 -0.6835720656776565
223 -1.8090198554766716e-07
224 0.1866422416328085
225 -1.809020841032881e-07
226 -1.8090219506564337e-07
227 0.011875227036800093
228 4.6523530099953245e-06
229 -1.8090219506564337e-07
230 -1.8090219506564337e-07
231 -0.0010690107031593216
232 -1.8090219506564337e-07
233 -1.717186562572762e-07
234 -1.8090219506564337e-07
235 -1.809011114861042e-07
236 -1.8090219506564337e-07
237 -1.8090219506564337e-07
238 -1.8090219506564337e-07
239 -1.8090219506564337e-07
240 -0.24466254268800705
241 0.08933977535636335
242 -1.6310359594593822e-07
243 0.11590995464396586
244 -1.8090219506564337e-07
245 -1.8090219506564337e-07
246 0.00022334893890423884
247 -1.8090213495021156e-07
248 -1.8090219506564337e-07
249 -1.8090219506564337e-07
250 -3.2358302726272666e-08
251 0.04053113138510228
252 -1.8090219506564337e-07
253 -1.8090191968554888e-07
254 -1.8090171329904538e-07
255 -1.7828435924004277e-07
256 0.1263379174798545
257 5.260848565432265e-05
258 -1.8090219506564337e-07
259 -1.8090219506564337e-07
260 -1.8090219506564337e-07
261 -1.8090219506564337e-07
262 -1.8090219506564337e-07
263 -1.8090219506564337e-07
264 -0.45021530435513957
265 -1.4086314710517588e-05
266 -1.8090219506564337e-07
267 -1.8090219506564337e-07
268 -1.8090219506564337e-07
269 -1.8090219506564337e-07
270 -1.8090219506564337e-07
271 -0.06803209366264626
272 -1.8090219506564337e-07
273 0.0005161737897742061
274 -1.8090219506564337e-07
275 2.1848990894680722e-05
276 -1.8090219506564337e-07
277 -1.809017293983047e-07
278 0.0006289256865643415
279 0.004641357623790386
280 0.15078847562213074
281 0.19609249517587318
282 -1.8090219506564337e-07
283 -1.809007009535942e-07
284 -1.8090162577427293e-07
285 -1.8090062987369221e-07
286 0.0036691898694000994
287 -0.32993660543959447
288 0.0017611479614912924
289 -1.8090219506564337e-07
290 -1.8090219506564337e-07
291 -1.8090219506564337e-07
292 -0.0014967409057955754
293 -1.8090218576602716e-07
294 -1.8090219506564337e-07
295 -1.8090219506564337e-07
296 -1.8090219506564337e-07
297 -1.8090219506564337e-07
298 -1.8090219506564337e-07
299 -1.8090219506564337e-07
300 -1.8090219506564337e-07
301 -0.39881044879965666
302 -0.20072653401585452
303 -1.7942415889923603e-07
304 -1.8090219506564337e-07
305 -0.04936594459467008
306 -1.8090219506564337e-07
307 0.18816327453660436
308 3.0591329033706685e-07
309 0.002493264719990038
310 0.03179308393226876
311 0.03159632127449379
312 3.6120979126303557e-09
313 -1.9586490098221382e-07
314 -1.8090114880208413e-07
315 -1.809024562249734e-07
316 -1.8090219506564337e-07
317 -1.8090155641196587e-07
318 -0.042835260971526505
319 0.08114177045269026
320 -1.8090219506564337e-07
321 -1.8090219506564337e-07
322 -1.8090219506564337e-07
323 -1.8090187014320462e-07
324 -1.7813287759035835e-07
325 -1.8090219506564337e-07
326 -1.8090219506564337e-07
327 -1.8090219506564337e-07
328 -1.8090219506564337e-07
329 -1.8090219506564337e-07
330 -1.8090219506564337e-07
331 -1.8090219506564337e-07
332 0.1912158334941554
333 -1.8090219506564337e-07
334 -1.8090219506564337e-07
335 0.04067962107349688
336 -1.8090219506564337e-07
337 -1.8090180400940137e-07
338 -1.8090219506564337e-07
339 -1.8090219506564337e-07
340 -1.8090165297004698e-07
341 -1.8089550937129263e-07
342 0.18707951250792473
343 -1.809008401717283e-07
344 6.14995710514921e-07
345 -1.809008444501885e-07
346 -1.8084188176488445e-07
347 0.00011320053436530138
348 2.8819430080901454e-05
349 0.0022284623389885144
350 -1.8090219506564337e-07
351 -1.8090219506564337e-07
352 -1.8090219506564337e-07
353 -1.8090185701779637e-07
354 -0.005026032820660402
355 -0.19137623060787584
356 -1.809021928149612e-07
357 -1.8090219506564337e-07
358 -1.8090219506564337e-07
359 -1.8090219506564337e-07
360 -1.8090219506564337e-07
361 -1.8090219506564337e-07
362 0.04092950748174669
363 -0.10216156812058944
364 -1.8090219506564337e-07
365 -1.8090219506564337e-07
366 -1.8090219506564337e-07
367 -1.8090058188552467e-07
368 -1.8090219506564337e-07
369 0.04779544112220813
370 -1.809011207732805e-07
371 -0.5649736326521102
372 1.0885576017258602e-05
373 -1.8090396117842009e-07
374 8.40410389146217e-05
375 -1.8090467266791718e-07
376 0.0026633692366361556
377 -1.8090209030024673e-07
378 -1.608240714474462e-07
379 -1.8090219506564337e-07
380 -1.8090219506564337e-07
381 -1.8090219506564337e-07
382 -1.8090219506564337e-07
383 -1.8090219506564337e-07
384 -1.8090219506564337e-07
385 -1.8090219506564337e-07
386 -1.8090219506564337e-07
387 -1.8090219506564337e-07
388 -1.8090219506564337e-07
389 -1.8090219506564337e-07
390 -1.8090219506564337e-07
391 -1.8090219506564337e-07
392 -1.809021688775369e-07
393 -1.8090219506564337e-07
394 -1.8090219506564337e-07
395 0.16345948964211343
396 0.3297850810281129
397 -1.8090229196580357e-07
398 -1.8090219506564337e-07
399 -0.33670472921134853
400 -1.809011391257925e-07
401 -1.8076240402585398e-07
402 -1.8089645699470557e-07
403 -1.8090131319063454e-07
404 0.008961305662571145
405 -1.809054408517753e-07
406 -1.809011381168739e-07
407 -1.4287811697547818e-07
408 0.00016156103903659945
409 -1.8090219506564337e-07
410 -1.8090219506564337e-07
411 -1.8090219506564337e-07
412 -1.8090219506564337e-07
413 -1.8090219506564337e-07
414 -1.8090219506564337e-07
415 -1.809021819335416e-07
416 0.5318896511637881
417 0.1849279783515318
418 -1.8090219506564337e-07
419 -1.8090219506564337e-07
420 -1.8090219506564337e-07
421 -1.8090219506564337e-07
422 -1.8090219506564337e-07
423 -1.8090219506564337e-07
424 2.371539564893317e-05
425 -1.809021673931695e-07
426 -1.8090219506564337e-07
427 -0.4452298878883214
428 -1.8090219506564337e-07
429 -1.809021968013075e-07
430 0.16915497170238064
431 0.03536224697492376
432 0.09438816068849318
433 0.2138107896350678
434 -1.8069182625890895e-07
435 -0.11366765404162871
436 8.665624008291576e-07
437 -1.8090219506564337e-07
438 0.01071706662753372
439 -1.8091549631823272e-07
440 -1.8090219506564337e-07
441 -1.8090219506564337e-07
442 -1.8090219506564337e-07
443 -1.8090219506564337e-07
444 0.013641620592721207
445 -1.8090207809725996e-07
446 -1.8090219506564337e-07
447 -1.8090219506564337e-07
448 -6.06028071082936e-06
449 0.07133475813409691
450 -1.8090219506564337e-07
451 0.0023856477493820146
452 0.004104626106715856
453 0.09516961364931584
454 0.05236989837084068
455 0.02686744632429557
456 0.17567497260078807
457 -1.8090204006533096e-07
458 -0.22732576014590755
459 -1.8090216879978313e-07
460 -1.809017540570889e-07
461 5.295297690683228e-06
462 0.03742233447351055
463 -1.8090179518376323e-07
464 -1.8090169549185808e-07
465 9.238392412263318e-06
466 -1.8090210590149428e-07
467 1.3261771514826623e-05
468 0.02958694638236084
469 0.1203464501774174
470 -1.8090219506564337e-07
471 -1.8090219506564337e-07
472 -1.8090219506564337e-07
473 -1.8090219506564337e-07
474 -1.8090219506564337e-07
475 1.3060898656104852e-05
476 0.00028110426582440726
477 -1.8090219506564337e-07
478 -1.8090219506564337e-07
479 -1.8090219506564337e-07
480 -1.8090219506564337e-07
481 -1.8090219506564337e-07
482 -1.8090219506564337e-07
483 -0.00789844309378048
484 0.00021878878641288802
485 -1.809021901797436e-07
486 0.00362363748583153
487 0.026211538135709773
488 0.07362705056441678
489 0.12116299983326552
490 -1.8090183437675837e-07
491 -1.8090219506564337e-07
492 -1.8090219506564337e-07
493 0.012561807829130514
494 -1.8090219506564337e-07
495 -1.8090219506564337e-07
496 -1.8090219506564337e-07
497 -1.8090219506564337e-07
498 -1.8090219506564337e-07
499 -1.8090219506564337e-07
500 0.10763206315271152
501 -1.8090219506564337e-07
502 0.5634503267749926
503 -1.8090219506564337e-07
504 -1.801136201153688e-07
505 -1.8090219506564337e-07
506 -1.8090219506564337e-07
507 -1.8090219506564337e-07
508 -1.8090219506564337e-07
509 -1.8090219506564337e-07
510 -1.8090219506564337e-07
evaluations raw_y
1 0.05108661276315146
2 0.11006990062875197
3 0.1345576617312871
4 0.04651676727045967
5 -0.3678982971685105
6 0.24947549231880292
7 0.5982270055093352
8 -0.8220096661138983
9 -0.3255700240082224
10 0.7280753123586017
11 0.1837082971677238
12 0.00024272445577751937
13 0.09080505961612498
14 -0.18091651053068608
15 0.23643632451741556
16 0.143315216564461
17 0.6833180223597777
18 0.6952937333444558
19 -0.0498266834158422
20 0.5386711592281682
21 0.004296940618600888
22 -0.2565674092199991
23 -0.4080579874734975
24 0.35248830400606324
25 -0.6329232565735154
26 0.1799475296146751
27 0.3338745267355369
28 -0.6678359187449195
29 0.0890647001043945
30 -0.017041583162882838
31 -1.8090219506564337e-07
32 -1.8090219506564337e-07
33 -1.8090219506564337e-07
34 -1.8090219506564337e-07
35 -1.8090219506564337e-07
36 -1.8090219506564337e-07
37 -1.8090219506564337e-07
38 -1.8090219506564337e-07
39 -1.8090219506564337e-07
40 -1.8090219506564337e-07
41 -1.8090219506564337e-07
42 -1.8090219506564337e-07
43 -1.8090219506564337e-07
44 -1.8090219506564337e-07
45 -1.8090219506564337e-07
46 -1.8090219506564337e-07
47 -1.8090219506564337e-07
48 -1.8090219506564337e-07
49 -1.8090219506564337e-07
50 -1.8090219506564337e-07
51 -1.8090219506564337e-07
52 -1.8090219506564337e-07
53 -1.8090219506564337e-07
54 -1.8090219506564337e-07
55 -1.8090219506564337e-07
56 -1.8090219506564337e-07
57 -1.8090219506564337e-07
58 -1.8090219506564337e-07
59 -1.8090219506564337e-07
60 -2.469560889696004e-07
61 -1.80929520142487e-07
62 -1.8090219506564337e-07
63 -1.8090219506564337e-07
64 -1.8090219506564337e-07
65 -1.8090219506564337e-07
66 -1.8090219506564337e-07
67 -1.8090219506564337e-07
68 -1.8090219506564337e-07
69 -1.8090219506564337e-07
70 -1.8090219506564337e-07
71 -1.8090219506564337e-07
72 -0.38560117256459703
73 -1.804247109619883e-07
74 -1.8090219506564337e-07
75 0.0045489446873695875
76 -1.8090219506564337e-07
77 -1.8090219506564337e-07
78 -1.8090219506564337e-07
79 -1.8090219506564337e-07
80 0.0002743009640650231
81 -1.8090219506564337e-07
82 -1.8090219506564337e-07
83 -1.8090219506564337e-07
84 -1.8090219506564337e-07
85 -1.8090219506564337e-07
86 -1.8090219506564337e-07
87 -1.8090219506564337e-07
88 -4.4156519424945987e-07
89 0.004612028472902845
90 -1.8090219506564337e-07
91 0.1816347798575094
92 0.0721603425423536
93 -1.8090219506564337e-07
94 0.06990342644205465
95 -1.8090219506564337e-07
96 -1.8090219506564337e-07
97 -3.87684348894001e-07
98 -1.8090219506564337e-07
99 0.193981666114966
100 -1.8090219506564337e-07
101 -1.8090219506564337e-07
102 -1.8090219506564337e-07
103 -1.8090219506564337e-07
104 -1.8090219506564337e-07
105 -1.8090219506564337e-07
106 -1.8090219506564337e-07
107 -1.8090219506564337e-07
108 -1.8090219506564337e-07
109 -1.8090219506564337e-07
110 -1.803349826790551e-07
111 0.0041872645078001244
112 -1.8090219506564337e-07
113 -1.8090219506564337e-07
114 -1.8090219506564337e-07
115 0.02366831076307594
116 -1.8090219506564337e-07
117 -1.8090219506564337e-07
118 -1.8090219506564337e-07
119 -1.8090219506564337e-07
120 -1.8090219506564337e-07
121 -0.00010469317467101658
122 -8.344142719765885e-07
123 -1.8090219506564337e-07
124 0.2926564243601352
125 -0.5675917744726208
126 -1.8090219506564337e-07
127 -1.8090219506564337e-07
128 -1.8091776234583483e-07
129 -1.8090219506564337e-07
130 -1.8090219506564337e-07
131 -1.8090219506564337e-07
132 -1.8090219506564337e-07
133 -0.05001815416234141
134 -1.1911870723083806e-06
135 -1.8090219506564337e-07
136 -1.8090219506564337e-07
137 -1.8090219506564337e-07
138 -0.041634111413128755
139 -1.8090219427892846e-07
140 0.10544641025026544
141 0.14951939932669503
142 -1.8090219506564337e-07
143 -1.8090219506564337e-07
144 0.17355007482572898
145 0.40057816992329076
146 -1.8090219506564337e-07
147 -1.8090219506564337e-07
148 0.20860556359390198
149 -1.8090219506564337e-07
150 -1.8090219506564337e-07
151 -1.8090219506564337e-07
152 -1.8090219506564337e-07
153 -1.8090219506564337e-07
154 -1.8090219506564337e-07
155 -0.00016921969737121592
156 -1.8090219506564337e-07
157 0.002257383041764366
158 0.09784196338696538
159 0.007683041150011223
160 -1.8090219506564337e-07
161 -1.8090217028488497e-07
162 -1.8090219506564337e-07
163 -1.8090219570276053e-07
164 -1.8090219506564337e-07
165 1.2857232393059873e-05
166 -1.8090219506564337e-07
167 -1.8090219506564337e-07
168 -4.2195629246928314e-06
169 -1.8090208789474302e-07
170 -1.6179557132867992e-07
171 -1.8090219506564337e-07
172 0.19168643004156924
173 -0.027790076575656356
174 -1.8090219506564337e-07
175 -1.8090219506564337e-07
176 -1.8090219506564337e-07
177 0.005120129793451218
178 0.07086882200638592
179 -1.8090219506564337e-07
180 -1.8090219506564337e-07
181 -0.04218877438848707
182 -1.8090219506564337e-07
183 4.208697766688857e-06
184 -1.8090219506564337e-07
185 -1.8090219708965472e-07
186 -1.8095310852971782e-07
187 -0.10313929516098315
188 -1.8090219506564337e-07
189 -1.8090219506564337e-07
190 -1.8090219506564337e-07
191 -1.8090219506564337e-07
192 -1.8090219506564337e-07
193 -1.8090219506564337e-07
194 -1.8090219506564337e-07
195 -1.8090219506564337e-07
196 -1.8100917344380868e-07
197 -1.8090219506564337e-07
198 -1.1607834036320892e-07
199 -1.8090219506564337e-07
200 -1.8090219506564337e-07
201 -1.8090219506564337e-07
202 -1.8090219506564337e-07
203 -1.8090219506564337e-07
204 0.0012765780874711972
205 -1.8090219506564337e-07
206 -0.012334130725630464
207 0.0001708674503568773
208 -1.8090219506564337e-07
209 -1.8090219506564337e-07
210 -1.8090219506564337e-07
211 -1.8047611468580655e-07
212 0.004731545528229312
213 -0.0021035563054101745
214 -1.8090219506564337e-07
215 -1.8090219506564337e-07
216 5.402298958959337e-06
217 -1.8090219506564337e-07
218 -1.8090219506564337e-07
219 -1.8090219506564337e-07
220 -1.8090219506564337e-07
221 -3.963163015492288e-06
222 -1.8090219506564337e-07
223 -1.8090219506564337e-07
224 -1.8090219506564337e-07
225 -1.8090219506564337e-07
226 -1.8022770740206035e-07
227 -1.7762659010511933e-07
228 -1.8090219506564337e-07
229 -1.8090219506564337e-07
230 -1.8090219506564337e-07
231 -1.8090219506564337e-07
232 0.14172572895364005
233 -1.8090219506564337e-07
234 -1.8090219506564337e-07
235 -1.8090219506564337e-07
236 -1.8090219506564337e-07
237 -1.8090219506564337e-07
238 -1.796653219727496e-07
239 -1.8090219506564337e-07
240 -1.8090219506564337e-07
241 -1.8090219506564337e-07
242 -1.8090219506564337e-07
243 -1.8090219506564337e-07
244 0.0006032278046344271
245 -1.8090219506564337e-07
246 -1.8090219506564337e-07
247 -0.40480059912020344
248 -1.8090219506564337e-07
249 -1.8090219506564337e-07
250 -1.8090219506564337e-07
251 -0.09821878002930194
252 0.0014226064708513294
253 -1.8090219506564337e-07
254 0.5814912014597357
255 -1.8090219506564337e-07
256 -1.8090219506564337e-07
257 -1.8090219506564337e-07
258 -1.8090219506564337e-07
259 0.0036007402872034505
260 -0.038844301027737595
261 0.4767555126634576
262 -1.8090218968910007e-07
263 -1.8090219506564337e-07
264 -1.848657173247865e-05
265 -1.786340084591066e-07
266 0.017059440680882706
267 -1.8094977657286246e-07
268 -1.7545083688824498e-07
269 0.15198337702369324
270 -1.8090219506564337e-07
271 -1.8090219506564337e-07
272 -0.0009061110429523469
273 -1.8090219506564337e-07
274 -1.8090219506564337e-07
275 -1.8090219506564337e-07
276 -5.675163160118083e-06
277 -1.8090219506564337e-07
278 0.6035471613481512
279 -0.033505205029100454
280 -1.8090219506564337e-07
281 -1.8090219506564337e-07
282 -1.8043811322210319e-07
283 -1.8090219506564337e-07
284 -1.8090219506564337e-07
285 -1.7898401150517055e-07
286 -0.19162745962502845
287 -0.0005232218337472928
288 -1.8090219506564337e-07
289 -1.8091152260858228e-07
290 -4.220109316893114e-06
291 -1.8090219506564337e-07
292 -1.8090219506564337e-07
293 -1.8090219506564337e-07
294 -1.8090219506564337e-07
295 -1.8090219506564337e-07
296 -1.8090219506564337e-07
297 2.2927557975499872e-05
298 -5.755180947347966e-06
299 -1.8090219506564337e-07
300 -1.8090219506564337e-07
301 -1.8090219506564337e-07
302 -0.0002969093251842786
303 0.1380889437710337
304 -1.8090219506564337e-07
305 -1.8090219506564337e-07
306 0.08677976026133036
307 -1.8090219506564337e-07
308 -0.00047035166913825537
309 -1.8090219506564337e-07
310 -1.8090219506564337e-07
311 -1.8090219506564337e-07
312 -1.8090219506564337e-07
313 -1.8090219506564337e-07
314 6.655850972823353e-07
315 -1.8090117745144963e-07
316 -1.809021631505063e-07
317 0.002045377912663323
318 0.2541562825196951
319 -1.8090218246684294e-07
320 -1.8090219506564337e-07
321 -1.1059472056669625e-06
322 -1.8090219506564337e-07
323 -1.809021899120209e-07
324 -1.8090219506564337e-07
325 0.003619348959669011
326 -1.9437561081512483e-07
327 -1.8090219506564337e-07
328 -1.8090219506564337e-07
329 -7.132544103810016e-05
330 0.3988599745434197
331 -1.1908332738560234e-05
332 0.1416034307131809
333 1.8710202651393288e-05
334 0.2466012298372052
335 -1.8090219506564337e-07
336 0.00014429045846774778
337 -1.8090219506564337e-07
338 -0.04271663466933809
339 -1.8090165804595714e-07
340 -1.8090219506564337e-07
341 0.0016451779546115023
342 -1.8090219506564337e-07
343 4.951187510101522e-05
344 -1.987621137074916e-05
345 -1.8090219506564337e-07
346 -1.8090219506564337e-07
347 -1.8090219506564337e-07
348 0.03691650127042417
349 -1.8090219506564337e-07
350 -1.8090219506564337e-07
351 -0.5047006796599341
352 -1.8090218222962032e-07
353 -0.11794222236962058
354 -1.05542201418275e-06
355 -1.8090219506564337e-07
356 -1.8090219506564337e-07
357 -0.02290563312261367
358 -1.8090219506564337e-07
359 -1.8090219506564337e-07
360 -0.014698558826727572
361 -1.021682526538048e-06
362 -2.702249602584073e-07
363 -1.8090219506564337e-07
364 -1.8090219506564337e-07
365 -0.1551355412387102
366 -1.8090219506564337e-07
367 -1.8090219506564337e-07
368 -0.0008871848044691032
369 -1.8090219506564337e-07
370 0.001734941535746014
371 -1.8090219506564337e-07
372 0.006147453687841385
373 -1.8090219506564337e-07
374 -1.8090219506564337e-07
375 -1.8090219506564337e-07
376 -1.7405420958048494e-07
377 -1.8090219506564337e-07
378 2.780277677495003e-05
379 2.154544213105009e-07
380 -1.8090219506564337e-07
381 -1.8090219506564337e-07
382 -1.8090219506564337e-07
383 0.005321569554843154
384 -1.8090219506564337e-07
385 0.17584036806664793
386 -1.8090219506564337e-07
387 -1.8090219506564337e-07
388 -1.8090219506564337e-07
389 -1.8090219506564337e-07
390 -0.6645351334960105
391 0.25897593044688766
392 -1.8090219506564337e-07
393 -1.8090219506564337e-07
394 -1.8090219506564337e-07
395 -1.8090219506564337e-07
396 -1.8090219506564337e-07
397 -1.74750764277208e-07
398 -1.8090219506564337e-07
399 -1.8090219506564337e-07
400 -1.8090219506564337e-07
401 0.4284911202724486
402 -1.8090219506564337e-07
403 -1.8090219506564337e-07
404 -1.8090219506564337e-07
405 -1.8090219506564337e-07
406 -1.8090219506564337e-07
407 7.646786110956983e-07
408 -1.8090219506564337e-07
409 -1.8092084645347204e-07
410 -1.3707757226574616e-06
411 0.050165918424759065
412 -1.8090219506564337e-07
413 -1.8090219506564337e-07
414 -1.8090219506564337e-07
415 -1.8090219506564337e-07
416 -1.8090219506564337e-07
417 -1.8090219506564337e-07
418 -6.005049933895972e-06
419 -1.8090219506564337e-07
420 -0.004292491302404706
421 -1.8090219506564337e-07
422 -0.005326402363495497
423 -0.23280954338065066
424 -1.8090219506564337e-07
425 -1.8090219506564337e-07
426 -0.01514087708033557
427 -1.8090219506564337e-07
428 -1.8090219506564337e-07
429 -1.8090219506564337e-07
430 0.07781162959270699
431 -1.8090219506564337e-07
432 -1.8090219506564337e-07
433 -1.8102586455939756e-07
434 -0.0002754085192529742
435 -0.013928003636936583
436 -1.8090219506564337e-07
437 -1.8090219506564337e-07
438 -1.8090219506564337e-07
439 -1.8090219506564337e-07
440 -0.0010059270424329675
441 -0.4120353485014555
442 -1.8090219506564337e-07
443 -0.15238950904692236
444 -3.2167360573200306e-07
445 -1.8090219506564337e-07
446 -1.8090219506564337e-07
447 0.01494708286563831
448 -1.8090219506564337e-07
449 -1.8090217201630893e-07
450 -1.8090219506564337e-07
451 0.02757441470622593
452 2.6081668892545417e-05
453 1.926376542307173e-05
454 -4.44335011917566e-05
455 -1.8090219506564337e-07
456 -1.8090219506564337e-07
457 -0.5086932051589464
458 -1.8090219506564337e-07
459 -1.8090219506564337e-07
460 -1.8090219506564337e-07
461 -1.8090219506564337e-07
462 -3.5358132868182914e-07
463 -1.8090219506564337e-07
464 -1.8090219506564337e-07
465 -1.8090219506564337e-07
466 -1.8090219506564337e-07
467 -1.8090219506564337e-07
468 0.00047612644869428106
469 -1.8090219506564337e-07
470 -1.8090219506564337e-07
471 -1.8090219506564337e-07
472 0.42668008968191806
473 0.34613606266772334
474 -1.8090219506564337e-07
475 0.42427598975990033
476 -1.8090219506564337e-07
477 -1.8090219506564337e-07
478 -1.8090219506564337e-07
479 -1.8090219506564337e-07
480 5.4413870676222725e-05
481 0.3021746913434442
482 -1.8090219506564337e-07
483 4.510488710599787e-06
484 -1.8090175040318533e-07
485 -0.0012117708611633373
486 -1.8090219506564337e-07
487 0.0021874983524064954
488 -1.8090219506564337e-07
489 -0.0005199492733010685
490 -1.8090219506564337e-07
491 2.616412190972774e-05
492 2.135905820224109e-05
493 -1.8090219506564337e-07
494 -1.8090219506564337e-07
495 -1.8090219318431522e-07
496 -1.8090219506564337e-07
497 -1.8090219506564337e-07
498 -5.9574428345815805e-06
499 -0.039631473447445525
500 -1.8090219506564337e-07
501 -1.8090219506564337e-07
502 -1.8090219506564337e-07
503 -1.8090219506564337e-07
504 -2.699124268852144e-07
505 -1.8090219506564337e-07
506 3.114050716544247e-05
507 -1.8090219506564337e-07
508 -0.0010767224125007246
509 -1.8090219506564337e-07
510 -1.8090219506564337e-07
evaluations raw_y
1 -0.5294910445993464
2 -0.642977525901206
3 0.34980213167138857
4 0.8068046342772002
5 -0.5326982704918579
6 0.19320054644584825
7 -0.3744348554163048
8 -0.01787504322784011
9 -0.041323271699726494
10 -0.3340829522593963
11 0.5910633066364486
12 -0.04033633411113839
13 -0.3076852535340806
14 -0.5861527374202434
15 0.9020289007643515
16 -0.00035923822446393426
17 0.15930834349596795
18 -0.42385553383300295
19 0.26835064755578697
20 -0.04243107431110992
21 0.0008946269849172164
22 -0.37799456075186205
23 0.5309943956626847
24 -0.0007441228367973112
25 0.5320614694076715
26 -0.18408577890120156
27 0.5450106177666642
28 -0.02605919631309094
29 -0.09864849995409108
30 0.18693157011140996
31 -1.8090219506564337e-07
32 -1.8090219506564337e-07
33 -1.8090219506564337e-07
34 -1.8090219506564337e-07
35 -1.8090219506564337e-07
36 -1.8090219506564337e-07
37 -1.8090219506564337e-07
38 -1.8090219506564337e-07
39 -1.8090219506564337e-07
40 -1.8090219506564337e-07
41 -1.8090219506564337e-07
42 -1.8090219506564337e-07
43 -1.8090216223382767e-07
44 -1.8090219506564337e-07
45 -1.8090219506564337e-07
46 -1.8090219506564337e-07
47 -1.8090219506564337e-07
48 -1.8090219506564337e-07
49 -1.8090219506564337e-07
50 -1.8090219506564337e-07
51 -1.8090219506564337e-07
52 -1.8090219506564337e-07
53 -1.8090219506564337e-07
54 -1.8090219506564337e-07
55 -1.8090219506564337e-07
56 -1.8090219506564337e-07
57 -1.8090219506564337e-07
58 -1.8090219506564337e-07
59 -4.425538309898411e-05
60 -1.8090219506564337e-07
61 -1.8090219506564337e-07
62 -0.17414050670602613
63 -1.8090219506564337e-07
64 -1.8090219506564337e-07
65 -1.8090219506564337e-07
66 -1.8090219506564337e-07
67 -5.043846489190773e-07
68 -1.8090219506564337e-07
69 -1.8090219506564337e-07
70 -1.8090219506564337e-07
71 -1.8090219506564337e-07
72 -1.8090219506564337e-07
73 -1.8090219506564337e-07
74 -1.8090219506564337e-07
75 0.19231186746014098
76 -0.6247511328238884
77 -1.8090219506564337e-07
78 -1.8090219506564337e-07
79 -1.8090219506564337e-07
80 0.1453818542909115
81 -1.8090219506564337e-07
82 -1.8090219506564337e-07
83 -1.8090219506564337e-07
84 -1.8090219506564337e-07
85 -1.8090219506564337e-07
86 0.0021113985928382997
87 -1.8090219506564337e-07
88 -1.8107216930627208e-07
89 -1.8090219506564337e-07
90 -1.8090219506564337e-07
91 0.2196313988471526
92 -0.00025863328182223246
93 -1.8090219506564337e-07
94 -1.8090219506564337e-07
95 -1.8090219506564337e-07
96 -1.8090219506564337e-07
97 0.10216348251433453
98 0.11148681195993504
99 0.1921929423048456
100 -2.1634249397157414e-07
101 -1.8090219506564337e-07
102 -1.8090219506564337e-07
103 -1.8090219506564337e-07
104 -1.8090219506564337e-07
105 -1.8090219506564337e-07
106 -1.8090219506564337e-07
107 -1.8089953021988562e-07
108 0.050087470982185
109 -0.41216679733738265
110 -1.8109230931156813e-07
111 -1.8090219506564337e-07
112 0.0051846485579997
113 -1.8090219506564337e-07
114 -1.8090219506564337e-07
115 0.00424426594124192
116 -1.8090219506564337e-07
117 -1.8090219506564337e-07
118 -4.612301829995222e-06
119 -1.8090219506564337e-07
120 -1.6438141633124528e-07
121 0.36756021227440816
122 -1.8090219506564337e-07
123 -0.0001226431962483368
124 -1.8090219506564337e-07
125 -1.8090219506564337e-07
126 -0.025454088406466485
127 1.681506255149306e-05
128 0.007448279891465459
129 -1.8090219506564337e-07
130 -0.03876114671096169
131 -0.46092847824109473
132 0.15855140282452354
133 -1.8090219506564337e-07
134 -1.7749108099172964e-07
135 0.18507760407389826
136 -1.8090219506564337e-07
137 -0.4216545489342493
138 0.0023372761993955067
139 0.011727365970143061
140 -1.809008911982539e-07
141 -0.00013266017386542344
142 -1.8090219506564337e-07
143 -1.8090219506564337e-07
144 -1.8090219506564337e-07
145 -1.581892610272428e-05
146 -1.8090219506564337e-07
147 -0.017306119787034658
148 0.18641704913687887
149 -1.8090219506564337e-07
150 0.04873639624128659
151 -1.8090219506564337e-07
152 -1.8090219506564337e-07
153 -0.4077612334775081
154 -1.7664603459584021e-07
155 9.173397901644708e-06
156 -1.8090219506564337e-07
157 -1.8090219506564337e-07
158 2.1975069908419535e-07
159 -1.8112834776564888e-07
160 -1.8090219506564337e-07
161 -0.047367733092053124
162 0.033348711667367505
163 -1.8090219506564337e-07
164 -1.8090219506564337e-07
165 0.005502468927296884
166 -0.7552919873669081
167 -0.00048795191728806216
168 -0.03598064401390356
169 0.07953826877566657
170 -1.8090219506564337e-07
171 -1.1900761207915072e-06
172 0.08322625063306731
173 0.16738993935019664
174 -1.8090219506564337e-07
175 -1.8090219506564337e-07
176 -1.8090219506564337e-07
177 0.6227450134025186
178 -0.046063694920477294
179 -1.8113084644936591e-07
180 -1.8090219506564337e-07
181 -1.8090219506564337e-07
182 -1.8090219506564337e-07
183 -1.8090219506564337e-07
184 -1.8090219506564337e-07
185 -1.8090219506564337e-07
186 -1.8090219506564337e-07
187 -1.8090219506564337e-07
188 -1.809021565128366e-07
189 -1.8090219506564337e-07
190 -1.8090219506564337e-07
191 -0.10558129749634394
192 -1.8007419389167787e-07
193 -1.8090219506564337e-07
194 -1.8090219506564337e-07
195 9.719745498227803e-05
196 -1.8090219506564337e-07
197 -1.809018403966505e-07
198 -0.03928478613313136
199 -1.808722220384345e-07
200 -1.8090219506564337e-07
201 -1.8090219506564337e-07
202 -1.8090219506564337e-07
203 -1.8090219506564337e-07
204 -1.8090219506564337e-07
205 -1.8090219506564337e-07
206 -0.08412929921373308
207 -1.8007446992354076e-07
208 -0.04980626360857178
209 -1.8090170684498152e-07
210 1.953621425211925e-05
211 -0.3234925840708932
212 0.3563734013311367
213 -0.3482208453979939
214 -0.30650297845066504
215 -1.8090219506564337e-07
216 -1.8090219506564337e-07
217 0.27854476541989437
218 -1.8090217621033455e-07
219 -1.8090219506564337e-07
220 -0.2717590380298883
221 1.0931622325930708e-06
222 -1.8091527862847497e-07
223 -1.8090219506564337e-07
224 -1.8090219506564337e-07
225 -1.8090219506564337e-07
226 -1.8090219506564337e-07
227 -1.8090216830409675e-07
228 0.0063396877151423
229 -0.031244217938697857
230 -1.8090219506564337e-07
231 0.003328941496187128
232 -0.6064046707394506
233 -1.8090219506564337e-07
234 -1.8090219506564337e-07
235 -1.8090219506564337e-07
236 0.5113309725124016
237 -1.8090219506564337e-07
238 -1.8090079605626836e-07
239 -1.809021197006557e-07
240 -1.8090219506564337e-07
241 -1.8090219506564337e-07
242 -0.4941176551968492
243 -1.8090219506564337e-07
244 -0.5355022281246384
245 -1.8090219506564337e-07
246 -5.213772893616179e-05
247 -1.8090219506564337e-07
248 -1.8090218534492333e-07
249 -0.031559537945372675
250 -1.8090219506564337e-07
251 -1.7466787251425226e-07
252 -1.8090155988129032e-07
253 0.42741607530500375
254 9.120630579683854e-05
255 -1.8090219506564337e-07
256 -1.8090219506564337e-07
257 -1.809021699351051e-07
258 5.8768900055283984e-08
259 -1.8090163132987126e-07
260 -1.8090219506564337e-07
261 -4.258794260129576e-06
262 1.4863429810513783e-07
263 0.004509443954596246
264 0.04343522941873904
265 -1.8090219506564337e-07
266 -5.067161889452393e-05
267 -1.8090219506564337e-07
268 0.0016851125847925678
269 -1.809021461390404e-07
270 -1.7751916142546316e-07
271 -1.8090219506564337e-07
272 -1.8090219506564337e-07
273 -0.036834732738930606
274 -1.8090219506564337e-07
275 -1.8090219506564337e-07
276 -1.8090219506564337e-07
277 -1.8090219506564337e-07
278 -1.809021929252497e-07
279 0.5006595939025331
280 -1.8090219506564337e-07
281 -1.8090159126909486e-07
282 -1.8090217986588602e-07
283 -1.8090219506564337e-07
284 0.1611733074650538
285 -1.8090219506564337e-07
286 -1.8090219506564337e-07
287 -1.80902195209133e-07
288 -1.8067139161019476e-07
289 4.686878047141428e-06
290 0.18065477596279506
291 -1.8090219506564337e-07
292 -1.8090975143096742e-07
293 -1.8090219506564337e-07
294 -1.8090219506564337e-07
295 -1.8090219506564337e-07
296 -1.8090219506564337e-07
297 -1.8090219506564337e-07
298 -1.8090177729160179e-07
299 -1.8090219519424777e-07
300 -1.8090219506564337e-07
301 -1.8090219506564337e-07
302 -1.8090219506564337e-07
303 -1.8090219506564337e-07
304 -1.8090219506564337e-07
305 -1.8090219506564337e-07
306 -1.8090219506564337e-07
307 -1.8090219506564337e-07
308 -1.809021946817369e-07
309 -1.8090219506564337e-07
310 -1.8090219506564337e-07
311 -1.8090216652017565e-07
312 -1.809021889229907e-07
313 -1.8090219506564337e-07
314 -1.5494949661152623e-07
315 -1.8090219506564337e-07
316 -1.8090219506564337e-07
317 -1.809021952088105e-07
318 -1.8090219502783804e-07
319 -1.8090219344016993e-07
320 -1.8090219506564337e-07
321 -1.8090219506564337e-07
322 -1.8090191070313338e-07
323 -1.8090219506564337e-07
324 0.4773479197790249
325 -1.8090219506564337e-07
326 -1.8090219506564337e-07
327 -1.8090219506564337e-07
328 -1.8090219506564337e-07
329 -1.8090219518347248e-07
330 -1.8090219506564337e-07
331 -1.8090219506564337e-07
332 -1.8090219506564337e-07
333 -1.8090219506564337e-07
334 -1.8090219506564337e-07
335 -1.8090219506564337e-07
336 -1.8090219506564337e-07
337 -1.8090219506564337e-07
338 -1.8090219503976807e-07
339 -1.8090219506564337e-07
340 -1.8090219506564337e-07
341 -1.8090217792460758e-07
342 -1.8090219227982244e-07
343 -1.8090219506564337e-07
344 -1.808270820346456e-07
345 -1.8090219506564337e-07
346 -1.8090219506564337e-07
347 -1.8090219520567888e-07
348 -1.8090219510844415e-07
349 4.366107273256446e-06
350 -1.8090219506564337e-07
351 -1.8090219506564337e-07
352 -1.809021222291796e-07
353 -1.8090219506564337e-07
354 -1.8090219506564337e-07
355 -1.8090219506564337e-07
356 -7.989833661560674e-05
357 0.0006214769766376957
358 -1.8090219506564337e-07
359 -1.8090219506564337e-07
360 -1.8090219506564337e-07
361 -1.8090219506564337e-07
362 -1.8090219506564337e-07
363 -1.8090219506564337e-07
364 -1.8090219506564337e-07
365 -1.8090219506564337e-07
366 -1.8090219506564337e-07
367 -1.8090219506564337e-07
368 -1.809021950560268e-07
369 0.01819009078316326
370 -1.8090219506564337e-07
371 -1.8090219043164861e-07
372 -1.8090219383374557e-07
373 -0.5161623323084772
374 -1.808956399977038e-07
375 -1.8090219506564337e-07
376 -5.271827780004576e-05
377 -1.809021951078545e-07
378 -1.8090219508941492e-07
379 -1.8090219501420478e-07
380 -1.8090219506564337e-07
381 -1.8090219506564337e-07
382 -1.809021443196027e-07
383 -1.8090219506564337e-07
384 -1.8090219506564337e-07
385 -1.8090219506564337e-07
386 -1.8090219506564337e-07
387 -1.8090219506564337e-07
388 -0.014786268105515298
389 -1.8090219506564337e-07
390 -1.8090219506564337e-07
391 -1.8090219506564337e-07
392 -0.7127780415509556
393 -1.8090219506564337e-07
394 -1.8090219506564337e-07
395 -1.8090219506564337e-07
396 -1.8090219506564337e-07
397 -1.8090219506564337e-07
398 -1.809021950633507e-07
399 -1.8090219506564337e-07
400 -1.8090219506564337e-07
401 0.02640449884688954
402 -1.809021949256324e-07
403 -1.8090219506564337e-07
404 -1.8090164496889128e-07
405 -1.8090219506564337e-07
406 -1.8090219506564337e-07
407 -1.809021950946572e-07
408 -1.8090219506789915e-07
409 -1.8090219503257806e-07
410 -1.8090219506564337e-07
411 -1.8090219506564337e-07
412 0.6028516126458635
413 -1.8090219506564337e-07
414 -1.8090219506564337e-07
415 -1.8090219506564337e-07
416 -1.8090219506564337e-07
417 -1.8090219506564337e-07
418 -1.8090219506564337e-07
419 -0.001232589953435552
420 -1.8090219506564337e-07
421 -1.8090219506564337e-07
422 -0.004055696924326616
423 -1.8090219506564337e-07
424 0.5574880651609002
425 -1.8090219506564337e-07
426 -1.8090219506564337e-07
427 -1.8090219506564337e-07
428 -1.809021950650489e-07
429 -1.8090219506564337e-07
430 -1.8090219506564337e-07
431 -1.8090219388353003e-07
432 -1.8090219495562549e-07
433 -0.37110560597904807
434 -1.8090190052025473e-07
435 -1.8090219506564337e-07
436 -1.8090219506564337e-07
437 -1.8090219509270845e-07
438 -1.8090219506598194e-07
439 -1.809021950522626e-07
440 -1.8090219506564337e-07
441 -1.8090219506564337e-07
442 -1.80902161593679e-07
443 -1.8090219506564337e-07
444 -1.8090219506564337e-07
445 -1.8090219506564337e-07
446 -1.8090219506564337e-07
447 -1.8090219506564337e-07
448 0.4042682460696012
449 -1.8090219506564337e-07
450 -1.8090219506564337e-07
451 -1.8090219506564337e-07
452 0.0002810096875383679
453 -1.8090219506564337e-07
454 -1.8090219506564337e-07
455 -1.8090219506564337e-07
456 -1.8090219506564337e-07
457 -1.8090219506564337e-07
458 -1.8090219506542872e-07
459 -1.8090219506564337e-07
460 -1.8090219506564337e-07
461 -1.8090219468040069e-07
462 -1.8090219501828898e-07
463 -1.8090219506564337e-07
464 -1.8090219547396036e-07
465 -0.011895131427820978
466 -1.8090219506564337e-07
467 -1.8090219509037151e-07
468 -1.8090219506586373e-07
469 -1.8090219505736645e-07
470 -5.400352268220369e-05
471 -1.8090219506564337e-07
472 -1.8090218448996112e-07
473 -1.8090219506564337e-07
474 0.2895909982358397
475 0.19162522757192035
476 -1.8090219506564337e-07
477 -1.8090219506564337e-07
478 -1.8090219506564337e-07
479 -1.8090219506564337e-07
480 -1.8090219506564337e-07
481 -1.8090219506564337e-07
482 -1.8090219506564337e-07
483 0.02342966102030676
484 -1.8090219506564337e-07
485 -1.8090219506564337e-07
486 -1.8090219506564337e-07
487 -1.8090219506564337e-07
488 -1.8090219506561613e-07
489 -1.8090219506564337e-07
490 -1.8090219506564337e-07
491 0.032560187685289656
492 -1.8090219503106166e-07
493 -1.8090219506564337e-07
494 -1.809021954529347e-07
495 -1.8090219506564337e-07
496 -1.8090219506564337e-07
497 -1.8090219507016835e-07
498 -1.8090219506568466e-07
499 -1.8090219505940102e-07
500 -1.8090219506564337e-07
501 -1.8090219506564337e-07
502 -1.8090218651576847e-07
503 -0.25141175440517693
504 -1.8090219506564337e-07
505 -1.8090219506564337e-07
506 -1.8090219506564337e-07
507 -1.8090219506564337e-07
508 0.000276206881689214
509 -1.8090219506564337e-07
510 -1.8090219506564337e-07
evaluations raw_y
1 0.0595795979774197
2 -0.396192547018967
3 -0.0011463408490439587
4 0.06374804446440525
5 -0.17118728876034672
6 0.7410117902611202
7 0.75701856005014
8 -0.02501705925062503
9 -0.36925702636273783
10 -0.7289693876617138
11 0.2656898918283738
12 0.17897751187778987
13 -0.2228898210420433
14 0.3218276237935595
15 0.47007895922552007
16 -0.43082752000694907
17 0.17111825401396022
18 0.14488135056093662
19 0.32270284628419516
20 -0.44731092760313274
21 -0.3577883440812813
22 -0.1270971092443997
23 -0.015532172833784174
24 0.1719764163686647
25 -0.0544163552753886
26 0.7068529673062145
27 -0.10162833219555487
28 -0.02012593242209726
29 0.43292711331750455
30 -1.1207216287898611
31 -1.8090219506564337e-07
32 -1.8090219506564337e-07
33 -1.8090219506564337e-07
34 -1.8090219506564337e-07
35 -1.8090219506564337e-07
36 -1.8090219506564337e-07
37 0.1316722961938821
38 -1.809021969401642e-07
39 -1.8090219506564337e-07
40 -1.8090219506564337e-07
41 -1.8090219506564337e-07
42 -1.8090219506564337e-07
43 -1.8090219506564337e-07
44 -1.8090219506564337e-07
45 -1.8090219506564337e-07
46 -1.8090219506564337e-07
47 -1.8090219506564337e-07
48 0.6229189085960449
49 -1.8090219506564337e-07
50 -0.010440088649151365
51 -1.8032544287337362e-07
52 -1.8090219506564337e-07
53 -1.8090219506564337e-07
54 -1.8090219506564337e-07
55 -1.8090219506564337e-07
56 -1.8090219506564337e-07
57 3.2985086004729545e-06
58 0.00020155574457082962
59 -1.8090219506564337e-07
60 -1.8090219506564337e-07
61 -1.8090219506564337e-07
62 -1.8090219506564337e-07
63 -1.8090219506564337e-07
64 -1.8090219506564337e-07
65 -1.8090219506564337e-07
66 -1.7939880962406958e-07
67 -1.8090219506564337e-07
68 -1.8090219506564337e-07
69 0.05421799225758209
70 -1.8090219506564337e-07
71 -1.8090219506564337e-07
72 -0.00013453551920900443
73 0.11750166499568548
74 0.004703254200738372
75 -1.8090219506564337e-07
76 -1.8090219506564337e-07
77 -1.8090219506564337e-07
78 -1.8090219506564337e-07
79 -1.8090219506564337e-07
80 -1.8090219506564337e-07
81 -1.8090219506564337e-07
82 -1.8090219506564337e-07
83 -1.8090219506564337e-07
84 -0.02020282357186698
85 -1.8090219506564337e-07
86 -1.8090219506564337e-07
87 -1.8090219506564337e-07
88 -1.8090219506564337e-07
89 -1.8090219506564337e-07
90 -1.8090219506564337e-07
91 -1.8090219506564337e-07
92 0.0026052932126004067
93 1.0211332782122655e-06
94 -1.8090219506564337e-07
95 0.06418077451186728
96 -1.8090219506564337e-07
97 -1.8090219506564337e-07
98 -1.8090219506564337e-07
99 -1.8085759671897603e-07
100 -1.8090219506564337e-07
101 -1.8090219506564337e-07
102 -0.3285747707992124
103 -1.8090219506564337e-07
104 0.16996088567898623
105 -0.01145417749652992
106 -1.8090219506564337e-07
107 -1.8090219506564337e-07
108 0.0058470352923724
109 0.001974837704405909
110 -1.8090219506564337e-07
111 -1.8090219506564337e-07
112 -0.00011421657235205505
113 -1.8090219506564337e-07
114 -1.8090219506564337e-07
115 -1.8090219506564337e-07
116 -1.8090219506564337e-07
117 -0.1005788497866207
118 -1.8090219506564337e-07
119 -1.8090219506564337e-07
120 -1.8090219506564337e-07
121 -0.1080191592044352
122 -1.8090219506564337e-07
123 0.1981110262971497
124 -1.8090219506564337e-07
125 -1.8091431349949324e-07
126 -1.8090219506564337e-07
127 -1.8090212808095086e-07
128 1.9267068578081468e-07
129 -1.8090219506564337e-07
130 0.19236604450789183
131 -1.8090041336622213e-07
132 0.10236971336085329
133 -1.8090219506564337e-07
134 -0.00041267095108753535
135 -1.8090219506564337e-07
136 -1.8090219506564337e-07
137 -1.8090219506564337e-07
138 -1.8090219506564337e-07
139 -1.8090219506564337e-07
140 -2.5412826890947826e-07
141 -1.8090219506564337e-07
142 -0.0012014285145801778
143 -1.8090219506564337e-07
144 -1.77714829389972e-07
145 -1.8090219506564337e-07
146 -1.8090219506564337e-07
147 -0.2843436747765135
148 -8.407318074631103e-05
149 -1.8090219506564337e-07
150 -9.358876279364971e-05
151 -1.8090219506564337e-07
152 -1.8090219506564337e-07
153 -1.8090219506564337e-07
154 -1.8090219506564337e-07
155 -1.8090219506564337e-07
156 -1.8090219506564337e-07
157 -1.1011175792917322e-06
158 -1.8090219506564337e-07
159 0.06273639138168768
160 -3.5504955637320025e-07
161 3.220000065700186e-06
162 -1.2964613574453957e-05
163 0.4035704281622411
164 -0.15776921930229298
165 -1.8090219506564337e-07
166 -1.8090219506564337e-07
167 0.03580016387913729
168 0.0029175226096249825
169 -1.8090219506564337e-07
170 -0.06755716697474023
171 -0.521268436531597
172 0.0002741314766634348
173 -0.31256863634910625
174 -1.7319399934945904e-07
175 -1.8090219506564337e-07
176 0.011980684412864985
177 -0.05657649081160915
178 -1.8090219506564337e-07
179 -1.8090219506564337e-07
180 -1.8090219506564337e-07
181 -0.017626042168792953
182 -1.8090219506564337e-07
183 -1.8090219506564337e-07
184 -0.00044432766641187545
185 -1.8090219506564337e-07
186 -1.8090219506564337e-07
187 0.2176121036735699
188 -0.008261602700718665
189 -1.8090219506564337e-07
190 -1.8090219506564337e-07
191 -0.0003735481184178416
192 -1.325472866754795e-05
193 7.684262848774985e-06
194 0.5915632539894202
195 -1.8090219506564337e-07
196 0.015065358157579591
197 -0.3206076283913101
198 -1.8090219506564337e-07
199 -1.809021661766068e-07
200 -0.5605202060367406
201 0.14437189907530476
202 0.000210527471909435
203 4.3881881019161615e-06
204 -1.8090219506564337e-07
205 -1.8090219506564337e-07
206 -1.8090219506564337e-07
207 -0.5216796825169517
208 1.0997519271597799e-05
209 -1.8090219506564337e-07
210 -1.8090219506564337e-07
211 0.005125152385140919
212 -1.8090219506564337e-07
213 -1.8090219506564337e-07
214 -1.8090219506564337e-07
215 -1.8090219506564337e-07
216 -1.8090219506564337e-07
217 -1.8090219506564337e-07
218 -1.8090219506564337e-07
219 -1.8090219506564337e-07
220 -1.8090219506564337e-07
221 -5.128241401273451e-06
222 -0.0011035932409152842
223 -2.0518486409177766e-05
224 0.0002423607102601062
225 -1.8090219506564337e-07
226 -1.8090219506564337e-07
227 0.4225081122295024
228 -1.8090219506564337e-07
229 -1.8090219506564337e-07
230 0.41846894085041597
231 -0.014390762987366164
232 -3.2663682389494866e-06
233 -1.8090069038971083e-07
234 -1.8090219506564337e-07
235 -1.8090219506564337e-07
236 -1.8090219506564337e-07
237 0.0002557264091917308
238 -1.8090219506564337e-07
239 -0.00012390675368285757
240 -1.8090219506564337e-07
241 0.06745116493522271
242 -1.8090219506564337e-07
243 0.003648405890088227
244 -1.8090219506564337e-07
245 0.0008032462421756161
246 -1.8090219506564337e-07
247 -0.02768186980086726
248 -1.8090219506564337e-07
249 -1.8090219506564337e-07
250 2.984863246279926e-06
251 -4.142272591547414e-05
252 -5.054957498388557e-05
253 0.0002585391937765031
254 -3.3500471919998117e-05
255 -1.8090219506564337e-07
256 -1.8090219506564337e-07
257 -0.01819178198334129
258 -7.870863724559855e-08
259 0.31441919850281835
260 0.00012601376938476674
261 0.04143691587925063
262 -1.4576824974720443e-05
263 -1.8092016583206696e-07
264 -1.8090219506564337e-07
265 -1.8090219506564337e-07
266 -1.8090219506564337e-07
267 -2.4019514348524967e-07
268 -1.8090219506564337e-07
269 -1.8090219506564337e-07
270 -1.8090219506564337e-07
271 -1.8090219506564337e-07
272 -1.8090219506564337e-07
273 0.13803069486360883
274 -1.8090219506564337e-07
275 -1.8090219506564337e-07
276 -1.9798346005714464e-07
277 -1.586693364271911e-07
278 -1.809021867138671e-07
279 -0.018831700316702078
280 5.8709280140283605e-06
281 -3.877869874636675e-05
282 -0.00013606421523999236
283 -0.001221805970709312
284 0.02731141189042484
285 -1.8090219506564337e-07
286 0.17253340550706145
287 0.3918180178036588
288 0.014963060431302752
289 -0.0003649308310153045
290 -0.0006864275827992294
291 0.19443969333640893
292 0.015682324375292756
293 -1.8090219506564337e-07
294 -1.8090219506564337e-07
295 2.0770171220296235e-06
296 -1.8090219506564337e-07
297 -1.8090219506564337e-07
298 -1.8090219506564337e-07
299 0.004740623721695438
300 -1.8091061513446098e-07
301 -1.8090219506564337e-07
302 -1.8090219506564337e-07
303 0.02286834699209856
304 -1.8090219506564337e-07
305 -1.8090219506564337e-07
306 -1.8090219506564337e-07
307 -1.8090219506564337e-07
308 7.3847054709711245e-06
309 0.06641183726426997
310 -0.0005497647450220351
311 9.252555451930746e-06
312 0.00025319370762357825
313 0.00031591569658284387
314 0.5787936567364196
315 0.00705471105024524
316 -1.1669134182220166e-06
317 -6.581778550819054e-06
318 -4.486142119190733e-06
319 2.631277681053612e-06
320 0.3172924891272476
321 -3.9244938991103695e-05
322 -1.809017123664415e-07
323 -0.0005508916112266132
324 -1.8090219506564337e-07
325 -1.8090219506564337e-07
326 -0.28888596542749845
327 7.880839623615855e-06
328 -1.8088094038489734e-07
329 -1.7929711047734666e-07
330 -1.8090219506564337e-07
331 -1.8090219506564337e-07
332 -1.808981846950163e-07
333 -1.8090219506564337e-07
334 -1.8087920985114847e-07
335 -1.8090219506564337e-07
336 -1.8090219506564337e-07
337 -0.0002341904243847672
338 -0.0002884103772819827
339 -5.4842036898093604e-05
340 0.0002664632309336842
341 -5.488381766648743e-05
342 -0.0005012419824917763
343 -4.70987386772464e-05
344 0.00011803434678851315
345 7.877146095393993e-06
346 8.29302097708484e-06
347 0.0002670989513011435
348 -5.348007903141647e-05
349 -0.0005658360102630067
350 0.0002698168197931473
351 -1.809026393637912e-07
352 -1.8090219506564337e-07
353 -1.8090219506564337e-07
354 -1.8090219506564337e-07
355 0.0004215829674336309
356 -1.8090219506564337e-07
357 2.4258702788990788e-06
358 1.5859305406435183e-07
359 -1.8090219506564337e-07
360 -8.529961338456254e-06
361 0.0036636758579153897
362 -1.8090219506564337e-07
363 -0.485775709949667
364 -1.8090219506564337e-07
365 -1.8090219506564337e-07
366 -1.8090219506564337e-07
367 -1.8090219506564337e-07
368 -1.8090219506564337e-07
369 8.653040146560987e-06
370 0.041571538624836354
371 0.00024039799688513902
372 -0.0009874514323759847
373 -0.4261221288133072
374 -0.0012397423958403013
375 -3.118769171961744e-05
376 4.498741501519604e-06
377 -0.0005344644830192233
378 0.043037982997677686
379 -2.4520054023310923e-05
380 -1.8090219506564337e-07
381 -1.8090219506564337e-07
382 -1.8090219506564337e-07
383 -0.032594425173042466
384 -1.8090219506564337e-07
385 0.041538738932091535
386 -1.8090219506564337e-07
387 -0.04957492624362498
388 -1.8090219506564337e-07
389 -1.8090219506564337e-07
390 -1.8090219506564337e-07
391 0.004127442754392019
392 -0.2620290464678447
393 -3.372950967755402e-05
394 4.473220293558691e-06
395 -1.8090219506564337e-07
396 -1.8090219506564337e-07
397 0.0012331785477025633
398 0.008771867292788657
399 -0.6512212489135275
400 0.002251828308416832
401 -5.391604994736002e-05
402 0.0021264632225041166
403 0.0033273780602181675
404 0.00025755131719598493
405 -5.321626553206719e-05
406 -0.0012274816522908586
407 0.1877046894476633
408 -5.214506864264233e-05
409 -3.257447079610041e-05
410 8.355993105231125e-06
411 5.617078575528355e-06
412 0.18415445710372694
413 -1.746575810029897e-07
414 -1.8090219506564337e-07
415 -1.8090219506564337e-07
416 -1.8090219506564337e-07
417 0.09644383080883766
418 -1.8090219506564337e-07
419 -1.8090219506564337e-07
420 -1.8090219506564337e-07
421 -0.009027174369780643
422 0.4138615117838073
423 -1.8090219506564337e-07
424 -1.8090219506564337e-07
425 -1.8090219506564337e-07
426 -1.8090219506564337e-07
427 -1.8090219506564337e-07
428 -1.8090219506564337e-07
429 -0.0116394019453527
430 -0.0011962397145581737
431 -4.108202340015268e-05
432 0.00017377330375550884
433 0.024707363546326622
434 -5.302961219549761e-05
435 -1.913437603291496e-05
436 0.003505708236916829
437 -2.7718098169734487e-06
438 -1.8090219506564337e-07
439 -1.8090219506564337e-07
440 -1.8090219506564337e-07
441 -1.8090219506564337e-07
442 6.952923186128357e-06
443 -1.8090219506564337e-07
444 -1.8090219506564337e-07
445 -1.8090219506564337e-07
446 -1.8090219506564337e-07
447 -1.8089913222128255e-07
448 -0.06856212833712517
449 -1.8090219506564337e-07
450 -1.8090219506564337e-07
451 6.349782640799165e-06
452 0.08796475326562175
453 -1.8090219506564337e-07
454 -1.8090219506564337e-07
455 -1.8090219506564337e-07
456 -1.809017368861584e-07
457 0.03645665951228878
458 -1.8090219506564337e-07
459 -5.438037549214024e-07
460 9.148396535339923e-06
461 -0.0005795305621623451
462 0.0001284811098589626
463 -0.000599044422630171
464 9.19911924096824e-06
465 -2.0614317719290038e-05
466 -0.015432528343396416
467 4.162727657894539e-05
468 -1.2264335792017372e-06
469 -1.1882340823501915e-06
470 -1.8090219506564337e-07
471 -1.8090219506564337e-07
472 4.195097717986769e-06
473 -1.8090219506564337e-07
474 0.051201371506607855
475 -0.029866917653955112
476 -1.8090219506564337e-07
477 -1.8090219506564337e-07
478 -1.8090219506564337e-07
479 -1.8090219506564337e-07
480 -1.8090219506564337e-07
481 5.307192907983885e-06
482 -1.8090198263818287e-07
483 -1.801414458205983e-07
484 0.0017928723044926137
485 -1.8090219506564337e-07
486 0.17579385606769996
487 -1.8090219506564337e-07
488 -1.8090219506564337e-07
489 8.599130842716837e-06
490 -5.2548943161408036e-05
491 3.239607781658191e-05
492 0.0002103105850131556
493 0.001645156437176275
494 -4.870405880312372e-05
495 -4.203896281997255e-05
496 -0.007490035554602816
497 -0.0006434099843445805
498 6.375865992595822e-06
499 9.075616032025388e-06
500 7.558323116911813e-06
501 0.0002669241350211168
502 -1.8090219506564337e-07
503 0.3016869328557385
504 -1.8090219506564337e-07
505 -1.8090219506564337e-07
506 -1.8090219506564337e-07
507 -1.8090219506564337e-07
508 0.003963795909654934
509 -0.04406007388439622
510 -1.8090219506564337e-07
