evaluations raw_y
1 2.9505534940326403
2 2.970283429056016
3 4.658915791398213
4 5.774623075928658
5 5.519736426912631
6 3.7224977522880316
7 4.25238056058158
8 1.703296043627792
9 2.077126828912272
10 2.9984456860864297
11 4.636905168834607
12 4.19949231407907
13 5.300445436109785
14 5.0323248164641505
15 3.7901412981031277
16 4.1376467399938575
17 2.4353540137818728
18 4.1386945275776075
19 2.5266029343859486
20 5.2292000998884545
21 3.3101881215735682
22 3.5591783953030913
23 4.215670886794271
24 3.4589442815655986
25 3.1018208409824357
26 2.0677120050849105
27 3.046439170923673
28 1.7832824333758834
29 4.369597123883294
30 3.9332381554704274
31 5.489363061007617
32 4.650873190145487
33 3.8756618541800782
34 4.499130582966685
35 5.39821020746121
36 3.423559688920018
37 4.035702690533565
38 2.420937887496075
39 4.620594139585653
40 4.476245761882433
41 3.024466284404677
42 3.843941555039728
43 3.9952531978888297
44 3.2220276368217475
45 4.732982236531501
46 3.8443413850691837
47 5.266726789805962
48 2.606078332331119
49 5.244344998374464
50 4.679458129525894
51 3.9476991688056167
52 3.6170932789607093
53 3.5940478419675346
54 4.7978899462945295
55 4.878035638079748
56 4.249861475473878
57 4.399364933678587
58 4.183058952364595
59 3.5713202619170765
60 4.0221149985098
61 3.65399445781719
62 3.4078435485820315
63 4.0522097936251456
64 4.95282222615209
65 3.2180640248588235
66 4.067378195404094
67 4.276469522906488
68 2.5725750853310503
69 4.922987572425929
70 4.512050337544649
71 4.863022504348603
72 4.36470863076195
73 3.8942749210583933
74 3.7445074175669895
75 4.289229364451932
76 4.7092976272083416
77 5.173170706831986
78 3.1920916265121937
79 4.456124109994778
80 4.266756576267747
81 2.9621445879674724
82 2.491486375260787
83 4.095367629826309
84 2.8834633418978637
85 4.944913481270294
86 4.091190609261776
87 2.774079937937856
88 2.820189355373845
89 3.640899746271601
90 3.928085035360855
91 4.994596623930388
92 4.671702757128402
93 3.4193331740767214
94 5.690538624879822
95 3.4207723771887086
96 4.836102771121625
97 4.566902792866203
98 3.6828505199728854
99 5.701174052882406
100 3.0138112389911775
101 4.657314185588072
102 4.566698899050217
103 4.567387302923503
104 4.767753893016033
105 4.520504654761681
106 4.400922267409203
107 4.553250796186804
108 4.74892904314511
109 4.266324900292229
110 4.806687581464666
111 4.664406392184279
112 4.664761463488981
113 4.88334619050715
114 4.500381048501413
115 4.830620024405166
116 4.655352442054323
117 4.665034004422249
118 4.659235521851665
119 4.569538038254973
120 4.458610255757702
121 4.488974395371129
122 4.694027565405659
123 4.8304671084804065
124 4.359561291659411
125 4.826378574150189
126 4.738154521547662
127 4.793871654389449
128 4.488002176479559
129 4.626244468208141
130 4.627029171127791
131 4.9227316882237036
132 4.056097135723465
133 4.430987115607332
134 4.80420911247188
135 4.89418716811306
136 4.533272854250992
137 4.667883539331552
138 4.753030102177933
139 4.359564465589649
140 4.482759383415858
141 4.7457955252780275
142 4.62133378128484
143 4.253630857703807
144 4.622264826524504
145 4.453173860071779
146 4.756393782840125
147 4.436200628237624
148 4.6755812705855035
149 4.814052985053573
150 4.732954023198169
151 4.383426287005397
152 1.703296043627792
153 1.7832824333758834
154 2.7523603114642006
155 1.2294359706991764
156 3.66167607535
157 2.9943525106372038
158 2.5958441042721248
159 3.7838225593105017
160 3.8761121643050687
161 4.7675308063230855
162 3.735005481713061
163 3.3310355237476017
164 3.8236288457184955
165 5.190686274729237
166 5.032303773811096
167 3.057520291435255
168 5.391755804855898
169 2.5719169865001144
170 5.416031269993737
171 3.7347154008520436
172 4.3474413481804755
173 3.718977500017335
174 2.289922197897568
175 3.839273603294025
176 5.421430606282035
177 4.039137615237546
178 1.893315370516066
179 3.0565505664349404
180 3.6062677967571894
181 2.8606845470720192
182 2.999303888758786
183 3.510812039109998
184 4.197449947376901
185 3.072617205297699
186 4.405287864428808
187 4.934415817100998
188 3.671518316621484
189 2.7665695476956076
190 2.8503290721355716
191 4.581645402730192
192 2.404612012279597
193 2.4817904199650362
194 3.4303714820622497
195 3.630011273807295
196 5.366251654302905
197 3.9739423273340027
198 2.756993661720332
199 4.9686277380035255
200 5.267990725152455
201 4.438275593706718
202 4.296402583049969
203 3.889653153576055
204 3.643306359338013
205 4.298226160091289
206 4.2016697778375285
207 4.496463767098861
208 3.658317371750657
209 4.542225384318212
210 2.8171321814699333
211 3.831120218281911
212 3.1979730270222366
213 3.1727735938688055
214 3.867062839186139
215 2.339810126499589
216 3.069248428346984
217 3.254716963849334
218 6.059977300514181
219 4.92629649843709
220 2.717981241516238
221 4.261714918504923
222 4.566199452335959
223 4.378303560606707
224 3.0399429326506304
225 5.415473611985325
226 1.4763412774282683
227 2.2255772500126465
228 4.148949966061733
229 4.382054864376871
230 4.056833305654185
231 3.824337201514713
232 1.5176783074480937
233 5.75843403888194
234 3.924508635111271
235 4.254257333174615
236 3.8942262339396043
237 3.9806469488293437
238 4.787875522194465
239 4.574348207120941
240 4.325422830483817
241 4.085206336183266
242 4.403732220816404
243 3.665487474890334
244 1.8997974853929698
245 5.044900197827928
246 3.629756757968548
247 3.630411024364818
248 3.836230218031419
249 1.9067329052939455
250 3.914130986687257
251 4.569087665753789
252 4.578420901108959
253 4.573789776002834
254 4.757928040247029
255 4.821028403843901
256 4.175958559792289
257 4.381268268792525
258 4.4514607680977125
259 4.8678968609782896
260 4.357706285388925
261 4.672177161472488
262 4.723905341860123
263 4.552398779847958
264 4.6389088725949295
265 4.066269749515097
266 4.6634426666905835
267 4.509212818662599
268 4.769123712206045
269 4.2702899256771785
270 4.56881047993774
271 4.578055880012782
272 4.634183195352674
273 4.455448022981762
274 4.84522877046216
275 4.3745576665206976
276 4.295331186312828
277 4.496935842192361
278 4.875739195201477
279 4.472351205861485
280 4.542425611168967
281 4.9233033010787
282 4.343199702381906
283 4.5372513610477485
284 4.530850074745933
285 4.433558197514079
286 4.313848359207542
287 4.828977201797957
288 4.4908142875837145
289 4.602647396230036
290 4.625907271571327
291 4.808779669267205
292 4.707704154513323
293 4.32385660332294
294 4.918610834641984
295 4.380000825032721
296 4.695109242540346
297 4.766391263483469
298 4.539228606004175
299 4.7566652629031205
300 4.691059922215554
301 4.77545568945009
302 1.2294359706991764
303 1.4763412774282683
304 1.9560838425455453
305 2.4416605679794854
306 2.9804071903821288
307 2.760527261127385
308 3.5414534521820813
309 3.974063773731004
310 3.102350859719136
311 2.8670990837416532
312 2.059269244514664
313 4.302730734195588
314 4.137835990051552
315 3.3656464219897684
316 3.9930543947303097
317 3.631245837081752
318 3.2832143657910837
319 4.238092170359784
320 3.6068290571592723
321 4.628497372715659
322 3.364807877450586
323 3.115845469592197
324 1.9952608555460596
325 4.373870844241575
326 4.031208822777964
327 3.5321378442030245
328 5.549929930984083
329 5.131494364194729
330 3.859995080356547
331 4.9855494499074915
332 3.089720654289634
333 5.184682528289599
334 3.4169901384725443
335 2.2295205967255134
336 2.9907435497923656
337 4.26896440078614
338 5.1626871205481315
339 3.111773205171411
340 2.3667593031648817
341 3.466906908061869
342 3.7267163987609706
343 2.825307302090988
344 3.8710253559380012
345 2.9735277462556873
346 3.336876194873655
347 5.277978389555777
348 2.7516879584998533
349 4.713539147792107
350 5.3069358125657855
351 3.778172771952664
352 3.258564737502512
353 2.76267729953108
354 3.0033953311793913
355 5.170190099883473
356 3.322839656350192
357 5.046498094251923
358 5.612600025825433
359 3.6069400641762615
360 2.9386780869330296
361 2.83982236429547
362 4.534408258649251
363 3.5090147269825787
364 4.713511317826091
365 3.1513380285478236
366 2.3864258837717442
367 2.5291179422483907
368 3.4382863348765382
369 3.113910840312931
370 2.816105445411394
371 1.7485702661523228
372 2.5932221142397323
373 5.403362716291844
374 4.829898180218288
375 2.80627214449205
376 2.213121790910285
377 4.891560767136695
378 2.4152910710676894
379 3.1127122574030457
380 4.37463910176421
381 6.119435818731412
382 4.116927458699976
383 2.111909835443398
384 3.3611085872893414
385 5.442480734716064
386 3.109018019112852
387 4.541601428727937
388 5.71265813410368
389 4.855937660408667
390 4.403483991777363
391 3.418757490106512
392 4.5436692251376165
393 2.532680867520094
394 4.299877262926341
395 4.8770740583324494
396 3.347599513755728
397 3.5205457799019984
398 3.1454424514443273
399 4.086710775514287
400 3.157090175382777
401 3.38572756838649
402 4.847949368708858
403 4.585693191046473
404 4.766937776656817
405 4.0524244395386555
406 4.9356928734535614
407 4.7177300209080375
408 4.602260301323858
409 4.393286266336669
410 4.7669576160805525
411 4.630860157713494
412 4.387546907014119
413 4.82185081293947
414 4.615241667168334
415 4.703391412364259
416 4.82776126272957
417 4.8249399822885914
418 4.049186755391027
419 4.321500981793038
420 4.55670480111156
421 4.7667296405590935
422 4.6520235868817315
423 4.870092154289581
424 4.322556065602179
425 4.465258969997807
426 4.414376430194376
427 4.7050238362624714
428 4.918983961306317
429 4.672940344596086
430 4.529596216013483
431 4.456345203427332
432 4.175173481012193
433 4.729621922995374
434 4.546693433085628
435 4.427679197208346
436 4.3902200931018704
437 4.426422308800012
438 4.588509195057687
439 4.452846866475185
440 4.638621604671979
441 4.514246351033392
442 4.566902566039055
443 4.458730051117918
444 4.693592948790398
445 4.757741407437834
446 4.674335720023612
447 4.7689215506191065
448 4.694548607728529
449 4.766793314169213
450 4.8088716124456425
451 4.40943195328024
452 1.2294359706991764
453 1.4763412774282683
454 4.267348154284884
455 2.4626133715529956
456 1.5743814849723634
457 1.0350444423763476
458 2.7091150908521167
459 2.7954294233788213
460 3.5590553074163633
461 3.0548837940510234
462 3.5254397446367984
463 3.44110279406455
464 3.523680511293735
465 2.538962084271672
466 1.571517838696273
467 3.683955467618804
468 3.5990402380989632
469 4.844332749602598
470 2.5077138552292704
471 3.7517677441950936
472 4.628171981624077
473 4.417418476377761
474 2.7363221777631512
475 4.3572694297976495
476 2.2389447161691796
477 2.438215291918306
478 2.0020442410638473
479 1.2877810862986598
480 2.3535129919453315
481 4.0414662164390265
482 3.64627585290763
483 4.0589369166367
484 2.066405924139966
485 2.58108250698773
486 3.2614299475520268
487 2.7484277460797077
488 3.411628038304011
489 3.0720226791045437
490 2.9399997807321014
491 3.9713142614470165
492 3.831566550489822
493 1.5674024977846872
494 2.2093376539149956
495 2.4452388959188855
496 3.242227133215991
497 4.01407284453405
498 3.9823258739899137
499 3.306440348521302
500 2.2280729522934637
501 2.9882404100441673
evaluations raw_y
1 3.772361736477043
2 3.6755536214373654
3 4.142252481773893
4 4.0011431020827315
5 3.93961194946042
6 5.56380907068743
7 3.5958997715865753
8 3.6718085470540407
9 4.755213212654841
10 3.890669077856409
11 4.076358608338107
12 3.5333014999168757
13 3.1341619581023132
14 3.282580600452315
15 5.359357033124843
16 3.92192191075486
17 3.0037671052600112
18 2.8404443376922677
19 3.730205220603334
20 3.911991722528212
21 3.3549322084865754
22 3.3388157874436004
23 4.800096808196107
24 4.49985314674136
25 4.976272682270663
26 4.79175495516911
27 4.306593377090215
28 4.852603546075571
29 4.967521139900851
30 4.405728618472919
31 4.592111709907288
32 4.941685962424108
33 4.991992863898204
34 3.716611226795842
35 2.6578281151806147
36 2.70863680379968
37 3.999843655064913
38 4.706550822370456
39 4.482690644854638
40 3.9876987971782794
41 2.9071427974354194
42 3.930907026315375
43 5.107291359261771
44 5.144707136063277
45 4.285232188349596
46 4.988307105216778
47 4.462932280528037
48 3.695133306426814
49 4.521256774188347
50 2.7396553414638602
51 3.351362969567896
52 3.771224683275082
53 2.6910520964420908
54 5.3474465157671
55 3.3449847402881083
56 3.671318276446848
57 3.2651581906229517
58 5.025501920325693
59 4.711726305574732
60 4.296929254018689
61 2.359745587082654
62 4.018663451324549
63 3.522323465588343
64 4.21165286761451
65 4.6413769714813
66 2.7871958158179653
67 1.9405597489230697
68 3.062890280128764
69 3.966784904190724
70 5.674696106132243
71 2.8688059775019035
72 3.725404010428556
73 3.347530753900762
74 4.151582887394329
75 5.694124351902221
76 3.4039076929946868
77 4.411787540577464
78 3.014490500253686
79 5.083552816230108
80 5.1457152289430175
81 4.0655757280343545
82 4.475654749674331
83 4.1792092587682825
84 3.5500365247023886
85 5.991412905043905
86 4.389821757154456
87 3.962855519395052
88 5.19482116860552
89 4.56299838927735
90 3.208398165976379
91 5.746974633160672
92 4.684821487456141
93 4.63789892984178
94 3.7096144638798556
95 4.085876183077046
96 5.434350461046828
97 4.89886078038411
98 2.8990453048199116
99 5.042495366956306
100 2.891517637166498
101 4.6500599968482135
102 4.394172456670706
103 4.690988000492087
104 4.500734270878244
105 4.117618236700575
106 4.488117385705087
107 4.634865757532261
108 4.319207782712217
109 4.949244347318681
110 4.107590011988259
111 4.550518005585259
112 4.736576916807866
113 4.865343774360518
114 4.640079455432094
115 4.575392689387582
116 4.584491612789823
117 4.939627917938081
118 4.065356074461677
119 4.716548531900966
120 4.554693220627525
121 4.226597766082216
122 4.498113272265202
123 4.5656908008468875
124 4.9509103283999725
125 4.526902816777297
126 4.118967711191792
127 4.57977458357325
128 4.370781747444087
129 4.267230324865184
130 4.461838936000643
131 4.691631843707889
132 4.515738304609227
133 4.286699475120703
134 4.848933285553801
135 4.580281500612895
136 4.480823443767813
137 4.8156142748292785
138 4.819782838600088
139 4.733945128772796
140 4.484180546492817
141 4.530574728464608
142 4.191752847994533
143 4.701587829502753
144 4.346107887367151
145 4.6152013197824715
146 4.5441125629996595
147 4.749933679549319
148 4.86297600672009
149 4.518590314961063
150 4.848695809178715
151 4.376635471079512
152 1.9405597489230697
153 2.359745587082654
154 4.129593662386828
155 3.4769298411408864
156 3.6604151739504385
157 3.481071422406626
158 3.6273763942423267
159 3.2160868925350607
160 3.437065708861075
161 4.4166992025114915
162 5.50714581233264
163 3.9560381470058474
164 4.393913993307495
165 3.1320657429695538
166 3.7218185734488696
167 4.402761246125074
168 3.900033993384241
169 3.8724596034557632
170 2.577152034480129
171 4.230939191075961
172 3.1176051928175257
173 4.950760030533575
174 4.343044137864909
175 2.638763623565281
176 3.8110903186657836
177 3.458128147245483
178 4.384126413451843
179 2.739939774990879
180 4.18832618840718
181 3.6078551760605055
182 5.259457503315262
183 2.478527167609296
184 3.663997666212365
185 4.1654466028592925
186 3.180806717811363
187 3.328941542805667
188 3.6369566490070335
189 3.6395657420258543
190 4.866776345811989
191 2.8589129382017497
192 2.9309731199210596
193 5.860257886592872
194 4.154599756234658
195 5.4211694492079125
196 3.134560345954509
197 3.6216892386885258
198 4.184062034775577
199 4.091011330878624
200 4.683042121330467
201 4.9769850231582105
202 3.3410150657986097
203 4.125685231362648
204 4.94982586981366
205 2.1648924970078047
206 3.2235026856029254
207 4.266604107083036
208 3.7472808571527496
209 2.773912655779987
210 3.856957745388039
211 4.317945410518159
212 3.6631672622795213
213 5.659660116517761
214 3.372709819445992
215 3.9521206159723254
216 4.345714984040555
217 3.2125312305904417
218 5.012363477107338
219 2.6675963658271744
220 4.277589465636717
221 3.5045778802880565
222 2.917976046874725
223 2.9041455821389084
224 2.5069398763431128
225 3.629916840417402
226 4.888343538355134
227 4.120624095083326
228 3.93652833636529
229 6.271133593642528
230 4.7412928144141135
231 3.447882973307505
232 2.921602058564916
233 3.4874668526496624
234 4.1085415538136125
235 6.353368039837947
236 3.720209083548895
237 3.4693609750033887
238 3.7416684913007727
239 4.125885964757163
240 4.42070997463887
241 3.247647533513789
242 5.289287128872596
243 4.231210849871212
244 3.1842906780366853
245 3.0260661305077527
246 3.7739119143792195
247 4.810852718803061
248 3.10904598116553
249 3.532486733973261
250 4.085239900571345
251 2.536580529622173
252 3.8516871207915715
253 3.939648531479258
254 4.193552218405831
255 4.4616841105590686
256 4.85395183190685
257 4.759161513215497
258 4.5491375718788865
259 4.74194886142864
260 4.074310944394814
261 4.313660824992991
262 4.836641735709162
263 4.313187987604907
264 4.800996226721715
265 4.7143803063016785
266 4.183995340034618
267 4.604346545335369
268 4.284419001477021
269 4.162346512957594
270 4.780826460986273
271 4.585393119051794
272 4.591407982772606
273 4.76889893982045
274 4.23006848927516
275 4.777559612719892
276 4.892021992435656
277 4.310679018631721
278 4.452418697397239
279 4.672053287733651
280 4.393890649449821
281 4.817757376990605
282 4.701658588635514
283 3.954524192328119
284 4.023641830445528
285 4.865869258010424
286 4.301603818340243
287 4.417155095026002
288 4.735564616791806
289 4.711557694730641
290 4.836197522441416
291 4.381172641304873
292 4.8623509320697895
293 4.781816593836943
294 4.391351244482454
295 4.6515349864273565
296 4.378270952729865
297 4.074207768273933
298 4.31193989931616
299 4.337153521623861
300 4.201109257617692
301 3.717583886320778
302 1.9405597489230697
303 2.1648924970078047
304 2.359745587082654
305 2.478527167609296
306 3.643500215065311
307 2.9976626433222444
308 2.6276749796102
309 3.6617602310338286
310 2.9094836391440415
311 3.5389566269934116
312 4.177844264087758
313 2.85477026459214
314 1.9713308413113901
315 3.124437300498451
316 3.662029418832445
317 3.8981502352622064
318 2.5790397205749214
319 4.125853302339559
320 4.783768813888871
321 4.554174749336901
322 4.2247289660214005
323 3.652135585960248
324 2.88770795914413
325 5.6650908491578775
326 2.443954835684889
327 4.0786901849719746
328 3.531571115944525
329 3.027196402733906
330 4.765381954260353
331 3.9643723004517555
332 3.4617297708032995
333 4.403994347209803
334 2.38274802221554
335 4.569669699606803
336 5.67648057276214
337 4.948636468413288
338 3.510322268379131
339 3.5222054888505854
340 3.0838362796053014
341 4.2253325372035935
342 2.8100435850635654
343 4.432150717611494
344 2.1677091657702667
345 3.9048528339958284
346 3.2744032793212403
347 2.564589225612632
348 4.891285695619498
349 3.4587404108393
350 4.788635050346684
351 3.128907508043844
352 4.041948754683585
353 2.3457081582187156
354 2.694943320739818
355 3.4565054299283284
356 2.8192767426753966
357 3.9025043922968488
358 3.6303238927767003
359 3.5588543509338586
360 4.19915352484768
361 3.7284512620118324
362 3.2301173931264757
363 3.8581077450689305
364 3.7750401068363346
365 2.621882270069758
366 3.4193835684822473
367 4.035674157123676
368 4.494155477146615
369 4.018672470538033
370 3.7117803475165356
371 3.6740248577792523
372 4.755033975319293
373 1.5536839753513956
374 4.97340401943487
375 3.4716405107881307
376 3.8527515829293604
377 3.8843038167442483
378 4.217188464845734
379 2.1758690816725386
380 4.347529318201382
381 4.49546802977764
382 3.3123850211690273
383 4.330680952088043
384 2.083145484188251
385 3.628116791273629
386 2.559783118573465
387 2.2124395982443823
388 2.855438694740691
389 3.4301594507772144
390 3.3621653427585123
391 4.123822347635253
392 2.3145845241945655
393 1.9587383508054026
394 4.817567512011748
395 2.005963481309194
396 3.5287617126654167
397 4.023863717726735
398 3.1987763747589195
399 4.583083826986293
400 5.129506396753085
401 3.921688921497962
402 4.327426705877684
403 4.939614285368629
404 4.312966721400934
405 4.602860010918913
406 4.551186129934013
407 4.112403675698226
408 4.67949094050822
409 4.231484921668199
410 4.511478772795569
411 4.157045427565059
412 4.650225264058639
413 4.723380495319345
414 4.357466173042285
415 4.246720394311851
416 4.777597837444072
417 4.40504896996621
418 4.92200299999638
419 4.67745847037124
420 4.3558770251943555
421 4.840202594439009
422 4.866486504883863
423 4.365785831316918
424 4.848285097700126
425 4.603546637071008
426 4.748022490166498
427 4.498030437833983
428 4.117546118307955
429 4.305753819896524
430 4.154047066702578
431 4.297378818994726
432 4.790407089492951
433 4.798404395879784
434 4.859245622496965
435 4.155061093340971
436 4.535059816377673
437 4.7594038018851075
438 4.553278581625972
439 4.934189312894108
440 4.825693527193406
441 4.8064710974751375
442 4.352038272354463
443 4.3275402809506
444 4.398872145039521
445 3.755250246836175
446 4.876535909496582
447 3.8512364598728337
448 4.844510735931673
449 4.751776681262928
450 4.387474988204442
451 4.631426098021814
452 1.5536839753513956
453 1.9405597489230697
454 1.9587383508054026
455 2.8850999001390747
456 2.646914664134477
457 3.754326353865456
458 3.66638182900734
459 1.7747338614349106
460 4.45344317049031
461 2.1830636936765098
462 3.6337682383355414
463 3.0995055278799546
464 5.244668430398917
465 1.9712259698321146
466 2.5642159636014825
467 3.530651460172776
468 3.615823266046943
469 3.8808636856240026
470 3.777084441080051
471 4.4557265657511484
472 5.1059947172488735
473 4.313163052227448
474 2.821583090307982
475 4.634930980758407
476 2.8175781128085826
477 4.704692086927485
478 3.3816005503863007
479 2.6960201325229285
480 2.7091671523895346
481 4.788750160195572
482 1.6397546606041615
483 4.48632790516139
484 4.1187661817189465
485 2.885802051896973
486 2.1830068187418377
487 3.8042781154475733
488 3.480514550086155
489 3.467781692985664
490 1.100356444182376
491 2.6396575834310174
492 5.3280262000678125
493 5.11186394492874
494 3.3991268938894574
495 3.1315993536597575
496 3.1999525156970363
497 2.7946954224110145
498 2.879056815191837
499 2.2758304165777057
500 2.66981162723026
501 3.5011533634332874
evaluations raw_y
1 3.5103611596228284
2 2.6674141500611483
3 4.77739655988269
4 5.9157136085011235
5 4.761665112195416
6 3.914922028059675
7 4.311201966386012
8 3.7885872071282343
9 3.737891014844003
10 4.156713270927446
11 3.656469847298701
12 4.620074206509999
13 4.526735241509792
14 3.555747531642165
15 3.579038157422341
16 3.8817571487467895
17 2.7311189109038407
18 3.380410687505268
19 3.181086466579497
20 3.2902747118059814
21 5.957648486718868
22 3.4751474827355593
23 3.3361605840479363
24 4.386708238894656
25 4.59752612041619
26 3.5130838150328967
27 4.178821797483362
28 5.093597487095879
29 4.785239373726701
30 3.7992087051143546
31 3.248378658847766
32 3.5089542912111846
33 2.690331770385494
34 4.213423529446192
35 4.975604630367321
36 4.621317148831514
37 3.7582572609189713
38 4.509885317799999
39 3.896005425573982
40 3.0796345036147668
41 4.736853900888551
42 4.366502420206418
43 4.925553120454337
44 4.649051270834757
45 5.5909605153359845
46 4.696778411858585
47 2.977839518113999
48 3.0175822869846467
49 4.525336077274792
50 4.445336221356682
51 5.58909642243149
52 5.634033123364642
53 5.203517320842044
54 4.325347391566163
55 4.956830042627629
56 4.186763707336008
57 4.337801586280467
58 5.2016779007786
59 3.8959474824103313
60 4.2125207560163975
61 5.66415291564965
62 3.622108439782222
63 5.293797016095019
64 4.296529950704889
65 6.124890091763769
66 3.060683615752416
67 4.4502441054908175
68 5.590861721012991
69 4.503793942860588
70 4.625260349745812
71 4.611404662990816
72 6.076379081599207
73 2.3953480197837735
74 4.165362935594364
75 4.575657341006446
76 3.190256531913189
77 3.4442069940707354
78 6.063743385222869
79 5.212257250954714
80 4.975114764859988
81 4.594104469020197
82 3.595193830621126
83 4.510414047179788
84 4.774056211095193
85 4.848560522553547
86 4.232032680140237
87 4.877503784682348
88 4.670685488229662
89 5.801975527746329
90 5.588998518518997
91 4.489946280231328
92 2.88658777943232
93 3.8916791773763406
94 3.6853061892870453
95 3.7601591792801563
96 3.999096519213122
97 3.807688850914441
98 3.208582556488249
99 4.817232987912064
100 3.6788890895340063
101 4.363909287810474
102 4.56374149695633
103 4.565808971345204
104 4.584761698519693
105 4.235116021949137
106 4.5383159206014385
107 4.734686980839818
108 4.755872509280507
109 3.9104063006282956
110 4.88571553968735
111 4.849659856505366
112 4.281276174851079
113 4.621572723893595
114 3.972351494996371
115 4.417788099774453
116 4.60314407920405
117 4.591933264826817
118 3.963168498806581
119 4.847555213859455
120 4.875400710669516
121 4.950955322104215
122 4.167544994796581
123 4.944678565899073
124 4.078329465591838
125 4.670606697772073
126 4.6843622631113435
127 4.440119538473365
128 4.41911990048634
129 4.375879456638022
130 4.872972628165811
131 4.835347689799401
132 4.7665053679995495
133 4.531053761131653
134 4.597342666684305
135 4.7441607423386225
136 4.6809884350123365
137 4.35828366123799
138 4.823858608576169
139 4.892545079009168
140 4.246525668309271
141 4.508205761991562
142 4.516716617319828
143 4.365076498454223
144 4.75666163089685
145 4.226292625726977
146 4.5604084305520045
147 4.667160974645587
148 4.567605578376731
149 4.8931873443025475
150 4.473051214484771
151 4.53068271878118
152 2.3953480197837735
153 2.6674141500611483
154 2.690331770385494
155 4.155863558680352
156 2.9189747556352694
157 2.992613371062969
158 3.7647197502685765
159 3.3264134365325786
160 2.8434980173949596
161 4.3667946827450255
162 5.48377417969116
163 2.935833279686106
164 3.818536484980108
165 5.4330861535959425
166 4.950312747144389
167 2.3891513065007173
168 3.8906175830040626
169 3.3425566291401845
170 3.708302358200093
171 4.262392446366693
172 3.05639319861037
173 5.7285338665119205
174 3.2388966221115627
175 4.667534272090469
176 4.399036669475251
177 3.757756528215602
178 4.267542333484274
179 2.634787789968178
180 4.568607404938338
181 4.470362995018741
182 4.91017747762513
183 3.1530567120871806
184 5.173006925678763
185 4.196411998285712
186 4.582450050425322
187 5.00638265160216
188 6.023134435381179
189 4.3719522410955625
190 4.45304296343282
191 2.5889856544355654
192 3.6070991022282977
193 2.5468562349152615
194 4.175658258535206
195 4.16439578308359
196 3.812301161969399
197 4.235751866543918
198 2.355464771846739
199 3.493013182576614
200 2.2419974423157587
201 4.422951705182696
202 1.2641190816814507
203 3.1350133972888483
204 3.9931249914255695
205 4.335168039979752
206 3.456535929753646
207 3.94304018843931
208 3.1566843150627317
209 4.675354844496956
210 6.4671136872031525
211 3.5746341959406376
212 2.801886649962094
213 5.464058892235789
214 4.211313960173484
215 5.49636236025107
216 4.381640914866631
217 5.452307667568177
218 4.58940980015825
219 4.7174766496899
220 4.187320044451287
221 3.773858811959314
222 4.692391663030158
223 3.888324630171853
224 4.1459672956563605
225 3.7403343968678184
226 4.991692667493192
227 4.4461444494772735
228 4.146866808325084
229 3.1639040190446654
230 3.2353028674389184
231 2.726609114979828
232 1.2727641949875133
233 5.216805676165782
234 3.356935911878951
235 5.699266616062106
236 5.470431645063192
237 3.551703762170124
238 2.786886323972245
239 3.810630527186876
240 5.124178542391643
241 4.750987588598818
242 4.726521870753312
243 3.4234018527284182
244 4.855952289664159
245 3.3805037404142384
246 2.5815966309208602
247 4.029275958000114
248 2.9999335185796583
249 3.2613991186517746
250 3.5482936265799028
251 3.5529418273502236
252 4.24656430458186
253 4.730998819385589
254 4.921134866122929
255 3.986756992972084
256 4.451973995336165
257 4.640445374086692
258 4.392859799844455
259 4.779229279412287
260 4.53638612563735
261 4.543054467275585
262 4.805512940460956
263 4.176234758317722
264 4.938803349702358
265 4.9316796662216165
266 4.629137371259665
267 4.8008624591310065
268 4.485497770201679
269 4.834788834890002
270 4.554271062175244
271 4.1242259969181205
272 4.825233863931915
273 4.758443698911676
274 4.863289482242959
275 4.403658399101738
276 4.572507248550717
277 4.5716420912841285
278 4.688452584507768
279 4.519237252231349
280 4.255458376103611
281 4.219864951836372
282 4.396215536147645
283 4.490576368714602
284 3.8994421051832795
285 4.943653103756154
286 4.180642436646204
287 4.536763423279118
288 4.50107681064178
289 4.659757626887759
290 4.744193713337989
291 4.827814628960444
292 4.895523439561457
293 4.685359577971164
294 4.897361603818362
295 4.573281793293061
296 4.761766676577593
297 4.471303390427418
298 4.731316997984913
299 4.8066491533038995
300 4.882465781731996
301 4.2209753729488115
302 1.2641190816814507
303 1.2727641949875133
304 2.355464771846739
305 2.99292890931293
306 2.7989037467897897
307 3.786263162433919
308 2.0606940037321264
309 5.325180047999579
310 4.430589091842307
311 3.1616487781165854
312 4.580500260892834
313 3.137600919190985
314 3.566510361743973
315 2.8766489033356955
316 4.021178084506608
317 3.7772705451935797
318 3.328389435753656
319 4.015668745708783
320 4.476500965361947
321 4.11067751054015
322 4.156026026407053
323 1.617399573814864
324 3.768296432994573
325 4.295139497040001
326 5.387694187029767
327 1.6337559019418315
328 4.875290051712813
329 3.2108792641448662
330 3.930568123303699
331 3.683293301999562
332 2.977601556688689
333 4.760844614846351
334 3.6256096627098353
335 5.253777252325862
336 2.431314848990972
337 4.165490889221257
338 4.5717237672876525
339 2.7673926392808346
340 4.779285009787298
341 3.9402534675871186
342 4.092202935315134
343 3.036242118690688
344 2.279237610911069
345 2.334456294344346
346 4.367106717233878
347 3.4573965015319965
348 4.3534806793903496
349 4.281147023205714
350 3.290175590822905
351 2.7646953525796114
352 3.415643548581465
353 2.426067995729559
354 3.6727387430936775
355 2.2235578939905896
356 5.399521147423047
357 4.114289910930136
358 3.9637658681766315
359 4.943648709546704
360 3.8087288076671104
361 3.6663920069121696
362 2.6663033066513826
363 2.8379206779506894
364 3.0824046081089076
365 5.404118638304449
366 4.980703266930309
367 2.509966514483727
368 1.367244934009727
369 4.115688137500617
370 5.116690371645177
371 2.12657211505882
372 3.0416041311644726
373 5.651162222171292
374 4.138978791325435
375 5.4498222923968545
376 5.037512492160349
377 2.3467474278976743
378 3.192634241056584
379 4.464763681491711
380 3.5415866862411516
381 3.849982997655623
382 1.1468819898295721
383 3.777493950410637
384 4.55749074205773
385 4.6462225276032045
386 2.5063402502179914
387 1.963128004976143
388 5.050733523995372
389 2.8698522951504035
390 1.8909273419171024
391 4.013212948978535
392 3.385306660109821
393 4.273018553810318
394 6.099187180979138
395 2.4868188279817085
396 5.431393375421296
397 4.223811878407749
398 4.619690226179708
399 4.274640680214345
400 4.088494363471568
401 3.884207879429868
402 4.610276539716512
403 4.571873280993212
404 4.674974394883181
405 4.809748613895131
406 4.689338018721999
407 4.793618299700916
408 4.842158810033843
409 4.937090934146268
410 3.991742827093298
411 4.710558891331345
412 4.155485040343343
413 4.588541219392405
414 4.72057934966691
415 4.409782874951954
416 4.821703669589726
417 4.4391572927053335
418 4.829610551783568
419 4.614191599015425
420 4.563940864733969
421 4.343832211128443
422 4.719882604454191
423 4.515467306404097
424 4.678421881046
425 4.472154391939914
426 4.825685031730319
427 4.68447236136058
428 4.716616545212725
429 4.827156579554695
430 4.452463252991423
431 4.47521595241336
432 4.92183687759797
433 4.1467482639855255
434 4.3668766189689405
435 4.818888110616721
436 4.844599307469137
437 4.400621005180312
438 4.82590830849244
439 4.251363909868595
440 4.684912662453985
441 4.666671393076156
442 4.756574185344274
443 4.525659675657945
444 4.543810985191368
445 4.793397397562422
446 4.771996990575617
447 4.7691155069548925
448 4.730746522603638
449 4.335834419172958
450 4.95958542046395
451 4.796382486163098
452 1.1468819898295721
453 1.2641190816814507
454 2.7486481061648496
455 2.344080234167918
456 4.288760045336755
457 4.730409870452198
458 4.286213318259768
459 4.893464379670967
460 4.72781211498444
461 4.037369043443699
462 3.4922495087236483
463 3.5393593816881213
464 3.789657395719914
465 3.2718077091803277
466 4.462176111445576
467 3.6151487339281605
468 4.9082416643478854
469 2.33907693225169
470 2.561956167802602
471 2.8256266540356596
472 4.773506497209619
473 5.06219328978087
474 3.5979542535701405
475 4.4029610286854455
476 4.100177231988069
477 4.17263479863508
478 2.481400234621172
479 2.5495187270625146
480 3.6097232638194754
481 3.521205351905627
482 3.097350559444132
483 4.266200008626788
484 4.578992689355284
485 4.150910508333586
486 3.2129563060260615
487 4.779438329329883
488 3.6288006072013665
489 3.230848835093057
490 2.9856752469576398
491 4.241704424373565
492 2.773334047124046
493 3.5725447714457355
494 3.2224774663796665
495 3.3168677143909755
496 1.5611503274314193
497 3.5945270659981263
498 2.9626255762616394
499 2.909471661902958
500 4.196780600058521
501 4.914575833155557
evaluations raw_y
1 3.711774497307722
2 5.187662056443891
3 2.5295083701943195
4 3.2738006041490264
5 3.6847768870817474
6 3.784365460427992
7 3.6583383573832196
8 3.0939301049910153
9 3.2141077295763
10 3.6527947088122
11 5.583815599968731
12 1.8740769062598994
13 1.1128052503425319
14 4.580699323976053
15 2.241936664642838
16 5.586760758284463
17 4.450088759820694
18 4.290640957190409
19 3.9018104422870454
20 3.3429798845356125
21 5.476830489597754
22 4.989693034774536
23 5.342777800576945
24 3.8750952068792976
25 3.600126575397944
26 3.370301515689862
27 5.482283085115975
28 3.1151735301244834
29 4.1912997641773355
30 4.057874157057897
31 4.5320683759821705
32 4.665146555585742
33 4.036327047981851
34 6.321729816598202
35 3.606931648989097
36 5.587278111617491
37 3.0650097770887563
38 4.208627442389892
39 5.689503326412423
40 4.670194168522791
41 5.009842601694465
42 2.4799985670159463
43 4.889106653657603
44 5.060369317077137
45 4.286977792001943
46 2.2401948041202626
47 4.898991575173796
48 3.59162972202475
49 3.2583072205314663
50 3.560360976877762
51 3.6002926599271943
52 3.363448385408952
53 4.664562457697665
54 4.877976064995231
55 4.58531029241185
56 2.72155082275908
57 2.0750334197746425
58 4.199057071061925
59 1.6687047838714917
60 3.3170183351229614
61 4.2436293512634995
62 4.001271568440492
63 2.0071749048916763
64 1.8913700197289236
65 4.5688596031421405
66 2.4758389686458107
67 2.6863564451217465
68 3.2341722332740837
69 4.062103641114062
70 3.3237375816439467
71 3.8896200748511656
72 2.9662375321146115
73 3.736417278273911
74 3.946337367012334
75 2.774452272438862
76 4.875641769912049
77 2.9006816580235597
78 4.504545593579861
79 5.552949567240688
80 2.9615639634730613
81 2.1219523033293557
82 3.2790825992687487
83 4.961480369456363
84 4.728764808175343
85 3.6947023272706523
86 3.5341222172512463
87 2.1856165933969582
88 3.3314281291495202
89 4.525321576224391
90 4.366480768502017
91 3.019709222773008
92 2.4093480933156566
93 5.140214936666802
94 2.89816696201067
95 3.932446362310146
96 2.0798451204009636
97 3.8953170829523556
98 3.027514185936057
99 3.518448387646035
100 3.7190509328289876
101 4.9576585928397225
102 4.7627381026692
103 4.80399433895068
104 4.73905692474805
105 4.834345046592591
106 4.836932978985621
107 4.338646827905233
108 4.3192030967061035
109 4.241331952987366
110 4.9425257547153105
111 4.3910485420585035
112 4.6186092566532135
113 4.7979709011836436
114 4.714886949548045
115 4.703458393653361
116 4.161841759235226
117 4.825420636847937
118 4.769519434249582
119 4.272153742551799
120 4.334790781797443
121 4.432013551000775
122 4.414425512064433
123 4.7429938724553695
124 4.636993721545655
125 4.341361467907546
126 4.681966471988385
127 4.770780902387905
128 4.529027284717338
129 4.540257782979462
130 4.664962136528597
131 4.643770849682285
132 4.788351131260254
133 4.550753277168524
134 4.556879731446332
135 4.463506599045109
136 4.863698356757855
137 4.6885068245927615
138 4.068446738939574
139 4.334177795134867
140 4.776066989658402
141 4.707476851446312
142 4.4167694580132135
143 4.841640599898958
144 4.378117717509254
145 4.046994979535946
146 4.479769183469662
147 4.760520447368693
148 4.862278143738626
149 4.365807652185075
150 4.513388876257334
151 4.620806684327865
152 1.1128052503425319
153 1.6687047838714917
154 3.8931902478216474
155 1.4880318840274118
156 2.654305335665235
157 2.4701583956374003
158 3.7519892986879864
159 3.5231632862222266
160 3.794534501070238
161 3.518319482397051
162 4.284764627118122
163 2.02218976106989
164 4.287707387575584
165 4.528582868017447
166 4.8670868516987955
167 3.9117054493683443
168 2.2579035817866924
169 3.3604352516556872
170 3.6854086950525096
171 4.794745500376175
172 4.258162870476961
173 4.309071690519429
174 3.7424412630664894
175 3.015789891994023
176 4.678526541119507
177 2.6126133749366405
178 3.2976678235530854
179 4.046356128104963
180 3.131626414634963
181 3.414374902757487
182 2.276452239666545
183 4.404765104309774
184 3.708859344162819
185 3.5913258780620265
186 3.596436680339556
187 3.7270805425470375
188 3.84195103859865
189 4.212165141968562
190 4.670163453822008
191 2.9149352346830835
192 3.795905096975962
193 2.6771916063716295
194 5.142707228391679
195 4.409988417504457
196 5.548503974228598
197 4.548896491568162
198 3.268551041551289
199 2.1957447655364737
200 1.3605673138661887
201 2.9908388027371187
202 1.4922818521848256
203 4.647488434195019
204 2.6155099698680093
205 5.4863211756483805
206 2.5190317899292447
207 3.4452888469913527
208 1.4794875909598075
209 3.679299538114658
210 1.657716874190142
211 4.11838700332508
212 1.4914575121354547
213 4.074198009939734
214 3.9959434176780677
215 4.988347315687727
216 2.7573094585029017
217 4.3606178666339925
218 2.648623193146963
219 4.139131828001684
220 3.105915204342947
221 2.0061892511024375
222 2.6104981873124555
223 5.481991526374263
224 3.026680627603376
225 4.010561605911167
226 3.774343009568208
227 3.540099200801615
228 2.760124461162914
229 3.832536638106424
230 5.424309112736268
231 3.1504773705377893
232 3.285786414129141
233 2.455723492137456
234 3.577160819611326
235 3.140702332316644
236 4.184626771722211
237 4.578807212098583
238 2.5530177630551485
239 3.6022133266252965
240 2.9759185327318427
241 3.2819728388109546
242 2.943630430599041
243 2.1173880106126894
244 3.180465284894601
245 5.674118612036688
246 5.53979901531928
247 4.090573542218273
248 2.974820001748498
249 4.881208917812985
250 4.181334179872329
251 4.2643447343427825
252 4.829522879100962
253 4.659879271929778
254 4.1112812000262045
255 4.7388235912347225
256 4.544048884163167
257 4.734831345432792
258 4.701605920112946
259 4.656570583401464
260 4.7702310003548085
261 4.614693483240425
262 4.756860557703413
263 4.874489721844071
264 4.7352507992478365
265 4.916580162523491
266 4.031279187968067
267 4.870744045198304
268 4.7075971051894445
269 4.763686763558857
270 4.9197685767415225
271 4.790400580785325
272 4.96946946189903
273 4.741482970612917
274 4.472253278633409
275 3.9459809058914512
276 4.526775411260314
277 4.644107439327492
278 3.9591151358846774
279 4.812541386582903
280 4.815484387342898
281 4.890724162390901
282 4.447174357480385
283 4.732940189449978
284 4.8222494141653245
285 4.297464615512274
286 4.648228804355505
287 4.217230898884352
288 4.564075537126167
289 4.313243973088323
290 4.6843480801740744
291 4.732602925938726
292 4.7301943570897205
293 4.444711824295912
294 4.402209122559118
295 4.887200794715875
296 4.711727555847715
297 4.775082678765194
298 4.848005105375189
299 4.3308443300740365
300 4.242879612267894
301 4.499940850239663
302 1.1128052503425319
303 1.3605673138661887
304 1.8973523629085167
305 2.8494273719175993
306 2.524608051340976
307 3.841509456275534
308 4.336215830227465
309 1.7077343546135932
310 3.6641614745872513
311 4.057711667581891
312 3.5513506104665082
313 3.535970601963092
314 4.186492132379714
315 3.480096612093706
316 3.8070508816552673
317 3.085245941210745
318 2.9743545881061895
319 3.0087185713928317
320 3.163360562214578
321 3.5231329445139696
322 2.6835518692429945
323 1.0949867372116788
324 2.5104004536718563
325 3.90265635061357
326 4.539341375434432
327 3.3383353604150123
328 1.97228443289943
329 3.057507053332799
330 2.4463175878411727
331 4.14834923973506
332 4.605939521377993
333 5.4611426532991105
334 1.7421465212791394
335 4.2678246042682435
336 3.479882344118515
337 3.4003944968839375
338 3.5356141013070537
339 4.207346865377541
340 2.4413228679982484
341 3.8919979115341903
342 4.283808436004259
343 2.296025381126842
344 2.1558907196127217
345 1.8882896117470502
346 2.479748179391841
347 4.694506296384903
348 5.560399938074481
349 3.9249353619077407
350 4.770604691345774
351 3.510891893721297
352 2.805065796278535
353 1.174929359231702
354 1.466326953064261
355 2.314741340377405
356 3.5568344460184753
357 0.8543409014315058
358 4.838239149856408
359 2.428329635339666
360 3.1759490040554
361 4.924124162359757
362 3.1105969563958054
363 4.864678480907665
364 3.1117131342512487
365 2.4148550792014283
366 2.595879386389158
367 3.539757735815993
368 3.7854341301114407
369 3.9210242905965185
370 2.2610682608369492
371 3.6129072523457864
372 3.2763040428409367
373 2.3382902885082513
374 4.990486227558092
375 3.0530603628324404
376 3.589828907836388
377 3.525648795521791
378 2.0191901353224546
379 2.005110231949529
380 2.799812492620158
381 4.032774582262669
382 2.6531658533627738
383 4.043542354385842
384 2.462328701838766
385 4.63351831581511
386 3.8603018046917645
387 2.0332677191296966
388 2.6769776848883016
389 3.69757635290829
390 4.386294828260839
391 3.1794240809398593
392 4.417775571946033
393 3.987188611871267
394 2.7239906869551884
395 3.1543174123971216
396 2.715393213646411
397 4.0299535789748235
398 4.169245992922795
399 2.531792976388341
400 2.734088599843778
401 4.508094519580093
402 4.7883674624457
403 4.716502548526663
404 4.125330270987203
405 4.090526221823267
406 3.8990361422889257
407 4.780426028041423
408 4.611829956391743
409 4.84007807818489
410 4.592384661689459
411 4.269472121272955
412 4.599779650094206
413 4.017380415904488
414 4.450685869659852
415 4.851812265164864
416 4.762464097564471
417 4.761120395956554
418 4.319277278713846
419 3.90242129837229
420 4.826024640949904
421 4.849768250347727
422 4.503962619317679
423 4.79857238184165
424 4.758969675678791
425 4.84962720538909
426 4.492158193552346
427 4.785101311365145
428 4.192675655888929
429 4.712055488199582
430 4.611175524129591
431 4.523458978354608
432 4.368024128494526
433 4.5010478680370225
434 4.862222148334312
435 4.470266137617377
436 4.841205134138327
437 4.9347971734031155
438 4.287611018075987
439 4.812632280481854
440 4.839765248994883
441 4.469056315200932
442 4.475461797561811
443 4.706599053562034
444 4.51280264256176
445 4.428730621780283
446 4.793382303117296
447 4.419351528517579
448 4.230880117163004
449 4.603255558928368
450 4.661209577857308
451 4.667408282468778
452 0.8543409014315058
453 1.0949867372116788
454 1.4007653615775537
455 2.127855223961722
456 2.1875840546010443
457 1.3677291129380609
458 1.5679310371695876
459 4.165344504999082
460 3.6273300733568816
461 1.6072714804537762
462 2.7765148881312447
463 3.2205900387538433
464 1.880958622604289
465 2.1101112186455793
466 4.058745468534974
467 1.9537994430058316
468 0.97643033768812
469 3.8345779875554307
470 4.228578968135771
471 1.528487871328513
472 3.4990847697681353
473 5.113144318449532
474 4.683083841185361
475 3.4677623988516832
476 4.4599424996037635
477 3.721148298643564
478 2.3807176570122106
479 3.6866624611519057
480 3.348671650265977
481 3.703508517947217
482 5.780475155509577
483 2.0776444293100664
484 2.186983803560764
485 3.586185559590568
486 2.7257805634883647
487 4.823511244365986
488 3.449050843210106
489 2.8783157535345367
490 2.475042621382502
491 3.100823752988397
492 2.7821737345797914
493 3.007129121933686
494 1.5705323188705478
495 3.6938991250983775
496 2.3861827823485826
497 3.5919224171899375
498 3.240624714507236
499 4.140177558129597
500 5.709018104425862
501 4.903655306602452
evaluations raw_y
1 3.3653270873470484
2 4.674522914506557
3 6.208449597610435
4 3.2974697406699187
5 5.468389644542633
6 3.7567428275045893
7 5.273644051941686
8 2.3140399571027412
9 3.1293494613866146
10 2.976032247344915
11 3.7026591879723663
12 4.869726086722576
13 3.504411942139939
14 3.9560390235425826
15 3.954726300060768
16 3.5420319614369014
17 3.7631539635441538
18 5.660290801637915
19 2.989273987068339
20 3.4522293705786296
21 3.684693114358438
22 3.4080364993604935
23 3.4317391120412015
24 4.850624604360307
25 4.684106081174444
26 3.614678235719181
27 3.1963553374300915
28 3.3066474033879727
29 3.172323583943595
30 4.621440221809833
31 5.387659136615324
32 3.7404499960239668
33 2.70880904776814
34 5.1920182521071485
35 4.207084816823908
36 3.729066453789879
37 3.9689187888180757
38 2.744349073528314
39 4.339123756796928
40 4.751077503511075
41 3.669696882901649
42 4.437255180332148
43 4.169153392575126
44 3.7687642441886644
45 4.482201350027102
46 4.018438770515946
47 4.684611902694599
48 4.7725835086781805
49 3.354516202778175
50 5.225455745768635
51 4.18251843413478
52 2.936505290932815
53 4.100825222212099
54 2.628640782659436
55 1.1676996515515095
56 5.42403825128168
57 2.715706742092716
58 4.000937388186574
59 3.182166621223887
60 3.744281564598876
61 4.492785445327474
62 3.6603594458075057
63 2.5242956330907833
64 2.943472325547069
65 4.983702901031636
66 5.7714666320605845
67 4.115081720898494
68 3.504080808362194
69 3.057718068278595
70 3.44730664365291
71 2.3583084613011653
72 4.843757269168082
73 4.199478472205452
74 5.111372876078436
75 2.3649181863961504
76 4.197585589878235
77 2.306035471620714
78 3.7045706279647526
79 3.427655840165465
80 4.09246219453075
81 2.91085320452303
82 2.868959947769156
83 1.2583552242865248
84 3.187092501088439
85 3.928546719308879
86 1.8254239152751186
87 2.3141285782428778
88 2.597759335650827
89 3.578653053967945
90 2.7346929096661974
91 2.867236925614986
92 4.80647113668049
93 4.194538147864906
94 4.092375078519836
95 2.723440162404476
96 3.8384400568547505
97 3.2462314658411664
98 3.8680050928671585
99 3.318996197072539
100 3.3982034114999906
101 3.9997565739377565
102 4.886187570096733
103 4.624044953292568
104 4.392671763438899
105 4.134055258690248
106 4.27757405298818
107 4.778798711761848
108 4.6298767104233685
109 4.84811578454521
110 4.935061975760259
111 3.924377688888381
112 4.7655940688719305
113 4.542413236375888
114 4.7263567780955
115 4.805240737849536
116 4.8646284621074
117 4.505429382695964
118 4.5688438423236075
119 4.75137324723977
120 4.311071939511931
121 4.754002732547484
122 4.227617703254546
123 4.366683330497632
124 4.73642918039996
125 4.5413383030347
126 4.372866492399089
127 4.405753489530866
128 4.757349974726579
129 4.6142174114205154
130 4.735762097981188
131 4.46940256453062
132 4.58394801968644
133 4.579307539738727
134 4.57456827413866
135 4.55867764309232
136 4.612542559126516
137 4.694507682589737
138 4.94235457899216
139 4.447292851274794
140 4.942324606256685
141 3.6579897145513143
142 4.348656003846611
143 4.165345200314608
144 4.601093044450267
145 4.731048145626612
146 4.82989245567981
147 4.637987808503667
148 3.46296508978858
149 4.431735674872735
150 4.407551194607616
151 4.827794738698523
152 1.1676996515515095
153 1.2583552242865248
154 1.7938983858563056
155 3.5169024271920977
156 3.2227514910986486
157 3.407241514348835
158 4.267876569480644
159 3.193365852196694
160 3.7122569986315668
161 4.89372936899569
162 4.397395498558757
163 4.420893431185235
164 2.75682978329576
165 3.1622500642024534
166 2.616402494822656
167 4.0152995893186585
168 3.7771806731907898
169 3.725693733322609
170 4.728966507076259
171 3.691815709914044
172 2.2358985974669263
173 3.848843032079261
174 3.8547722742301005
175 3.6291897073407027
176 5.234120431283195
177 4.623614855435984
178 3.1811830462689885
179 5.03421772943503
180 1.3019694428500161
181 3.4749350721821104
182 5.17938971217896
183 4.794214244855953
184 4.667021377449717
185 4.654647097299264
186 4.721430728621703
187 1.2715198781008699
188 3.3796231767036673
189 2.6284876370063084
190 3.5576272560134283
191 3.3349872794176267
192 2.5199295878325447
193 2.877570967712746
194 3.9145279822408288
195 4.481047462281989
196 5.264180914224363
197 3.767366541938279
198 3.8545491224149124
199 3.2190560640396244
200 4.748919906517466
201 4.56350066822005
202 1.9848789255962433
203 3.713552283765543
204 1.2405913006032627
205 3.9778705061302935
206 3.3816542368986626
207 2.1097757151975407
208 2.554247900462041
209 3.392199402077981
210 3.3102205363689396
211 3.279230636396546
212 1.2381163432118951
213 2.609627088539429
214 4.184904299434718
215 2.802463246256258
216 3.437720410143026
217 3.486060371396886
218 3.5725470065344207
219 4.303449970895004
220 0.5563640109174427
221 4.060295460810678
222 2.9483672624726123
223 3.4775536444843222
224 4.283604994864483
225 2.7600435520215196
226 2.148561423981438
227 2.9385364051437635
228 2.2484187446234927
229 3.098675885103919
230 3.785903910297709
231 4.200348618938746
232 3.6856201118394507
233 4.326178632769192
234 4.0947588334099
235 2.2341318143762523
236 1.6477920649448405
237 4.772110288056449
238 3.79772883652112
239 3.0411676264973835
240 4.213698392162291
241 3.1845733406080114
242 3.2315248624887474
243 2.085803967311562
244 4.76424157984029
245 2.6044419634467384
246 4.34412640033624
247 2.4094505560559507
248 3.4663628313700108
249 2.8404246483586757
250 4.673102912029439
251 3.5659500101290154
252 4.73088083450641
253 4.942823514884573
254 4.819911589161243
255 4.631106984732969
256 4.825679065535573
257 4.530243241635158
258 4.634239793460923
259 4.743346223540309
260 4.311418039520563
261 4.593301455102003
262 4.827349023161839
263 4.610538503914618
264 4.463321313673377
265 4.512424600724041
266 4.612798085358099
267 4.742608470846708
268 4.660869192669945
269 4.809937615724554
270 4.667047137598844
271 4.470247259654047
272 3.9786765568371663
273 4.741444472121921
274 4.9705944104063216
275 4.30467605920265
276 4.568961209231057
277 4.733533120724645
278 4.802463116870978
279 4.43934699062067
280 4.58308101941699
281 4.482650992600419
282 4.889019728797744
283 4.717519678941944
284 4.85142672406713
285 4.659453417923439
286 4.6418644294719
287 4.76476353120031
288 4.3788039451944405
289 4.497236680951985
290 4.797821016957996
291 4.331698011175792
292 4.404792682291883
293 4.573138521439218
294 4.747105424329245
295 4.854746193651145
296 4.6737524837102145
297 4.824990652434243
298 4.834736806643706
299 4.9532183914752395
300 4.592079351834747
301 4.828807968649975
302 0.5563640109174427
303 1.1676996515515095
304 1.3152497846666882
305 1.0851799544885892
306 3.48803310732909
307 3.043751642640197
308 5.158187169908009
309 3.2989639615337465
310 3.522834520371955
311 3.8016612490037343
312 2.6284639559412404
313 2.9226645460123626
314 5.276545795560718
315 4.848719118182634
316 2.992213514348348
317 3.1637468082669473
318 3.813986566400234
319 3.5142236896249597
320 1.9669875857562698
321 3.3962183299349458
322 3.5049088780003257
323 3.4283298813946455
324 4.271151381719383
325 4.983998333449487
326 2.5165122737743033
327 2.3113686541801117
328 5.1936268432510255
329 4.992639201538053
330 2.5228761909640216
331 3.639258521697038
332 3.1983288304915716
333 3.6809734993127377
334 4.195665666780005
335 2.3908174739986063
336 2.2741294495754016
337 4.9614630107995685
338 3.5966287658849962
339 3.2964395401810473
340 3.0605742769165523
341 3.10415928636999
342 2.4593461822920406
343 1.497840549388116
344 2.9422658529082506
345 1.5454810214434815
346 3.3984171597089343
347 2.727443402090916
348 2.226134753242115
349 3.8411503985613025
350 3.4717573978840353
351 2.8749062938766787
352 2.389377983664146
353 3.6335540095342487
354 3.739728801140767
355 2.366462256659563
356 3.338768500950733
357 4.212326079070712
358 4.796676579215611
359 3.608550759640597
360 4.8172850357151855
361 3.7667820664217686
362 2.8916245998909402
363 4.374752420471388
364 2.70711849382045
365 2.5016355005731556
366 2.5949645233459866
367 4.178063353470518
368 2.7981318636106596
369 2.545854777685246
370 3.297230254905747
371 2.2233502592869683
372 3.1015110790508147
373 3.103524494800605
374 4.9112810892738485
375 1.5269596870213789
376 5.149921001534493
377 4.3159646629944275
378 4.631712786139655
379 2.7023187889520193
380 3.341964920042151
381 2.5598583527524057
382 3.3449923886739414
383 4.988351126162922
384 4.547957773532273
385 3.8942279259298496
386 3.7586316800614603
387 3.7290898091790656
388 1.7334641149583878
389 3.7062254471398832
390 2.8276002268125393
391 4.566620855088793
392 3.3077968994291655
393 3.9715712661470715
394 4.562821685506254
395 4.0288239164361235
396 2.7404902651525176
397 5.079237857979102
398 4.571797425468616
399 3.7058681369275375
400 4.044887247800148
401 4.653020381113961
402 4.667174571436698
403 4.315665383078706
404 4.563803071457281
405 4.057759504167445
406 4.311660055607609
407 4.6622530854437265
408 4.652917862070636
409 4.681681753702666
410 4.624203682474316
411 4.842671013471236
412 4.845438680283161
413 4.893685781415262
414 4.809900258670148
415 4.867913132040677
416 4.699415459294494
417 4.924448105238568
418 4.61264541904793
419 4.701263662701424
420 4.148633601304947
421 4.2133298640473775
422 4.790281775718597
423 4.817175071272544
424 3.9921442913018232
425 4.672074829851437
426 4.8978059869037684
427 4.7146178164913275
428 4.064864902542313
429 4.640475364625046
430 4.594548644669484
431 4.631825455596591
432 4.376337915827054
433 4.060276238750187
434 4.31108811794627
435 3.997792192863475
436 4.560881013074249
437 4.587720947175652
438 3.9642238176788958
439 4.585553413129128
440 4.113303690962868
441 4.516162721374251
442 4.550734512565915
443 4.396547025383557
444 4.398004834684598
445 4.538442345641195
446 4.414424498030234
447 4.596946581909022
448 4.635446309357917
449 4.687805042769984
450 4.761502507469345
451 4.536601257205811
452 0.5563640109174427
453 1.0851799544885892
454 1.1676996515515095
455 2.584734201897209
456 1.715862173667022
457 2.1327636447237297
458 2.4801340320162852
459 2.4988649728180543
460 3.8541967460779327
461 4.903473334558031
462 1.7817334066506074
463 2.816448497948636
464 2.5539407000863945
465 2.0821325003682656
466 3.3325410278543877
467 2.41435924269338
468 2.8608939534013076
469 4.276282216086772
470 4.189507282870805
471 5.034780558926224
472 3.1040364122390263
473 3.2288092779239284
474 3.0807704601858266
475 2.993986277470846
476 2.8501949398552915
477 2.373017081716541
478 2.428762151974172
479 4.381790613943586
480 4.212926304901623
481 3.4732450330553952
482 4.485512459648091
483 3.030976090500298
484 2.2105944933735024
485 2.92350242351666
486 3.115570699509492
487 2.203085201093207
488 1.9434498393086037
489 3.205584137363827
490 2.2696125740055098
491 2.560963747861142
492 3.4386243553538085
493 2.872896306049954
494 3.827443541067485
495 2.559963588705867
496 4.401942056585753
497 3.989505046832412
498 4.197900581154793
499 3.140476085918232
500 3.547650576242589
501 2.798438760881492
