evaluations raw_y
1 5.0
2 5.5020945850603535
3 3.924599981062963
4 1.1895995405335236
5 4.288672076238367
6 3.808661830610377
7 2.7633417071983017
8 5.421743312234536
9 2.284216780158154
10 -0.06354595714427469
11 1.5239690275631002
12 1.4826747398978588
13 4.834610821145007
14 2.4350763656302274
15 3.957361504795792
16 2.7889572763452266
17 3.8076157203308654
18 4.926686845695845
19 3.364024776372419
20 2.7782074609572587
21 1.8149678689015285
22 4.139831046451716
23 0.5208453946527041
24 4.413585092971414
25 1.6460595188118154
26 0.5579197693114594
27 1.6027656395427474
28 1.151687941427844
29 -0.35763461231055893
30 2.742096202092081
31 1.501239630642524
32 1.825965102503103
33 0.2359482997494433
34 1.0504834779704062
35 -0.022230769303508313
36 0.12557756384981922
37 0.35151034246594565
38 -0.3288840956962323
39 -0.3514907555217156
40 0.12910761419600597
41 -0.4688279395879336
42 0.42522586564442527
43 -0.41053047332274595
44 0.44932315256870836
45 -0.2869349113648193
46 0.30225181350679575
47 -0.5760073970960833
48 -1.0383089001020958
49 -0.7468637232196886
50 0.07608351250023376
51 -0.4262971124229576
52 -1.1991973784262748
53 -0.5300017028429479
54 -1.0839987202655148
55 -0.1789922561380507
56 -1.416921198046429
57 -0.15803875236425502
58 -1.030292389492877
59 -1.5595272579516508
60 0.6543332486299862
61 0.29428846668098396
62 0.04381851762645969
63 -0.5566452276942931
64 -1.0438869238849227
65 -0.7384746340930575
66 -1.286675065746402
67 -0.713556889585085
68 -1.15289484444546
69 -1.4814383039825034
70 -1.4865736510260708
71 -1.4102578060238091
72 -1.4518936724896587
73 -1.3625669483315368
74 -1.5107378335254293
75 -1.5293459145492867
76 -1.4159638529854333
77 -1.5005079539679456
78 -1.560385706471158
79 -1.502358528673515
80 -1.5989079821698178
81 -1.5501950166047112
82 -1.565363131432878
83 -1.5211519078247626
84 -1.503601550131075
85 -1.534070012345206
86 -1.4556633403239674
87 -1.6031425634734462
88 -1.3967059970590838
89 -1.6382585047993052
90 -1.4430738195049728
91 -1.2513386958840833
92 -1.4617411904812627
93 -1.2685552785859302
94 -1.7269570478928706
95 -1.500779140250549
96 -1.330659684698547
97 -1.6380820303494676
98 -1.5803081963126635
99 -1.156252205314735
100 -1.8005891670333198
101 -1.2037332412640176
102 -1.680320546931951
103 -1.909858158067491
104 -1.1436642117264466
105 -1.4809562886993943
106 -1.1570696467038954
107 -1.6216680147347822
108 -1.6701730171631897
109 -1.9197946805597272
110 -1.8132441985041212
111 -1.9539206899577832
112 -1.81531280149532
113 -1.234811891679119
114 -1.650064909317308
115 -1.8552516300139144
116 -1.223780613745895
117 -1.9307133682219049
118 -1.8138250148049413
119 -2.0088953074889044
120 -1.5247170421861025
121 -1.4043014887114504
122 -1.9605709135671745
123 -1.8397425089852932
124 -1.6492843544942242
125 -1.918541372151442
126 -2.0013887126038803
127 -2.0216511850034458
128 -1.9396410298242117
129 -1.9610508153104358
130 -1.9887801950117163
131 -1.9854607825595405
132 -2.0071064009709807
133 -1.9980763162730635
134 -1.9845523737742314
135 -2.004500034574376
136 -2.040083659361132
137 -1.9617630435270266
138 -2.0143187920709917
139 -2.0515511988471036
140 -1.807357266140428
141 -2.0200473392884346
142 -1.9786470814113126
143 -1.9671511774785455
144 -1.9718235412880252
145 -1.937178692881482
146 -2.0558686500877075
147 -2.0247895339330886
148 -2.0170844697187964
149 -2.03562912543436
150 -2.0408561508108125
151 -2.017893427883642
152 -2.033850656724895
153 -2.056066134311255
154 -2.044967054033411
155 -2.030238054972151
156 -2.030917798267645
157 -2.0513573734270008
158 -2.0356101159636943
159 -2.0540440136251124
160 -2.0293815100436636
161 -2.0533463223928345
162 -2.0553706028735585
163 -2.054647744831677
164 -2.056691022868642
165 -2.0536114329463224
166 -2.037377297656226
167 -2.062037580779848
168 -2.0338814465240174
169 -2.056256819023088
170 -2.0611412483895872
171 -2.057293638511784
172 -2.0457815391518217
173 -2.0590301852396182
174 -2.0565148171114904
175 -2.0663264557071264
176 -2.0497041675979935
177 -2.05779841871364
178 -2.0617238711977746
179 -2.0597910860413053
180 -2.0643307329669196
181 -2.0643786409850877
182 -2.065776164223071
183 -2.064798286532591
184 -2.0665039547627635
185 -2.0679843707496715
186 -2.067903482426707
187 -2.0708498784390876
188 -2.040412826622713
189 -2.051838705412755
190 -2.0615446862846256
191 -2.0642313389006
192 -2.070104751706882
193 -2.0667005437237087
194 -2.069071588226338
195 -2.073341816184802
196 -2.0612357439420346
197 -2.072411857055628
198 -2.067364733837229
199 -2.0718247190558046
200 -2.066136020751316
201 -2.0698730396279488
202 -2.07154299825035
203 -2.0724882448283863
204 -2.0736084031807587
205 -2.0710357596933076
206 -2.0645433039593133
207 -2.0709653475410117
208 -2.0713806459612147
209 -2.0713549022724282
210 -2.0720472481272085
211 -2.072609190145204
212 -2.072048896771236
213 -2.072947155142504
214 -2.0736792939670092
215 -2.0732030358158178
216 -2.072813503361486
217 -2.0739313148248044
218 -2.069982269987158
219 -2.073700616274425
220 -2.0729369952238024
221 -2.071751452884641
222 -2.0738222095281467
223 -2.074811712712236
224 -2.071280694094293
225 -2.0724114750392255
226 -2.0743745210045006
227 -2.0735715350519737
228 -2.075055614039955
229 -2.072755905383035
230 -2.073369546767347
231 -2.074324994028915
232 -2.074271967579289
233 -2.0742468174418907
234 -2.0743895419851777
235 -2.074471972353338
236 -2.0737831912427787
237 -2.0746111227294914
238 -2.074912318730887
239 -2.074828097769864
240 -2.074925646902602
241 -2.074975352904063
242 -2.074775982517808
243 -2.074905415312085
244 -2.0750130674058185
245 -2.0750390698590953
246 -2.0750186743859937
247 -2.075069788761967
248 -2.0750041559223913
249 -2.074930355508083
250 -2.075038510162123
251 -2.0750854060552775
252 -2.07488482997924
253 -2.07479217814755
254 -2.075002241744121
255 -2.0750195476756432
256 -2.075094158102071
257 -2.075000324976979
258 -2.075120050278968
259 -2.0748935554375323
260 -2.0748129787592164
261 -2.0750899942003733
262 -2.074690377014163
263 -2.074884843208397
264 -2.075117338208649
265 -2.075057531484724
266 -2.0751039166449123
267 -2.0750585421598644
268 -2.075122909264365
269 -2.0750490891571927
270 -2.0749893338399157
271 -2.0750310902403166
272 -2.075098492117394
273 -2.0750582326355804
274 -2.075024819990124
275 -2.075108372804342
276 -2.0750938979999134
277 -2.0751205596993456
278 -2.075106702166362
279 -2.075116300945086
280 -2.075105815757995
281 -2.0751206092604724
282 -2.0751201886805797
283 -2.07513367704197
284 -2.0751248067247667
285 -2.0751107879124504
286 -2.075152223907269
287 -2.0751526564953675
288 -2.075143103769072
289 -2.075138281671223
290 -2.0751009746555407
291 -2.075136157370658
292 -2.075092193470974
293 -2.0751364164920703
294 -2.07513824293809
295 -2.0751417990924854
296 -2.075142630074881
297 -2.0751475351472695
298 -2.0751489209500775
299 -2.0751404175015606
300 -2.0751349564352264
301 -2.0751491275933542
302 -2.0751475588832364
303 -2.0751563920252094
304 -2.0751499477369224
305 -2.075153686863096
306 -2.07515027312395
307 -2.075152015939198
308 -2.0751505298598896
309 -2.0751519967298107
310 -2.0751559479806656
311 -2.0751526822888735
312 -2.07515691162217
313 -2.0751545043538178
314 -2.0751529611146178
315 -2.0751564470991295
316 -2.0751581599886126
317 -2.0751548225630265
318 -2.0751583574990904
319 -2.0751568629466153
320 -2.0751474631058557
321 -2.075160626959472
322 -2.075158782912608
323 -2.075156133138772
324 -2.075152641401041
325 -2.075146926783763
326 -2.0751535612108034
327 -2.07515608721979
328 -2.0751544874505505
329 -2.075155686999852
330 -2.0751620049322823
331 -2.075156365386626
332 -2.0751570023609514
333 -2.0751636478995366
334 -2.075149431215379
335 -2.0751642007214404
336 -2.0751604180319574
337 -2.0751529215153104
338 -2.075151982184943
339 -2.0751492009962376
340 -2.0751562015652922
341 -2.075158309845312
342 -2.0751634804922707
343 -2.0751568829602722
344 -2.075158248606513
345 -2.0751649961237697
346 -2.07515519254067
347 -2.0751585369275234
348 -2.075163703088996
349 -2.075157783676797
350 -2.0751595429802463
351 -2.0751629863251795
352 -2.0751635863061253
353 -2.075165436592985
354 -2.0751528633474328
355 -2.075164500415769
356 -2.075161069278116
357 -2.07516552965723
358 -2.07515807075701
359 -2.0751588683541575
360 -2.075165746509727
361 -2.075158933405744
362 -2.0751570033094584
363 -2.075165042830577
364 -2.0751622637399145
365 -2.0751655772389817
366 -2.07516345647296
367 -2.075162810100732
368 -2.0751637179958276
369 -2.0751650107594912
370 -2.075163911237055
371 -2.075165286344281
372 -2.07516385436766
373 -2.0751659449003674
374 -2.0751647845025714
375 -2.075166013689071
376 -2.0751621197874037
377 -2.0751642073118344
378 -2.075163437412104
379 -2.0751652013485082
380 -2.0751650899838276
381 -2.0751654139685742
382 -2.0751660644248227
383 -2.0751651177112893
384 -2.075164639309768
385 -2.0751651942971385
386 -2.0751656239291725
387 -2.0751648152481943
388 -2.07516409861744
389 -2.075166342189041
390 -2.0751637741879545
391 -2.0751662300721
392 -2.0751656996012056
393 -2.0751657102009102
394 -2.0751665810882796
395 -2.0751659996370875
396 -2.0751658695567325
397 -2.0751647219057032
398 -2.0751651135772597
399 -2.0751664479601417
400 -2.0751661867157596
401 -2.075166330675385
402 -2.075166483519915
403 -2.0751661939064108
404 -2.0751665326491273
405 -2.0751662286318897
406 -2.075166551797135
407 -2.075166606399718
408 -2.07516641378525
409 -2.0751666110025946
410 -2.075166030797745
411 -2.07516571987596
412 -2.0751665069412835
413 -2.0751664668865013
414 -2.075166463239466
415 -2.0751663085711516
416 -2.075166501652152
417 -2.0751664959880753
418 -2.0751666662732813
419 -2.075166702703426
420 -2.075166575444131
421 -2.0751660224710466
422 -2.0751666913770954
423 -2.0751666181000576
424 -2.0751662049612674
425 -2.075166595790377
426 -2.075166680565799
427 -2.0751664249014214
428 -2.0751664101638796
429 -2.0751666436109533
430 -2.07516673052068
431 -2.0751665812760325
432 -2.0751664935516287
433 -2.075166698094058
434 -2.0751667391419946
435 -2.0751663620935132
436 -2.075166729038756
437 -2.075166810441292
438 -2.0751669256924217
439 -2.075166064914656
440 -2.0751662686092374
441 -2.0751665198797373
442 -2.075166860443964
443 -2.075166608300143
444 -2.075166532324356
445 -2.0751665740431045
446 -2.0751668711612683
447 -2.0751666336534633
448 -2.0751669945624167
449 -2.075166817553621
450 -2.0751668348368004
451 -2.075166874806151
452 -2.075166805226893
453 -2.07516665047607
454 -2.0751669621960454
455 -2.075166911515962
456 -2.075166897545481
457 -2.0751669289924375
458 -2.075166888666196
459 -2.075166974411429
460 -2.0751669798094676
461 -2.075166980995721
462 -2.0751669632963865
463 -2.0751669782372666
464 -2.0751670006302074
465 -2.075166962171779
466 -2.07516695483595
467 -2.0751669842837956
468 -2.075166960889082
469 -2.075167003134295
470 -2.075166946769914
471 -2.075166960011789
472 -2.0751670138485703
473 -2.075167008439936
474 -2.075166942744861
475 -2.0751669652288918
476 -2.0751669979480183
477 -2.0751669427329773
478 -2.0751670040887253
479 -2.075166999537365
480 -2.0751669939509116
481 -2.0751670049388435
482 -2.075167004661846
483 -2.0751670106636784
484 -2.0751670138562144
485 -2.075166983784231
486 -2.0751670118955774
487 -2.075167012005619
488 -2.075167005043656
489 -2.075167011071984
490 -2.0751670208886157
491 -2.0751670051076383
492 -2.0751670096122026
493 -2.0751670264723687
494 -2.0751670089324175
495 -2.0751670112058456
496 -2.0751670090232164
497 -2.0751670082904625
498 -2.0751670180565247
499 -2.075167018346984
500 -2.0751670200593946
evaluations raw_y
1 5.0
2 3.078108666514046
3 0.9916744176959209
4 1.4293114720855904
5 1.934626912049602
6 2.8657117488423385
7 -1.3091852771737236
8 1.389301612572125
9 3.6862176634032187
10 6.7549323201276446
11 6.293075110304745
12 0.5614343032328637
13 -0.5593145369262662
14 3.416973150453041
15 2.995227835097679
16 2.8575388254890823
17 2.30133363123873
18 5.386227072629696
19 2.7585880611117255
20 2.767281620312352
21 -0.9997665450897817
22 1.502505658462682
23 4.291113467968348
24 2.504687284415825
25 -1.4674687649595812
26 1.144444434810732
27 1.5184467176785446
28 0.00027483600930100494
29 1.8423077693547265
30 0.7832689914422922
31 0.5911870645557594
32 -1.3235707459441344
33 -0.8788070391546887
34 -1.9366785194187384
35 1.643966781998263
36 0.9935272919153038
37 -1.3458162440797836
38 -0.0841489086507844
39 -1.149346511835462
40 -1.758986978008541
41 -1.6011322988576748
42 -2.076690844273967
43 -0.9976879097237739
44 -1.696369508061047
45 -1.4068022327030265
46 -0.7051901083181242
47 -1.1942505881818781
48 -1.511255815176163
49 -1.7911077336384316
50 -2.0647908977718705
51 -2.0040661884940363
52 -1.8792002807843198
53 -1.976187651014801
54 -1.912372557782665
55 -2.0492003625504767
56 -2.0445903835178596
57 -2.0304294602232167
58 -2.074488761670178
59 -2.0773007887181505
60 -1.9546145328546425
61 -2.0076956943814004
62 -2.0497111791742766
63 -2.0785449157164075
64 -1.9617073599662527
65 -2.040595032084392
66 -1.988709807182522
67 -2.090667118645604
68 -1.8881858302658907
69 -2.0373555070773035
70 -1.981115129618353
71 -2.130714085708308
72 -1.9945610543925698
73 -2.074843240839964
74 -2.2220226444483404
75 -2.1001747669480526
76 -2.185794995193178
77 -1.8999897869397042
78 -2.014000930434805
79 -2.092777298835031
80 -2.117030360849934
81 -2.196489482124602
82 -2.147367374227014
83 -2.20488175483514
84 -2.1715999326480375
85 -2.209633892078714
86 -2.2005955028070425
87 -2.188293404570141
88 -2.2154427983049874
89 -2.1960279442833675
90 -2.205175440849349
91 -2.2291593762779542
92 -2.2023107680695158
93 -2.2250750346477584
94 -2.214938376157491
95 -2.22770319339485
96 -2.220216669321893
97 -2.221667948726162
98 -2.2196947951124444
99 -2.2297317782768746
100 -2.2004837501632655
101 -2.2461755393907366
102 -2.2445263708611054
103 -2.243179066338505
104 -2.229937845275297
105 -2.232504419810534
106 -2.231213121777751
107 -2.245584816636828
108 -2.231356719727696
109 -2.247249972107999
110 -2.2334853306465825
111 -2.2304245497252824
112 -2.252815825901731
113 -2.2420623439333918
114 -2.2319513577612207
115 -2.2371248650313262
116 -2.2365915632449584
117 -2.2366314884062426
118 -2.2451857593662354
119 -2.2538799360134503
120 -2.248354146104136
121 -2.2391308422574876
122 -2.253146549527498
123 -2.255457775277134
124 -2.230067899523531
125 -2.2482595298480517
126 -2.2461402402221102
127 -2.2468299945383703
128 -2.253147455462204
129 -2.2527872238057074
130 -2.249534259540433
131 -2.252725724693009
132 -2.2549642535565275
133 -2.2542970904127286
134 -2.2552295737829517
135 -2.2566133494438216
136 -2.260869311631869
137 -2.2403421410977873
138 -2.2496234157679385
139 -2.263193979786859
140 -2.2378277224334635
141 -2.250506179860072
142 -2.2559367647201367
143 -2.2592116427283755
144 -2.26284505252734
145 -2.2569218458510183
146 -2.2497502181652322
147 -2.265173096220545
148 -2.2636281203764406
149 -2.263409479312734
150 -2.2622011595402745
151 -2.261638787879365
152 -2.262710736250212
153 -2.2619208639239967
154 -2.2594499394896723
155 -2.2650161587903943
156 -2.2622982037536903
157 -2.2657504767448637
158 -2.2600540161378553
159 -2.2629905038163343
160 -2.264589830970264
161 -2.2666294990423372
162 -2.2597008565400305
163 -2.2624737454443373
164 -2.264747531301064
165 -2.265150272742672
166 -2.2657109055970017
167 -2.265581543102615
168 -2.2659816248496605
169 -2.266411023482389
170 -2.2656276991564215
171 -2.2660758277054454
172 -2.2665376313618126
173 -2.2664972394067715
174 -2.2659249320544776
175 -2.2664995695698504
176 -2.2665795962708257
177 -2.266495859887203
178 -2.2663835694117003
179 -2.2668986977628434
180 -2.267033396439642
181 -2.26535645146518
182 -2.2675352095244348
183 -2.265992095504945
184 -2.2663637893259367
185 -2.266618398304906
186 -2.267073634741299
187 -2.2669568367011337
188 -2.2675705940519766
189 -2.265543814304309
190 -2.2667032557902647
191 -2.2676380082929204
192 -2.2665981202644927
193 -2.2672214330854374
194 -2.266094579218467
195 -2.266881243683189
196 -2.2665440316699605
197 -2.2677422917263503
198 -2.266243361264356
199 -2.2662149264172853
200 -2.2676861793312866
201 -2.26818947126944
202 -2.2666048814999797
203 -2.2676854782586933
204 -2.2665679240315915
205 -2.2683509566055933
206 -2.2658841092536055
207 -2.2665314287457736
208 -2.266025318122506
209 -2.2675635505550864
210 -2.267083860128796
211 -2.266905773945872
212 -2.2680547984084414
213 -2.2682036134417976
214 -2.2680801616996487
215 -2.267844598885227
216 -2.2681461226646364
217 -2.268276907643931
218 -2.268284338520276
219 -2.2683269026031168
220 -2.2684715924393024
221 -2.268195324478552
222 -2.268294366108035
223 -2.2678858864076483
224 -2.268393028416407
225 -2.2681962745626514
226 -2.268655924718315
227 -2.2684316388536407
228 -2.2687368077603662
229 -2.2681146644311143
230 -2.268235169060752
231 -2.2685763430218837
232 -2.2684933663249782
233 -2.2686030822731786
234 -2.2687054779283855
235 -2.2685825340895858
236 -2.268712804400832
237 -2.2687139803317002
238 -2.26867560993051
239 -2.268793391033839
240 -2.268880720161573
241 -2.2687073558451067
242 -2.268331442069109
243 -2.268359736696707
244 -2.268624397011212
245 -2.2686245405594994
246 -2.268694258915171
247 -2.2687647271825515
248 -2.2688671864359606
249 -2.2689157993803133
250 -2.268730600109667
251 -2.2688672875248406
252 -2.2688283472497006
253 -2.2689008322769735
254 -2.268698596069489
255 -2.268897715701018
256 -2.2688782271836305
257 -2.2689164700539264
258 -2.2687797329623423
259 -2.268863411129639
260 -2.2688592812678814
261 -2.2688445116731213
262 -2.268887548551646
263 -2.268927325376724
264 -2.268820747514771
265 -2.26887914041537
266 -2.268878406954224
267 -2.268869056008192
268 -2.2689201945702986
269 -2.2689166003423815
270 -2.2688491341473545
271 -2.2689229848450085
272 -2.2689151590657044
273 -2.2689184415707992
274 -2.268936173847754
275 -2.2689157255871537
276 -2.2689562743320213
277 -2.26897299787425
278 -2.2687786555277976
279 -2.268842111502474
280 -2.2689269075841865
281 -2.268888120815546
282 -2.268933790406533
283 -2.2689596556432043
284 -2.2689456644513353
285 -2.2689417928282034
286 -2.268976944064473
287 -2.26897214250407
288 -2.2689407909578048
289 -2.2689567767663794
290 -2.2689537079756787
291 -2.2689503849445223
292 -2.268971997825241
293 -2.268964946408661
294 -2.2689669477438743
295 -2.2689606582460846
296 -2.2689707324727078
297 -2.26897340694308
298 -2.2689687265606753
299 -2.26897392458236
300 -2.2689759607391213
301 -2.268971766963293
302 -2.268976461415244
303 -2.268974224188634
304 -2.268976167360189
305 -2.268976099268431
306 -2.2689766780469975
307 -2.268976246313267
308 -2.2689763462962063
309 -2.268976622448158
310 -2.2689771764982267
311 -2.2689773326948726
312 -2.268976236387129
313 -2.268979458036037
314 -2.2689804460168057
315 -2.2689849163160214
316 -2.268983950033805
317 -2.2689642504748075
318 -2.268978164100383
319 -2.268967846804643
320 -2.2689902899081846
321 -2.268988720280468
322 -2.2689826131242463
323 -2.268981204558985
324 -2.2689685042430363
325 -2.2689852634286596
326 -2.2689843518278665
327 -2.2689901161356025
328 -2.2689784352708604
329 -2.268989486757072
330 -2.2689896593492715
331 -2.2689902557314667
332 -2.2689883107562676
333 -2.2689888621316254
334 -2.268992906459846
335 -2.268994252178368
336 -2.2689786077065133
337 -2.26898718538159
338 -2.2689939734562086
339 -2.2689911709320865
340 -2.268988008628882
341 -2.26899229299841
342 -2.268991642715155
343 -2.268992664320368
344 -2.268990561769874
345 -2.268992648986213
346 -2.26899421628187
347 -2.268994019075425
348 -2.2689942254598443
349 -2.268994025530806
350 -2.2689941227378623
351 -2.2689942444251434
352 -2.2689946223055553
353 -2.268993395041105
354 -2.2689942878003073
355 -2.2689938411084336
356 -2.268994403126379
357 -2.268993980734646
358 -2.2689942390540994
359 -2.2689943741602914
360 -2.268994047779943
361 -2.2689946529638085
362 -2.268994514471737
363 -2.26899496705826
364 -2.268993548638116
365 -2.268993755630779
366 -2.268994994952835
367 -2.268993441815872
368 -2.2689944456729343
369 -2.268994563338456
370 -2.268995045972678
371 -2.268993068776006
372 -2.268994212416462
373 -2.2689956425059945
374 -2.2689927773881124
375 -2.2689939396808283
376 -2.268994070646722
377 -2.268993867634114
378 -2.2689953577295983
379 -2.268995226912543
380 -2.268995379443772
381 -2.2689945280477546
382 -2.2689959821292645
383 -2.268995298869835
384 -2.268994074191124
385 -2.268994402187957
386 -2.268995683053393
387 -2.26899547856195
388 -2.268995188477219
389 -2.2689957411431916
390 -2.2689955577157486
391 -2.2689956720043414
392 -2.268996144386817
393 -2.268995755254648
394 -2.268995846426579
395 -2.2689961487572368
396 -2.268995471533645
397 -2.2689955305501157
398 -2.268996111638007
399 -2.2689958770021486
400 -2.2689955529622234
401 -2.26899591857838
402 -2.2689961083687957
403 -2.2689961129263105
404 -2.268995981257985
405 -2.268996206836814
406 -2.2689958991529107
407 -2.2689960640181277
408 -2.268996183741531
409 -2.2689961862659542
410 -2.2689962234665804
411 -2.2689958463294877
412 -2.268996075359955
413 -2.2689960268913545
414 -2.268996211312089
415 -2.2689962948932774
416 -2.268996282638924
417 -2.2689961162902277
418 -2.268996172846178
419 -2.26899617259134
420 -2.2689959699610256
421 -2.268996315148912
422 -2.26899616573312
423 -2.2689962956545595
424 -2.2689960555364226
425 -2.268996278312151
426 -2.2689962327213324
427 -2.2689961977103996
428 -2.2689963930639734
429 -2.2689961439478883
430 -2.2689963042555266
431 -2.268996317964307
432 -2.268996278448686
433 -2.268996299906261
434 -2.268996368243273
435 -2.2689963863380957
436 -2.2689964020802487
437 -2.268996300376224
438 -2.268996268959646
439 -2.2689963636020614
440 -2.2689964042946986
441 -2.2689962747302417
442 -2.268996173326055
443 -2.2689963016847146
444 -2.2689964048265003
445 -2.268996213052845
446 -2.268996183378715
447 -2.2689963472195047
448 -2.2689963394163217
449 -2.2689963490877276
450 -2.268996368240262
451 -2.2689963517824774
452 -2.2689964131497518
453 -2.268996351278984
454 -2.268996331286864
455 -2.268996449300035
456 -2.2689962418856964
457 -2.2689963408676728
458 -2.26899636705387
459 -2.2689963626397214
460 -2.268996429782448
461 -2.2689964527103186
462 -2.268996374013385
463 -2.268996412237393
464 -2.2689963104500626
465 -2.268996408556249
466 -2.2689964484904834
467 -2.26899643037544
468 -2.2689964675230487
469 -2.2689963300360354
470 -2.268996490486414
471 -2.2689963406886755
472 -2.2689963549343375
473 -2.268996334495853
474 -2.2689964821344137
475 -2.2689964356287167
476 -2.268996448666644
477 -2.268996459284999
478 -2.2689964463360894
479 -2.26899648148049
480 -2.2689964808639735
481 -2.268996484804768
482 -2.268996478844675
483 -2.268996484620869
484 -2.2689964777358114
485 -2.2689964932949245
486 -2.2689964871307264
487 -2.2689964727565095
488 -2.268996487752778
489 -2.268996487150197
490 -2.268996490934354
491 -2.2689965017380582
492 -2.268996486669133
493 -2.2689964825430327
494 -2.268996480831
495 -2.2689964950320745
496 -2.2689964875327897
497 -2.2689964997913417
498 -2.268996496544627
499 -2.268996494870467
500 -2.2689964979219255
evaluations raw_y
1 5.0
2 3.849556626865405
3 1.7610767826381521
4 2.7387447978409547
5 2.431241515132075
6 2.6365721435870975
7 0.6391259178692603
8 2.764038025983182
9 1.6211271976459223
10 5.316966729181941
11 5.808777483373898
12 3.2658835572542437
13 4.304460989088116
14 3.0525152147107373
15 2.9597759005764153
16 1.3442926595211522
17 3.4322003681982096
18 5.52717847862814
19 2.411839030474576
20 1.5517132346125218
21 3.636024855843057
22 2.810157564717768
23 3.00291483131306
24 2.672308888252384
25 2.361813577691126
26 0.9953283465860409
27 2.7364045490887055
28 0.9935450003212516
29 2.464413440705311
30 0.8085627361190464
31 1.3872030430222382
32 1.0535677064236422
33 0.6236163292067824
34 2.5813793412129407
35 1.0440365396728877
36 0.06773672397823793
37 0.555580680656089
38 0.4761741915603633
39 -0.34054951974197517
40 1.2297334614307767
41 0.07398345031329095
42 -0.3423871282360571
43 3.392067816622861
44 -0.646217927735574
45 3.6010664688320455
46 4.452240826454379
47 -0.6679024498286185
48 2.332065937801777
49 4.527031122365017
50 -0.3549310668123619
51 1.0812396745943236
52 0.48051212219473505
53 3.2134714071223662
54 0.48652322859767855
55 1.0212389165113755
56 1.6348002416971614
57 -0.30335008932031204
58 -0.23323658172017903
59 -1.1404315140148984
60 -2.006289718647252
61 0.4157084352395636
62 3.778593202458787
63 1.8563046343283691
64 -1.5524072168733893
65 -1.7124258146481057
66 -0.8664977071878279
67 -1.4115937769044744
68 -0.9453647793551406
69 -1.2530467694115224
70 -2.124834853238935
71 -0.4201822778923052
72 -1.2902270065773809
73 -2.245414861560658
74 -0.9690844894160596
75 -0.8473025467877766
76 0.19914271470711575
77 -2.1711965334299284
78 -1.296414874005083
79 -1.3021085747408698
80 -1.3993911661492242
81 -1.9516208338430503
82 -2.239230216728274
83 -2.030712281649594
84 -1.897802148324718
85 -2.0523721464721065
86 -2.240457606901964
87 -2.0653573452148044
88 -2.302880315195866
89 -2.356549287003955
90 -1.7066081491560399
91 -1.5464198526352693
92 -2.0547136009864757
93 -2.1824481187489977
94 -1.7639815220083397
95 -1.9764360466532374
96 -2.3079613935645216
97 -2.665276493693825
98 -2.3429321570625485
99 -2.5413057286522394
100 -2.624410306357835
101 -2.615108300176365
102 -2.3297893993894365
103 -2.519544267672516
104 -2.737752871007015
105 -2.2259970994127727
106 -2.4996538960216785
107 -2.566237998824268
108 -2.4499316025962927
109 -2.701011178452642
110 -2.7413010685530907
111 -2.4740035769333426
112 -2.512469254167726
113 -2.701124536813563
114 -2.6256774557714238
115 -2.75044735952212
116 -2.621126683120626
117 -2.521912262378818
118 -2.67206837569547
119 -2.341948796528373
120 -2.6590573581368258
121 -2.6064169374834574
122 -2.7552564947850966
123 -2.6855116146304927
124 -2.706456265817208
125 -2.7113079626427767
126 -2.739197698740612
127 -2.7195067017283088
128 -2.731283594933256
129 -2.745121605698209
130 -2.7595614269377933
131 -2.7363319209086225
132 -2.727678126893484
133 -2.691770190376935
134 -2.696240350145937
135 -2.6784781724712605
136 -2.7698822475356213
137 -2.6889197200616213
138 -2.664195516198352
139 -2.756610483190975
140 -2.8230594655856134
141 -2.7040672122343086
142 -2.7162801069923654
143 -2.7792043492670158
144 -2.7758680551505943
145 -2.7782165974960833
146 -2.769560427400807
147 -2.7713615319569773
148 -2.8209646154370325
149 -2.807361279574914
150 -2.805120501547285
151 -2.8213735159032955
152 -2.811396322569657
153 -2.8239324931560637
154 -2.8166277490876572
155 -2.8150167071169148
156 -2.834344574262697
157 -2.808326843352087
158 -2.834768804171216
159 -2.7602151133649064
160 -2.751679291497945
161 -2.8213097355022536
162 -2.834578666870828
163 -2.8130955490466882
164 -2.8108063954645006
165 -2.807647450704212
166 -2.8145528589834155
167 -2.8250400025765696
168 -2.8425897404716225
169 -2.8277571322885464
170 -2.834129704984143
171 -2.8382749668426652
172 -2.84019830853162
173 -2.838716314348602
174 -2.841881316801631
175 -2.839657349932873
176 -2.8340780828165872
177 -2.8408266633764017
178 -2.844031286960001
179 -2.8416681932612633
180 -2.8387945695259353
181 -2.8405319693349846
182 -2.8398047287610413
183 -2.8444196314638686
184 -2.8395623864809174
185 -2.8356835272575442
186 -2.8445032966200796
187 -2.8296460352417094
188 -2.833679518336483
189 -2.840163464795525
190 -2.846508407555714
191 -2.8261358013926454
192 -2.829847654144652
193 -2.8345478064024423
194 -2.841639296889819
195 -2.8426108522698326
196 -2.83449706036426
197 -2.8419084600498263
198 -2.8457783467548703
199 -2.845513992593996
200 -2.845911226946149
201 -2.850591103945578
202 -2.8456430416599963
203 -2.849791045524869
204 -2.847192155706467
205 -2.845833450480098
206 -2.8475359777924063
207 -2.8495240462360485
208 -2.8490835552977356
209 -2.8484503548252786
210 -2.8491666266418427
211 -2.8489672387728002
212 -2.8500302379681917
213 -2.8508557705351354
214 -2.849636283151128
215 -2.849752839513931
216 -2.8503219312724393
217 -2.8500213456893206
218 -2.8498289828115007
219 -2.8502364818430777
220 -2.8512732860430283
221 -2.8509120633249276
222 -2.850512990739089
223 -2.850844434512536
224 -2.850508638999799
225 -2.8514643574991325
226 -2.8502976182025326
227 -2.8508238756277673
228 -2.850886995456749
229 -2.8510487778248943
230 -2.8508511045727114
231 -2.8513879446699413
232 -2.851611945825404
233 -2.8514406902644667
234 -2.8511446086385828
235 -2.851266095925025
236 -2.851205177162135
237 -2.851287398172053
238 -2.8514270912623054
239 -2.8514787069547056
240 -2.8517832074410068
241 -2.8522216604237096
242 -2.852215025140067
243 -2.851130145525414
244 -2.8516166409716854
245 -2.8526732213855075
246 -2.8523764335558095
247 -2.8528277370070723
248 -2.853344191915249
249 -2.850207915692017
250 -2.849855901570545
251 -2.8522360654730297
252 -2.8521228181002902
253 -2.851525001312174
254 -2.853347675249456
255 -2.850746304460546
256 -2.8505965350210625
257 -2.8517188065235173
258 -2.8524696513382737
259 -2.8517257965144966
260 -2.8532724379362997
261 -2.8535552701677203
262 -2.8498148936128636
263 -2.8521957918138647
264 -2.852036307953404
265 -2.8519321547857097
266 -2.852812459663044
267 -2.853873334612817
268 -2.854022519585003
269 -2.85038858886777
270 -2.851500362176657
271 -2.852783266074452
272 -2.8513778297878463
273 -2.852955005631263
274 -2.853249010967569
275 -2.853202340606098
276 -2.8525104793765244
277 -2.8542140305018466
278 -2.854009082520725
279 -2.854204726380025
280 -2.8535733955616043
281 -2.8549450474503604
282 -2.8537733958429863
283 -2.8525630676238376
284 -2.8547103945538983
285 -2.8548760808759504
286 -2.854171870714208
287 -2.8541531556904425
288 -2.8544027967348393
289 -2.854455051036479
290 -2.855009526897211
291 -2.8532081622574395
292 -2.8549340948518616
293 -2.855421133652148
294 -2.8544206014284237
295 -2.8548304539323257
296 -2.854706271633716
297 -2.854794463880848
298 -2.8547709449682714
299 -2.8551803324750287
300 -2.855164909159143
301 -2.8553306178453326
302 -2.855475000396166
303 -2.855014288904452
304 -2.8549331762511945
305 -2.854784564470423
306 -2.855502247227816
307 -2.8546566929581925
308 -2.85467221710433
309 -2.854602833710385
310 -2.8553025646421566
311 -2.85523368557055
312 -2.85478801986792
313 -2.85552223296089
314 -2.8553640264115545
315 -2.855202001430391
316 -2.854946462846994
317 -2.854794080895084
318 -2.855240515961276
319 -2.8553552361913805
320 -2.8554223936885466
321 -2.8554129575228804
322 -2.8553254927200857
323 -2.85545048478007
324 -2.855489542248793
325 -2.8555151080909225
326 -2.855574817565808
327 -2.855344524101479
328 -2.8556236023264674
329 -2.8554582680877707
330 -2.8555168662918713
331 -2.8555674092098293
332 -2.855678318295359
333 -2.855372874121741
334 -2.855452520616787
335 -2.8556329586318925
336 -2.855612757676002
337 -2.855670272436434
338 -2.8557376401744254
339 -2.855405287041813
340 -2.855486718108762
341 -2.8554388634958334
342 -2.8555551830933092
343 -2.8556163480180685
344 -2.855668169821668
345 -2.855707638654678
346 -2.855708635214097
347 -2.8556971878480697
348 -2.8557287621855307
349 -2.8557339253227316
350 -2.8557438087107716
351 -2.855729134253606
352 -2.855649079487294
353 -2.855641713271617
354 -2.855708966827318
355 -2.8556987758299273
356 -2.8557014278832242
357 -2.8557417649878287
358 -2.8557320333108027
359 -2.855713621473932
360 -2.8557127967286737
361 -2.8557420059387884
362 -2.8557453209443144
363 -2.8557371452246327
364 -2.8557354009678444
365 -2.8557500774033455
366 -2.8557295907154074
367 -2.8557396501112877
368 -2.855748063092815
369 -2.855744977199262
370 -2.855749150023854
371 -2.85574033029062
372 -2.855752489729992
373 -2.8557445058140893
374 -2.8557461409328138
375 -2.855749763659766
376 -2.8557445903486767
377 -2.855747832472322
378 -2.8557405233932154
379 -2.855757612472867
380 -2.855737808564107
381 -2.855757967690738
382 -2.8557463831707834
383 -2.855740397033507
384 -2.8557511066443655
385 -2.8557487035355567
386 -2.8557595637596216
387 -2.855759147337567
388 -2.8557566290226646
389 -2.8557519496851977
390 -2.8557563731080995
391 -2.8557540798549046
392 -2.8557557449417987
393 -2.855741562831878
394 -2.855756874981799
395 -2.8557562195363304
396 -2.8557565552630972
397 -2.855759636217778
398 -2.8557504622369594
399 -2.855753331500962
400 -2.8557629816821617
401 -2.855748701939885
402 -2.8557504561365117
403 -2.8557666162017927
404 -2.8557475100300755
405 -2.855761004171556
406 -2.855772293260651
407 -2.8557755579578057
408 -2.8557618627620256
409 -2.855746400227548
410 -2.8557271654105953
411 -2.8557666564112636
412 -2.8557948228281576
413 -2.8557627526356453
414 -2.8557466127463638
415 -2.855767565346196
416 -2.8557613944947944
417 -2.8557579103707917
418 -2.8557831610534765
419 -2.855779292853052
420 -2.855784332391197
421 -2.8557750816808873
422 -2.8557866261264038
423 -2.8557870231530837
424 -2.85578739433073
425 -2.8557853655753234
426 -2.8557814718342796
427 -2.8557930889705325
428 -2.855790356767428
429 -2.85579316541817
430 -2.855792511132959
431 -2.8557926271799055
432 -2.8557949745701308
433 -2.855793770715606
434 -2.855794477175955
435 -2.85579265361396
436 -2.855793689404939
437 -2.855795778191056
438 -2.8557945299145127
439 -2.855792538804881
440 -2.855790950303353
441 -2.8557911878817355
442 -2.855794122954035
443 -2.855795094414439
444 -2.8557958004828476
445 -2.855793467892128
446 -2.855795402283104
447 -2.855796225772801
448 -2.855792045770952
449 -2.8557938832590275
450 -2.855794373211132
451 -2.8557931653421287
452 -2.8557951217727715
453 -2.855795267043252
454 -2.855795560264908
455 -2.855795316324537
456 -2.8557957193540773
457 -2.8557958360600453
458 -2.855795504946515
459 -2.8557965120084505
460 -2.8557945928845263
461 -2.8557951661778493
462 -2.8557961675227617
463 -2.855795430790349
464 -2.8557963775465907
465 -2.855796111393098
466 -2.8557965405329826
467 -2.855796067699784
468 -2.8557966312186602
469 -2.855795198339367
470 -2.8557958669108348
471 -2.8557957815889923
472 -2.8557963358559344
473 -2.855796175219672
474 -2.8557962647045136
475 -2.8557965703334154
476 -2.855796383687513
477 -2.8557966582313563
478 -2.8557961088243458
479 -2.8557964111521446
480 -2.85579643505023
481 -2.8557962808905324
482 -2.855796433183292
483 -2.8557963617123914
484 -2.8557964942410528
485 -2.8557962966427675
486 -2.8557965114170916
487 -2.855796569710546
488 -2.8557965698977914
489 -2.855796644312372
490 -2.8557966727720623
491 -2.855796609241812
492 -2.855796511822791
493 -2.8557966462769913
494 -2.8557964635915916
495 -2.855796654413518
496 -2.8557966335136142
497 -2.855796634681673
498 -2.855796650676372
499 -2.855796627913482
500 -2.8557966856503234
evaluations raw_y
1 5.0
2 2.2274456127759157
3 3.1317471209923244
4 4.480893516797197
5 1.976846112538654
6 2.485936404448699
7 1.792469067895066
8 1.8244968763248277
9 4.562972521752868
10 3.7755537041518914
11 3.087685035947434
12 -1.554440270650585
13 1.3473889145753746
14 2.543760829745836
15 1.9205148475437486
16 1.6323178352278844
17 4.888095340943125
18 3.9122335910286252
19 3.2204803713558974
20 4.148603264490249
21 3.828264866901555
22 4.947483424186793
23 0.25645899901783387
24 4.775400601904706
25 0.8089885256452762
26 -1.2385161701627616
27 -0.31797760677860465
28 0.2567811069244009
29 1.3205401582302672
30 -2.2999167629057036
31 -1.7775822239893002
32 1.5148560354046263
33 0.02559982889509055
34 -1.2330844530193246
35 -2.0085942358036544
36 -1.1550922067443392
37 -2.563162126195969
38 1.5633986164623466
39 -1.5059898465381685
40 -3.306557462693573
41 -0.3025622136389877
42 -2.232069969092533
43 1.6700079041210505
44 -1.4253500203284601
45 -2.4163740330527372
46 -0.7862494255904917
47 -1.8300657531974096
48 -3.3390176245618552
49 -2.3280371771686923
50 -2.6003262318258833
51 -1.9523544886315962
52 -2.587017200746476
53 -3.3892039923813178
54 -3.8370662856164013
55 2.6677097096665325
56 0.5508102319645816
57 -1.9660261666623127
58 -0.7201219483179551
59 -1.5553218928191679
60 -4.190276645338001
61 -1.2437024395638445
62 3.080708596533452
63 0.42488598984687986
64 -3.28504835300192
65 -3.7332556924530826
66 -2.072770979998179
67 -1.3610137019957245
68 -4.448761911824008
69 -2.108328749437529
70 -0.04338344172796532
71 -3.7656849813493385
72 -2.5631518166238223
73 -2.079766014142295
74 -3.8880843323092837
75 -3.5091538211450537
76 -3.144991079574456
77 -4.477318073520674
78 -4.14305519995703
79 -2.5717153783548783
80 -4.622513483169083
81 -2.289160883561457
82 -3.377347235683194
83 -3.59488830923475
84 -3.553985962429283
85 -3.723702332602483
86 -3.732298493939205
87 -4.60715041670448
88 -4.26401163834583
89 -4.407904779236605
90 -4.314883321187746
91 -4.7457131653408915
92 -4.40847444897122
93 -4.4858294646904415
94 -4.464153608008167
95 -4.583126760321222
96 -4.780814898814832
97 -4.378232847482884
98 -4.621547076207624
99 -4.660556242529899
100 -4.705239930055786
101 -4.223645254282359
102 -4.706646800885592
103 -4.543536614751633
104 -4.763765415149018
105 -4.742116611122235
106 -4.759029046310206
107 -4.694775319875912
108 -4.7005833282441145
109 -4.795431766115509
110 -4.701444569774674
111 -4.728909881466739
112 -4.790626343864466
113 -4.7886665255257235
114 -4.764043729363691
115 -4.8241717564916575
116 -4.767946013027158
117 -4.831268900598682
118 -4.583274263743758
119 -4.780006820970578
120 -4.773808692528916
121 -4.725329944785413
122 -4.802083387697972
123 -4.771782170523447
124 -4.743339827921731
125 -4.836033410757513
126 -4.817370125897599
127 -4.84144383590358
128 -4.789741024738417
129 -4.523353495130509
130 -4.857977042911544
131 -4.880811242071943
132 -4.492227412323024
133 -4.692373045399228
134 -4.712329626336815
135 -4.693806764712336
136 -4.5983845988222996
137 -4.756180180010278
138 -4.767783057013749
139 -4.910053669873791
140 -4.6084079089337155
141 -4.823402340087669
142 -4.661371862841267
143 -4.766651996530864
144 -4.758848928131816
145 -4.754253161574973
146 -4.836348345882617
147 -4.925237586831833
148 -4.588683253474499
149 -4.833562261435324
150 -4.725908959082232
151 -4.815950217630722
152 -4.844675342644116
153 -4.830994159445431
154 -4.869011900375394
155 -4.897584423475497
156 -4.891551871138487
157 -4.885709152898101
158 -4.892328385680455
159 -4.912924792129811
160 -4.930622425084581
161 -4.8908716787586695
162 -4.9178264366663385
163 -4.888862046855141
164 -4.928969372519729
165 -4.928028935770065
166 -4.902578518961943
167 -4.913489496472918
168 -4.94481183156827
169 -4.933883590704449
170 -4.936920888459662
171 -4.934379873131967
172 -4.934648430546544
173 -4.931736422195634
174 -4.9290479248306305
175 -4.946789320796972
176 -4.949117654728825
177 -4.921644014703356
178 -4.948633302186863
179 -4.9401946284830185
180 -4.947078991398563
181 -4.930723855137503
182 -4.933325414638893
183 -4.956412590251276
184 -4.970230271357068
185 -4.903590243500937
186 -4.915503143608003
187 -4.9396466493204
188 -4.927883153005973
189 -4.959861042694807
190 -4.959917775272566
191 -4.963925448441771
192 -4.973133998349715
193 -4.957970119581593
194 -4.961525171681514
195 -4.9440735906446935
196 -4.951860095462464
197 -4.977904493305147
198 -4.960252376644878
199 -4.987991151810645
200 -4.954889394097376
201 -4.95839597790743
202 -4.928660543300792
203 -4.952910550618878
204 -4.947667174588346
205 -4.9807232513146475
206 -4.984879316924918
207 -4.981912998862086
208 -4.966165072132266
209 -4.971344129604801
210 -4.983798995146322
211 -4.983997004535419
212 -4.9806941869259544
213 -4.983424205316213
214 -4.983630548124529
215 -4.986252935913871
216 -4.986205731984724
217 -4.987626143761312
218 -4.989243895452098
219 -4.990993533158889
220 -4.990155316276861
221 -4.98875314205477
222 -4.98654215171865
223 -4.989792893351866
224 -4.993385702136452
225 -4.992841921044489
226 -4.986961636836714
227 -4.995502735513118
228 -4.9831582690957426
229 -4.981345748129294
230 -4.989787596602813
231 -4.9891554314298245
232 -4.9861811323757825
233 -4.988175981889427
234 -4.996225107296054
235 -4.989286061048164
236 -4.988668906276975
237 -4.991105781889177
238 -4.992433820444209
239 -4.992686146011558
240 -4.994456537155712
241 -4.99487573628011
242 -4.998864838525992
243 -4.993259116858005
244 -4.995065334766274
245 -4.996763643918595
246 -4.99325032346176
247 -4.997277783237412
248 -4.996486338111531
249 -4.996967654447903
250 -4.9989453283977765
251 -4.997145127926693
252 -4.995550323927638
253 -4.9973275444022836
254 -4.995842206987568
255 -4.996852981123575
256 -4.997962797436684
257 -4.997661291381164
258 -4.998789743245112
259 -4.998834696222813
260 -4.998681776828034
261 -4.998499706031046
262 -4.99856333137482
263 -4.999094330660491
264 -4.998009770571334
265 -4.999064476065551
266 -4.998828668494863
267 -4.9991748900521795
268 -4.9987455204525535
269 -4.998916242138453
270 -4.9987800998058285
271 -4.998817724811654
272 -4.99937592528367
273 -4.998860200325877
274 -4.99869163195466
275 -4.998855962419985
276 -4.999206159391769
277 -4.999148048800157
278 -4.99967951770809
279 -4.998990213300005
280 -4.999447170306919
281 -4.998906874319062
282 -4.999379891822952
283 -4.9995779279599715
284 -4.999486952121949
285 -4.9993221734134865
286 -4.999455591975071
287 -4.9994725603919195
288 -4.999731611814946
289 -4.9997064875759545
290 -4.999484113156727
291 -4.999719477419958
292 -4.999504543057379
293 -4.999681872191072
294 -4.999652558301331
295 -4.999718840627818
296 -4.999632347514488
297 -4.9997663964368995
298 -4.9997363652201505
299 -4.999781984949647
300 -4.99959711121654
301 -4.999601319908954
302 -4.999884292911321
303 -4.999699210729278
304 -4.999696325072465
305 -4.9998305993602585
306 -4.999629526279636
307 -4.999677380400798
308 -4.999774845380384
309 -4.999703522792313
310 -4.99983235185803
311 -4.999832698254279
312 -4.999784998230777
313 -4.999849160783541
314 -4.999874350456556
315 -4.999887592482073
316 -4.99982001381751
317 -4.999796975478631
318 -4.999877433658713
319 -4.999914433286747
320 -4.99985173330108
321 -4.999821505578435
322 -4.9998508932770145
323 -4.9998661686057115
324 -4.999919537045603
325 -4.999896466082332
326 -4.999831784266822
327 -4.9998385211200045
328 -4.999929750170631
329 -4.999773527036162
330 -4.99992016062968
331 -4.999880557965782
332 -4.999939526739078
333 -4.9997020473146865
334 -4.999842075557895
335 -4.999815820765191
336 -4.999903751504335
337 -4.9998439829064525
338 -4.999921615766078
339 -4.999907341134075
340 -4.9999366338736495
341 -4.9999388564788605
342 -4.999904176527165
343 -4.999945877422609
344 -4.999901665811517
345 -4.999951089167996
346 -4.999897703840456
347 -4.999910014151093
348 -4.999877194692348
349 -4.999912578682371
350 -4.9999281301499945
351 -4.9999293797331195
352 -4.99991583495342
353 -4.999940883342129
354 -4.999935597585497
355 -4.999926944351664
356 -4.999916115985467
357 -4.999934688743199
358 -4.999949780312203
359 -4.999945334540708
360 -4.999946161281013
361 -4.9999408394588025
362 -4.999957292961915
363 -4.999964962658915
364 -4.99995850959499
365 -4.999937237005531
366 -4.999941604058984
367 -4.99995830722568
368 -4.999963300293773
369 -4.999959891270977
370 -4.999957266560547
371 -4.999964521204639
372 -4.999962495487066
373 -4.999967233389456
374 -4.999963182552239
375 -4.99996462800604
376 -4.999965947391446
377 -4.999961883674981
378 -4.999959832223654
379 -4.999965451946857
380 -4.99996172511839
381 -4.999966372904623
382 -4.999966746371071
383 -4.999967038093201
384 -4.999966486183843
385 -4.999967241329847
386 -4.9999677054960685
387 -4.999959346116319
388 -4.999964527497861
389 -4.999965069140259
390 -4.99996272676653
391 -4.99996563247547
392 -4.9999643336616035
393 -4.999968124312578
394 -4.999968448386671
395 -4.999967573039048
396 -4.999972154347627
397 -4.999969238432694
398 -4.999965242131631
399 -4.999966348064515
400 -4.999972322608207
401 -4.999960709110088
402 -4.999964197458199
403 -4.99997339841304
404 -4.999956266244397
405 -4.999957481162496
406 -4.9999562301688165
407 -4.999973523351743
408 -4.9999536328549565
409 -4.999970524114722
410 -4.999971690199565
411 -4.999981670873776
412 -4.999927318225359
413 -4.9999631731233904
414 -4.999960704957963
415 -4.999991420502266
416 -4.999948437258978
417 -4.999961697300952
418 -4.999971329867169
419 -4.9999648734452755
420 -4.999972254806609
421 -4.999987364176304
422 -4.999975951049811
423 -4.9999854104702806
424 -4.99998441285173
425 -4.999985929044619
426 -4.9999919668874915
427 -4.999975871333717
428 -4.999993864737538
429 -4.999970085732449
430 -4.999965723161691
431 -4.999989312389941
432 -4.999985467424622
433 -4.999990883030341
434 -4.999981346444053
435 -4.9999862095627465
436 -4.999990891147324
437 -4.999990634150491
438 -4.999993468227848
439 -4.999992129279978
440 -4.999992351073998
441 -4.999989526371885
442 -4.999994384166291
443 -4.999993046563354
444 -4.999992196417417
445 -4.999995334809116
446 -4.999996493688193
447 -4.999986386575644
448 -4.999993936949308
449 -4.999991204399117
450 -4.999994211441813
451 -4.999987467892413
452 -4.999997110354611
453 -4.999986220401631
454 -4.999986800708576
455 -4.999991771256487
456 -4.999995964229079
457 -4.999992937976504
458 -4.999991896311649
459 -4.999992250467478
460 -4.999995064551758
461 -4.999996833649166
462 -4.999993881786284
463 -4.999994686170901
464 -4.999997247809324
465 -4.999995345201521
466 -4.99999322729789
467 -4.999996524443254
468 -4.999997238360717
469 -4.99999712747518
470 -4.999995973839442
471 -4.999996304897945
472 -4.999997860696991
473 -4.999997095255206
474 -4.9999971681569955
475 -4.999997148258382
476 -4.99999705209658
477 -4.999997401398209
478 -4.999997272172415
479 -4.9999979680392235
480 -4.999997665409762
481 -4.999998016888382
482 -4.9999983090151225
483 -4.999993246784936
484 -4.999995295585413
485 -4.999996613374269
486 -4.999994899088808
487 -4.999996943131963
488 -4.999995605173844
489 -4.999998087071019
490 -4.9999976061155555
491 -4.999997816870505
492 -4.999998253507376
493 -4.9999980576109815
494 -4.999998617280943
495 -4.999997861201604
496 -4.999998085614137
497 -4.999998517874759
498 -4.999997598175656
499 -4.999998139484159
500 -4.999998582286814
evaluations raw_y
1 5.0
2 3.2531992905569784
3 3.902657062537235
4 3.6251148616652777
5 3.193781349901382
6 0.3707432287156017
7 4.402688928871097
8 2.6165558530270077
9 4.7611766466240635
10 2.0725864291876523
11 0.3171616365045866
12 2.8795383606032328
13 2.1691906881985457
14 2.7891549672818945
15 2.289347975452154
16 2.845349399673278
17 3.482315033278101
18 1.3153949356944277
19 -0.1407123170161021
20 3.338558316707306
21 1.1393647683627
22 4.239238768298112
23 4.714313253980015
24 1.0504583412220303
25 3.875610728873415
26 1.2373754128534113
27 1.978926164502087
28 1.9942962543921359
29 4.755610939606944
30 -0.26148628539397584
31 3.9746399126872483
32 2.414505453138231
33 1.001130783060824
34 4.101392682207804
35 1.2388280353709311
36 3.4077168154314386
37 2.259159513653687
38 -1.7907178953678982
39 2.3696437540607924
40 3.1484882042847824
41 3.4583040842252393
42 -1.6041322952588488
43 0.051573358389284174
44 0.7985701735065613
45 -0.9864906182586977
46 -1.7030637071924786
47 -1.265386428187954
48 -0.6197045206334604
49 -1.9483069000954674
50 0.6397583978471801
51 -0.5454562171971906
52 -2.6372690503939933
53 0.05070696445490136
54 -2.6482464933403875
55 1.7837830540775943
56 -0.4534045805664928
57 1.2218201455388487
58 0.6703456091756941
59 1.8737852258700578
60 -1.4302891133689262
61 -1.4731067681872945
62 -1.5078233809337351
63 -1.9671548296407135
64 -2.5109331592191526
65 -2.5294733591465035
66 -1.802080329512098
67 -2.5537148166897032
68 -2.084226301562047
69 -2.8363493480300805
70 -2.2925576320034318
71 -2.6588164316143406
72 -1.6739627593782354
73 -2.8261458253726137
74 -2.4578361902607764
75 -2.5028614439076238
76 -2.508440689518404
77 -2.6049166095584715
78 -3.3548810779200795
79 -3.004010620130587
80 -3.4777802072187316
81 -2.9769484314305292
82 -2.0741097031329323
83 -3.383059612203917
84 -3.2036463026064603
85 -2.3286475154467916
86 -2.8736767997316277
87 -3.3796290880264763
88 -3.222564938374065
89 -3.3434993939264137
90 -3.59987114080567
91 -3.497528939607219
92 -3.4394857840602127
93 -3.5209797856630427
94 -3.507172215361398
95 -3.553266134470517
96 -3.5224206320528886
97 -3.4663834215804026
98 -3.5398070742215197
99 -3.639599766186228
100 -3.5958446343787185
101 -3.658040968949808
102 -3.6128656699999993
103 -3.4576423096523223
104 -3.4937679065017786
105 -3.477367475473685
106 -3.680364705684877
107 -3.2962001032945403
108 -3.2718005483568406
109 -3.6621553477658457
110 -3.477310469369592
111 -3.6658471384640943
112 -3.672332107348205
113 -3.6309643830118046
114 -3.6065344524300698
115 -3.5909232465716747
116 -3.685799357863581
117 -3.7125397818236103
118 -3.670121241578186
119 -3.613221820113296
120 -3.68156959932329
121 -3.6945223092882835
122 -3.723010149184021
123 -3.6315747788176904
124 -3.588953289109308
125 -3.7374924402998784
126 -3.0730545227905166
127 -3.532498597302428
128 -3.6555528253263327
129 -3.443884070601294
130 -3.6940808639675735
131 -3.5952403447643304
132 -3.7298902243862413
133 -3.7153469268471184
134 -3.74261175067819
135 -3.620567390475018
136 -3.634635744459728
137 -3.5999882775330656
138 -3.7543342666962207
139 -3.4983518858870415
140 -3.651563099528222
141 -3.69720047809951
142 -3.7981453735509407
143 -3.5606312919141403
144 -3.791592615669203
145 -3.773113284668141
146 -3.771141853364096
147 -3.829502218907913
148 -3.8023791841670747
149 -3.825471477438099
150 -3.7523734584070643
151 -3.6984428640757776
152 -3.7841607084354316
153 -3.845814436242482
154 -3.6467623692369457
155 -3.7850588197483286
156 -3.7295545186760006
157 -3.8200335936571324
158 -3.833540038286271
159 -3.8283045205925212
160 -3.84288343701144
161 -3.808104719862568
162 -3.8420791401954926
163 -3.835323692547646
164 -3.836251452543979
165 -3.843292497732196
166 -3.843412692524774
167 -3.843793085790403
168 -3.8456793293304576
169 -3.846505990316322
170 -3.8240464965749927
171 -3.8473047117571975
172 -3.8399052289677296
173 -3.8389914323106913
174 -3.8344408269572314
175 -3.828251614659631
176 -3.8412604733532847
177 -3.8496322950339343
178 -3.829373005456019
179 -3.8411910542397125
180 -3.8397766672771745
181 -3.842883033916709
182 -3.8437555313014395
183 -3.842935101999965
184 -3.843231635480392
185 -3.857383325550855
186 -3.8285246034146008
187 -3.857780056605084
188 -3.852797737622465
189 -3.839146352110106
190 -3.8613688671385273
191 -3.8251998558909586
192 -3.8422941094033822
193 -3.806338426713274
194 -3.8603320070377602
195 -3.8637525908817314
196 -3.8085559457808253
197 -3.8523673598443917
198 -3.852470151061343
199 -3.835094364784699
200 -3.8509264415312283
201 -3.8608716725099126
202 -3.8620993935503343
203 -3.8632558721537453
204 -3.8624158551975833
205 -3.860318717939653
206 -3.8565268953472103
207 -3.863904626088204
208 -3.860735156247085
209 -3.8587278003966716
210 -3.8612079753237136
211 -3.858358506473796
212 -3.861341031849971
213 -3.858053357741728
214 -3.8614641309540376
215 -3.8623682249171756
216 -3.8630553959438823
217 -3.8633928712915226
218 -3.8642940676999284
219 -3.8623719549509072
220 -3.863497375130933
221 -3.863533016433658
222 -3.8632039542022927
223 -3.8633605130494137
224 -3.863504632295658
225 -3.862665131759593
226 -3.863931701193607
227 -3.8632917352410345
228 -3.8644742067263094
229 -3.8633749558545887
230 -3.86408925344493
231 -3.8639566352378125
232 -3.864010413883431
233 -3.8646223768436054
234 -3.8648709245185806
235 -3.862132719498955
236 -3.8629942875699257
237 -3.8633424805708043
238 -3.8638516281728688
239 -3.864463006980761
240 -3.864482848691555
241 -3.863655705306691
242 -3.864783895829099
243 -3.864343813541794
244 -3.864839377745646
245 -3.864665278372127
246 -3.8648513661449244
247 -3.864556898753622
248 -3.8648787031853584
249 -3.8648776112491547
250 -3.864922308714382
251 -3.8646658814991928
252 -3.8651199934042975
253 -3.864294326687518
254 -3.86464337126033
255 -3.8640889549584347
256 -3.864283987202473
257 -3.8648225663246643
258 -3.8649949711854386
259 -3.864613433430254
260 -3.865436256262737
261 -3.865310336481572
262 -3.8644047597523237
263 -3.8645467246471243
264 -3.864927583731321
265 -3.865542087081047
266 -3.865085526348008
267 -3.8650130217304426
268 -3.864987292916458
269 -3.865353936458705
270 -3.865224054088829
271 -3.865398960532754
272 -3.8653125104507113
273 -3.865515930244364
274 -3.865412626075334
275 -3.865595688779192
276 -3.8655172552218326
277 -3.8656141785587326
278 -3.8653682642991694
279 -3.865321956622076
280 -3.865248589754858
281 -3.865680206511732
282 -3.865591915429095
283 -3.8651059100168093
284 -3.8652456915881803
285 -3.8655714335782183
286 -3.865558554678309
287 -3.865595171336488
288 -3.8655105240539935
289 -3.8654551193308295
290 -3.8657828882012857
291 -3.8657162327680314
292 -3.8656352557926716
293 -3.86571006521471
294 -3.8656910985276745
295 -3.8656949197961277
296 -3.865622295276017
297 -3.8658140108710657
298 -3.8656618794853195
299 -3.8658133740714193
300 -3.865635826297188
301 -3.8657313917470035
302 -3.8658019487826594
303 -3.8657429459842825
304 -3.86569100463166
305 -3.8657532440943525
306 -3.865820756731405
307 -3.865734013643547
308 -3.865782083706415
309 -3.865777352736895
310 -3.8657520938448666
311 -3.865807307223583
312 -3.865831844837048
313 -3.8657779053921417
314 -3.8657849502811743
315 -3.865875824509212
316 -3.865804580857321
317 -3.8658432911269784
318 -3.865834750099891
319 -3.8657915090564625
320 -3.8658453418288157
321 -3.8658833325443744
322 -3.8658079741440785
323 -3.865787765639828
324 -3.865787534261918
325 -3.8658986026448368
326 -3.86581945620018
327 -3.865881884175153
328 -3.865908913258426
329 -3.8656768664347934
330 -3.865788193460556
331 -3.8658540778931507
332 -3.8658102979158606
333 -3.8658193574067488
334 -3.865876966810832
335 -3.8658911240635447
336 -3.865864134800808
337 -3.86591838277921
338 -3.8658904536023084
339 -3.86586090668345
340 -3.8658508684959547
341 -3.86586501109014
342 -3.8659379196109493
343 -3.8658443022463875
344 -3.865918329832532
345 -3.8658895967650073
346 -3.8659199417629746
347 -3.8659300601978455
348 -3.865935834388843
349 -3.865889314094444
350 -3.8659324992383732
351 -3.8659332759783838
352 -3.8659338822396414
353 -3.8659278617128345
354 -3.865930639590445
355 -3.8659309528704178
356 -3.8659283393895
357 -3.8659302797042905
358 -3.865927819024579
359 -3.8659368929310323
360 -3.8659381635510046
361 -3.8659404307458294
362 -3.8659340845838166
363 -3.865951824249184
364 -3.865928050792545
365 -3.865943272335684
366 -3.8659432142613324
367 -3.8659354272190334
368 -3.865946054718247
369 -3.8659414836633736
370 -3.865949039621535
371 -3.8659527986780504
372 -3.865921107972569
373 -3.865942763960969
374 -3.8659534207987796
375 -3.8659304667969305
376 -3.8659526235219377
377 -3.8659361797441525
378 -3.8659388235522005
379 -3.8659445404909887
380 -3.865942341275709
381 -3.8659488177535737
382 -3.865952489984381
383 -3.8659533756284428
384 -3.8659532089794753
385 -3.8659571508938106
386 -3.865945757093373
387 -3.865960383034983
388 -3.8659451620513527
389 -3.865955754341188
390 -3.8659569258657998
391 -3.865950436110725
392 -3.865957550236214
393 -3.865949136138486
394 -3.8659560606885357
395 -3.8659549921107583
396 -3.8659597128053274
397 -3.8659580466835437
398 -3.8659613958960666
399 -3.8659593699797847
400 -3.865960355092115
401 -3.8659559992720878
402 -3.865961793354666
403 -3.8659571342895536
404 -3.865957495154291
405 -3.865960202050684
406 -3.8659606956982993
407 -3.8659614331650713
408 -3.8659621208501567
409 -3.865960346212452
410 -3.865955912594041
411 -3.8659613220436846
412 -3.8659600421897236
413 -3.865960343933163
414 -3.8659581297619696
415 -3.865962241049531
416 -3.8659614991870583
417 -3.8659585293679855
418 -3.8659592422475857
419 -3.8659612670206753
420 -3.865960955807242
421 -3.865960718083913
422 -3.8659628828185233
423 -3.8659590408529443
424 -3.8659612772175502
425 -3.8659622221962247
426 -3.8659605405494277
427 -3.8659621983235555
428 -3.8659604035048827
429 -3.865963276116536
430 -3.865962174378475
431 -3.8659623121974196
432 -3.8659634321472374
433 -3.865964189236502
434 -3.865955932338318
435 -3.865962164155225
436 -3.865957823979926
437 -3.865960870775021
438 -3.865962161987773
439 -3.865962755415076
440 -3.865961554438771
441 -3.865964013743434
442 -3.8659633374324476
443 -3.8659621299272775
444 -3.8659639334848603
445 -3.8659639965452657
446 -3.8659636229433127
447 -3.865963920545677
448 -3.865963413033197
449 -3.8659640754181206
450 -3.8659640966965805
451 -3.86596390571166
452 -3.8659638523995232
453 -3.8659640187224333
454 -3.8659640376284496
455 -3.8659641236797375
456 -3.8659641384641756
457 -3.865964077670214
458 -3.8659642336532465
459 -3.8659641688390103
460 -3.865964227740196
461 -3.8659639681438533
462 -3.8659641396404405
463 -3.8659642318381318
464 -3.8659643497787264
465 -3.86596424846227
466 -3.865964360567336
467 -3.8659640512251654
468 -3.865964065724786
469 -3.865964198079177
470 -3.865964267435918
471 -3.865964265305827
472 -3.8659643007292894
473 -3.865964327651384
474 -3.865964276631603
475 -3.8659643383087374
476 -3.8659643735767197
477 -3.865964330024273
478 -3.865964308486757
479 -3.865964318416715
480 -3.8659643171700577
481 -3.8659643391108807
482 -3.8659643101932124
483 -3.8659643709739138
484 -3.865964338465469
485 -3.8659643610659007
486 -3.86596433360478
487 -3.8659643877469896
488 -3.8659643968046105
489 -3.8659643268344626
490 -3.865964340696232
491 -3.8659643695795065
492 -3.8659643744707983
493 -3.8659643924773905
494 -3.8659643934079204
495 -3.865964401449307
496 -3.8659644200302874
497 -3.865964464514303
498 -3.8659643088841587
499 -3.8659643910961616
500 -3.8659643639759573
