evaluations raw_y
1 -1.0676317623128213
2 6.104106214018088
3 80.00250110300921
4 84.10692911947073
5 15.923846528630321
6 72.8156178359987
7 166.16086420550232
8 -5.876615946810981
9 57.63502625230736
10 73.1108374465765
11 -35.15956661804624
12 114.40973643581516
13 148.45053553223045
14 -50.99578217244465
15 -122.5728848171108
16 207.38433430280492
17 50.13501404903782
18 55.53446180143409
19 83.09686118998744
20 193.4284699928535
21 -4.918061612785081
22 -29.918327154034337
23 -8.065886641760358
24 35.4453987108421
25 -35.493265552070156
26 163.6769074301406
27 87.03794380916561
28 21.12543817781662
29 106.3585456965291
30 15.069397901407015
31 58.67277947113132
32 32.25522987769709
33 -17.725944061303466
34 23.15245555200144
35 25.915595406930564
36 25.9355055880358
37 15.073736620269123
38 29.716027270127505
39 29.11881071751225
40 36.50687534780414
41 25.285029858323654
42 51.527472854548044
43 73.93022094913592
44 75.83636487140171
45 22.642271036664493
46 66.47050582991652
47 29.75606670643404
48 97.81157189904772
49 93.24347080442706
50 13.819420563234658
51 9.64125122417181
52 12.647004046540886
53 7.864291176072127
54 29.3734513117776
55 31.47937915140399
56 23.886532099582535
57 24.01727797059001
58 14.181268702096952
59 -0.38378937484977804
60 -5.136981471648642
61 114.97114716346817
62 -4.6878651163098795
63 8.324732879988947
64 28.239910858553998
65 34.42556427885801
66 36.95975974094408
67 12.385361150959664
68 13.896579917756359
69 21.73421377212547
70 22.852842213427977
71 27.5095088584431
72 24.44056732118961
73 73.69867264443835
74 31.441691935318236
75 20.580053805614018
76 38.94819105231032
77 37.32672958028962
78 41.87009974454419
79 23.727539199466076
80 114.02406711349303
81 69.14561155986291
82 33.39890004836078
83 11.89504250257389
84 14.734544342876868
85 15.883477038916737
86 11.549399645573645
87 18.04240635891174
88 15.705510935634532
89 26.152434622857108
90 3.587624385344707
91 27.189144686011588
92 -26.71839628592096
93 -10.858124300739679
94 42.22501525944848
95 0.14663345202673028
96 59.00623638057685
97 4.410574028646266
98 18.605308484000474
99 13.001640276545237
100 14.388754056789715
101 21.88626745505974
102 33.29469609660147
103 27.993296434962012
104 63.99155512228434
105 35.30225786331985
106 36.62602032216708
107 36.85621234996791
108 31.854874486089457
109 49.938277364753645
110 27.540079082229603
111 34.02087335701607
112 49.90100971364858
113 25.08808305218708
114 9.783621024095455
115 7.51242081951177
116 7.449454124007442
117 12.132961843585285
118 14.367842308187784
119 10.430328059210877
120 26.168658246826496
121 6.9285206404856865
122 -56.469501128796296
123 3.8888194490269044
124 -1.9710625845132341
125 82.3302584656305
126 0.2938794345136415
127 48.72951705504842
128 -8.200561975847773
129 4.92188282013824
130 17.450704905114762
131 19.317551083769427
132 23.146380007407878
133 31.752602991086345
134 35.12104988599614
135 35.24686885639292
136 35.103226982910925
137 32.510283065461564
138 45.7061521430324
139 32.31225503162812
140 52.84938352718159
141 47.31855619810774
142 61.959411890292344
143 26.140849040494306
144 24.183143675018975
145 9.484243781008313
146 8.741555133919373
147 10.704317888592044
148 12.380378234880684
149 9.783269830382588
150 9.974109880019249
151 64.14126239485472
152 -25.407162905643688
153 -35.05274007178424
154 -52.9531665647569
155 -42.91377010044962
156 72.98784641365371
157 3.0278340140679187
158 40.755453707791276
159 -13.97623410125209
160 11.221785217375812
161 20.756458662465374
162 20.72815559084058
163 24.439421968460852
164 27.661211675813618
165 27.877385179370865
166 29.601150749239448
167 30.05772477764265
168 33.64462411578119
169 46.18478494464039
170 34.598983833083615
171 50.13219175214056
172 51.68883314157232
173 35.60666723279721
174 26.19133987590164
175 20.948803883391026
176 12.558214452116738
177 11.903100673335413
178 11.730498005412347
179 11.66231410278587
180 8.958164789638793
181 21.021729644334272
182 -31.47157200824341
183 -54.08260302336653
184 -60.11095910826529
185 -93.50753781841188
186 12.847749187410091
187 47.975633074471276
188 10.838504771976103
189 35.57067051470701
190 -18.354053311352033
191 13.828126644188902
192 21.954651216564336
193 22.70744373958935
194 24.075125490987347
195 24.959787675199472
196 25.61249313045745
197 26.470288389374133
198 28.614623294592324
199 36.84963555915352
200 45.46375906248655
201 35.55362142704729
202 39.936974033696885
203 36.95460539157158
204 25.840353898467495
205 28.761505663467492
206 20.315489761558474
207 14.382311357786069
208 13.262557531600788
209 12.15475944548994
210 11.567032642954615
211 -11.025729903749387
212 -66.94395895823693
213 43.881620858600144
214 23.11408246419042
215 -69.79545721142146
216 -83.73270909246875
217 43.47982847914483
218 25.39968902946175
219 20.066124793951712
220 30.137232304435635
221 -18.47796667927181
222 15.096321283995348
223 22.31629611457378
224 23.09105460954227
225 23.791822002190617
226 24.09941749369228
227 25.22238270106091
228 26.10079675641049
229 30.319157467634046
230 38.24766951682323
231 44.8910416329414
232 37.432649511566815
233 34.85617036498675
234 30.057524427324992
235 27.119905883656106
236 28.743501939514047
237 20.169838449148855
238 15.259796744755725
239 13.828919481768905
240 12.355224052518947
241 -55.65501154468758
242 -98.73340087482174
243 -69.74227992854145
244 26.077813266189622
245 -2.9907311684150244
246 -78.79883395312368
247 -51.011090285196566
248 53.480150379070416
249 7.217265816824806
250 27.350060974664963
251 27.9389629019748
252 -17.92340081136557
253 15.510471244785059
254 22.67118252528582
255 22.83683347219814
256 23.624712143740418
257 24.235739763573175
258 26.22622667476876
259 27.4411693540144
260 31.633715099564064
261 38.302333013792136
262 44.60526648872208
263 40.21046573179027
264 35.22522443807394
265 30.783074341598
266 30.12691988380781
267 27.73998104773868
268 20.062070569331887
269 15.787567226743366
270 14.014853021491035
271 -113.3159536530863
272 -128.3746001857603
273 -115.1966941102122
274 -45.660209968617295
275 11.283349321230508
276 -20.65551691084188
277 -70.27464657802147
278 -16.83226985431168
279 49.58675939438264
280 -3.33997455806413
281 32.8179352987694
282 25.998591017965445
283 -17.3883996211865
284 16.053495333146817
285 23.089511549591453
286 22.33947043437067
287 23.33795633891312
288 24.877299660724415
289 27.567941654718304
290 28.781355432588835
291 32.16436098168591
292 37.78508368709687
293 44.12448057221155
294 42.441464129080416
295 37.65133526827579
296 33.60842450713088
297 31.397471105085422
298 26.69680858232841
299 19.929323435266653
300 16.055288142126216
301 -122.40808591109182
302 -126.10604635139964
303 -125.26224683548186
304 -97.38036523148969
305 -35.18038301597031
306 0.5986710325551243
307 -28.56048056643599
308 -51.23824492604158
309 9.765394203161335
310 38.88604903138437
311 -8.42684222376078
312 37.41107915933334
313 23.791766283014532
314 -16.999871887584508
315 16.30077362662098
316 23.53580482362169
317 21.644339399046352
318 22.82500308154506
319 25.47265773662022
320 28.56618507541103
321 29.66473922972279
322 32.30929732136282
323 37.011292850485034
324 43.137057445441116
325 43.35122111531154
326 39.47481440956644
327 35.2362071294113
328 31.328805877758064
329 25.711535081451757
330 19.714419741375103
331 -126.4503428383643
332 -126.42651666941454
333 -127.23653836556069
334 -119.25240597479215
335 -84.03009120858475
336 -30.6335080356124
337 -6.764145179345924
338 -27.795466908897925
339 -28.247088749813003
340 26.597168294380193
341 25.847532689671382
342 -9.902453539307976
343 41.551545490370046
344 21.129387490109725
345 -16.710428971230535
346 16.37684573463285
347 23.98340648586462
348 20.783903688596748
349 22.08006118580514
350 25.790882063548022
351 29.08095689486306
352 30.175614010560963
353 32.27243180905172
354 36.1090564044287
355 41.59544032980122
356 42.80306455124263
357 39.74702191971243
358 35.34591984793485
359 30.52810025381656
360 24.769043831521465
361 -128.67897693962772
362 -127.67247405892164
363 -127.78293248275975
364 -126.23098572523182
365 -111.73516643010134
366 -74.08246912291412
367 -28.357343478223452
368 -10.116100822819927
369 -20.43171582640308
370 -6.061181245340169
371 34.68692907000957
372 12.973782464558829
373 -8.904205092695728
374 45.15299842198916
375 18.397561047442515
376 -16.465141759601533
377 16.425026453552064
378 24.405641620196256
379 19.83027054554545
380 21.17968821846321
381 25.811333240073633
382 29.209615391206796
383 30.401493703136662
384 32.122232233643345
385 35.117043573232756
386 39.66165362533334
387 41.17586417471322
388 38.744800539670024
389 34.438048242665666
390 29.381428772427213
391 -128.66930620766675
392 -128.20320324543164
393 -128.09035145427734
394 -128.0866142126315
395 -123.43052074379322
396 -104.29004186457138
397 -66.51035484952217
398 -26.383608947064626
399 -9.397913840627975
400 -8.958732657783525
401 12.75470417591244
402 36.13379095557525
403 1.3720643186620833
404 -6.07066426103372
405 48.03530799962294
406 15.768313987221106
407 -16.23109446534045
408 16.5278468883181
409 24.789184765954914
410 18.85445184415177
411 20.220615766855524
412 25.592527753956947
413 29.053147973950303
414 30.389181868000115
415 31.86283147879727
416 34.079897979644315
417 37.5789506545439
418 38.98963746279213
419 37.01379635620152
420 33.000862369172964
421 -128.68239819959655
422 -128.44988251753676
423 -128.29886672902882
424 -128.48912985652714
425 -127.47280810761174
426 -119.68134653285486
427 -97.40537901654181
428 -60.282021188204354
429 -23.618145304187564
430 -5.092514451716948
431 4.419782530312123
432 27.18585988804272
433 32.93393619989667
434 -8.43306573884816
435 -1.9465051603278312
436 50.160475337067396
437 13.27173717154784
438 -15.986712561208325
439 16.718849452579327
440 25.124919165196726
441 17.914866704427496
442 19.267505686345064
443 25.194661170177497
444 28.683814241699274
445 30.16508686604123
446 31.4887490976203
447 33.04649005787719
448 35.54922049860387
449 36.65295729771794
450 34.99102135334397
451 -128.6835445976059
452 -128.56849387546282
453 -128.44287091471517
454 -128.55870186466692
455 -128.60196840914375
456 -126.10485247560383
457 -115.50670964260527
458 -91.07196701551567
459 -54.5950114630394
460 -19.508965293202625
461 1.9967188116724053
462 18.014525304808426
463 37.140954121072895
464 26.678742004075254
465 -16.194034180363126
466 2.986650990110906
467 51.57084436623709
468 10.888201457033514
469 -15.716414729912415
470 17.006548597650276
471 25.40690315275794
472 17.048824443380855
473 18.35122366613536
474 24.666272746939025
475 28.155329463862117
476 29.755365655011023
477 31.003919071190793
478 32.05215817005667
479 33.694250310852546
480 34.41430023555452
481 -128.68378001774528
482 -128.62658508354997
483 -128.53775359777785
484 -128.57715739594587
485 -128.8038546177246
486 -128.3397604206587
487 -124.1838489630679
488 -111.156563318858
489 -85.09471315493829
490 -48.86359014598838
491 -13.905852312080526
492 10.976482856283628
493 30.6810647269145
494 42.95886250689638
495 18.607309170264323
496 -21.87091743085729
497 8.34142476766911
498 52.33688872889134
499 8.59280970961827
500 -15.407151007663863
501 17.37848394681587
502 25.633373095490505
503 16.276774249721985
504 17.482536542507226
505 24.046054436153078
506 27.513398806400996
507 29.193050211470204
508 30.4215415817936
509 31.11457532089856
510 32.065264330666665
evaluations raw_y
1 140.89293085081093
2 33.44091734317695
3 132.33814083263167
4 89.2442297395479
5 -26.305150507482168
6 185.10970451920218
7 -41.83340377964775
8 92.8364717992262
9 12.834449906799172
10 162.97898182513353
11 148.03939706761565
12 120.34362103205969
13 84.03386166842222
14 5.443834548566318
15 191.57255683717764
16 85.00897975573133
17 55.221631945143244
18 2.9753917014412252
19 11.456229170600537
20 130.00405471640573
21 95.30801546138528
22 123.69880786017052
23 149.82736172530423
24 75.59294886796044
25 324.36208454500513
26 41.00328767252904
27 67.88021828677736
28 4.092613361698849
29 217.2381300173942
30 90.39388398281893
31 24.5991063545749
32 142.8390025698748
33 -14.233596345799839
34 75.71350110915095
35 -3.1250742936523324
36 54.076768716600824
37 18.08736067981567
38 -4.095187759626988
39 26.48061399638011
40 81.51790810827565
41 50.63831380725602
42 63.68294359333463
43 98.81565491344489
44 13.348021349033296
45 30.54720693876878
46 24.846757243421692
47 21.555003042861948
48 21.71067036385099
49 -0.270384716341848
50 21.070369428398276
51 -6.1554453386629575
52 -36.72575389055545
53 41.207695357515135
54 92.01937989990405
55 72.9595222091876
56 66.72083393993873
57 66.765118704861
58 17.327248373144805
59 65.45342569132626
60 71.68288512556481
61 148.57151115285572
62 82.24415334461828
63 51.6856818770578
64 69.01008418379647
65 14.633308078207504
66 29.211083005541504
67 16.009863666161802
68 20.641864798283468
69 14.535298952440744
70 32.70221887406863
71 34.40355711557219
72 58.91061543546504
73 29.32286158022079
74 50.45617520871616
75 38.36445309792689
76 13.46781357605872
77 13.299964448244769
78 9.169672996816743
79 11.052754384548388
80 3.828936981541709
81 20.957180528652593
82 5.0533437678930735
83 22.971931018820868
84 -10.69075155141807
85 30.480473567185975
86 47.62964158552313
87 46.96209436875047
88 28.10175280430634
89 30.49654622125613
90 37.212587378448006
91 146.1577916275511
92 61.979454669082166
93 68.09655284618857
94 54.52291230426732
95 44.13473262083732
96 27.843490708595105
97 21.02605965719293
98 21.32579828644841
99 20.108754654782135
100 18.16345188687918
101 36.251273381064564
102 47.508135017996125
103 50.23270900011293
104 51.21368400274851
105 36.10133121659441
106 33.359755122330874
107 23.52426854336087
108 12.141925279093504
109 7.286451770535429
110 18.039177851351102
111 12.256898388669484
112 18.652841663451067
113 18.925848498671265
114 32.06883751197991
115 16.41613660748753
116 29.279666187859004
117 36.04934342483675
118 25.22179154461475
119 27.93548364251077
120 40.2021926537327
121 29.037979077743103
122 -29.875784450767625
123 26.2978138309244
124 34.66213993618388
125 41.168980141223074
126 26.54886927370448
127 26.90347798294701
128 21.094331667490245
129 19.83623627112031
130 20.39078394583041
131 21.386589136682762
132 31.96022734753764
133 43.0638442248026
134 31.450798937038837
135 30.484369121471833
136 31.147934601920145
137 25.902299875519606
138 14.678652606833063
139 9.406665386828049
140 15.19473999234788
141 19.678908745638317
142 14.744766881606749
143 10.472826554996466
144 12.53648906350901
145 12.392697877897987
146 12.4438434706183
147 25.355471765958843
148 35.37330847289836
149 27.488644782689043
150 34.896874508101405
151 127.6195071336844
152 5.368086791049208
153 70.94135870545753
154 37.65690007880521
155 55.12391759900005
156 40.87527879068613
157 22.377786668792865
158 25.362044426097732
159 21.15715229149714
160 20.09391255189306
161 21.29651136129368
162 21.868481497866572
163 28.149089470471502
164 34.73935255809841
165 31.630532532185473
166 31.9598019327683
167 32.153127368850335
168 19.990534309598335
169 12.611874417495608
170 10.74633566651577
171 17.879471071905275
172 13.984226356264388
173 12.539806630113013
174 11.033277364005006
175 3.216741549306505
176 7.302305238668058
177 14.545447989932804
178 29.18987349204565
179 29.285306789933994
180 29.558216643139804
181 140.30457093046903
182 59.131518709400105
183 -14.235130227842177
184 101.05797572894116
185 20.612811061072193
186 39.16147848900361
187 25.677987089451104
188 27.69765440204608
189 24.08618855282167
190 21.346729987608597
191 20.961102509731848
192 21.8733091671773
193 22.467578883400947
194 25.923928539701567
195 30.359808695122833
196 32.04109542590971
197 32.31790762353162
198 27.841407147865386
199 17.766954080774816
200 13.169393960592043
201 13.970231472398186
202 15.277738726838605
203 8.81455274512848
204 15.60672627169297
205 19.326830220864927
206 12.195939227703105
207 13.525442925112973
208 21.560948131376637
209 31.56326953374038
210 26.943773241753284
211 45.86062967889515
212 26.265919680779234
213 75.63433695484072
214 -5.170553134445548
215 94.84539930420273
216 22.42883597178028
217 35.01561299231588
218 29.921648887894364
219 29.195242511174264
220 23.329423611846945
221 21.931895866594896
222 21.79329929260672
223 22.637550614492238
224 22.594428410102584
225 24.70836216096971
226 28.633910958866235
227 30.730526270353646
228 29.378691964994015
229 23.867739598607876
230 17.297644159530854
231 14.705745963724475
232 14.463454456736828
233 13.058624745007885
234 8.057990028413265
235 16.316689800115494
236 23.145182654514517
237 19.83479144697057
238 20.80165766383996
239 27.652217618594666
240 29.860635515065816
241 -24.491770789342397
242 0.5314400586128869
243 67.19834659006322
244 39.535970152778
245 27.67978771144142
246 78.31666970669858
247 29.47594601449147
248 38.8762680168793
249 33.926690340011575
250 29.7009207420627
251 23.20827574487206
252 22.498765312758128
253 22.50888939984654
254 22.989480607707083
255 23.121798151491667
256 24.63076332998055
257 27.42762859057209
258 28.25993205582623
259 25.983972219813634
260 21.46862171179334
261 17.24012306832723
262 15.434299307890633
263 14.071434594023241
264 12.2779772937735
265 8.896370452403056
266 16.18337429046002
267 23.90458911247235
268 24.251227977990574
269 25.94823790641023
270 29.126501702617627
271 -44.56547494873264
272 -35.38437060443633
273 12.924946481248618
274 58.55209528286837
275 32.55148872599574
276 50.10548566431785
277 61.585309688494036
278 33.31583275865017
279 38.98102048195278
280 34.33933627323071
281 30.054200605629898
282 23.6700174462946
283 23.147272753970263
284 23.100623067408797
285 23.48688907969018
286 23.863488552569702
287 24.854368923785646
288 26.220640535604645
289 25.906830004439374
290 23.498221367441165
291 20.01592880805496
292 17.175049645113255
293 15.52930673133671
294 13.865900856775502
295 12.33799475849507
296 10.088227404680355
297 15.641695109739349
298 23.093311937187803
299 25.732506637221285
300 27.393989141155295
301 -32.21965896692527
302 -39.43335717326682
303 -14.448045790063645
304 26.072415163336892
305 57.691006211192956
306 38.73116228468105
307 58.358469157723825
308 50.07612318296416
309 34.7341376370952
310 36.28107354196416
311 33.20155514760887
312 30.019951554079313
313 24.568309011684388
314 24.095782736976275
315 23.892849616284433
316 24.193370874437715
317 24.629345350908398
318 25.023863312114578
319 25.213104668670976
320 24.16574942868412
321 21.857336338495866
322 19.1337951496917
323 17.083853166014713
324 15.419066688953643
325 13.970785565004277
326 12.854683372838226
327 11.149340367100915
328 15.028146826650548
329 21.490715979058457
330 24.990977016168117
331 -42.02020776711119
332 -41.78222639117213
333 -29.07053025332805
334 0.2938107882678338
335 38.35444940312886
336 61.64431899645742
337 46.23651974778305
338 57.341708557416766
339 43.50225564978099
340 35.3837032837398
341 33.36527154823591
342 31.728609755347293
343 29.53775122104567
344 25.501199450448965
345 25.301988319508453
346 24.916277140401334
347 24.997604300053663
348 25.26750291043846
349 25.11625158650489
350 24.479347213758718
351 22.994688350203962
352 20.818570601145712
353 18.642419568983538
354 16.97420263257429
355 15.358672667570655
356 14.319794737620011
357 13.514373816834198
358 12.00193917581172
359 14.508688338416782
360 19.711262342465314
361 -45.517180117180594
362 -43.72736923472994
363 -36.87710587461538
364 -17.04249363403231
365 13.696369788603747
366 51.1157017401837
367 66.68260357741275
368 50.310450798372074
369 52.32168401906126
370 40.42425287744013
371 35.766929470212595
372 31.25222194696359
373 30.45152470726366
374 28.66360044126631
375 26.10068192747821
376 26.493399061810802
377 26.012000728530538
378 25.758611784143888
379 25.73901353405146
380 25.156880971641847
381 23.985635633703854
382 22.24536811033899
383 20.211507712731642
384 18.385715459695955
385 16.88836353142657
386 15.438022756591435
387 14.796766410235396
388 14.150114163674672
389 12.71780080959616
390 14.194776327228332
391 -45.32692062462491
392 -44.545951229530104
393 -40.92329513142801
394 -28.71879297385683
395 -5.233345924116328
396 27.226211917228206
397 63.241008274648586
398 70.36108982047129
399 50.49398317987812
400 46.449682716464636
401 39.480646301528864
402 35.90584647823331
403 30.05598669077148
404 29.556412180252888
405 27.547693896278624
406 26.198143317898687
407 27.41555315596867
408 27.002313799402884
409 26.404066790059403
410 26.063974915957004
411 25.165886195942285
412 23.667994627085765
413 21.799062256866897
414 19.889214935480826
415 18.267523416947228
416 16.86325785475589
417 15.65251817278703
418 15.30431433191939
419 14.7221073638133
420 13.364077218180384
421 -45.56238267510617
422 -45.06014767312189
423 -43.07453381037796
424 -35.966131712333166
425 -19.603146070479887
426 6.5561242916026075
427 40.9514076612606
428 73.52070761441405
429 71.7050117473016
430 47.78150811186989
431 41.30749606644846
432 39.62601545020109
433 35.8077477468975
434 29.591993764322936
435 29.074256258182956
436 26.36289135685717
437 25.811676795098993
438 27.936808478488455
439 27.785742334859304
440 26.921043939118903
441 26.27903103305989
442 25.153688023668142
443 23.473220478807864
444 21.55600257960965
445 19.74443177228037
446 18.235150216471325
447 16.917099164777035
448 15.960915369293533
449 15.792329283706733
450 15.238511713815111
451 -45.56221348553625
452 -45.312692724142146
453 -44.22239594882108
454 -40.17867736706075
455 -29.669262526140535
456 -10.019917005647017
457 18.603139109862887
458 54.25102980743281
459 81.2669260797085
460 70.63044168126666
461 43.40255933949261
462 37.51488810646926
463 40.16879994833777
464 35.524443076576716
465 29.63469251404155
466 28.96504268658355
467 25.25844560992287
468 25.064492118348845
469 28.049115852958707
470 28.333259302860363
471 27.32293926162356
472 26.419005848280246
473 25.129285906635435
474 23.35819318320223
475 21.44164587092266
476 19.705276921189853
477 18.264271444782263
478 17.04951725500449
479 16.321582958582077
480 16.245885753486974
481 -45.561844045844694
482 -45.43765200534492
483 -44.83936132852102
484 -42.555117613711154
485 -36.126112565835754
486 -22.527077769722887
487 -0.06683160849738101
488 30.855480290698395
489 66.40937864453534
490 86.2806929252121
491 67.47564433971837
492 38.42561937269822
493 35.12854568022768
494 40.714401199765206
495 35.12048611597583
496 30.000870175919765
497 29.161033807678717
498 24.33667550671833
499 24.108740712967624
500 27.814498825284716
501 28.655337031225603
502 27.628486520741703
503 26.513666587258207
504 25.10074993540122
505 23.293642687348783
506 21.405505753519495
507 19.729506787377453
508 18.345069488124995
509 17.24939493228763
510 16.704887080863244
evaluations raw_y
1 138.2970749591368
2 63.76242970760451
3 88.86190385246775
4 -41.95705727957805
5 68.2942347776377
6 7.881439256291614
7 23.621329223489912
8 88.59802624215341
9 -13.070397368403682
10 7.465099604677572
11 -18.58420764430197
12 70.44322992115696
13 109.3220697340368
14 50.67026246193131
15 29.255480857978775
16 150.62798858520915
17 135.7942628115926
18 -28.180979269146945
19 104.27218534168416
20 86.85516713270587
21 80.55329159379448
22 57.83795031401853
23 95.02989901636218
24 27.88641720217789
25 47.84790146602452
26 174.76812445486178
27 54.12430553125591
28 12.059466053418817
29 46.88541924414393
30 131.90144142597643
31 185.68690316152384
32 102.08088466890419
33 83.86412309598818
34 51.68868947092882
35 95.81998414138445
36 80.20558346857095
37 59.18343291250091
38 48.156009661066065
39 6.874418685814234
40 7.338016519097112
41 40.59281850201694
42 95.72379029294049
43 20.80412843885542
44 36.803949900235985
45 53.26578168798151
46 84.11639829080204
47 27.81149451097858
48 67.9402892057695
49 89.07078162977629
50 32.90470368974946
51 31.78597121265078
52 -7.746582377944435
53 14.379790242298194
54 12.851133537125664
55 37.955309788989354
56 48.46645684793815
57 75.9993226299178
58 78.56280122398547
59 41.60958091828076
60 8.13099763998282
61 87.60772806405816
62 78.08737535370966
63 68.2009286098869
64 22.294548942790946
65 90.4957238957478
66 46.55312609881406
67 50.04274715084109
68 40.41430067788969
69 24.0114091693224
70 19.43248188015788
71 12.164335028781386
72 32.03399378250089
73 18.339786799493446
74 37.93509489845716
75 15.729538021281828
76 31.616781996129692
77 42.43144656934534
78 65.46045998234233
79 15.187407840534974
80 31.198187738427688
81 41.9973859281522
82 33.596489296823805
83 17.199313539273376
84 12.41114486671873
85 21.256658896093093
86 31.25268320671426
87 48.92101486618691
88 61.20652631571213
89 38.11400478418133
90 15.108380004261058
91 95.39602491721163
92 49.197687205658355
93 104.1100458719445
94 90.27611657615007
95 91.59560232216394
96 68.1784354844784
97 46.33035050518991
98 32.89024338574692
99 30.30877176525573
100 16.745862168019908
101 20.71720990519727
102 19.813171383341555
103 19.368020012973464
104 18.708071589460896
105 23.29621526689882
106 28.2372211644076
107 21.090268658210697
108 38.9968448707379
109 59.92225334055776
110 46.37563348206025
111 36.255425414055786
112 45.80172445395759
113 17.996999347840152
114 12.171630775524084
115 17.67394266161616
116 28.044462620454137
117 41.118177759192285
118 30.526341531906517
119 55.38958690350545
120 44.73711632468126
121 111.81139150349014
122 70.33130267600255
123 68.44975629799968
124 23.82336405637554
125 69.56945827746824
126 104.28659570564648
127 46.95362504579241
128 52.985958167948006
129 30.20279118722567
130 25.360082735435874
131 26.808522712022523
132 25.117413649699436
133 21.875679274324632
134 21.77289592674775
135 20.346584747645206
136 23.736607239998087
137 15.307380377818994
138 19.890532858301892
139 51.74466257228654
140 45.96599571029865
141 39.977009528974975
142 36.31208780446278
143 20.347598477637742
144 15.972392859776061
145 16.81664434536177
146 20.57236595274196
147 29.540419181163678
148 39.245062844290416
149 32.818001869649684
150 44.440280219629024
151 34.48472878881395
152 124.11445450996642
153 98.10466049888895
154 94.68365938618447
155 39.90821046582987
156 41.24292445813869
157 97.76517959389389
158 26.309553712542176
159 55.553816447453656
160 28.279156122943473
161 30.908519081439184
162 27.75059775661268
163 25.548783997884296
164 25.077376066981486
165 24.07833171800386
166 24.975677240848643
167 24.670104983916637
168 19.402236283181935
169 28.984890779659327
170 38.24026826746116
171 37.49775448594103
172 38.23407622277419
173 26.43506935953112
174 9.112831589292602
175 18.857630366928475
176 21.58454247848979
177 23.669654719293113
178 29.8874058807996
179 38.31263145697091
180 30.78978362673359
181 75.5280076858337
182 32.292246138167
183 46.55423679473061
184 100.23134080106644
185 113.56650222770112
186 21.686119036825808
187 38.695644775972745
188 84.43441066099149
189 17.9625178016572
190 57.575773800621704
191 29.90235546956989
192 33.473625494790525
193 26.827724387381895
194 25.642145982869422
195 26.081479924548965
196 26.143302826494047
197 27.548803988666283
198 25.5717912026781
199 21.80331648101852
200 26.684679703304898
201 30.255602388356753
202 33.838488859332905
203 30.67672819598861
204 17.75146487059117
205 13.372387387030193
206 22.75003505788367
207 24.830914594998525
208 25.772768167454036
209 29.708463112659036
210 36.07393781853256
211 103.4624374775787
212 161.50021334772725
213 117.96055081993273
214 110.2609715611421
215 132.92879868289327
216 86.37367331955176
217 3.86931526403653
218 47.9369162442269
219 70.74816963481618
220 21.275077943645897
221 56.01625804998759
222 31.288006474790222
223 32.676098364548395
224 25.951103754956918
225 25.78584272033884
226 26.353200251434473
227 27.64515412420222
228 28.687267510380988
229 25.08872211125753
230 21.75345451125529
231 23.0324524819478
232 25.955603051422177
233 28.077504422414645
234 22.672706783196187
235 14.261770909523237
236 17.522799694476063
237 24.882828952756284
238 26.220859217519603
239 27.124012789822416
240 29.260494254253924
241 35.48061698474323
242 159.4617079724096
243 153.1346270087817
244 124.8112380637827
245 130.1367376387224
246 122.5045907160254
247 57.25599274192604
248 -3.6717324328617877
249 61.06571274504277
250 57.962309400025774
251 27.962692095988807
252 52.22201230321227
253 30.089584451729717
254 31.6629804230096
255 25.523417780993455
256 25.883957162656642
257 26.725791437531548
258 28.600732799004742
259 28.792442439643494
260 24.67560895171867
261 20.75458379400266
262 20.179426180655227
263 22.373375924688045
264 22.482779358316055
265 17.194415638014938
266 14.498826470784584
267 19.968797796612105
268 25.94276570679756
269 27.07242045652357
270 27.72291008423568
271 -39.2641845401989
272 50.27150185896381
273 164.8708036914892
274 142.75331582765156
275 134.15754967198401
276 128.0089620782593
277 99.6044305480899
278 30.824265559112124
279 -0.578398212896623
280 74.51054165092077
281 47.562848752197
282 33.8893962160408
283 47.95895434222234
284 28.077804229382473
285 31.039447620150405
286 25.492743654735445
287 26.114012345205907
288 27.328587352043083
289 29.203595430657888
290 28.72075649592462
291 24.31517113034741
292 19.719187358569677
293 18.284130717132086
294 19.424341847653388
295 18.318579140018308
296 15.08762002908716
297 15.843963237006653
298 21.726077218417622
299 26.503115973359478
300 27.58745760243552
301 -32.29905804783838
302 -13.133005628162067
303 86.14645032779129
304 163.48197864175938
305 136.13462235463197
306 131.47748515900332
307 113.37096151123441
308 72.64513202671995
309 11.1141995002559
310 11.250815102135213
311 83.51889639477827
312 38.64892902029901
313 38.48488976885222
314 44.3177616022806
315 26.277479416287395
316 30.803315783199583
317 25.851020184793025
318 26.431955577531216
319 28.046865140328144
320 29.682311785631065
321 28.667415278871637
322 24.002501758261026
323 19.115767726082197
324 17.22875606793255
325 17.349931526429415
326 16.183753878330336
327 14.997421086780916
328 17.50063095839606
329 23.05413103891431
330 26.84778948269472
331 -40.174825913370704
332 -30.918379308212216
333 17.001604180299914
334 112.80545493108085
335 155.45479349197254
336 127.85479810240795
337 121.1603245034085
338 92.87314447630396
339 46.43859822927363
340 -0.2975492939455009
341 27.88096779440309
342 86.54665848055393
343 31.79635824885338
344 41.894280946819684
345 41.54702314432215
346 24.942768780682027
347 30.781623660963735
348 26.491253424615714
349 26.765465236506575
350 28.671883628621742
351 30.06936890034326
352 28.631098429283956
353 23.873979971498205
354 19.024317635190634
355 16.84885951208169
356 16.36033390161287
357 15.625838886728118
358 15.881877273911261
359 19.1628364432092
360 24.080406589611805
361 -42.0080502315874
362 -37.98657290167096
363 -17.887401746838528
364 43.833005854589885
365 126.65834793093356
366 144.64153978811575
367 117.72485576070227
368 106.31147885725387
369 70.29690189996734
370 23.683376727665497
371 -3.2526781553347135
372 45.37913367477114
373 84.15678991411119
374 27.167310458834912
375 44.49482058141994
376 39.61605578503549
377 24.029383183062627
378 30.79573193836428
379 27.29762349032886
380 27.069981822623703
381 29.08846491840595
382 30.326678806275943
383 28.631595448124102
384 23.98208934065849
385 19.36840274847674
386 17.043390003628556
387 16.294472092500317
388 16.042885585541633
389 17.199240476381462
390 20.688966172354572
391 -41.790909924515034
392 -40.276863203521145
393 -32.24844585520995
394 -1.4487754912915207
395 65.91202928483298
396 131.96597001320401
397 132.71647996829861
398 106.00338015493048
399 89.05715709383409
400 47.961353375807796
401 6.164282615692322
402 0.9070845633132905
403 60.77702923510785
404 78.04029073016846
405 24.437582629122538
406 46.50376641127167
407 38.34793354180752
408 23.405083519447476
409 30.72109378207017
410 28.150381269622383
411 27.354823777833374
412 29.290730168082906
413 30.444132933893584
414 28.68064255844484
415 24.310847407957063
416 20.027519334896006
417 17.678376213005002
418 16.868923111509957
419 17.007965735643726
420 18.65442605126702
421 -42.01184955107829
422 -41.24280153866124
423 -37.88945927459109
424 -24.035486661578005
425 15.545562311362232
426 82.5757254135199
427 131.6350379687446
428 120.27714805188106
429 93.11386672337728
430 70.84822932473367
431 27.5330341276398
432 -5.3475216686538545
433 10.096673475558461
434 72.42894931104735
435 69.95852369563391
436 23.17413877989849
437 48.04081134332996
438 37.55218063410052
439 22.95507538497351
440 30.488913566300578
441 28.944547960782458
442 27.64100785245667
443 29.32812895513925
444 30.440718596696534
445 28.774973154660632
446 24.797619158624897
447 20.886008686876686
448 18.608018322724313
449 17.83446104895543
450 18.239865566463934
451 -42.018087792698765
452 -41.655258390798714
453 -40.15473462989671
454 -34.08499197590176
455 -14.091618161027881
456 31.580321195167055
457 94.24532914308185
458 127.57300730374465
459 107.59109243818916
460 79.49726215822432
461 52.77799446045751
462 10.156848108420263
463 -10.901979027517747
464 22.055329750209786
465 79.87979111223805
466 61.281630201694064
467 22.969357715472004
468 49.17924482745019
469 37.07605237532413
470 22.605748246594324
471 30.07870791692421
472 29.60496660522715
473 27.936312088584334
474 29.26226279997919
475 30.346076005626088
476 28.895169226355236
477 25.371382284103834
478 21.848546836936546
479 19.703947154642385
480 19.002932526413616
481 -42.01910684877138
482 -41.843397946580666
483 -41.12129574257828
484 -38.4041826330856
485 -28.956214665237994
486 -3.2462076608613373
487 45.83776858980891
488 101.63019561387839
489 121.01866743242215
490 94.82349152036966
491 65.58484350549391
492 35.695864059560606
493 -3.467619267252509
494 -11.181437527979078
495 34.81029111216161
496 83.42989382170654
497 52.916742559506936
498 23.485377957522427
499 49.98260084250801
500 36.80670896494197
501 22.316481802844017
502 29.505017004427646
503 30.089654897912865
504 28.234149920403887
505 29.144671014957197
506 30.18816806712271
507 29.017207466510307
508 25.97162725935412
509 22.84072927856128
510 20.86538505089125
evaluations raw_y
1 60.315650729586935
2 156.75713670509867
3 160.82097385120744
4 150.94153642227676
5 102.63267321971387
6 70.16943346438273
7 -23.57231858079714
8 6.113873357976729
9 81.43516607185563
10 42.50056837959264
11 4.736480530527217
12 -8.129376946097777
13 32.055307185893554
14 3.643451146779455
15 -6.471280985688219
16 95.79065340846483
17 45.61454646200015
18 30.751612983161095
19 -40.18114394254644
20 79.52236382118349
21 -65.30851909480842
22 55.1207934773469
23 55.1469016937405
24 188.17648771113653
25 31.396684891963154
26 36.08322078003634
27 -30.85765000986541
28 101.37570545447302
29 58.71044274439211
30 6.431406507734707
31 198.1528310828797
32 -1.5153859592044086
33 33.14026484589004
34 36.181542828735644
35 40.30908342448255
36 9.493979432921122
37 19.72549765074752
38 21.857531028855426
39 41.45747747587719
40 26.33867396308402
41 33.52385710622747
42 20.200270000566686
43 24.34379833163521
44 20.019566588620442
45 13.115914103529311
46 99.6377269351703
47 53.943036939087214
48 75.10128734561886
49 34.503726267905854
50 8.809175831193652
51 13.510474082890202
52 -3.277245270130855
53 42.078512731974314
54 36.76678324544018
55 37.128509590940816
56 130.78426030115082
57 81.02082462349732
58 69.41428331986253
59 21.47401900764156
60 30.129436807294752
61 55.22085622800107
62 23.283111223051016
63 -35.69000747490212
64 3.8131455239258862
65 44.48606494576603
66 35.21248556420513
67 8.102818688382694
68 17.488019794444355
69 24.625362188559983
70 32.00652680528123
71 47.24570252831574
72 28.0573943240235
73 28.50220727900207
74 34.94359339287928
75 19.17471145831008
76 44.03589748628934
77 44.64462312985312
78 28.984426949447947
79 1.1699930438119424
80 7.338259952521467
81 9.953530400570854
82 17.725867779863233
83 25.319135695933994
84 22.703708792742106
85 35.78802821158983
86 33.986768321963154
87 51.77425662963007
88 102.23973499929384
89 62.97182550917766
90 41.802411285201906
91 -29.243965047260616
92 -1.2699322295604887
93 -29.777349439829784
94 22.22784925762864
95 38.44889668104215
96 19.177826842810788
97 14.565643922793397
98 17.189766436434045
99 20.429412907810974
100 24.2489870700324
101 27.42142268140415
102 27.560457729196497
103 30.174560910071893
104 28.350040938668155
105 24.393710773650902
106 37.796197160319764
107 44.78833026848238
108 23.523584197524112
109 38.02995002432077
110 22.331538880614374
111 -0.8854492920007466
112 24.441629822190656
113 0.6828667345580399
114 25.659425444061302
115 27.35434384704868
116 30.80544684318771
117 40.05137072272045
118 9.208514694071148
119 24.21769404852363
120 44.118359097289286
121 118.24645894667026
122 130.59041027884928
123 -37.66079359201846
124 2.477075403361173
125 -5.0899442275557405
126 34.092067807930626
127 24.826153080509215
128 15.227046121348518
129 18.60696628112733
130 20.649026671519014
131 27.01906311214281
132 29.737314386406442
133 29.801119445978152
134 26.136562516846222
135 24.82486711163394
136 29.21683303005308
137 39.326532047112856
138 36.627100502532606
139 34.16034951014953
140 33.01878665692723
141 18.4816834244347
142 -0.2960532548501629
143 -0.17964690964749863
144 19.108397993645912
145 21.8846808443103
146 26.707191317656005
147 25.616871901602558
148 48.06059812810899
149 37.23171022946643
150 42.45425210455003
151 -27.647039954959723
152 -5.731670934691103
153 9.415744347805045
154 88.22053132199264
155 -4.276377277294685
156 26.411978657038755
157 12.686837803526341
158 21.23878734849571
159 17.676255038033666
160 18.76081154982597
161 21.27950530287477
162 24.949667047413882
163 27.637016412527537
164 26.279362997065935
165 24.7766710544713
166 26.426219539307088
167 31.11436214254058
168 36.6421103001683
169 33.9093323984012
170 29.28935776804359
171 29.517157148821195
172 16.83403858174554
173 6.279604893001505
174 12.67565669780012
175 25.170864675374283
176 18.56044449859624
177 23.169557188729826
178 24.817331333538323
179 51.75665777855096
180 52.666557729528655
181 82.5985819874157
182 12.790353769533581
183 -62.428365218052654
184 0.38033691687351734
185 125.2332833969948
186 -8.04815865844467
187 42.19555954087976
188 7.736306050885105
189 18.58743642731281
190 18.133743273681148
191 19.302426220954406
192 21.215272963091916
193 23.208316434526417
194 24.664106425151857
195 24.35890560594226
196 25.139260514405493
197 27.387681186160073
198 31.073977942931954
199 33.82734495791327
200 30.30350372484407
201 25.378074874493876
202 27.972821197641842
203 22.040804012818736
204 17.73028343597947
205 22.63709459259892
206 23.2369648006363
207 19.338332344921092
208 20.42456567518054
209 19.355638730320013
210 41.12946396213878
211 53.77586898000339
212 38.4942921405773
213 22.330951009852093
214 25.529345527988685
215 130.4191716643186
216 68.39316175253741
217 -10.962381739204744
218 46.23484528809061
219 7.042248838059887
220 17.302724440704498
221 18.73758806347356
222 19.508496028486892
223 21.33521983234774
224 22.31972030452155
225 23.223904589503682
226 24.133360682279825
227 25.584163809827412
228 27.724658443590666
229 30.190062909974525
230 31.271816848203155
231 26.837506284903128
232 23.092054593450726
233 26.73737884742183
234 25.742434750712746
235 24.372142376057038
236 25.499657868262886
237 20.436173886089318
238 20.25215195866657
239 20.204841290642303
240 16.722001925535366
241 -49.77386054868848
242 49.20116866062075
243 86.17141041265833
244 46.49471900444829
245 83.89459314192175
246 133.42361130546385
247 23.56135040658786
248 -2.1662658107317405
249 44.90463171115015
250 6.398508129558358
251 16.548197374899974
252 19.13769111099935
253 19.65770444355716
254 21.70732610515706
255 22.172537439526856
256 22.942284169075933
257 24.273012356004088
258 25.886957732019887
259 27.582635448572816
260 29.08243734069321
261 28.98475742817386
262 24.20143938492692
263 21.589906130501106
264 25.230140186949924
265 26.54203593523232
266 26.051404103354166
267 23.885605334433734
268 18.83741914354784
269 20.870382055621988
270 20.40746529885075
271 -37.677332276993226
272 -39.37563435094544
273 80.6602538111674
274 102.57276524564313
275 52.99763486130004
276 90.60581279939564
277 102.23207779497852
278 -0.7213611528155326
279 9.875671662017671
280 41.95505176960458
281 6.0754022132773
282 15.861246697252186
283 19.214599008164125
284 19.766102179918494
285 22.02108670789723
286 22.415401459957696
287 23.075544532584594
288 24.482446647731415
289 25.966697460655933
290 27.14934760656404
291 27.98026318291496
292 27.071181018997585
293 22.49270158601203
294 20.483657059047033
295 23.518443780900004
296 25.313684613104552
297 24.657357033885116
298 21.464623953407017
299 18.139019704478216
300 21.440371241767032
301 -63.984681484924984
302 -56.200349273823505
303 9.962506388770887
304 103.66386346845744
305 94.80481374848435
306 46.70532503388092
307 78.51193572803493
308 70.02980540098693
309 -8.669010744454546
310 20.36955339840128
311 38.387935904563456
312 6.006869175736664
313 15.163453670752059
314 18.97856714824632
315 19.692891393922142
316 22.285098773473784
317 22.838976456247956
318 23.37230640101414
319 24.628960642869902
320 25.824056178947718
321 26.59668896384663
322 26.971896851993442
323 25.56853213136146
324 21.411692401985164
325 19.665285442906228
326 21.78247258131428
327 23.27569818040721
328 22.418621565327342
329 19.423198669535942
330 18.14268343355094
331 -67.10599095763367
332 -61.80185582709948
333 -33.32447440388007
334 43.56077039331567
335 109.23033221041212
336 79.3775814804553
337 34.26000809810985
338 60.491161171667294
339 45.89053446356285
340 -6.983247962763283
341 27.983136522164845
342 34.90465546831812
343 6.172892926330331
344 14.51345305654173
345 18.529948284112468
346 19.501031413956245
347 22.502232983427078
348 23.325300676931935
349 23.70379475891783
350 24.66738771491105
351 25.540451297512398
352 26.025975111181516
353 26.08962538540424
354 24.40561776142242
355 20.724263278995885
356 19.07018540542976
357 20.319501085307003
358 21.292424281589714
359 20.33679280060462
360 18.13782245436485
361 -67.10143435016599
362 -64.4510738243248
363 -52.159555077684175
364 -9.683695751981652
365 64.686745032413
366 105.07506791947365
367 60.81486411752853
368 19.433348472070097
369 42.93582271232476
370 31.0303944103349
371 -0.743525836146187
372 32.75201278205064
373 31.78754647212739
374 6.585914283938028
375 13.9500793302713
376 17.93777886723718
377 19.201125214517784
378 22.621317625209112
379 23.775040410244024
380 24.003300061019992
381 24.624415599084184
382 25.203413648507347
383 25.497298027489517
384 25.31772931528824
385 23.50723378758023
386 20.28820908359756
387 18.681715055474623
388 19.235756323015913
389 19.70044401582543
390 18.796846463468974
391 -67.17884060570896
392 -65.83123550170689
393 -60.117271604376384
394 -39.49769912016278
395 10.778064692821747
396 76.66912562196677
397 95.19258987281684
398 41.223466873825906
399 4.701418498138764
400 28.92112695612983
401 23.886781337594588
402 6.867946340437829
403 35.25561483708455
404 29.095900443107976
405 7.183909541462443
406 13.502275126426207
407 17.24679586342784
408 18.780992968497547
409 22.592722234401442
410 24.122225012860195
411 24.254329108888946
412 24.55204977743929
413 24.883490252253093
414 25.025821775060603
415 24.640671508585424
416 22.810987334394266
417 20.01270330836166
418 18.461932112710233
419 18.50695017018642
420 18.583192601945324
421 -67.19588455588807
422 -66.51637653415071
423 -63.66156294913939
424 -53.79683109117549
425 -26.00488480280775
426 27.25471235363571
427 81.98716176266021
428 81.8620656239361
429 21.93697513043312
430 -8.286128858510295
431 19.504681324927546
432 22.22465390343657
433 14.149499690009321
434 36.09581789814271
435 26.821127648844932
436 7.927641697305836
437 13.182590125970687
438 16.49932846854963
439 18.241963660157424
440 22.399303348320487
441 24.340939915186528
442 24.46316091633691
443 24.496892147970023
444 24.615749144036712
445 24.608756818460527
446 24.04608578139671
447 22.266416379453897
448 19.838705664500644
449 18.364881576435874
450 18.07080621965767
451 -67.20139678212715
452 -66.85968318074384
453 -65.3619832677921
454 -60.462005210235176
455 -46.169786880117
456 -12.97160440960031
457 39.84088537883448
458 82.35155687918441
459 66.56476086494582
460 3.893386306904567
461 -18.55792159814998
462 14.558048666797257
463 23.9948234543343
464 20.35086806571576
465 35.781627816355986
466 24.920026827671997
467 8.794105424289846
468 12.992298006342914
469 15.73636224642397
470 17.602708474481506
471 22.05008232938351
472 24.427871397377125
473 24.63779269930736
474 24.480477748455034
475 24.40684160020607
476 24.2369611834672
477 23.52461060989538
478 21.834415407227986
479 19.727941956546342
480 18.35169107984584
481 -67.20238789760629
482 -67.031237036615
483 -66.225671285505
484 -63.66427552964626
485 -56.35025805138129
486 -37.87587429796347
487 -1.0567003741569607
488 48.90766819564874
489 79.00468504014121
490 50.35912110076269
491 -12.249472582398099
492 -25.693938043092306
493 13.362533376982775
494 27.63365545925172
495 25.243420808968807
496 34.699234438172006
497 23.346766377838108
498 9.75986361046773
499 12.92699213437804
500 14.992844781273707
501 16.888698304177556
502 21.564604640930664
503 24.387575135980633
504 24.77592497422345
505 24.50002595544888
506 24.24589946206769
507 23.901589415344226
508 23.06807561524953
509 21.485836207386964
510 19.656016472368417
evaluations raw_y
1 -132.0738301529366
2 51.65225651499798
3 20.291499780460143
4 145.50472425787075
5 40.42025499337593
6 53.08643253958009
7 86.30123627077492
8 28.00458309854799
9 76.51348956328788
10 32.15724631421433
11 75.23518870236987
12 78.33278886449784
13 37.62317436486269
14 -22.090672207518566
15 55.02782274518655
16 71.45341153430103
17 89.65355791463335
18 20.2640202351268
19 69.41458496375904
20 44.854216479356666
21 44.312957140208326
22 -33.92259539600808
23 92.6146802627739
24 71.42479905023696
25 -93.80460835952326
26 318.24948098375904
27 27.337382860216444
28 88.53115461887488
29 67.69279434374819
30 27.558070800749235
31 108.45360579002971
32 131.19620743820158
33 55.87219888364412
34 45.99182504527699
35 5.077692695130825
36 57.76354827415451
37 69.7716260741089
38 29.29645386496601
39 56.668564970818586
40 30.68675475770621
41 31.6499334847834
42 5.075329149369404
43 28.563078658352723
44 38.56141686785229
45 23.655159299163678
46 25.194368273874403
47 43.937004912332426
48 -5.409978972029418
49 40.54266855774182
50 36.798471519990755
51 35.00339823003514
52 23.510445872342743
53 100.51891377861271
54 42.09834349652177
55 75.47398411386722
56 99.251455836964
57 22.865617738816272
58 25.432549275782605
59 15.123715855256782
60 -1.8803153785983362
61 183.777039586081
62 173.48481787933196
63 21.516184157921295
64 66.91959055320652
65 28.249505281545833
66 31.03330468689748
67 27.260975785971304
68 32.149230138767464
69 25.889204395715787
70 32.10901437708428
71 14.59177191841755
72 23.72860874542772
73 7.909042582732182
74 17.88348476625233
75 17.65358987265939
76 24.198012152401827
77 25.746419448556935
78 15.154526298571987
79 5.298344256274724
80 16.424950277339587
81 19.97866055775816
82 5.8184328281726465
83 2.2225272188117593
84 61.46025826041084
85 -25.75030913956684
86 18.778981696889147
87 -1.6924637341905182
88 18.54579126880363
89 32.47072231154159
90 31.70492320289725
91 106.43547629593223
92 165.44513297336525
93 94.30679987195444
94 96.09564725475965
95 13.581930837728194
96 37.58284961007401
97 22.586764947269714
98 25.784619757185723
99 27.990259599611225
100 29.009001916598017
101 20.11312368512568
102 22.610826566302332
103 14.268210943211463
104 11.938494571291956
105 31.171823057082428
106 25.091159893858077
107 16.265877828578326
108 16.415075206772297
109 18.938326833245387
110 17.266465501016512
111 22.351213976601297
112 24.789733248614393
113 38.23635450265818
114 32.49014462647421
115 40.32822335515761
116 30.072634835282145
117 10.29356694449617
118 39.34638390415794
119 10.259012970135053
120 13.506056188944363
121 6.055819388516781
122 14.992412713612595
123 41.965567727591456
124 108.74611398164895
125 -2.897352956452778
126 26.753806453944698
127 33.29231370646446
128 24.199453398253603
129 26.666724360960067
130 26.21225923928483
131 24.121186573494583
132 22.957023273799766
133 17.16506994558957
134 13.977311112973146
135 13.781383660785512
136 19.62374530030583
137 16.04346685812833
138 14.130646833371934
139 14.766332619636886
140 21.02655495569092
141 18.508646844263637
142 18.540372452097102
143 27.04474793155729
144 26.89731927776287
145 19.772259501260216
146 48.55367008026508
147 35.63319734695774
148 39.68961216056915
149 25.118225335056415
150 18.020740908564456
151 -117.27344123319936
152 9.6460727450558
153 31.86120167081891
154 -54.79267386095013
155 79.68452489275887
156 13.093944414944186
157 22.630990553948376
158 30.961837797744447
159 31.99828880669935
160 27.992549458888874
161 26.40375061970217
162 23.712154613283037
163 19.93822599876328
164 15.89323416738384
165 14.252338592207344
166 11.405450037541964
167 12.987521707523591
168 14.219200900303456
169 13.814163785231237
170 15.574035204671684
171 19.286374150358434
172 17.50248979755314
173 12.316358414304107
174 21.292179302940376
175 8.211561722539402
176 9.059878446876422
177 36.750751001339545
178 38.25022161279006
179 32.13910970566987
180 25.416437444916777
181 9.874245974991993
182 -36.53578383995986
183 -72.83646442007941
184 -18.908646486565985
185 22.16928836659696
186 45.890397256168264
187 29.083862336616736
188 22.56160531445096
189 25.84109073998592
190 36.093759692841886
191 29.652953812864936
192 25.66425640775231
193 22.239509271884664
194 18.365917643985398
195 15.67512972251307
196 13.709738852179568
197 11.783332575443328
198 13.626279838841262
199 14.035607259612568
200 14.477590350173074
201 16.460789435209062
202 18.112940932371018
203 16.702169382086616
204 11.443703632300936
205 18.714872837094408
206 5.4300478122213
207 2.0843965126409856
208 20.465749093796397
209 25.16412354217086
210 25.795608822224807
211 -8.078537546165599
212 -34.74807216286963
213 54.05013644581214
214 -68.67806950859719
215 -13.591558251579443
216 56.590827037109904
217 20.194175162895682
218 37.992940573087836
219 26.122357180923284
220 22.53741593869751
221 37.76357049137197
222 30.57408987733145
223 24.33176247941734
224 21.298460068340614
225 17.661315475028466
226 15.516042077306633
227 14.1591487013437
228 13.628737282426545
229 14.726686972846291
230 14.434794190312056
231 15.409773557712253
232 16.821974556320512
233 18.11804443784335
234 16.740379465494147
235 14.235955156218667
236 19.314618946344353
237 5.2368905278633235
238 -1.9979353556289468
239 7.8910111318663745
240 16.221325100328645
241 -27.487025522814324
242 -96.9515969402003
243 -26.204108433659638
244 -15.186267669412151
245 -82.44407526167794
246 19.878198921529442
247 59.363781227535576
248 3.989639761484998
249 42.066517898521035
250 27.917711325411794
251 20.141108911063455
252 37.525041443355036
253 30.821691625075207
254 22.992090974891852
255 20.52193724895221
256 17.58801601636272
257 15.736476652029513
258 15.004569249621758
259 15.185609007377192
260 15.50234730809354
261 15.10100671471262
262 16.13954096941251
263 17.14593483540307
264 18.339072559619964
265 17.04881219246055
266 17.082445721268794
267 21.046828346521373
268 7.841209944212634
269 -2.341456053141428
270 2.3074318772736184
271 -104.20911541336052
272 -97.13042902350303
273 -58.824907312081876
274 -8.72314631437912
275 -51.76913063995531
276 -63.90131742021262
277 54.99369532489557
278 44.38005151759419
279 -3.6292774492095283
280 43.98450014042619
281 28.049922741020723
282 17.911663904488503
283 36.237612875999595
284 30.447368605815395
285 21.780084694109668
286 19.946299007774595
287 17.85176004259363
288 16.221417297828744
289 15.889876829187441
290 16.24103418894064
291 16.068816926072685
292 15.710079905071648
293 16.67481756395894
294 17.399031150910005
295 18.232536367034363
296 17.431698961085733
297 19.593147759155876
298 22.938070590360418
299 11.41920894714487
300 -0.09413485412168754
301 -132.664711589904
302 -118.24486499951703
303 -86.00989233716068
304 -33.13829088348715
305 -10.290410325666862
306 -68.43635780080434
307 -30.891617721198777
308 76.44593431544817
309 25.277175819794294
310 -6.295964219392644
311 44.84240260991923
312 27.011314382471596
313 15.594714631953467
314 34.43994656143461
315 29.816144242239282
316 20.781492003915094
317 19.490017581173078
318 18.161373887862737
319 16.80484872274609
320 16.65028075318614
321 16.888020080321624
322 16.451116544754502
323 16.196291682332404
324 17.002163973924958
325 17.517694777495056
326 18.007891420225363
327 17.765280865776454
328 21.35673431213239
329 24.636931195732384
330 15.001173593894846
331 -131.44931305090833
332 -126.09955361881498
333 -107.7641641501769
334 -64.39655403379805
335 -16.470946881687453
336 -18.16581260156871
337 -70.08561314474106
338 4.446220170622301
339 83.49602015956913
340 7.846633375645387
341 -6.1277612061904705
342 45.24202512526396
343 25.27319865296679
344 13.125767263565969
345 32.41575292773673
346 29.113523479280822
347 19.98383140131567
348 18.987935288305135
349 18.37473473755663
350 17.34855049611479
351 17.214452042142753
352 17.249774117082307
353 16.70023248099346
354 16.53424439395762
355 17.172536188980775
356 17.55001280236545
357 17.72436600601384
358 17.99045667852566
359 22.445816664445246
360 26.00611010991095
361 -132.58305137742215
362 -129.6831746830389
363 -120.16236284486227
364 -92.61769068509653
365 -43.96227894423859
366 -6.910518722362699
367 -27.02255935189279
368 -60.646074732503756
369 34.95005294928461
370 80.52877104209955
371 -6.238954306143434
372 -4.391409533689277
373 45.50752367139067
374 23.180023019603283
375 10.571164407230007
376 30.257226706678146
377 28.37306597938523
378 19.307530484628924
379 18.38483760145379
380 18.425777300529568
381 17.76132332895506
382 17.589999387586893
383 17.434223304837378
384 16.85163176980505
385 16.743915956442216
386 17.256677390331284
387 17.521265076377937
388 17.432019042142517
389 18.080397725188757
390 23.03999547712541
391 -132.56873041318323
392 -131.21137107670577
393 -126.36212980953027
394 -111.14033836369012
395 -75.59787309827928
396 -26.878138412971495
397 -2.55811147355573
398 -33.72107881465532
399 -44.51083205966532
400 57.98006149994559
401 71.81576977301631
402 -16.9122544445108
403 -1.83018494811283
404 45.79012672512404
405 21.064214901653173
406 8.082316747910948
407 28.006234257705483
408 27.578393448475605
409 18.702515314808597
410 17.689600337878122
411 18.2919744457788
412 18.011901924226727
413 17.815956987439577
414 17.51127662722559
415 16.93685176933559
416 16.87038091388512
417 17.296591635851883
418 17.45222158843048
419 17.14801994063571
420 18.053489671762726
421 -132.67118058190727
422 -131.96447545937855
423 -129.421040182981
424 -121.37564301460682
425 -99.7726905042651
426 -58.65980326947522
427 -13.307909074295962
428 -1.658189641030658
429 -36.88319819794826
430 -25.4566974916494
431 73.41655487521803
432 60.37648337160672
433 -24.635264037016686
434 1.1416855256870022
435 46.10395596416801
436 19.172065106940625
437 5.8171517236379735
438 25.71712627594408
439 26.72088727687094
440 18.15017590447625
441 16.933729872277375
442 17.986461831973692
443 18.10519738575618
444 17.92739041295616
445 17.526925090495723
446 16.985940595808856
447 16.949896545094077
448 17.315736683274178
449 17.358422445042546
450 16.88051385516733
451 -132.67132817562404
452 -132.32374863370086
453 -130.96090044130733
454 -126.68634297568009
455 -114.6082637692988
456 -86.97878207928798
457 -42.770874207866804
458 -2.9512962358409194
459 -2.70437326130876
460 -36.36819747705427
461 -6.199530790840704
462 82.28515643493691
463 48.101052602144804
464 -29.967008609218837
465 4.27231049991739
466 46.389772496755356
467 17.63399528028314
468 3.8889195416117808
469 23.466460819512275
470 25.81486965470813
471 17.64741990498557
472 16.15627849664714
473 17.542083607296835
474 18.057609957340723
475 17.95030207831763
476 17.511799086951093
477 17.018937568175595
478 17.006786412394426
479 17.325690496733824
480 17.25157700954333
481 -132.6724221507687
482 -132.49955840365655
483 -131.7589041722395
484 -129.433958287035
485 -122.8302715611525
486 -106.30783157290664
487 -73.54497243239254
488 -28.371429125424076
489 4.615278761898072
490 -4.522288222708292
491 -32.700854167605186
492 11.556218299029089
493 85.94244856800188
494 36.07974568950251
495 -33.3942182304655
496 7.386866549199681
497 46.56844132014858
498 16.484542772273713
499 2.356219690450331
500 21.33527419395117
501 24.889732078133576
502 17.199731214587615
503 15.395641784264104
504 16.995869705006307
505 17.887336561041476
506 17.9034358052779
507 17.481882169463038
508 17.046093706574062
509 17.054499513218012
510 17.33103352659119
