evaluations raw_y
1 -0.9814150512978614
2 -0.981415080950965
3 -0.9814150992472255
4 -0.9814150342486794
5 -0.9814149715827696
6 -0.9814149926771976
7 0.7327592762518548
8 0.732759342845145
9 0.7327593562939488
10 0.7327592390015619
11 0.7327592836215563
12 0.732759252024559
13 -2.4425691903624513
14 -2.4425691927222437
15 -2.4425692062636144
16 -2.442569191220286
17 -2.442569169509255
18 -2.4425691896918713
19 3.095873398323606
20 3.0958733470395554
21 3.095873376343559
22 3.095873479220047
23 3.095873463917952
24 3.095873350238555
25 -2.4723411059782876
26 -2.4723411111631144
27 -2.4723411130156157
28 -2.472341102590943
29 -2.4723410945339976
30 -2.4723410948235536
31 -2.4848886089395448
32 -2.4848886104179155
33 -2.4848885978394177
34 -2.4848886092759663
35 -2.4848886015100047
36 -2.4848886121810527
37 -2.494027663050467
38 -2.4940276608037006
39 -2.4940276584854857
40 -2.4940276647177457
41 -2.49402766710521
42 -2.494027668731594
43 -2.5004006744958556
44 -2.5004006753301686
45 -2.500400674808353
46 -2.5004006742914404
47 -2.5004006745756673
48 -2.5004006747011145
49 -2.4574255267376546
50 -2.4574255069928275
51 -2.4574255254373996
52 -2.4574255306121446
53 -2.4574255218697885
54 -2.4574255167139727
55 -2.5004646168209534
56 -2.5004646169087845
57 -2.5004646170739253
58 -2.5004646167686655
59 -2.50046461671902
60 -2.5004646166526907
61 -2.5004739712030046
62 -2.500473971197752
63 -2.500473971203876
64 -2.500473971191732
65 -2.50047397120402
66 -2.500473971208061
67 -2.5004644021755964
68 -2.500464402270682
69 -2.500464402154031
70 -2.5004644024933524
71 -2.50046440219774
72 -2.5004644021069042
73 -2.500473985284418
74 -2.5004739852828717
75 -2.5004739852844624
76 -2.5004739852853
77 -2.500473985286213
78 -2.5004739852867512
79 -2.5004739862663286
80 -2.500473986266332
81 -2.5004739862663277
82 -2.5004739862663232
83 -2.5004739862663348
84 -2.500473986266317
85 -2.500473986266342
86 -2.5004739862663423
87 -2.5004739862663423
88 -2.5004739862663423
89 -2.5004739862663423
90 -2.5004739862663423
91 -2.5004739862663428
92 -2.5004739862663428
93 -2.5004739862663428
94 -2.5004739862663428
95 -2.5004739862663428
96 -2.5004739862663428
97 2.951576679347271
98 2.951576751761487
99 2.951576630185561
100 2.9515766301007877
101 2.9515767193579574
102 2.9515766727083506
103 0.5363485237296914
104 0.5363484833666026
105 0.5363485962104186
106 0.5363485965372665
107 0.5363485649161563
108 0.5363485424417831
109 -2.3617267025909965
110 -2.361726623361971
111 -2.3617267349148423
112 -2.361726735370849
113 -2.3617266964327146
114 -2.3617267409197376
115 -3.6333035847178814
116 -3.633303608330455
117 -3.6333035042720336
118 -3.633303504207154
119 -3.6333035918504466
120 -3.6333035050991143
121 -7.895232072170343
122 -7.8952320077911935
123 -7.8952321055955
124 -7.895232104534618
125 -7.895232050968039
126 -7.895231991070236
127 -14.275088462560165
128 -14.275088420624071
129 -14.275088422814914
130 -14.275088428256359
131 -14.27508849870786
132 -14.275088407116774
133 4.065614234528547
134 4.065614234528547
135 4.0656142051048
136 4.065614227711486
137 4.065614224363422
138 4.065614236034033
139 -14.941309126598535
140 -14.94130920637475
141 -14.941309046223209
142 -14.941309045494926
143 -14.941309076777234
144 -14.941309118492205
145 4.434834630594847
146 4.434834630594847
147 4.434834660446676
148 4.434834647867774
149 4.434834677417325
150 4.43483468584266
151 -15.59642791916865
152 -15.596427954128151
153 -15.596427956961385
154 -15.596427950378818
155 -15.596427984510086
156 -15.596427906503195
157 -15.618840707962011
158 -15.618840734910231
159 -15.61884064353651
160 -15.61884063775768
161 -15.618840676152992
162 -15.618840698734886
163 -16.6952802156928
164 -16.69528016759024
165 -16.695280211282245
166 -16.69528020157666
167 -16.69528028469134
168 -16.695280204511352
169 -11.821399845102583
170 -11.821399850225818
171 -11.821399808284323
172 -11.821399875059768
173 -11.821399798735534
174 -11.82139978108734
175 -16.5649317805567
176 -16.564931776896568
177 -16.56493180568986
178 -16.5649318053516
179 -16.564931859740216
180 -16.564931755351935
181 -16.757651699268898
182 -16.757651662178134
183 -16.757651706316707
184 -16.757651700235392
185 -16.757651772941447
186 -16.757651682959214
187 -16.85346265307185
188 -16.85346261188194
189 -16.85346266281514
190 -16.853462658130212
191 -16.85346271686752
192 -16.853462624240983
193 -17.02784853171796
194 -17.02784849183755
195 -17.02784854423362
196 -17.02784854080353
197 -17.02784858424925
198 -17.02784850959189
199 -17.259153347997383
200 -17.25915331678345
201 -17.259153377849465
202 -17.2591533520466
203 -17.259153374248772
204 -17.25915334185168
205 -17.049460582568734
206 -17.049460559745903
207 -17.049460558649404
208 -17.049460631035387
209 -17.049460574526407
210 -17.049460602232084
211 -17.33728541560479
212 -17.337285387038605
213 -17.337285429598825
214 -17.337285438986587
215 -17.337285430392974
216 -17.337285418389094
217 -17.39510969319357
218 -17.395109675755634
219 -17.39510971273507
220 -17.395109712328804
221 -17.39510969897119
222 -17.39510970344171
223 -17.444927026895037
224 -17.44492701666261
225 -17.44492704324266
226 -17.444927038159687
227 -17.444927025796666
228 -17.44492703876681
229 -17.492507056276356
230 -17.492507056881173
231 -17.49250706189766
232 -17.49250705721938
233 -17.49250705286658
234 -17.492507063355472
235 -17.49993016135079
236 -17.499930161730312
237 -17.4999301618113
238 -17.499930160599813
239 -17.499930159486663
240 -17.499930162817233
241 -17.500459009738975
242 -17.50045901015682
243 -17.50045900970447
244 -17.500459009751538
245 -17.50045900981057
246 -17.500459009738737
247 -17.50047288876725
248 -17.500472888671815
249 -17.500472888740106
250 -17.500472888734222
251 -17.500472888743307
252 -17.500472888725447
253 -17.50047398612301
254 -17.500473986122948
255 -17.500473986122394
256 -17.500473986122966
257 -17.500473986122476
258 -17.500473986124042
259 -17.500473986265302
260 -17.500473986265327
261 -17.500473986265376
262 -17.500473986265256
263 -17.500473986265295
264 -17.500473986265234
265 -17.500473986266343
266 -17.500473986266343
267 -17.500473986266336
268 -17.500473986266343
269 -17.500473986266343
270 -17.50047398626634
271 -17.50047398626634
272 -17.50047398626634
273 -17.500473986266343
274 -17.50047398626634
275 -17.500473986266343
276 -17.500473986266343
277 -17.500473986266343
278 -17.500473986266343
279 -17.50047398626634
280 -17.500473986266343
281 -17.500473986266343
282 -17.500473986266343
283 -0.678735653348985
284 -0.6787357045497975
285 -0.6787356134355556
286 -0.6787356319128268
287 -0.678735640977729
288 -0.6787355733728233
289 0.3785612134135028
290 0.37856129395905525
291 0.37856116821118124
292 0.3785611669717798
293 0.37856118178839415
294 0.3785612212690821
295 -2.3869304948006436
296 -2.386930517334302
297 -2.386930506404733
298 -2.3869305013789397
299 -2.3869304985753477
300 -2.386930469737915
301 3.0786647471148267
302 3.0786646968277185
303 3.078664696561958
304 3.078664795420864
305 3.078664827319213
306 3.0786648280788347
307 -2.4872567109898243
308 -2.4872567147656084
309 -2.487256701941894
310 -2.4872567059818427
311 -2.487256708089245
312 -2.487256705342299
313 -2.392390084010172
314 -2.3923900533581683
315 -2.392390091315039
316 -2.3923900895873462
317 -2.392390087610212
318 -2.392390067024806
319 -2.491232590449352
320 -2.4912325886057727
321 -2.491232584174137
322 -2.491232587227041
323 -2.4912325886394986
324 -2.491232582927312
325 -2.497506439926116
326 -2.4975064387547907
327 -2.497506436233454
328 -2.4975064380239522
329 -2.497506438859674
330 -2.497506435882505
331 -2.5004648439513852
332 -2.5004648439545685
333 -2.500464844083056
334 -2.5004648438374026
335 -2.5004648436755152
336 -2.500464843887861
337 -2.494391117909318
338 -2.4943911182762006
339 -2.4943911143093316
340 -2.4943911208346017
341 -2.4943911250142268
342 -2.4943911184848746
343 -2.5004738291308053
344 -2.5004738291474036
345 -2.5004738291257222
346 -2.50047382912949
347 -2.5004738291311295
348 -2.5004738290908657
349 -2.5004739860384846
350 -2.5004739860377136
351 -2.5004739860377136
352 -2.5004739860393763
353 -2.5004739860377363
354 -2.500473986038947
355 -2.500473890048985
356 -2.500473890048135
357 -2.5004738900593795
358 -2.5004738900210635
359 -2.5004738900655266
360 -2.5004738900494745
361 -2.5004739861854484
362 -2.5004739861846748
363 -2.5004739861850975
364 -2.5004739861852565
365 -2.5004739861853507
366 -2.5004739861859115
367 -2.5004739862662673
368 -2.5004739862662886
369 -2.500473986266279
370 -2.5004739862662735
371 -2.50047398626627
372 -2.5004739862662584
373 -2.5004739862663428
374 -2.5004739862663428
375 -2.5004739862663428
376 -2.5004739862663428
377 -2.5004739862663428
378 -2.500473986266343
379 -2.5004739862663428
380 -2.5004739862663428
381 -2.5004739862663428
382 -2.5004739862663428
383 -2.5004739862663428
384 -2.5004739862663428
385 -0.08743732761521722
386 -0.08743732605338855
387 -0.08743725230031735
388 -0.08743732907631468
389 -0.08743734566523537
390 -0.08743736379768186
391 -0.8250669897152385
392 -0.8250669805643982
393 -0.8250669110511253
394 -0.8250669841377808
395 -0.8250669264726157
396 -0.8250669475153566
397 -1.9680462218023849
398 -1.9680462066384872
399 -1.9680462029658363
400 -1.9680462172957693
401 -1.968046166460849
402 -1.9680461638433244
403 -1.8755827616983787
404 -1.8755828106998014
405 -1.8755828125811325
406 -1.875582742562598
407 -1.8755826806147182
408 -1.8755828019242595
409 -3.3000170498807186
410 -3.300016987799739
411 -3.3000170851528727
412 -3.300017037674779
413 -3.3000169752274213
414 -3.3000170826420883
415 -2.6134612413595595
416 -2.613461176410443
417 -2.613461264257764
418 -2.6134612251068483
419 -2.613461166057495
420 -2.613461234384471
421 -3.4178914883607945
422 -3.4178914773734386
423 -3.4178915321410113
424 -3.4178914756004675
425 -3.4178914136166467
426 -3.4178915326902395
427 -3.6388540344958606
428 -3.638854022321084
429 -3.638854078237415
430 -3.638854024754478
431 -3.6388539707549796
432 -3.6388540791603807
433 -3.6978232461210947
434 -3.697823231465622
435 -3.6978232847109878
436 -3.6978231833856268
437 -3.697823218775306
438 -3.6978232882737188
439 -3.8100158024994
440 -3.81001578716076
441 -3.8100158391775345
442 -3.810015744365251
443 -3.8100157822238017
444 -3.810015844243252
445 -4.017300561751794
446 -4.017300545984395
447 -4.017300593493311
448 -4.017300515568499
449 -4.017300546198108
450 -4.01730060086587
451 -4.344086970074315
452 -4.34408695668429
453 -4.344086989742305
454 -4.344086949370013
455 -4.344086963650723
456 -4.344086997185628
457 -4.494111820343239
458 -4.4941118150503385
459 -4.494111819253878
460 -4.494111825991742
461 -4.49411182422717
462 -4.494111820889602
463 -4.499354986277677
464 -4.499354984969409
465 -4.49935498686461
466 -4.499354988512007
467 -4.499354987969525
468 -4.499354988162565
469 -4.500453543863563
470 -4.5004535436881445
471 -4.50045354400899
472 -4.500453543819032
473 -4.500453543951165
474 -4.5004535442938565
475 -4.500473328842679
476 -4.5004733288636345
477 -4.5004733289257
478 -4.500473328844366
479 -4.500473328851767
480 -4.500473328819837
481 -4.5004736977365365
482 -4.500473697745129
483 -4.500473697680947
484 -4.500473697730717
485 -4.500473697725324
486 -4.500473697749275
487 -4.500473986211114
488 -4.500473986210416
489 -4.500473986211225
490 -4.500473986210728
491 -4.500473986210958
492 -4.5004739862111
493 -4.500473986265981
494 -4.500473986266036
495 -4.5004739862659875
496 -4.500473986266003
497 -4.500473986265993
498 -4.500473986265991
499 -4.500473986266343
500 -4.500473986266342
evaluations raw_y
1 -1.2027503125605394
2 -1.2027502467660522
3 -1.20275023145592
4 -1.2027502316534024
5 -1.2027503355065934
6 -1.202750312960855
7 -0.9120696909962143
8 -0.9120697281421504
9 -0.9120697270525762
10 -0.9120697238574582
11 -0.9120696456743631
12 -0.9120696926140441
13 -3.5028943426576267
14 -3.5028943511261423
15 -3.502894324472063
16 -3.5028943296427104
17 -3.502894339408185
18 -3.502894343542532
19 -1.4896631173733943
20 -1.4896631198305443
21 -1.489663059687817
22 -1.4896630967276008
23 -1.4896631398843594
24 -1.4896631421877509
25 -3.471074440793826
26 -3.4710744142042396
27 -3.471074453217705
28 -3.471074445363649
29 -3.471074450228244
30 -3.4710744438534844
31 -3.542648575215156
32 -3.54264856899497
33 -3.54264857038625
34 -3.542648569782444
35 -3.5426485774547505
36 -3.542648577028764
37 -3.751995126329967
38 -3.751995126568745
39 -3.751995128057468
40 -3.751995130580695
41 -3.751995125215633
42 -3.7519951686682855
43 -3.6816554321568273
44 -3.681655456132311
45 -3.6816554577694762
46 -3.681655468840608
47 -3.6816554173449325
48 -3.68165535952986
49 -4.39586927089168
50 -4.39586928398058
51 -4.395869285600528
52 -4.395869293618299
53 -4.395869262712613
54 -4.395869285422576
55 -4.3989643755409205
56 -4.39896438926986
57 -4.398964390893625
58 -4.398964399143084
59 -4.398964366991834
60 -4.398964384927668
61 2.4443638084014774
62 2.444363870498756
63 2.444363886474894
64 2.4443637835895586
65 2.4443638089619517
66 2.4443638577666666
67 -3.9574657298734346
68 -3.95746575195983
69 -3.957465755780853
70 -3.9574657575740004
71 -3.957465721660538
72 -3.9574656676000504
73 -4.400061917954401
74 -4.400061932063291
75 -4.400061933794848
76 -4.40006194174115
77 -4.400061909420038
78 -4.400061924147272
79 -4.402151108557499
80 -4.402151122978699
81 -4.402151124928521
82 -4.402151131540647
83 -4.40215110062384
84 -4.402151114814769
85 -4.406323324919425
86 -4.4063233389643255
87 -4.406323341015044
88 -4.406323347385809
89 -4.4063233169328875
90 -4.406323331026197
91 -4.422045637507156
92 -4.422045650035408
93 -4.422045652494334
94 -4.422045657873326
95 -4.422045629309053
96 -4.422045643010733
97 -4.437786941217691
98 -4.4377869532793035
99 -4.437786947094015
100 -4.4377869629702005
101 -4.437786947245437
102 -4.437786945196423
103 -4.465692378994234
104 -4.465692388096568
105 -4.465692383274003
106 -4.465692395371853
107 -4.465692383720343
108 -4.4656923820031045
109 -4.499322919326655
110 -4.499322921222416
111 -4.4993229202909095
112 -4.499322922104904
113 -4.499322920387242
114 -4.499322920003263
115 -4.500472561277035
116 -4.500472561209422
117 -4.500472561240776
118 -4.500472561173833
119 -4.500472561254913
120 -4.5004725612632095
121 -4.5004739861410705
122 -4.500473986140836
123 -4.50047398614105
124 -4.500473986142169
125 -4.500473986140908
126 -4.500473986140598
127 -4.5004739862652166
128 -4.500473986265279
129 -4.500473986265267
130 -4.500473986265148
131 -4.500473986265247
132 -4.500473986265247
133 -4.500473986266344
134 -4.500473986266341
135 -4.50047398626634
136 -4.500473986266343
137 -4.500473986266344
138 -4.5004739862663445
139 -4.500473986266341
140 -4.500473986266342
141 -4.500473986266342
142 -4.500473986266342
143 -4.500473986266342
144 -4.500473986266341
145 -4.500473986266344
146 -4.500473986266342
147 -4.500473986266341
148 -4.500473986266344
149 -4.500473986266344
150 -4.5004739862663445
151 2.228514031290839
152 2.2285140317173613
153 2.228513982842651
154 2.2285140810033863
155 2.2285139857837546
156 2.2285141093368166
157 1.7203985077207276
158 1.720398509685951
159 1.7203985716099175
160 1.720398469697637
161 1.7203985567940792
162 1.7203984814858098
163 0.8759050902623874
164 0.8759050991940399
165 0.8759050705606413
166 0.8759050476015742
167 0.8759050891878719
168 0.8759051477161718
169 0.07950218509980189
170 0.07950221322870155
171 0.07950216740922622
172 0.07950213854018218
173 0.07950213383004834
174 0.07950217653927139
175 -1.67972772216133
176 -1.6797276418879974
177 -1.6797276410853863
178 -1.6797276532132663
179 -1.6797277412026523
180 -1.6797277734607774
181 -0.16746982637299812
182 -0.1674698318353527
183 -0.16746979801314898
184 -0.16746986550739784
185 -0.16746974833253914
186 -0.16746974595329034
187 -2.0141943939108367
188 -2.014194329624175
189 -2.0141943257201405
190 -2.0141943128311386
191 -2.014194393051761
192 -2.014194439677338
193 -1.2158595455428394
194 -1.2158595900247764
195 -1.2158594710695412
196 -1.2158594662447848
197 -1.215859587574991
198 -1.2158595940393702
199 -2.0933898461632134
200 -2.093389802967489
201 -2.0933897706157945
202 -2.0933897650800732
203 -2.0933898559399
204 -2.093389895108671
205 -2.2439102739407137
206 -2.2439102359323044
207 -2.243910196379551
208 -2.243910192998419
209 -2.243910273774983
210 -2.243910324928265
211 -2.515403971608759
212 -2.5154039383164717
213 -2.5154038906420273
214 -2.515403895220331
215 -2.515403957136994
216 -2.515404019642977
217 -2.938916663585843
218 -2.938916642564471
219 -2.93891658252796
220 -2.9389166060063023
221 -2.9389166272330995
222 -2.938916697224872
223 -3.5199707778272185
224 -3.519970782779695
225 -3.5199707194305203
226 -3.5199707459880036
227 -3.5199707137804332
228 -3.5199708202841102
229 -3.8269816076668373
230 -3.8269816204819325
231 -3.8269815640268385
232 -3.8269816141613235
233 -3.826981544795615
234 -3.826981643230495
235 -4.164534631026272
236 -4.164534652178272
237 -4.164534614850387
238 -4.164534647363638
239 -4.164534591736349
240 -4.164534665866514
241 -4.33855093167338
242 -4.338550946203478
243 -4.338550908238438
244 -4.3385509599304335
245 -4.3385509475014885
246 -4.338550935541022
247 -4.453673608950621
248 -4.453673611221944
249 -4.453673612674375
250 -4.453673620154586
251 -4.45367361801301
252 -4.4536736265689525
253 -4.49236790900532
254 -4.492367910799619
255 -4.492367908333844
256 -4.492367912327224
257 -4.492367909152502
258 -4.492367917996654
259 -4.500443042735256
260 -4.500443042650167
261 -4.500443042187939
262 -4.500443042711815
263 -4.500443042480587
264 -4.500443042690629
265 -4.500473609833451
266 -4.500473609854904
267 -4.500473609796095
268 -4.500473609784424
269 -4.5004736098434
270 -4.500473609847207
271 -4.500473978394532
272 -4.50047397838627
273 -4.500473978394762
274 -4.5004739783986425
275 -4.500473978397572
276 -4.500473978395333
277 -4.500473986254238
278 -4.5004739862543905
279 -4.500473986254339
280 -4.500473986254268
281 -4.500473986254551
282 -4.500473986254136
283 -4.500473986266326
284 -4.500473986266321
285 -4.500473986266325
286 -4.500473986266313
287 -4.500473986266327
288 -4.500473986266334
289 -4.500473986266343
290 -4.500473986266343
291 -4.500473986266343
292 -4.500473986266343
293 -4.500473986266343
294 -4.500473986266343
295 0.11025518381039034
296 0.11025525528209579
297 0.11025513315087465
298 0.11025520623888874
299 0.11025514946017345
300 0.11025516231468657
301 -1.0801962871675594
302 -1.0801963139748567
303 -1.080196207994501
304 -1.080196206076224
305 -1.0801962790639763
306 -1.0801962250285768
307 -2.4426433337923816
308 -2.442643260746368
309 -2.442643252775542
310 -2.442643377633683
311 -2.4426432689824518
312 -2.442643316666736
313 -3.504835843846645
314 -3.5048358929447687
315 -3.5048358064642193
316 -3.5048358133525737
317 -3.5048357732311537
318 -3.504835883325537
319 -5.235656720820287
320 -5.235656707192017
321 -5.235656747033955
322 -5.235656687801612
323 -5.2356567499678945
324 -5.235656686755407
325 -5.659229665728772
326 -5.659229595656834
327 -5.659229592859606
328 -5.6592296580038255
329 -5.659229708831677
330 -5.659229713685846
331 -8.639292992607452
332 -8.639292977452104
333 -8.639292932467997
334 -8.639292945069984
335 -8.639292942704074
336 -8.639293040076398
337 -10.15365671128282
338 -10.153656744701617
339 -10.153656728423108
340 -10.153656762034613
341 -10.15365665013585
342 -10.153656756480324
343 -11.058607444793866
344 -11.058607365089355
345 -11.058607427679727
346 -11.058607395551212
347 -11.058607489796163
348 -11.058607491026184
349 -10.166859278985822
350 -10.166859324874912
351 -10.166859285900777
352 -10.16685929436137
353 -10.166859270837517
354 -10.166859324518647
355 -11.486248965863563
356 -11.486248906993001
357 -11.486248954918741
358 -11.486248968342181
359 -11.486249017108017
360 -11.486249011923352
361 -11.901439329197387
362 -11.901439317160776
363 -11.901439378626089
364 -11.901439386780611
365 -11.901439280366219
366 -11.901439265252245
367 -10.151551946701243
368 -10.151551918729933
369 -10.151551984932254
370 -10.151551926957273
371 -10.151551898314803
372 -10.151551943089913
373 -12.17162562529338
374 -12.171625578822416
375 -12.17162567641502
376 -12.171625706223326
377 -12.171625557456
378 -12.171625570547727
379 -10.42974550701802
380 -10.429745525920472
381 -10.429745502354518
382 -10.429745530942707
383 -10.429745516649369
384 -10.429745463444087
385 -12.252746676423452
386 -12.252746654016368
387 -12.252746725522048
388 -12.252746745775948
389 -12.252746634610007
390 -12.252746623133273
391 -12.418037921733417
392 -12.418037894131551
393 -12.418037970579029
394 -12.418037996985904
395 -12.418037880019005
396 -12.41803787279383
397 -13.047028166978073
398 -13.047028123153659
399 -13.047028214677667
400 -13.047028245088523
401 -13.04702812566051
402 -13.047028137253147
403 -13.545098288834351
404 -13.545098240725332
405 -13.54509832313216
406 -13.54509826324399
407 -13.545098248776098
408 -13.545098290850898
409 -14.152676709333079
410 -14.152676661135816
411 -14.15267671018366
412 -14.152676718164182
413 -14.152676717558272
414 -14.152676726386186
415 -14.31704132938447
416 -14.31704130138705
417 -14.317041322084748
418 -14.317041361595404
419 -14.317041337127506
420 -14.31704134254664
421 -14.4282941534061
422 -14.42829414308652
423 -14.428294141220867
424 -14.428294176932452
425 -14.42829415374636
426 -14.42829416195212
427 -14.490667812159765
428 -14.490667811302075
429 -14.490667806333743
430 -14.490667815551124
431 -14.490667804200879
432 -14.490667815362128
433 -14.497765461952365
434 -14.497765462075819
435 -14.497765459502386
436 -14.497765462337043
437 -14.49776545759185
438 -14.497765464724987
439 -14.500393539947957
440 -14.500393539912887
441 -14.500393540125906
442 -14.50039353948171
443 -14.500393539417185
444 -14.500393540610592
445 -14.500471293736542
446 -14.500471293770596
447 -14.500471293811426
448 -14.500471293629683
449 -14.500471293727509
450 -14.500471293855902
451 -14.500473972824675
452 -14.500473972817415
453 -14.500473972831808
454 -14.500473972818705
455 -14.500473972828814
456 -14.500473972822222
457 -14.500473985984208
458 -14.500473985985737
459 -14.500473985984309
460 -14.500473985985028
461 -14.500473985984794
462 -14.500473985984375
463 -14.500473986265174
464 -14.500473986265126
465 -14.500473986265071
466 -14.500473986265142
467 -14.500473986265197
468 -14.500473986265181
469 -14.500473986266318
470 -14.500473986266314
471 -14.500473986266332
472 -14.500473986266321
473 -14.500473986266307
474 -14.500473986266314
475 -14.500473986266343
476 -14.500473986266343
477 -14.500473986266343
478 -14.500473986266341
479 -14.500473986266343
480 -14.500473986266343
481 -14.500473986266343
482 -14.500473986266343
483 -14.500473986266341
484 -14.500473986266343
485 -14.500473986266343
486 -14.500473986266341
487 -4.667144040516909
488 -4.667144026618166
489 -4.667143967368403
490 -4.66714406004453
491 -4.667144077515778
492 -4.667143966363849
493 -5.523771152342493
494 -5.523771184700242
495 -5.52377119654937
496 -5.523771102908314
497 -5.523771148296189
498 -5.523771143357255
499 -6.763676835595896
500 -6.763676794197015
evaluations raw_y
1 -1.931875751474835
2 -1.9318757973885496
3 -1.931875674268662
4 -1.9318757309623176
5 -1.9318757431374434
6 -1.9318757054919429
7 -1.6847048332353696
8 -1.6847047523688174
9 -1.6847048388389294
10 -1.6847047538129005
11 -1.6847047917736173
12 -1.6847048660924133
13 -3.7494943188023124
14 -3.7494943123849804
15 -3.7494942924657777
16 -3.7494942694263007
17 -3.7494942980285955
18 -3.7494943384414023
19 -5.256826546052295
20 -5.25682651689425
21 -5.256826523172184
22 -5.256826597353644
23 -5.25682646730663
24 -5.256826523159029
25 -6.748778441646243
26 -6.748778462116097
27 -6.748778448379752
28 -6.74877838920058
29 -6.7487784653284075
30 -6.74877840673145
31 -7.755127947273983
32 -7.755127991312263
33 -7.755127992174776
34 -7.755127948409821
35 -7.75512799468779
36 -7.755127881610465
37 -9.57993316064446
38 -9.579933206244657
39 -9.579933093232508
40 -9.579933080695799
41 -9.579933127384821
42 -9.57993319402137
43 -12.316396839775503
44 -12.316396766319684
45 -12.316396879891235
46 -12.316396769731696
47 -12.316396758671326
48 -12.31639684271654
49 -5.103963762718027
50 -5.103963699599204
51 -5.103963797821883
52 -5.103963743616744
53 -5.10396383812239
54 -5.1039637992980005
55 -12.612337990802676
56 -12.612338032452142
57 -12.612338039848185
58 -12.612337967740125
59 -12.612338019918521
60 -12.612338040643651
61 -7.919398388514688
62 -7.919398389838602
63 -7.919398339148977
64 -7.919398468603074
65 -7.919398344964335
66 -7.919398357055084
67 -13.23894648524464
68 -13.238946436595146
69 -13.23894647844195
70 -13.238946438860259
71 -13.238946428662551
72 -13.238946530082012
73 -10.601576257582941
74 -10.601576274909993
75 -10.60157625398584
76 -10.6015763163027
77 -10.601576310831526
78 -10.601576187994768
79 -12.973828777441078
80 -12.973828715300625
81 -12.973828751748911
82 -12.973828727030396
83 -12.97382882421542
84 -12.97382881640571
85 -13.248619729840536
86 -13.248619679848161
87 -13.248619721314311
88 -13.248619682957028
89 -13.24861967146206
90 -13.248619774214092
91 -13.25606692188073
92 -13.25606687087137
93 -13.256066912029048
94 -13.256066874631749
95 -13.256066862160836
96 -13.25606696588813
97 -13.14167794815171
98 -13.14167789132878
99 -13.141677930358977
100 -13.14167789904108
101 -13.14167800389019
102 -13.14167798978942
103 -13.26004565612759
104 -13.260045604580517
105 -13.260045645567864
106 -13.26004560868987
107 -13.260045595705499
108 -13.260045699936004
109 -13.263113855371293
110 -13.263113803412118
111 -13.263113844265472
112 -13.263113807791076
113 -13.26311379441449
114 -13.263113899024615
115 -13.212922901113505
116 -13.212922846680982
117 -13.212922886664806
118 -13.212922852718858
119 -13.212922960316345
120 -13.2129229437864
121 -13.26470374251759
122 -13.26470369034572
123 -13.264703731128732
124 -13.264703694864565
125 -13.264703681286012
126 -13.26470378608997
127 -13.265949261196118
128 -13.265949208858022
129 -13.26594924958549
130 -13.265949213486547
131 -13.265949199750374
132 -13.265949304704813
133 -13.243206110439607
134 -13.243206057047022
135 -13.243206097410374
136 -13.243206062378677
137 -13.243206171051169
138 -13.243206153535368
139 -13.266568940721953
140 -13.266568888301283
141 -13.266568929000975
142 -13.266568892984408
143 -13.266568879170013
144 -13.266568984198875
145 -13.252703367090424
146 -13.252703314026919
147 -13.252703354506107
148 -13.252703319137767
149 -13.25270342813581
150 -13.252703410316732
151 -13.266945288830174
152 -13.266945236359396
153 -13.266945277042172
154 -13.266945241075693
155 -13.266945227213853
156 -13.266945332287765
157 -13.258485017971106
158 -13.258484965108622
159 -13.258485005657578
160 -13.258484970085206
161 -13.258485079278712
162 -13.258485061276403
163 -13.267173699675892
164 -13.267173647174719
165 -13.26717368784721
166 -13.267173651911147
167 -13.267173638020541
168 -13.267173743121743
169 -13.262005510575653
170 -13.262005457835828
171 -13.26200549842699
172 -13.262005462730716
173 -13.26200557204223
174 -13.26200555392887
175 -13.267312195556029
176 -13.267312143036431
177 -13.26731218370268
178 -13.267312147785072
179 -13.267312133877025
180 -13.267312238994753
181 -13.264149902920002
182 -13.264149850254984
183 -13.264149890871753
184 -13.264149855100133
185 -13.26414996448315
186 -13.264149946302341
187 -13.267396062498673
188 -13.267396009967921
189 -13.267396050630389
190 -13.267396014723957
191 -13.267396000805354
192 -13.267396105933084
193 -13.265456724210429
194 -13.265456671591036
195 -13.26545671222337
196 -13.26545667640588
197 -13.265456785832333
198 -13.265456767610491
199 -13.267446756513985
200 -13.26744670397649
201 -13.267446744636672
202 -13.267446708736996
203 -13.267446694812017
204 -13.267446799945787
205 -13.26625365611362
206 -13.26625360352206
207 -13.266253644163875
208 -13.266253608318427
209 -13.266253717771319
210 -13.266253699524478
211 -13.267477321806558
212 -13.267477269265
213 -13.2674773099238
214 -13.267477274028199
215 -13.267477260099371
216 -13.26747736523679
217 -13.26674009674227
218 -13.266740044167708
219 -13.266740084815302
220 -13.266740048952798
221 -13.266740158421806
222 -13.266740140159717
223 -13.26749568665827
224 -13.267495634114269
225 -13.267495674772242
226 -13.267495638879089
227 -13.267495624947953
228 -13.267495730087553
229 -13.267037393829115
230 -13.267037341264942
231 -13.267037381916067
232 -13.26703734604314
233 -13.267037455521992
234 -13.267037437250588
235 -13.267506668215567
236 -13.267506615670104
237 -13.267506656327582
238 -13.267506620435892
239 -13.267506606503375
240 -13.267506711644284
241 -13.26721940604704
242 -13.267219353489228
243 -13.267219394142513
244 -13.267219358263207
245 -13.267219467748081
246 -13.267219449470977
247 -13.267513191926817
248 -13.267513139380487
249 -13.26751318003767
250 -13.267513144146848
251 -13.26751313021351
252 -13.267513235355201
253 -13.267331096182343
254 -13.267331043628435
255 -13.267331084283043
256 -13.26733104839982
257 -13.267331157888394
258 -13.267331139607792
259 -13.267517033192401
260 -13.26751698064556
261 -13.26751702130257
262 -13.267516985412263
263 -13.267516971478441
264 -13.267517076620585
265 -13.267399843294209
266 -13.267399790742703
267 -13.26739983139813
268 -13.2673997955125
269 -13.267399905003344
270 -13.267399886720588
271 -13.267519268381267
272 -13.26751921583413
273 -13.267519256491038
274 -13.267519220601029
275 -13.267519206666924
276 -13.267519311809336
277 -13.267517625815712
278 -13.267517573268325
279 -13.267517613925147
280 -13.26751757803539
281 -13.26751768753013
282 -13.267517669243684
283 -13.267519859634827
284 -13.267519807087611
285 -13.267519847744493
286 -13.267519811854562
287 -13.267519797920386
288 -13.267519903062869
289 -13.267519297071226
290 -13.267519244523895
291 -13.26751928518074
292 -13.267519249290922
293 -13.267519358785718
294 -13.267519340499224
295 -13.267520174082742
296 -13.267520121535483
297 -13.267520162192353
298 -13.267520126302461
299 -13.267520112368247
300 -13.267520217510766
301 -13.26752026476622
302 -13.267520212218951
303 -13.267520252875814
304 -13.267520216985938
305 -13.26752020305171
306 -13.26752030819424
307 -13.267519876096063
308 -13.267519823548753
309 -13.267519864205603
310 -13.267519828315766
311 -13.26751993781058
312 -13.267519919524066
313 -13.267520330223524
314 -13.267520277676244
315 -13.267520318333107
316 -13.267520282443236
317 -13.267520268509003
318 -13.267520373651541
319 -13.267520173588869
320 -13.26752012104157
321 -13.267520161698425
322 -13.267520125808577
323 -13.267520235303401
324 -13.267520217016877
325 -13.267520372160469
326 -13.267520319613183
327 -13.267520360270042
328 -13.267520324380177
329 -13.267520310445937
330 -13.26752041558848
331 -13.267520388123254
332 -13.267520335575968
333 -13.267520376232826
334 -13.267520340342964
335 -13.267520326408722
336 -13.267520431551265
337 -13.267520295045642
338 -13.267520242498348
339 -13.267520283155203
340 -13.267520247265349
341 -13.267520356760178
342 -13.26752033847365
343 -13.267520399840244
344 -13.267520347292955
345 -13.267520387949814
346 -13.267520352059952
347 -13.26752033812571
348 -13.267520443268255
349 -13.267520360052147
350 -13.267520307504853
351 -13.26752034816171
352 -13.267520312271856
353 -13.267520371296987
354 -13.267520403480159
355 -13.267520404694993
356 -13.267520352147706
357 -13.267520392804563
358 -13.267520356914705
359 -13.267520342980458
360 -13.267520448123006
361 -13.267520407837944
362 -13.267520355290655
363 -13.26752039594751
364 -13.267520360057652
365 -13.267520346123408
366 -13.267520451265954
367 -13.267520407934418
368 -13.267520355387125
369 -13.267520396043983
370 -13.267520360154126
371 -13.267520358710195
372 -13.267520451362428
373 -13.313262219146209
374 -13.313262168846277
375 -13.313262204643745
376 -13.31326217071421
377 -13.313262280410756
378 -13.31326226377472
379 -13.403884371695652
380 -13.403884325757328
381 -13.403884353460583
382 -13.403884322545494
383 -13.403884433038126
384 -13.403884418467323
385 -13.722171055101713
386 -13.722171028143181
387 -13.722171022160225
388 -13.722171004105366
389 -13.722171116754616
390 -13.722171106325021
391 -14.283039183776992
392 -14.283039192235416
393 -14.283039131899372
394 -14.283039134477953
395 -14.28303912231819
396 -14.28303920303928
397 -14.612826185883723
398 -14.612826203936946
399 -14.612826135182859
400 -14.612826167116944
401 -14.612826247199175
402 -14.612826183358283
403 -14.803378471617037
404 -14.803378481313857
405 -14.803378445407182
406 -14.803378485883975
407 -14.803378532747894
408 -14.803378481682389
409 -14.8904887449212
410 -14.89048874521489
411 -14.890488746682
412 -14.890488744078088
413 -14.890488805948314
414 -14.890488745273409
415 -14.894513441364808
416 -14.894513442394185
417 -14.894513441421342
418 -14.894513441076398
419 -14.89451350266712
420 -14.89451344172581
421 -14.89735605289797
422 -14.89735605467013
423 -14.897356051181553
424 -14.897356053156493
425 -14.897355991361168
426 -14.897356053379436
427 -14.89830463146657
428 -14.898304632848586
429 -14.898304630683356
430 -14.898304631437485
431 -14.898304693049353
432 -14.898304631884724
433 -14.899862340780818
434 -14.899862342344626
435 -14.899862339563297
436 -14.899862340885655
437 -14.899862279078619
438 -14.899862341228463
439 -14.899205079322314
440 -14.899205080789855
441 -14.899205078334901
442 -14.899205079356214
443 -14.899205140972928
444 -14.899205079754342
445 -14.900005686465015
446 -14.900005688009196
447 -14.900005685294433
448 -14.900005686555385
449 -14.900005748176351
450 -14.900005686909475
451 -14.899987090915252
452 -14.899987092468585
453 -14.899987089722785
454 -14.899987091012367
455 -14.899987029204755
456 -14.899987091361197
457 -14.900042327858905
458 -14.900042329406606
459 -14.900042326679905
460 -14.90004232795187
461 -14.900042389573029
462 -14.900042328303936
463 -14.900009876962766
464 -14.900009878514185
465 -14.900009875774877
466 -14.900009877058471
467 -14.900009815250755
468 -14.9000098774084
469 -14.90004670086267
470 -14.900046702410993
471 -14.900046699682182
472 -14.900046700956093
473 -14.900046639148208
474 -14.900046701307803
475 -14.900045345669877
476 -14.900045347217869
477 -14.900045344490183
478 -14.900045345763056
479 -14.900045407384232
480 -14.900045346114956
481 -14.900047784187283
482 -14.900047785735516
483 -14.900047783007013
484 -14.900047784280641
485 -14.900047722472747
486 -14.900047784632402
487 -14.90004619683099
488 -14.900046198379064
489 -14.9000461956511
490 -14.90004619692423
491 -14.90004625854541
492 -14.900046197276083
493 -14.900047592996602
494 -14.900047594544809
495 -14.90004759181639
496 -14.90004759308994
497 -14.900047654711127
498 -14.900047593441716
499 -14.900047801368476
500 -14.900047802916703
evaluations raw_y
1 -0.7225077122589043
2 -0.7225076383312321
3 -0.7225076913109059
4 -0.7225076648238735
5 -0.7225077633598818
6 -0.7225076808597981
7 -2.212061756102147
8 -2.212061791139074
9 -2.212061677104871
10 -2.2120617921612356
11 -2.212061675168326
12 -2.2120616837206373
13 -3.67257171296533
14 -3.6725716568971722
15 -3.6725717249163936
16 -3.672571709639975
17 -3.6725716328284994
18 -3.672571762960333
19 -4.90700134310397
20 -4.90700137278729
21 -4.907001372812215
22 -4.907001284720921
23 -4.907001374821356
24 -4.907001366405517
25 -4.7625824192300685
26 -4.7625823911303975
27 -4.762582397153235
28 -4.762582421322085
29 -4.762582396452066
30 -4.762582441526897
31 -5.76632456893949
32 -5.766324584508417
33 -5.7663245860210655
34 -5.766324500065378
35 -5.766324619899391
36 -5.766324591963674
37 -5.959680989730018
38 -5.959680999054029
39 -5.959681001257003
40 -5.9596809510316895
41 -5.959681040059389
42 -5.959681012643595
43 -6.764938226314047
44 -6.764938159118292
45 -6.764938276145931
46 -6.764938176947347
47 -6.7649382769675706
48 -6.764938150142975
49 -7.106864629173271
50 -7.106864611366446
51 -7.10686455283971
52 -7.106864668252088
53 -7.10686467961533
54 -7.106864678464216
55 -7.835378314566066
56 -7.835378270355941
57 -7.835378275853653
58 -7.835378350659264
59 -7.835378365112996
60 -7.835378307894315
61 -6.216754770438818
62 -6.216754707180197
63 -6.216754690532903
64 -6.2167547276535675
65 -6.216754752727539
66 -6.216754773888107
67 -7.921410027009003
68 -7.921409980997768
69 -7.921410015218329
70 -7.921410058087797
71 -7.921410078311877
72 -7.921410000492605
73 -8.09669470886438
74 -8.096694665625096
75 -8.096694696484722
76 -8.09669474509116
77 -8.09669475880514
78 -8.09669468272046
79 -8.718291780012805
80 -8.718291748420782
81 -8.718291765275676
82 -8.718291829576817
83 -8.718291799635997
84 -8.718291755362339
85 -6.615914044577282
86 -6.6159139904562325
87 -6.61591397133137
88 -6.615913967954489
89 -6.61591396406575
90 -6.6159139855318365
91 -8.964524741589623
92 -8.964524704787454
93 -8.964524711456214
94 -8.964524787092946
95 -8.964524730625012
96 -8.964524708765751
97 -9.293976392745064
98 -9.29397638552192
99 -9.29397636734484
100 -9.2939764213833
101 -9.293976365221864
102 -9.293976381499293
103 -9.43880929622318
104 -9.43880930157296
105 -9.438809277800978
106 -9.438809300638603
107 -9.438809277030343
108 -9.438809294105358
109 -9.482143277584012
110 -9.482143288969676
111 -9.482143279682246
112 -9.482143285081136
113 -9.482143276502999
114 -9.48214328244141
115 -9.497833605752763
116 -9.497833607309794
117 -9.497833605556597
118 -9.497833600606587
119 -9.497833606838654
120 -9.497833604324438
121 -9.500389118065609
122 -9.50038911865429
123 -9.50038911761951
124 -9.500389118077528
125 -9.500389118057267
126 -9.500389117372901
127 -9.500465053829503
128 -9.50046505403194
129 -9.500465053765186
130 -9.500465053906135
131 -9.500465053867071
132 -9.500465053593913
133 -9.500473955631856
134 -9.500473955629067
135 -9.500473955637261
136 -9.500473955642144
137 -9.50047395564344
138 -9.500473955622219
139 -9.500473985937433
140 -9.500473985936896
141 -9.500473985938802
142 -9.500473985938182
143 -9.500473985938374
144 -9.500473985936845
145 -9.500473986266066
146 -9.500473986266048
147 -9.500473986266039
148 -9.500473986266062
149 -9.500473986266101
150 -9.500473986266096
151 -9.500473986266345
152 -9.500473986266343
153 -9.500473986266346
154 -9.500473986266345
155 -9.500473986266341
156 -9.500473986266343
157 -9.500473986266345
158 -9.500473986266343
159 -9.500473986266343
160 -9.500473986266343
161 -9.500473986266343
162 -9.500473986266343
163 2.7428143021033367
164 2.7428142708678136
165 2.742814382936812
166 2.7428143828894798
167 2.7428142522387655
168 2.7428142817583816
169 1.3036771031011685
170 1.3036770683776795
171 1.3036770677712877
172 1.3036770673472362
173 1.303677176063161
174 1.3036770518081229
175 2.033699295937814
176 2.0336993769733933
177 2.0336993215782355
178 2.033699319646387
179 2.0336992799024194
180 2.0336993735162525
181 0.5879876806875235
182 0.5879877035252209
183 0.5879876662479661
184 0.5879876652085151
185 0.5879877249002524
186 0.5879876652263628
187 1.6590683194039868
188 1.6590682693968901
189 1.6590683810004383
190 1.6590683750747175
191 1.6590682736497575
192 1.6590683994540927
193 0.4187088361300344
194 0.41870883896406585
195 0.4187088374466357
196 0.41870883497553557
197 0.4187088485340258
198 0.418708844645608
199 1.008132108396325
200 1.008132131132852
201 1.0081321658120057
202 1.008132137634329
203 1.0081320591671936
204 1.008132059852871
205 0.3961014957474901
206 0.3961015009583211
207 0.39610150419201373
208 0.39610149820297946
209 0.39610149409012463
210 0.396101494950841
211 0.22880700444956625
212 0.22880701029517347
213 0.22880705238796373
214 0.22880699498667623
215 0.22880698632771135
216 0.2288070033952072
217 -1.2488755170076422
218 -1.2488755086150316
219 -1.2488754929649362
220 -1.248875561922935
221 -1.2488755682825314
222 -1.2488755190902372
223 -0.35807665912062636
224 -0.3580766479151771
225 -0.35807667890566097
226 -0.35807670562097366
227 -0.35807666730675647
228 -0.3580766623292265
229 -1.2678910733230029
230 -1.2678910647277002
231 -1.2678910622877662
232 -1.2678911198227891
233 -1.267891124191065
234 -1.2678910754870527
235 1.3465663306770321
236 1.3465663741979044
237 1.3465662643877598
238 1.346566401143911
239 1.346566281437858
240 1.3465662881411988
241 -3.5333903869427354
242 -3.5333903621989
243 -3.533390436754191
244 -3.5333904157659264
245 -3.5333903235276063
246 -3.5333904103353992
247 -3.075466700768475
248 -3.0754666869430975
249 -3.0754667200635204
250 -3.0754666554371193
251 -3.0754666218354236
252 -3.0754667101724555
253 -3.1021144516328394
254 -3.102114454568456
255 -3.102114434838813
256 -3.102114419443659
257 -3.1021143749940405
258 -3.102114455142313
259 -3.1532638133890636
260 -3.153263821342083
261 -3.153263799539145
262 -3.1532637805899704
263 -3.153263735391752
264 -3.153263815113031
265 -3.3038610257113668
266 -3.3038610519808675
267 -3.3038610235589965
268 -3.303860990489523
269 -3.3038609447269383
270 -3.303861020177394
271 -3.656214704925722
272 -3.6562147399426306
273 -3.65621471935072
274 -3.6562146645590734
275 -3.6562146321741755
276 -3.6562146909651854
277 -4.053608269033633
278 -4.05360830875672
279 -4.05360829640049
280 -4.053608226271897
281 -4.0536082538564795
282 -4.053608248641488
283 -4.313353407972312
284 -4.313353430613522
285 -4.3133534283038735
286 -4.313353377516404
287 -4.313353399318492
288 -4.313353391616719
289 -4.490908854719759
290 -4.490908844313593
291 -4.490908852723286
292 -4.490908852493248
293 -4.49090885432237
294 -4.4909088550631235
295 -4.4996729462648535
296 -4.499672946241738
297 -4.499672944693667
298 -4.4996729437584175
299 -4.499672947227105
300 -4.499672946464554
301 -4.500226494126608
302 -4.500226494110689
303 -4.5002264931147575
304 -4.500226492737305
305 -4.500226494260207
306 -4.500226493965734
307 -4.500473814442164
308 -4.50047381442308
309 -4.500473814416677
310 -4.500473814425748
311 -4.5004738144183785
312 -4.500473814427096
313 -4.50047398612675
314 -4.500473986126026
315 -4.500473986126388
316 -4.500473986126919
317 -4.500473986125991
318 -4.500473986126088
319 -4.5004739862662495
320 -4.500473986266248
321 -4.5004739862662575
322 -4.50047398626625
323 -4.500473986266227
324 -4.500473986266273
325 -4.500473986266342
326 -4.500473986266343
327 -4.500473986266341
328 -4.500473986266343
329 -4.5004739862663445
330 -4.500473986266339
331 -4.500473986266343
332 -4.500473986266343
333 -4.500473986266343
334 -4.500473986266343
335 -4.500473986266343
336 -4.500473986266343
337 0.9074136023117823
338 0.9074136148136436
339 0.907413681480788
340 0.9074136831927231
341 0.9074135588561167
342 0.9074136464737899
343 0.9295144735217593
344 0.9295145244697256
345 0.9295144300590428
346 0.9295144472806491
347 0.9295145457961971
348 0.9295144228062302
349 -1.5588659057354628
350 -1.5588658755321252
351 -1.5588658837869487
352 -1.558865907536995
353 -1.5588659002179643
354 -1.5588659222348291
355 -2.7333859168290857
356 -2.7333858472918555
357 -2.733385931820253
358 -2.7333859491705104
359 -2.7333859599027717
360 -2.733385915840389
361 -2.035224357110889
362 -2.035224342786906
363 -2.0352243116798716
364 -2.0352243964003085
365 -2.035224405522108
366 -2.035224403703582
367 -2.9492711280004755
368 -2.949271088455208
369 -2.949271165816956
370 -2.9492711614225717
371 -2.9492711719997606
372 -2.9492711425719023
373 -3.523530646719239
374 -3.523530635881313
375 -3.5235306943569067
376 -3.523530692309696
377 -3.5235306609317245
378 -3.523530697382709
379 1.261342746515171
380 1.261342697471033
381 1.2613427216827167
382 1.2613427212075754
383 1.2613428182293958
384 1.2613427343712043
385 -3.6338806484409636
386 -3.6338806456260535
387 -3.633880697729654
388 -3.6338806962511097
389 -3.633880651733281
390 -3.6338806921531353
391 0.05131460600263349
392 0.051314561215336285
393 0.05131459747255618
394 0.05131455949602515
395 0.0513146857297333
396 0.05131461441730423
397 -3.7008511423518335
398 -3.700851143527347
399 -3.7008511928944485
400 -3.7008511900825467
401 -3.7008511369234793
402 -3.7008511750888444
403 -3.826963837252346
404 -3.8269638457851842
405 -3.826963885069027
406 -3.826963884430607
407 -3.8269638347663104
408 -3.826963866246248
409 -4.054325247950869
410 -4.054325255994119
411 -4.054325293460629
412 -4.054325282426039
413 -4.054325239945488
414 -4.054325273831144
415 -4.382543303804886
416 -4.382543317320981
417 -4.382543316727334
418 -4.382543325867865
419 -4.382543294865434
420 -4.382543324095603
421 -4.440668579253648
422 -4.4406685911543144
423 -4.440668580485956
424 -4.440668560741882
425 -4.4406685644859625
426 -4.44066858425325
427 -4.476517629167195
428 -4.476517640083822
429 -4.476517624119869
430 -4.47651763127788
431 -4.476517617817205
432 -4.476517632299653
433 -4.488522099622296
434 -4.488522107393964
435 -4.488522101438368
436 -4.4885221021661135
437 -4.488522092961933
438 -4.488522104964288
439 -4.498376809333378
440 -4.498376812267288
441 -4.498376811244045
442 -4.4983768101095585
443 -4.498376807190939
444 -4.498376812119462
445 -4.500468071898874
446 -4.500468071862148
447 -4.500468072160796
448 -4.500468071869921
449 -4.500468071911316
450 -4.500468071920071
451 -4.500473747364836
452 -4.50047374736044
453 -4.500473747352586
454 -4.500473747351963
455 -4.5004737473960965
456 -4.500473747404497
457 -4.500473971809706
458 -4.500473971811179
459 -4.500473971808926
460 -4.500473971812756
461 -4.500473971804604
462 -4.500473971798018
463 -4.500473986265555
464 -4.500473986265586
465 -4.500473986265635
466 -4.500473986265564
467 -4.500473986265588
468 -4.500473986265558
469 -4.50047398626634
470 -4.500473986266342
471 -4.50047398626634
472 -4.500473986266341
473 -4.500473986266343
474 -4.500473986266339
475 -4.500473986266343
476 -4.500473986266343
477 -4.500473986266343
478 -4.500473986266343
479 -4.500473986266343
480 -4.500473986266344
481 -4.500473986266344
482 -4.500473986266343
483 -4.500473986266344
484 -4.500473986266344
485 -4.500473986266343
486 -4.500473986266343
487 -4.500473986266343
488 -4.500473986266343
489 -4.500473986266343
490 -4.500473986266343
491 -4.500473986266342
492 -4.500473986266343
493 -1.532999926196943
494 -1.5329999044028133
495 -1.5329999004928854
496 -1.532999870993374
497 -1.532999884913555
498 -1.532999964074782
499 -2.4002875560407957
500 -2.400287607229311
evaluations raw_y
1 -4.055426213701084
2 -4.055426176853995
3 -4.0554262649914286
4 -4.05542625901179
5 -4.055426262995889
6 -4.055426260509317
7 -0.6390928009709907
8 -0.6390928481265211
9 -0.639092719895673
10 -0.6390927200363866
11 -0.6390927204668149
12 -0.639092720235308
13 -5.426179023214442
14 -5.426179030053314
15 -5.426179046522092
16 -5.426179028831988
17 -5.426179035563807
18 -5.4261790307611815
19 -1.3467462716248781
20 -1.3467462829103904
21 -1.3467461987741396
22 -1.346746306689926
23 -1.3467462011177895
24 -1.3467462581597371
25 -5.039971152127033
26 -5.039971101027503
27 -5.039971102304506
28 -5.039971162672607
29 -5.039971140310178
30 -5.039971156680679
31 -5.4809153989822565
32 -5.480915390756531
33 -5.480915404635882
34 -5.48091540587404
35 -5.480915405385099
36 -5.4809154057678935
37 -5.4555723203054285
38 -5.455572335139147
39 -5.455572304694144
40 -5.455572324351808
41 -5.455572325606294
42 -5.4555723254791335
43 -5.491005291916065
44 -5.491005291935735
45 -5.491005290340022
46 -5.491005297827253
47 -5.4910052979380275
48 -5.491005298145068
49 -5.500410952791884
50 -5.500410952733337
51 -5.500410952880426
52 -5.500410952283188
53 -5.5004109523108955
54 -5.500410952281124
55 -5.500393729760029
56 -5.5003937299275645
57 -5.500393729892096
58 -5.500393730471641
59 -5.500393729114132
60 -5.500393729752661
61 -5.500440567931858
62 -5.50044056797344
63 -5.500440568039673
64 -5.500440567964161
65 -5.500440567377861
66 -5.5004405676441035
67 -5.500473615614791
68 -5.5004736156197644
69 -5.500473615629467
70 -5.500473615618113
71 -5.500473615557336
72 -5.500473615584365
73 -5.50047398169619
74 -5.500473981696333
75 -5.500473981696416
76 -5.500473981693249
77 -5.50047398169291
78 -5.500473981702166
79 -5.500470969790216
80 -5.500470969782228
81 -5.500470969775384
82 -5.500470969864819
83 -5.500470969890443
84 -5.500470969646883
85 -5.500473986212672
86 -5.500473986212512
87 -5.500473986212337
88 -5.50047398621262
89 -5.500473986213248
90 -5.500473986213088
91 -5.500473986266324
92 -5.50047398626633
93 -5.500473986266333
94 -5.500473986266323
95 -5.500473986266327
96 -5.500473986266325
97 -5.5004739862663445
98 -5.500473986266343
99 -5.500473986266344
100 -5.5004739862663445
101 -5.500473986266343
102 -5.500473986266344
103 -5.500473986266342
104 -5.500473986266343
105 -5.500473986266342
106 -5.500473986266342
107 -5.500473986266343
108 -5.500473986266342
109 -5.500473986266344
110 -5.500473986266343
111 -5.500473986266344
112 -5.500473986266344
113 -5.500473986266343
114 -5.500473986266343
115 -5.500473986266344
116 -5.500473986266344
117 -5.500473986266344
118 -5.5004739862663445
119 -5.500473986266344
120 -5.500473986266343
121 -5.5004739862663445
122 -5.500473986266344
123 -5.500473986266344
124 -5.5004739862663445
125 -5.500473986266344
126 -5.500473986266344
127 -0.8700404033981868
128 -0.8700404539794504
129 -0.8700403518291324
130 -0.8700404514974425
131 -0.8700404527929333
132 -0.870040418021961
133 1.4908612065356404
134 1.4908612864892445
135 1.4908611905206857
136 1.4908612816297604
137 1.490861286253668
138 1.4908612506678052
139 -2.3208244530074653
140 -2.3208244639566855
141 -2.320824467190505
142 -2.320824490432992
143 -2.320824459698276
144 -2.32082444909921
145 1.1369179183453513
146 1.136917996192218
147 1.1369179980161892
148 1.1369178676296792
149 1.1369179741703797
150 1.1369178865561398
151 -2.4984732824998863
152 -2.4984732824328617
153 -2.4984732819595097
154 -2.4984732873432387
155 -2.498473282476178
156 -2.498473282816258
157 -2.056186456866532
158 -2.0561864927995157
159 -2.056186488061622
160 -2.056186417562254
161 -2.056186484343098
162 -2.0561864422041283
163 -2.499262469883517
164 -2.4992624714353857
165 -2.49926247072095
166 -2.4992624730542987
167 -2.499262471027121
168 -2.4992624696292545
169 -2.500331892240883
170 -2.500331892746101
171 -2.5003318926140965
172 -2.500331893334832
173 -2.5003318925761056
174 -2.5003318921463586
175 -2.5004008830679045
176 -2.5004008826237705
177 -2.5004008829038646
178 -2.50040088307144
179 -2.5004008835823894
180 -2.5004008824397297
181 -2.5004414690913555
182 -2.500441468869451
183 -2.500441468864749
184 -2.500441468566385
185 -2.5004414689700587
186 -2.5004414691390577
187 -2.500473923729347
188 -2.50047392374019
189 -2.500473923740677
190 -2.500473923741819
191 -2.5004739237126206
192 -2.5004739237207434
193 -2.5004596727319504
194 -2.5004596725633865
195 -2.500459672853138
196 -2.500459672735449
197 -2.500459672962343
198 -2.5004596730087574
199 -2.500473947991102
200 -2.500473947994844
201 -2.500473948006783
202 -2.5004739480032194
203 -2.5004739479841636
204 -2.500473947993804
205 -2.500473981091732
206 -2.5004739810941414
207 -2.5004739810966994
208 -2.5004739810968424
209 -2.500473981089792
210 -2.5004739810931746
211 -2.500473986252066
212 -2.5004739862517833
213 -2.500473986252201
214 -2.5004739862518526
215 -2.50047398625195
216 -2.50047398625193
217 -2.500473986266061
218 -2.5004739862660936
219 -2.5004739862660283
220 -2.500473986266077
221 -2.5004739862660834
222 -2.5004739862660763
223 -2.5004739862663428
224 -2.5004739862663428
225 -2.5004739862663428
226 -2.5004739862663428
227 -2.5004739862663428
228 -2.5004739862663428
229 -1.5236930162795836
230 -1.5236929681667257
231 -1.5236930291781294
232 -1.523693042782782
233 -1.5236930515590603
234 -1.523693058194574
235 -1.0212272953872223
236 -1.021227343642758
237 -1.021227242698148
238 -1.0212273017740923
239 -1.021227219921744
240 -1.0212272334033767
241 -3.314040382983115
242 -3.3140403200012987
243 -3.314040364767701
244 -3.3140404339672935
245 -3.314040338569013
246 -3.314040334089813
247 -1.4197914588599256
248 -1.4197914235895819
249 -1.4197914291523854
250 -1.4197913797048287
251 -1.4197913852232311
252 -1.4197913787913166
253 -3.7700454465618396
254 -3.7700454327024833
255 -3.7700454260958622
256 -3.7700454846881133
257 -3.770045395145776
258 -3.77004538875319
259 -2.392005558394162
260 -2.392005504134176
261 -2.392005539689503
262 -2.392005479249448
263 -2.3920055047020137
264 -2.3920054942556854
265 -3.8642375285200243
266 -3.8642375079616373
267 -3.864237508327288
268 -3.8642375455281703
269 -3.864237476746281
270 -3.864237469675478
271 -4.041314644036135
272 -4.041314628069048
273 -4.041314626655398
274 -4.0413146579866766
275 -4.041314599364885
276 -4.041314592501617
277 -4.253819419732773
278 -4.253819409091645
279 -4.2538193991649695
280 -4.253819428248797
281 -4.253819372629581
282 -4.253819409241067
283 -4.491924272643882
284 -4.491924267587599
285 -4.491924272177301
286 -4.491924276410943
287 -4.491924268763955
288 -4.491924265633024
289 -4.44612569880089
290 -4.446125699326727
291 -4.446125675270536
292 -4.446125697527833
293 -4.446125709208025
294 -4.446125697683193
295 -4.493733673772235
296 -4.4937336696298456
297 -4.493733669600993
298 -4.493733676726615
299 -4.493733672273271
300 -4.493733667725465
301 -4.496889420965722
302 -4.496889417984961
303 -4.4968894179128664
304 -4.496889422981632
305 -4.496889419796692
306 -4.496889416499085
307 -4.500427888336296
308 -4.500427887994972
309 -4.500427887998025
310 -4.50042788866293
311 -4.500427888236539
312 -4.500427887878503
313 -4.500473883281273
314 -4.500473883279074
315 -4.500473883279092
316 -4.500473883249535
317 -4.500473883275204
318 -4.500473883267468
319 -4.500473979956498
320 -4.500473979957938
321 -4.500473979957487
322 -4.5004739799639655
323 -4.500473979958222
324 -4.500473979960284
325 -4.500473986266229
326 -4.500473986266195
327 -4.500473986266229
328 -4.500473986266224
329 -4.500473986266234
330 -4.500473986266246
331 -4.500473986266342
332 -4.5004739862663445
333 -4.500473986266341
334 -4.500473986266342
335 -4.500473986266341
336 -4.50047398626634
337 -4.500473986266343
338 -4.500473986266343
339 -4.500473986266343
340 -4.500473986266344
341 -4.500473986266343
342 -4.500473986266342
343 -4.500473986266343
344 -4.500473986266342
345 -4.500473986266343
346 -4.500473986266342
347 -4.500473986266343
348 -4.500473986266343
349 -1.3931872815454103
350 -1.3931872019605878
351 -1.3931872107010372
352 -1.3931872391296962
353 -1.3931872590478938
354 -1.393187219766185
355 -4.420815422853127
356 -4.420815467148962
357 -4.420815452943666
358 -4.420815366489873
359 -4.42081546237601
360 -4.420815445931222
361 -3.07267070793152
362 -3.072670751640441
363 -3.0726706712416054
364 -3.0726707476594557
365 -3.0726706361837004
366 -3.0726707553364445
367 -3.6552467351921822
368 -3.655246779280575
369 -3.6552467436045895
370 -3.6552467549680805
371 -3.6552467113915785
372 -3.6552467786111635
373 -4.733763141432681
374 -4.73376318567888
375 -4.733763166809742
376 -4.733763133738166
377 -4.7337631692053765
378 -4.73376317034764
379 -5.204592028948746
380 -5.204592075123628
381 -5.204591999737081
382 -5.204592016144011
383 -5.204591988468179
384 -5.2045920312940055
385 -5.445695637762888
386 -5.445695583458857
387 -5.4456955598919174
388 -5.445695627883302
389 -5.445695556740265
390 -5.445695595386588
391 -5.5762140003322
392 -5.576214002838467
393 -5.576213927886696
394 -5.576213988994953
395 -5.576213931185366
396 -5.57621397993195
397 -4.364349999788228
398 -4.3643499442513
399 -4.364350022861807
400 -4.364350003371836
401 -4.364349935993709
402 -4.364349921951615
403 -5.692607969764762
404 -5.692607959641049
405 -5.692607888733143
406 -5.692607961589585
407 -5.692607892190805
408 -5.692607925458116
409 -5.707521543106186
410 -5.707521498715316
411 -5.707521489486484
412 -5.707521530844307
413 -5.707521465837766
414 -5.707521508600866
415 -5.760103069966815
416 -5.7601030424593915
417 -5.760102996694382
418 -5.760103059774517
419 -5.7601029888618545
420 -5.760103030425016
421 -5.892986080675606
422 -5.892986051518875
423 -5.8929860097041
424 -5.8929860749899134
425 -5.892985999987945
426 -5.892986038560252
427 -6.335444305887215
428 -6.335444270236113
429 -6.335444246677044
430 -6.335444317588605
431 -6.335444235400516
432 -6.335444254008012
433 -6.818776872996409
434 -6.8187768271689215
435 -6.818776815369935
436 -6.8187768977876
437 -6.818776889017325
438 -6.818776833597074
439 -7.155883679366509
440 -7.155883634008198
441 -7.1558837053811315
442 -7.155883697201666
443 -7.155883679788287
444 -7.155883648058129
445 -7.451907857175349
446 -7.451907836594205
447 -7.451907857888052
448 -7.451907865100891
449 -7.45190784777758
450 -7.451907852563344
451 -7.497332582635783
452 -7.497332584866647
453 -7.497332579294544
454 -7.497332581580905
455 -7.497332583027967
456 -7.497332578076236
457 -7.50036655451853
458 -7.500366554462392
459 -7.500366554423593
460 -7.500366554536976
461 -7.500366554717912
462 -7.500366555632962
463 -7.500473571649768
464 -7.500473571635298
465 -7.500473571695371
466 -7.500473571643727
467 -7.500473571604081
468 -7.500473571625363
469 -7.50047398411515
470 -7.500473984114795
471 -7.500473984112211
472 -7.500473984115314
473 -7.500473984119124
474 -7.500473984113968
475 -7.500473986263906
476 -7.500473986263909
477 -7.500473986263882
478 -7.500473986263763
479 -7.500473986263859
480 -7.500473986263989
481 -7.500473986266332
482 -7.5004739862663214
483 -7.500473986266333
484 -7.50047398626632
485 -7.500473986266333
486 -7.500473986266331
487 -7.500473986266344
488 -7.500473986266344
489 -7.500473986266344
490 -7.500473986266343
491 -7.500473986266344
492 -7.500473986266343
493 -7.500473986266343
494 -7.500473986266343
495 -7.500473986266343
496 -7.500473986266343
497 -7.500473986266343
498 -7.500473986266343
499 -7.500473986266343
500 -7.500473986266343
