evaluations raw_y
1 2.7427560424890474
2 17.16272957756467
3 19.43105864864906
4 28.554354991693202
5 21.952526850763594
6 14.308769902953236
7 13.911864252022694
8 9.646033289333339
9 12.320569072879252
10 12.666476978800961
11 18.978118634870807
12 10.290853409293584
13 20.480251387386836
14 22.507068252049386
15 20.804678749581537
16 22.00817866297248
17 11.001487825776472
18 15.876185996521468
19 11.992231735488506
20 26.71882619194009
21 15.902733346160035
22 11.272235641988473
23 11.956487732714518
24 13.479761825769533
25 11.111944973781707
26 14.863162640032435
27 7.641565349917148
28 2.233243435300544
29 17.102218486292387
30 26.954875740980043
31 19.905766348800682
32 16.144252158937668
33 17.811681156235093
34 21.880643300802443
35 24.36063030066216
36 21.70188543531217
37 16.205359836509746
38 4.423441813501487
39 17.467898698650764
40 13.374092300218214
41 15.712070408569614
42 15.037214413330997
43 24.078543985939895
44 10.48071581512604
45 16.746931578224274
46 22.945666270328644
47 18.52928751065947
48 4.406917398368525
49 18.116565859736923
50 10.371881162622598
51 19.56381614837488
52 13.168911616180884
53 19.75440690252913
54 19.123997949511274
55 10.583647544984611
56 4.775342872887882
57 20.323079020912992
58 12.150805362307679
59 19.05376691739006
60 10.80656341996192
61 10.01582446823199
62 5.417598674780598
63 26.03956585393029
64 17.438651546559928
65 18.734199669449186
66 4.5710021677845525
67 10.57215954228372
68 23.450947481706837
69 13.019119907206218
70 19.636237884819266
71 23.541138008863392
72 9.107190584534038
73 37.34627825816829
74 12.709861663176342
75 13.001052587519398
76 21.61640190800079
77 6.69916127380539
78 1.4382701345555704
79 23.12312539038832
80 25.695443617094888
81 19.989850972674862
82 3.224705230783649
83 7.572688293994531
84 16.968801500167682
85 9.292779887384585
86 24.80722570689791
87 16.493477631248034
88 8.04370904607831
89 15.813474722531355
90 9.950912070736326
91 14.730177651086546
92 22.258991335132567
93 22.167487837149924
94 11.554875090493425
95 6.171928764849245
96 20.17072927922254
97 9.3035107791642
98 4.50956766064506
99 16.209888411467396
100 5.324904033093948
101 17.606593772395897
102 16.54110448295603
103 8.438410054725175
104 12.764581007282134
105 14.31053637432661
106 5.821136964113795
107 13.966646146535235
108 9.478768439122938
109 8.453009377666218
110 12.16238863761549
111 12.300949211140239
112 7.91924273782923
113 5.980052613062212
114 13.96628934401507
115 21.679602974522826
116 14.675630901650884
117 16.283773643876284
118 6.522898442885958
119 9.917878994683273
120 25.527087404832372
121 21.973215520145306
122 4.297665167190143
123 5.158530749973357
124 9.317762498190007
125 3.840720177185491
126 14.601476357726277
127 4.303862369701971
128 6.660105650309465
129 7.680153731460942
130 27.946669968032335
131 11.99707075249407
132 8.008178736567329
133 17.369783135234126
134 17.28193825307681
135 6.188119625121009
136 22.098412131578996
137 12.778665298386558
138 2.9719393948749295
139 24.477220503924883
140 11.546309920406674
141 23.85142337518249
142 8.315597402630292
143 21.50441501811592
144 11.70372538212414
145 13.175265784580949
146 3.2996502422531293
147 10.310796978566636
148 7.619601623622528
149 29.21397788904256
150 14.74631099566283
151 9.980277320607021
152 5.6479631992437564
153 17.47727412768788
154 15.00558731158056
155 11.90738402828464
156 3.9374495462846633
157 11.935324550569277
158 27.986744868287676
159 11.711488195619406
160 12.560090320185475
161 11.505814448881848
162 3.312934930306306
163 5.841656748966381
164 16.367283774058834
165 21.794440714860464
166 5.183096432094139
167 13.910313143620563
168 20.862830191724804
169 5.2064899346105245
170 15.238279220207815
171 15.905499997190024
172 8.912371884207715
173 4.645681557839858
174 7.933824764745467
175 14.764640625191584
176 11.334357966615794
177 3.9702888042005364
178 22.342205035510336
179 6.658382150635271
180 25.07569835323862
181 2.346211881076738
182 3.189770526262739
183 5.3616505062368045
184 20.69548037575203
185 5.241081320626447
186 18.929102985819853
187 13.500653127661048
188 1.6585404226454261
189 2.1563021999630245
190 2.534399612080914
191 12.376457867682454
192 9.535079954557096
193 11.154925850521249
194 6.512539754574604
195 4.928669992614291
196 7.40025314201327
197 4.620657553223024
198 4.9846200733883865
199 15.80700507602111
200 0.8123690984838136
201 3.6018361561200267
202 9.633375395203522
203 7.625645015676736
204 5.06950144064872
205 5.732443757462362
206 2.219557811887844
207 10.85572275235741
208 7.226793492048874
209 11.881879205541642
210 5.979803750070215
211 5.820768182686964
212 6.339496296993352
213 4.363588628154794
214 13.154901551848868
215 9.325348154401166
216 10.643163595936983
217 6.463040033725843
218 5.895153635109166
219 3.4955737330778662
220 30.65633740730168
221 10.515501412674338
222 8.626581081762493
223 3.9829354396227
224 4.762515465968145
225 11.853533095697701
226 5.672735608448871
227 2.4615177516206006
228 3.0068103852867103
229 7.348313632902282
230 14.324700180370014
231 3.860605999044759
232 3.822200046201791
233 10.901612200952757
234 8.262669529949989
235 7.442331573271226
236 14.132374938953319
237 4.584736957218911
238 6.116994338031364
239 2.489535367844746
240 5.886935400863055
241 13.124198316879777
242 3.078032036266713
243 14.887731024983198
244 5.009262823927943
245 7.501137964030512
246 20.905724772909693
247 1.6002082012026275
248 5.091799919481714
249 5.47053375545566
250 9.989826668293222
251 12.89185125945296
252 4.346935726588271
253 7.894312745340088
254 7.785162050919687
255 5.23798755348943
256 3.5242405312249225
257 15.861681302760005
258 10.126768811388795
259 10.474594025420892
260 14.46585353237326
261 7.108936874070561
262 8.801417839237939
263 7.561692953810954
264 15.489701727272612
265 6.736016608030147
266 18.32587787732885
267 11.522410223125483
268 7.203577395041744
269 5.16992378843544
270 12.695080917390783
271 5.327770806876592
272 4.563066142592063
273 2.460049106732841
274 2.0537619862550445
275 4.956503820679193
276 9.904074777848347
277 4.722463058467479
278 15.876145579638498
279 8.712587731865172
280 6.966813090891977
281 4.8659835981488335
282 1.4127603697020183
283 5.4396780784321415
284 8.083705242464971
285 4.33175904820289
286 10.27802052141741
287 12.509912926590424
288 2.7632340741290533
289 2.65611533822246
290 2.1722851654420965
291 8.76215117264387
292 4.069029641463031
293 8.569691667602877
294 4.163906377113474
295 6.612501380850971
296 3.7191106259950755
297 1.914740467552503
298 1.5745310080167272
299 2.754838825766258
300 5.624243089446559
301 2.689281578430485
302 2.7521032102443246
303 5.393447706147452
304 5.126973613979545
305 11.278407704106659
306 2.248356599481303
307 1.7401229150516464
308 2.2395601393418585
309 9.949736200005217
310 3.3873279227063975
311 3.3887870003806997
312 3.323234287905374
313 6.49649614933081
314 12.32071304279844
315 6.260946788542325
316 2.8525861221404143
317 7.246128960629693
318 7.070233938778766
319 4.219534375937502
320 13.075767409200026
321 4.480195259765739
322 3.3494670303523635
323 18.404440971563655
324 8.895472308350836
325 3.692570322250533
326 4.144321749193913
327 15.835716968343938
328 2.8345259208665357
329 5.179220991110251
330 2.9816403920262786
331 3.5869942049264867
332 1.8087019041830292
333 7.801649763876656
334 4.119276831149425
335 1.8978470593592853
336 6.288167350446829
337 1.8190494208508101
338 4.558773391575224
339 1.7278143033849183
340 1.7951678435425777
341 1.179003682255747
342 25.803750079897966
343 5.355264974756951
344 6.225485153284331
345 6.662446391991358
346 10.360849095018065
347 1.9366438718399255
348 1.218540126905983
349 1.8092896593086898
350 12.394533503692157
351 3.2456183680601507
352 3.7384455595618027
353 10.456167648763747
354 1.5267969664476648
355 4.4633965331835865
356 10.44055907222247
357 2.9612914721418058
358 4.405305552489544
359 4.419801133273119
360 3.925146018884704
361 2.014223921880318
362 8.465898701198736
363 5.0143521314933315
364 9.675887010036682
365 4.626566020211739
366 3.6195488533252282
367 6.132598275758966
368 0.03227718596434642
369 6.252267323922559
370 4.7779891018556215
371 3.506790277975285
372 4.370674294519304
373 3.531796927035646
374 4.102031192469376
375 3.2548800814392536
376 3.533954217443034
377 5.181294338518374
378 10.536946559896844
379 6.173023730840009
380 10.96239406755432
381 4.048897178461792
382 5.947931031173696
383 5.0226137924004055
384 24.449888081823392
385 2.604835868362495
386 0.4992063082050795
387 0.36056323345180996
388 1.761420488921312
389 1.7514742460189918
390 6.384889723564877
391 2.7983162515461415
392 4.0787337247413005
393 3.482959277601756
394 2.7132277431808824
395 3.9481482250549957
396 0.843386163937247
397 2.288616066423992
398 4.0192836831635805
399 1.0043775009203595
400 1.1868630000292526
401 7.420770474157178
402 6.724677985955904
403 1.0408746732527339
404 1.3690848357271626
405 10.705256481020461
406 2.8204253762887825
407 2.1275159036686526
408 3.633989280718488
409 5.172851641362672
410 11.801946603731018
411 6.037710625798214
412 7.175786103644697
413 4.125048525242494
414 4.761018489558934
415 4.77024514206001
416 4.617440516409999
417 10.984375561798075
418 3.048176561112163
419 0.9194917443612158
420 1.690439740653211
421 3.2394766935581125
422 2.2384349278246387
423 3.094693269434508
424 3.1827575502336134
425 2.126319384919123
426 3.2937674937115493
427 3.9387748505395908
428 1.1181243484631533
429 6.04436184990134
430 4.45020493881595
431 0.8450300699022474
432 6.840961577734326
433 3.4108779612060287
434 2.654519197674604
435 3.9055785773327125
436 1.169945249856671
437 0.8689276741057749
438 11.370389877353324
439 5.724283328376631
440 1.7692015711668905
441 1.5445856036098427
442 3.537305357165801
443 2.835546756185235
444 2.571124004416387
445 11.74870432092755
446 1.1606087905796296
447 1.1117635302689213
448 6.332775669291162
449 0.08064850336714025
450 0.15683018452092384
451 0.6472533997022931
452 7.085509749666054
453 3.315708750264104
454 1.9470412006248294
455 3.9878135434419835
456 4.096112112842443
457 0.8724773040009962
458 3.398402744031978
459 9.475047414266687
460 0.8663455478644058
461 3.541109798649707
462 3.6592800077827534
463 3.092137230970178
464 4.390609724656307
465 0.27473044665104074
466 3.7480964717419374
467 9.4235857507075
468 0.4140494011788205
469 10.679194336241014
470 4.415226066818029
471 1.8417200233044628
472 2.9361171014741037
473 2.4776250942128315
474 2.5215839391572183
475 0.9332271510097331
476 2.9076360751092456
477 3.389267058356783
478 4.291485966812773
479 2.860122613839544
480 1.9135410531743664
481 4.157858695849364
482 1.6655031996275569
483 2.7970900841415913
484 3.64596607185533
485 1.739097950669374
486 1.1209374947850863
487 0.3333088977248867
488 4.5189218963717055
489 1.6918742044482895
490 4.74479255364153
491 3.383770628228565
492 12.987062724004641
493 2.401951107848734
494 3.917454190822233
495 0.8629568653412028
496 3.4720904802996895
497 1.4051170322749817
498 2.0228667806501717
499 2.152490217778773
500 0.583683979779847
501 2.7776367853967714
evaluations raw_y
1 19.094708647176883
2 12.846087780028515
3 20.578543538434836
4 10.680493663771866
5 20.156035703992067
6 31.409532205095477
7 17.27176032632511
8 19.091277347492614
9 23.78413162874644
10 14.985172689197492
11 16.365775539227503
12 15.174570079089667
13 16.466461310152486
14 9.660854474101978
15 21.153184034631444
16 18.162316849333386
17 12.162032052198297
18 15.632243181153347
19 13.987722197785683
20 20.970264783917845
21 14.087771800203223
22 28.24980015796618
23 24.27694219227168
24 20.158347694664677
25 35.63712128403476
26 11.95339117876559
27 20.89924465252993
28 14.606716196777453
29 27.352587563808637
30 21.376002364407473
31 21.679222310726438
32 19.935210499738925
33 12.848825298219321
34 18.148384405538575
35 12.179459516554191
36 14.861264241413483
37 17.38806471111615
38 16.306260193915982
39 21.045616352402757
40 27.90972829739201
41 16.327321420066966
42 13.982086294635652
43 24.30587846979682
44 30.429951585488134
45 16.020625862203435
46 24.503542898002948
47 5.912712647074565
48 13.685271670242388
49 15.295589767209034
50 17.379543596590775
51 28.43556515582033
52 5.771236963279978
53 5.183900146562101
54 13.03834843633813
55 26.439692360440922
56 11.920102280230168
57 23.963633454402277
58 12.965432699219397
59 21.78098996107743
60 26.699886677220885
61 15.34706031044185
62 10.166326056635098
63 20.07133752117831
64 17.41871705696045
65 21.657228775870628
66 25.011222442049654
67 11.77110706140951
68 22.587799883424548
69 24.733864019107685
70 16.88195286769492
71 3.047214724411412
72 23.430609793402912
73 27.812217773508475
74 23.432951221796582
75 16.64076325764274
76 27.77750522726084
77 23.494036863988786
78 32.343647416245545
79 34.311750733003166
80 10.005497742776482
81 22.168550107788977
82 24.210456640375526
83 13.75033205803285
84 10.814593476844847
85 3.796920509183138
86 10.837181821542886
87 15.721454851447922
88 13.032201810104956
89 45.94469615994489
90 17.568881265085498
91 7.5657617884290795
92 22.600699979518513
93 18.37952609455955
94 31.071616621493025
95 8.887056069000742
96 30.19610552376386
97 6.988588095559642
98 17.316719274649284
99 14.790909184581675
100 9.349674720275434
101 37.08740926497716
102 21.716224492945223
103 10.340187440756466
104 10.287458123812213
105 23.46034069416269
106 12.384887932720847
107 5.801463457929079
108 12.50689859707581
109 30.237862180752735
110 13.978467795049868
111 28.06805235703188
112 11.539311422383776
113 31.23675220817212
114 9.331032786131816
115 22.136016249566747
116 28.087708852296505
117 13.946845199212554
118 10.612147445478056
119 16.926763854748803
120 7.762239279791611
121 2.5351108207600612
122 11.952062646115936
123 23.796985326820167
124 29.634458159787208
125 10.916589266102184
126 10.042066792544832
127 11.325482899920889
128 13.28314861375784
129 19.467621660971954
130 10.288646728858543
131 21.859143298336402
132 19.771925145768243
133 11.23326791124079
134 16.490869154623066
135 2.243297211619591
136 15.20217973389821
137 30.005839789063042
138 16.04245518559617
139 21.041351743676007
140 21.880054045961717
141 16.892332481242747
142 16.825501562527663
143 17.919921684505756
144 37.28274075138061
145 8.704401111488279
146 14.042482354961873
147 6.483583772183521
148 20.06797760874888
149 11.698408567250034
150 13.582084907256215
151 17.42659289043582
152 9.868259636869924
153 5.6787818817607265
154 13.435127297524263
155 10.022800172028763
156 8.117278569685515
157 1.3738968355274603
158 29.242717016144724
159 23.27222426839553
160 16.56164034531705
161 3.1023072353049455
162 23.27528049582391
163 2.906748607356904
164 10.748958763377297
165 12.658893356196106
166 10.622962280589899
167 12.66478681239594
168 6.302086182007581
169 16.145843490733668
170 11.201907048444966
171 3.351792176256435
172 10.063889532775137
173 42.30241213879269
174 18.040412325946313
175 11.914348474818196
176 19.385905148826293
177 2.4546998520727064
178 19.367286599236927
179 8.944131683596858
180 6.718063109476994
181 19.520060169188387
182 10.42215880533472
183 10.7864101138172
184 10.3662628546529
185 6.0507009472291555
186 10.50095189186062
187 22.71248252813483
188 10.691695773816072
189 28.254260785095056
190 18.467498068060642
191 10.152169349340351
192 26.93866872417713
193 25.375822710588864
194 31.746321392220548
195 25.187206180088793
196 12.131564585318863
197 3.3643776229037123
198 9.626332603511417
199 6.599471377618622
200 19.216565395831086
201 16.96109982797513
202 4.5441184336873945
203 5.137391206122231
204 18.088751994524564
205 18.698545150975168
206 8.133955445322055
207 2.0592176725184035
208 10.198087973101687
209 18.659820487815352
210 12.791861702896798
211 4.021799161478725
212 5.624913522783791
213 15.698557293937737
214 5.571526125711802
215 17.481173630360836
216 6.861103735213767
217 10.207850487926292
218 5.29417945881995
219 10.904654830169301
220 7.83967404426143
221 26.385467716074036
222 11.709633381091939
223 17.370874224888283
224 27.249309598224805
225 12.797029652929321
226 10.729210454417272
227 12.458840093538296
228 12.892862938462578
229 2.5968714836367344
230 14.438496021380546
231 5.797137620544673
232 15.309267400364035
233 20.19649240635722
234 10.64347062561799
235 6.544400526315385
236 8.1802358467362
237 13.89034077344677
238 4.766039776284755
239 9.468976417589543
240 21.015548905472837
241 4.597573393479329
242 12.047039545697885
243 14.579113320972333
244 23.284088493513536
245 8.86576163805588
246 1.8143592395954804
247 3.006774302244422
248 12.827547063716619
249 9.329995516674282
250 11.802735870261449
251 8.087559708808573
252 8.783213149654838
253 6.95428800708173
254 12.394474771026585
255 6.525106669890183
256 12.953859409493575
257 3.3879924803118895
258 5.08364667428945
259 24.058873715397727
260 9.173359047118446
261 5.415380701751623
262 2.5475805504229982
263 1.4473526058540562
264 4.355199989693019
265 5.796134930587196
266 6.278542555051411
267 7.09396914609586
268 10.663191812827998
269 4.866862050628095
270 8.505245422972385
271 2.379703830686169
272 8.280082108196355
273 8.198836377077052
274 12.010934963057911
275 5.7497794169839365
276 11.273720997958156
277 1.9945385607182922
278 11.930990615421088
279 8.04131135687285
280 7.650549992629211
281 12.984636462051627
282 9.106977990194489
283 8.530837539937295
284 9.186552959508726
285 6.8775561019481
286 10.3772612673967
287 11.633955627115874
288 4.781589516821265
289 4.377359442735081
290 18.224986324365204
291 1.9591339733181592
292 7.739968489506858
293 4.259332400529511
294 17.030947901179164
295 8.358248205717585
296 3.012862798388693
297 1.4623855352429134
298 4.551319534935767
299 5.864901750966178
300 13.724641047456995
301 13.955946242859392
302 3.0126059044505555
303 5.301253986821174
304 13.23734066142994
305 9.08791927632256
306 11.268433535778433
307 1.5840703176214976
308 3.654306130316489
309 6.584065476528474
310 9.115459015790591
311 16.115585433323833
312 2.6139638615245433
313 4.300790921831865
314 7.213697750149914
315 14.303638962470576
316 5.464809443347319
317 14.807535869532897
318 10.768431676269932
319 7.024167779620526
320 10.034942595136206
321 1.3775589045575063
322 7.4692980173638714
323 4.884627641004407
324 10.439804424849974
325 5.553765161889144
326 3.023047085636777
327 4.493030426245914
328 6.9419146960749005
329 2.841535790345775
330 3.4423573428159258
331 7.559099490277452
332 19.888702505578284
333 11.159015838926193
334 10.006820942378527
335 6.9390050532728464
336 1.6447121807894594
337 6.863124382873121
338 7.838040663751157
339 1.2225917027753694
340 16.474421539718257
341 5.065298831880275
342 1.6195181576016675
343 8.322847667312333
344 17.759924451604608
345 7.416152370044363
346 2.9480179016210575
347 0.41885439984216943
348 8.049503748723627
349 15.793576197168228
350 12.015457910005953
351 6.3217957658822055
352 1.860446574230525
353 5.345726090519114
354 9.733507947348498
355 7.397588667630137
356 3.2237526807867627
357 4.920998075893711
358 2.794055860007138
359 5.516644623562132
360 8.351782726285249
361 6.055278095132154
362 2.4356024029315413
363 3.056198775532818
364 6.373567814426693
365 5.948137197708649
366 3.8113150950807286
367 10.573129264477771
368 11.994931364575862
369 1.3485842062810305
370 1.0258405366888874
371 1.5904227524729921
372 0.962981488779651
373 6.0836637562345155
374 5.494813339299855
375 4.678250351096617
376 3.9254977185766555
377 1.553072771735969
378 3.7996958582162357
379 2.813300394709732
380 5.208717274243088
381 3.1329524850212587
382 11.958331159463562
383 8.664915122876172
384 13.84026613172557
385 3.740282563664308
386 2.671989389016437
387 6.783812682810364
388 8.170019309194565
389 2.9503062241816225
390 5.87299292564287
391 0.7613575581109012
392 1.5661224182387399
393 3.33119357768551
394 11.09098929149999
395 6.624072503345165
396 12.16919772295994
397 5.569016436723497
398 13.600413188548064
399 6.777496364751369
400 16.018792436368226
401 5.132919794727357
402 1.7394508155917414
403 3.9552151895262626
404 2.530333457913405
405 2.792319665532917
406 20.741491409868964
407 5.143356865971616
408 3.048126453256705
409 6.996172937914298
410 4.862532201248761
411 2.117381590819707
412 11.793921892657714
413 3.788785498935261
414 11.574067706099639
415 8.185041985728697
416 3.7830702859319807
417 7.3569638169838365
418 6.10891740067417
419 8.058234828677241
420 1.48048021041537
421 1.9951996312131586
422 2.3729058143671384
423 4.5198227999756035
424 3.4887379594484225
425 1.9927917063223473
426 1.84368029309167
427 2.345213309760413
428 6.656824858236934
429 1.6741583288747457
430 1.3621391543443193
431 4.055639578140577
432 3.3623063832994617
433 9.849412254566854
434 2.6307384835198557
435 2.399911873917135
436 3.3065838007832964
437 2.2728419434980194
438 5.060736149212671
439 0.49692350018561005
440 9.35425851698419
441 2.2742386511513484
442 12.565424341841789
443 0.9544386835179073
444 17.08904025084012
445 4.625016330097118
446 3.3915779068541
447 6.293564847472209
448 3.2142512543442385
449 8.413775357060949
450 11.326789521494181
451 3.0077691299958413
452 2.4184004223910107
453 4.17753810315865
454 1.9384871021164773
455 6.485148028173631
456 3.3151688717097203
457 6.1795355134217465
458 3.8854140281074514
459 2.099851670674915
460 10.588457509832136
461 2.0370966533008596
462 1.491200442023683
463 0.6671328171976827
464 3.702099651537172
465 8.648031188858365
466 5.014167254249956
467 8.539121106593365
468 1.99588502146899
469 1.3949569472548828
470 1.589398457815669
471 1.8260259322570143
472 5.439171982135259
473 5.310576711405587
474 12.788272900450172
475 14.71070967282753
476 0.15831846297468039
477 1.151000122454555
478 1.537136591318974
479 2.5431119477035193
480 1.3630394596408906
481 0.4112829604467439
482 6.234932373030108
483 2.723100066474186
484 1.5491636510319593
485 2.750164404498261
486 1.7653641115426022
487 4.609246911016789
488 2.806888637288731
489 1.361333634641276
490 0.6864482486280634
491 4.067122019328711
492 2.4433130860802756
493 1.9593930651125644
494 6.3444619759409395
495 5.698481085713554
496 11.632789945590055
497 3.0969679659243954
498 4.581131484700712
499 17.942446601161947
500 2.63417721661331
501 2.5976187822076393
evaluations raw_y
1 8.183014445509226
2 9.645471837867845
3 10.370034044488587
4 19.214010769273056
5 19.727848934398484
6 13.648642658685796
7 5.242266234155612
8 9.398009834049825
9 15.172272543108713
10 12.202340788668563
11 12.543622034188385
12 38.5900945595876
13 12.693669540981748
14 17.67336670154037
15 8.606076996800724
16 17.893175942333208
17 11.385411049526606
18 16.160405551763276
19 16.98889218634984
20 11.981075041018599
21 19.849571899940013
22 11.18577105851128
23 10.641984846309263
24 8.551571802531683
25 14.85851909602347
26 17.850366817681742
27 13.965152429229661
28 26.499092739091545
29 15.836192429052664
30 17.770255686267014
31 24.731304780430893
32 21.303454902095826
33 7.646215094935663
34 12.796955193334558
35 13.10845465957521
36 16.06852170124507
37 8.904776199499322
38 25.891800331899105
39 20.69922696776913
40 16.357548428665382
41 13.045937990203477
42 19.575041013087677
43 21.417972503019623
44 13.855773570209674
45 22.20848196924728
46 16.99993861640506
47 8.63923513377668
48 14.78722021583347
49 9.43887269889368
50 18.502440082824386
51 16.657226430352935
52 8.044993290238613
53 12.31118673884284
54 9.765119220947037
55 11.697620714181888
56 21.913217377893176
57 4.844100981078535
58 13.984338651638717
59 3.9141241243025
60 8.098561873153178
61 8.404618897918885
62 23.86141512587569
63 16.38734894055135
64 12.836969733820728
65 5.453394719360352
66 18.9502217001006
67 12.706064385109533
68 26.704460880054548
69 12.18929486133942
70 20.301735341618965
71 15.57903194719187
72 8.311500107267777
73 4.787550573533489
74 7.503878107024061
75 28.54814849631792
76 15.305504372063213
77 17.71091052103545
78 35.84571349711341
79 4.583810584421188
80 24.96673707865662
81 24.90609493024329
82 6.087170019315074
83 10.610599409325623
84 32.04513449910227
85 14.66164267243248
86 13.676203197185679
87 16.66615972526886
88 25.817703943490763
89 25.46308745368329
90 15.563664101690659
91 5.677348855274294
92 17.70067702706225
93 24.180012612629344
94 37.52214741981928
95 19.71657088610302
96 12.914316438243967
97 6.63979567129749
98 12.917759210049187
99 45.51259862124814
100 17.811625711042787
101 5.389615399827781
102 17.35645485958127
103 5.633861024692578
104 7.305591336593756
105 21.100837463653555
106 12.68634277563804
107 6.574691417287159
108 11.655899632578938
109 2.9456996196365877
110 11.303328272509724
111 14.237052359017548
112 12.471979936510214
113 12.61130759571613
114 6.8662588910855735
115 3.7452683861559555
116 9.65565377624472
117 6.2925727213588765
118 15.711155777828024
119 15.569931921825221
120 3.5354668932065327
121 15.714490254580783
122 7.014079485628701
123 12.078080300065357
124 9.461531090883726
125 15.762099887768453
126 21.415658699700455
127 6.589875152355052
128 16.26748359474396
129 7.383639656446532
130 14.443221432848803
131 25.43481754679325
132 2.560050928960684
133 10.480466263797432
134 9.216014512360088
135 13.234638949491922
136 26.058729785824916
137 14.281514056308705
138 24.510600358058014
139 23.13298296726079
140 8.900907443734138
141 9.223044751339787
142 18.574551470249695
143 15.6991584172267
144 30.347360941645526
145 13.001430993544048
146 22.989522870759064
147 11.177008050838765
148 10.825666390843985
149 17.883496578371982
150 7.803134374251916
151 10.753975628715047
152 11.63226368028199
153 6.66407873080664
154 22.827446384436644
155 12.35425615552633
156 8.309359099399877
157 5.751194631925838
158 6.079354843831154
159 5.179473362675383
160 10.29612866528543
161 10.5062976403568
162 12.836571033355783
163 4.5338215888665445
164 5.5682309752943695
165 14.887564325066146
166 9.886963760866525
167 3.1397342314050096
168 10.295132073717923
169 18.40626269996558
170 4.266244738016114
171 11.594318785172359
172 9.28648955179307
173 1.3383510243281498
174 6.913622202793608
175 3.757754053708649
176 16.357031449729025
177 16.896177352788442
178 7.332312711956849
179 8.166584280356213
180 16.075549378914026
181 11.202435473970201
182 19.667009707899396
183 6.837619089576967
184 12.78897939428614
185 14.965106201790082
186 12.06603307854806
187 8.416361228993654
188 25.166615157732227
189 19.013594660177244
190 4.837954064928503
191 6.6728412031970565
192 5.103718940721
193 11.260691786599889
194 14.979463534550378
195 16.484249396687336
196 9.756170699293525
197 5.2889263666102675
198 12.83837117283248
199 7.525303809566092
200 6.772411675927854
201 17.767360720101983
202 21.266963541080003
203 12.892404700772218
204 7.807181321382127
205 13.613143906303321
206 8.528295826270375
207 7.4826496718608695
208 6.818284132170095
209 3.7487688445254266
210 7.78027422457438
211 22.737625925485773
212 31.35091389921899
213 7.329168243972381
214 4.110723279749015
215 8.52289165949092
216 1.8207101767302494
217 2.561943347341735
218 19.227946619888822
219 13.060659659496272
220 3.2804880578132436
221 11.148847004573701
222 10.285016780950759
223 4.1971470460403415
224 7.585280237802473
225 8.961667848216104
226 20.180851237826293
227 8.44550943325688
228 7.8886726696399005
229 3.1121599822317014
230 14.172463535713188
231 12.187564901053909
232 4.89755872285847
233 5.089147790863481
234 3.4128278092548103
235 12.872345100588719
236 11.625353682749052
237 9.28782323346855
238 6.4242844472072145
239 9.220520164973886
240 2.9897090553416064
241 5.857847783466517
242 1.3599493454133316
243 15.148019444032126
244 11.551267791220685
245 11.870402938169779
246 25.04296337318791
247 9.88573891229075
248 12.718571708389996
249 -0.8208513445726316
250 6.654728740806792
251 8.189042773063925
252 3.4187895080653505
253 3.77609168197149
254 5.92865767203541
255 10.952796345333331
256 7.012081786496104
257 2.8366465110354815
258 21.976959746187564
259 4.031342177915102
260 13.611332958210117
261 4.889372952496593
262 1.2265354882332735
263 5.012249606099339
264 8.143353889791504
265 12.519870831265628
266 1.9695595786668192
267 3.0771640889374248
268 4.554586533002303
269 12.904634809735551
270 0.2600714945236366
271 12.78174708698397
272 5.957316275885257
273 3.3246848351996894
274 7.159356368707849
275 6.724019066557823
276 24.404834952552324
277 6.074116203073651
278 5.6364677239716805
279 1.9807215938119211
280 8.851255964238293
281 11.394497385238616
282 6.069851210571317
283 3.863287037073478
284 2.837788830582004
285 19.171187426469544
286 12.768010773854046
287 3.4310794001401277
288 2.478219380212482
289 3.885199230471884
290 5.928596204209282
291 3.53468478502685
292 3.172446562209861
293 8.65974491467672
294 5.4765221271817435
295 8.693231163288768
296 9.1415766910665
297 8.602749877572357
298 13.258973806781071
299 1.1687000657660684
300 6.841486539280809
301 6.258923234548769
302 11.734414773324142
303 7.589096210093339
304 6.184526875188828
305 11.208559907544569
306 3.550591795525364
307 1.6862231420290337
308 5.069390084736828
309 5.648091345548556
310 8.20851929958967
311 3.92280041108623
312 11.023328282288853
313 9.692715089895948
314 4.610751792059125
315 2.9020426918221345
316 7.30266941517979
317 2.9360481296587144
318 10.955026806795392
319 13.102711142988142
320 0.7276790008290343
321 3.5470576765721544
322 2.954264779101396
323 2.7199379018408076
324 1.2511212409829944
325 5.197001069600105
326 18.68650254019383
327 4.672790246333529
328 5.410321133066737
329 2.5259772690254976
330 10.008503405249144
331 25.954840285625497
332 5.020808522238212
333 3.731199480088787
334 1.4642635583439536
335 10.541618413962713
336 12.324630080390989
337 8.087592707799299
338 7.641841688169875
339 3.093472436382068
340 1.7784618547071223
341 3.0058205122928405
342 6.603297928224267
343 5.165966427086409
344 4.473558899778649
345 13.513921954274496
346 3.735071635978146
347 3.419633393401649
348 8.342911782682632
349 2.3206664091881635
350 6.3998196314232345
351 10.520742478271512
352 0.5476741632524197
353 3.4930443810084895
354 4.6021297019002265
355 10.687156244027841
356 11.760130446521355
357 1.7228381708348843
358 5.162262184221776
359 3.603849738638973
360 7.194558647342938
361 6.553726768668221
362 2.287955153599369
363 6.536988732380088
364 2.96814347348865
365 3.2705911249726265
366 3.749148568887543
367 2.883403715474164
368 8.692290581141616
369 21.28578404555173
370 -0.15435617274162303
371 7.613292607937626
372 6.804685569632855
373 1.9312949489066604
374 1.8000113307805004
375 8.825271630016914
376 5.309145954648463
377 3.1916630753120647
378 14.220531574689455
379 1.8484420457761512
380 3.363389905319297
381 9.092713383046858
382 5.66453853223034
383 3.3576443496084383
384 7.334229549379305
385 3.5893133961246084
386 12.074363501205681
387 5.124856034412488
388 26.68837647338067
389 2.091306907109747
390 5.833549956340186
391 6.998902691561176
392 0.3673301751211667
393 6.076515758345912
394 4.356722685481631
395 6.225408490160005
396 6.615272496241795
397 2.675767352108158
398 8.046999649389441
399 4.1082853418972
400 8.9048062134244
401 3.377400489258818
402 1.7172770176467358
403 3.3556861587332185
404 4.969293897670726
405 6.712706527073862
406 3.853077949766609
407 1.1272246201617926
408 6.336880127494485
409 4.731933372256744
410 6.157309136317026
411 5.578378546904467
412 3.9461157426958073
413 9.900295943225869
414 7.860020579885685
415 2.1261251270304022
416 4.8920844278898015
417 3.7580560448368985
418 6.137573079352204
419 17.03173919449288
420 3.0727031720410323
421 4.099901041902932
422 0.7587448853376256
423 3.4386398441239967
424 1.2436421993406317
425 2.54250560730213
426 4.824676483351081
427 1.491504765834428
428 7.738523660295677
429 1.9746201034183832
430 9.397448882924756
431 8.95517281528921
432 3.6735085308039968
433 0.9871636956947931
434 2.8246881757398956
435 3.6357535371722474
436 4.724904460488621
437 2.524279757499875
438 2.1891609071127487
439 -0.3927435745455713
440 2.3065070189314225
441 15.741853919329538
442 3.5269272727812275
443 9.283723251648714
444 9.21262124602681
445 1.6260669565609496
446 12.561073826894175
447 1.6823031390520613
448 5.176246926754112
449 0.3527822241770783
450 7.512097564341646
451 2.013622218479985
452 2.4106940137050232
453 5.731424417127454
454 0.7194502824925595
455 7.145208457004238
456 3.5825924645066687
457 3.9378274963719115
458 5.016376803994603
459 1.1576122725579612
460 4.224175668539486
461 2.091524748366488
462 1.932715425841879
463 2.276521197265554
464 3.2086987209553897
465 3.214595643091432
466 2.2458477492842004
467 0.2875945485179916
468 4.700395707716067
469 18.08278518209677
470 2.15775672972212
471 3.7372661948002475
472 16.078058624028838
473 1.1298184328486935
474 0.6046298480432057
475 3.9274349933004995
476 3.3770853394925204
477 3.0217740138028124
478 6.845935710964887
479 5.132254715893087
480 3.8501292775283513
481 5.584688085621026
482 2.210530936614957
483 6.425308735012594
484 0.48277534776949477
485 2.203748912732661
486 2.6174230820119555
487 1.8091940710322432
488 0.9217317404216215
489 0.2547249518174676
490 1.1420063300237098
491 3.0395816616854723
492 0.17642826154635546
493 4.1883263560651045
494 3.3988380119290778
495 1.8586104030552462
496 10.886376826207476
497 12.442715344873386
498 4.888634671623852
499 2.2715590649508783
500 4.587148077399625
501 13.07840270646196
evaluations raw_y
1 9.138660314054677
2 23.27750173766824
3 14.541248902052153
4 11.036702496558414
5 8.08203258989198
6 15.338693349970221
7 21.545332684296756
8 10.195544491151995
9 4.614809384504099
10 10.572712650522329
11 14.633624224367379
12 6.6997112381166435
13 3.641405595489865
14 20.700293116040587
15 4.474128933075711
16 28.55750927252917
17 19.39460833686345
18 16.4862460827946
19 10.297219909462507
20 11.585758779392842
21 21.669851094994726
22 17.646523032399607
23 16.04161037700983
24 21.128213519222154
25 8.404520856400948
26 24.290603428606754
27 23.596097606320903
28 18.12568766329762
29 16.598460858800745
30 15.389018464973777
31 17.65545563453733
32 18.760514683118046
33 17.283392781202757
34 24.716302550781805
35 8.447134020893413
36 17.108588868647217
37 21.976919104143334
38 24.532886221816018
39 17.06170855707077
40 19.884848355787163
41 25.188933160393233
42 1.1348295821299341
43 15.072805534073108
44 25.10507783639073
45 9.699095408345903
46 11.23773163097817
47 13.726902526193843
48 16.6984707893515
49 18.816373318985928
50 23.00045847331324
51 11.188982264666924
52 11.14177255778402
53 4.273893772723264
54 12.322158168470803
55 14.991202675994105
56 9.276984583655045
57 25.040354004663584
58 12.607085510040484
59 1.3517401126659454
60 15.905912443879968
61 9.896941210558907
62 5.331648728223109
63 11.914011467536717
64 20.692005833648455
65 2.9452470182208077
66 24.386902936127303
67 9.074094666901683
68 9.62315085087557
69 18.19484820202356
70 19.97249398327766
71 20.529822627255204
72 7.996739953522344
73 5.915178689804888
74 23.806905783259733
75 7.912338274362573
76 24.743916848213036
77 11.593071270673274
78 12.564494799666907
79 14.224798852753823
80 12.327879609980634
81 18.4353787044556
82 12.881601611146817
83 16.159087444840132
84 20.6708411269398
85 27.12379738854596
86 16.636894593722623
87 22.57682905343908
88 11.020694259588469
89 19.149134569026497
90 22.851062847248507
91 9.553526245504175
92 6.22245939737328
93 22.116687538821
94 10.680427157794211
95 11.303947234642616
96 3.441285282974603
97 9.82336835732376
98 12.241198039395629
99 12.732092283032037
100 6.86173850948478
101 12.829853245924648
102 6.315320300559762
103 2.8099084692764347
104 8.448312648735957
105 8.885385292065072
106 15.86315490419179
107 13.895753292695208
108 6.439746001078947
109 22.687932530658365
110 9.408559203211063
111 8.986443254793379
112 10.425132274424243
113 23.6330088392385
114 16.003262970489853
115 3.5401854685991396
116 18.045348121409
117 6.836172000883143
118 8.112120523725535
119 11.015846119239669
120 7.783809222683782
121 27.81943334618485
122 6.297534098707819
123 9.162744514001984
124 18.127714446750396
125 9.258018815439753
126 28.230121999962773
127 4.542513201410562
128 14.45043606778052
129 14.715728862728355
130 6.510046305585841
131 11.903305591125957
132 12.94326887209209
133 17.378082931238488
134 10.393087087297928
135 6.509560557522254
136 20.07351694823023
137 13.821114658037008
138 6.81798179030357
139 11.575927891600612
140 20.92601728653858
141 12.298868735600665
142 1.9697323912710951
143 7.018141376602251
144 11.506048935398475
145 13.01714114098801
146 15.015087926795458
147 18.498440957305935
148 7.938111649979349
149 6.729665074845481
150 8.079635779508507
151 10.538619987537666
152 3.2438099366531894
153 11.377331178367745
154 1.695090708531294
155 11.806205471228617
156 5.603701192029581
157 12.2275192317233
158 6.980457670217639
159 2.836752066178974
160 10.8761159239527
161 8.165374182781386
162 12.778490351180022
163 2.3956524529434655
164 7.002724034557498
165 4.683961762909904
166 24.690467436799445
167 2.7199207491973567
168 7.757605336522634
169 3.3877841791401186
170 11.871032560595614
171 9.319258100952409
172 5.296023400118963
173 5.661803985683294
174 13.215294189326729
175 5.731937580162749
176 15.16160520667391
177 4.370090496850518
178 7.853911191361808
179 7.1894580511359365
180 1.9282334009215818
181 14.674288954532823
182 3.8850173202673126
183 6.105636769775814
184 16.58258272018061
185 6.246184064377754
186 15.604677182707901
187 9.901722659247106
188 7.356982018963321
189 14.978562340470681
190 17.791856470436727
191 9.672590213482769
192 3.0556010097002764
193 7.405033081494478
194 4.572665876426328
195 20.24529100114839
196 4.890633613493849
197 2.7012776202977355
198 3.184380737447246
199 1.596178765544196
200 4.204849638408894
201 3.7878271195536417
202 6.1671840350281215
203 1.2592888188484495
204 2.8537248071008907
205 5.20976615570953
206 3.616935221549372
207 18.483529102576775
208 3.583899314056348
209 3.0403550556469656
210 12.174093904805455
211 15.313640230198331
212 7.461761003536074
213 7.037142084951469
214 4.371939818596013
215 6.726440995236458
216 16.580295829307016
217 3.2148668454263425
218 4.8337244529532795
219 4.690964634632328
220 11.015000846560127
221 -0.12074905966231228
222 4.973096899106034
223 11.739356441489258
224 4.557966398253719
225 -0.018192120347049673
226 10.91350489075969
227 9.816893365819649
228 7.607204168778141
229 3.1625677974868918
230 2.183959234600222
231 4.960409337176687
232 4.406509804430463
233 2.8400902580917533
234 7.618621837901819
235 9.844330212675077
236 12.480408798646698
237 9.021301134134553
238 2.5820030783304384
239 11.134722161787936
240 18.767846271706837
241 6.8301596541850556
242 9.531467991780275
243 9.378981548553444
244 4.00906811422933
245 17.20099241131543
246 3.607530010206967
247 1.2919916345084155
248 2.420145025690921
249 1.9120009546319434
250 4.3672022571987075
251 1.2840850170985847
252 6.299513408709999
253 1.6559953784931822
254 5.098587420538762
255 3.236687505210705
256 3.1264102854728812
257 7.0838846103852235
258 3.904070224318894
259 1.6546764931478215
260 6.838412480234313
261 9.067641357985766
262 11.907739529507367
263 2.8260287979280414
264 5.371357867614174
265 3.9611612035954002
266 6.785929842195534
267 1.0296323884759124
268 3.8043257607119116
269 6.3455777039256445
270 9.353176738904072
271 4.050980012066911
272 5.635671644740379
273 3.2521402286893593
274 3.2590188267403843
275 3.975334699627829
276 9.727287391631897
277 8.999989532646941
278 0.6724413315963705
279 2.5344565076016488
280 3.9401146280748343
281 2.963596842983286
282 7.582782019139873
283 1.6522151481871283
284 10.836283738325049
285 4.967031472577253
286 12.4509032586853
287 4.739969875989759
288 4.203295970332493
289 1.3899455778099907
290 15.562182142335491
291 5.420181321766772
292 0.6808821768395371
293 7.789763787957805
294 14.59301459883155
295 7.44006140576555
296 2.3887978520488597
297 3.1769273706723493
298 7.6305366806227335
299 3.0885537087999233
300 1.40168556408136
301 2.3417462849118116
302 4.1887598483246595
303 11.134616933507376
304 3.579177277830211
305 3.9310048104631745
306 4.667699760630015
307 7.149688394636938
308 2.51923855842467
309 2.2027074519991294
310 12.359914421729608
311 3.99325293164933
312 14.942123406075506
313 2.798125152050166
314 5.2522209117336125
315 4.029523173308204
316 6.06127283409382
317 1.1400186593907542
318 5.40760185963657
319 1.240768859319088
320 0.6720830446706958
321 1.8898234521217523
322 6.025794607778641
323 4.764697866305625
324 0.9151834580888629
325 0.6327637943919915
326 3.8094207741202335
327 8.050215959802442
328 2.8280285956676505
329 3.3961823308709262
330 3.3263361832614
331 3.2989928228862846
332 6.622948070912774
333 0.8278427996942629
334 16.378028528734518
335 2.78453247140766
336 8.070915683150591
337 4.007869704818167
338 3.951071455908308
339 1.7860999494580434
340 7.115084654207356
341 5.003972705324185
342 5.135666235518698
343 6.526883486472744
344 18.02047845173879
345 4.784121537138075
346 2.0369562446010496
347 5.2207542076634645
348 1.8648458479017014
349 1.8117736105261086
350 2.1576065660032575
351 0.6989985275727164
352 4.470598870282037
353 3.943384155738333
354 1.9415603125893515
355 3.293514023185705
356 4.568698739407659
357 11.508449136841262
358 3.029955467231478
359 6.670525216952419
360 2.8470916523605805
361 0.31302106561057774
362 2.680288080826961
363 2.256451665347308
364 4.333933071283742
365 1.5272210200884777
366 8.242341459083349
367 2.0591253260823628
368 4.838149621607772
369 4.064106521499415
370 5.580225405762404
371 1.967861012817395
372 5.435204504146082
373 1.556176747954198
374 0.3869326896713575
375 0.08917512702915589
376 3.3735337804798893
377 1.4426496117921728
378 1.3955197005298416
379 0.6423672009269096
380 2.326788922036211
381 3.609481226235091
382 5.798882328287629
383 1.573756442594723
384 7.108712752592297
385 6.228338331293059
386 8.039235392846544
387 2.076047475253538
388 7.651602346351361
389 1.563295489282439
390 11.921061677704788
391 4.066415070913
392 3.7826908062937905
393 5.273590029037744
394 3.5124815166084176
395 1.8155580795504256
396 2.3628175809131413
397 5.8233499308790115
398 1.9242100438393333
399 2.4506549978236665
400 1.4547950638259364
401 2.421470108419678
402 5.643430350099804
403 1.0416100881069825
404 1.4868589973420785
405 1.7215579660429303
406 2.437144312118595
407 1.06684527499399
408 1.6665840804192957
409 0.7452411746953431
410 4.541645582074894
411 1.2966195799659384
412 1.9686498904885223
413 3.336621220034611
414 7.930502857132419
415 0.4385306824666276
416 4.593416234325677
417 2.8760244159805364
418 7.806881797569439
419 2.0634050318426134
420 2.783194716627542
421 1.540950366001474
422 3.474119784149297
423 7.114180974971256
424 3.683445950793834
425 1.2555476665869327
426 5.1475157871000965
427 2.3782880401598714
428 1.0348057805889659
429 5.64215088792729
430 6.788007671928868
431 1.4511709281514245
432 1.6092339722330586
433 0.20539742970546843
434 5.468558233495053
435 16.412992411090382
436 8.607845501153074
437 1.4474353156897501
438 1.1669819621863615
439 2.4351788416580105
440 1.8035526626886171
441 3.328166368939241
442 0.7470756143991195
443 6.355073619063277
444 4.450994584803626
445 3.3571467301453333
446 4.8886292107002225
447 4.6709984337787755
448 2.95970220698818
449 2.996939484074314
450 1.3578132775537302
451 0.3847634260977212
452 4.022288705638507
453 3.171313503032934
454 5.867092621078255
455 0.5823783170311104
456 0.642765474781022
457 2.8805210679734405
458 1.943661661615275
459 0.8622301980847641
460 1.48057291970952
461 0.612013959213488
462 8.60574248535594
463 3.357728488379953
464 4.536535327169212
465 1.1334403511188271
466 2.147188774872736
467 -0.05753986930435703
468 4.897772586397725
469 1.9153852147462511
470 1.87242904651239
471 2.1133082641719567
472 0.3538159549613912
473 4.00134883914658
474 2.126991280284617
475 1.313704794042363
476 3.604495155536113
477 1.4306852375916626
478 10.09963367945418
479 1.5335536636253653
480 2.775615268542996
481 1.9633211553075984
482 0.9386630056761228
483 0.6906942772716386
484 1.523563562106804
485 2.5291076024351455
486 5.411373996401789
487 -0.25030472380867574
488 -0.15784000712154644
489 2.7266046757263327
490 1.731744758248723
491 2.0102952916584984
492 2.5283837406469436
493 4.247274327361495
494 2.3710530559927925
495 2.2467473898311976
496 2.296916836701726
497 3.7255716753999852
498 2.342532047003662
499 2.1882177026836973
500 0.9085922400794761
501 2.6021159129973106
evaluations raw_y
1 21.240383829212423
2 24.48710748690012
3 25.333868999612534
4 28.383178442662803
5 20.782165992305956
6 13.427425043580326
7 18.12507014214221
8 1.534811452643539
9 8.64216658586909
10 4.591152783813199
11 11.975187882840842
12 16.48291816696924
13 13.20047424958855
14 16.627695179146244
15 16.263965989154475
16 10.036932583061162
17 15.3255524357706
18 15.919791197294575
19 12.625529408849822
20 4.081771963182685
21 18.8081159709396
22 15.689762440873777
23 17.10185497124761
24 22.993867856410827
25 24.279124291025767
26 27.820435598556987
27 10.64138933473831
28 19.957353086836658
29 13.206289653348218
30 16.266481459818113
31 26.25910779410372
32 10.706943620702738
33 16.316258816825762
34 33.061903757424965
35 21.001426980082933
36 12.686949528243632
37 22.822845706984022
38 11.149659888189541
39 16.081556488096613
40 19.135649626470965
41 18.632531605594483
42 10.8642785025868
43 21.020683172879277
44 23.17518490074918
45 22.34145077258145
46 12.581591906637696
47 15.386576937571158
48 21.014954843749496
49 11.77867216911526
50 25.24325492083952
51 20.700879411405882
52 5.514592643814222
53 15.035025621550183
54 28.899183216701285
55 28.489142103801957
56 32.860204445114256
57 7.034230336957039
58 2.776067133451218
59 4.73773635468047
60 15.74062384219747
61 9.662232694956337
62 15.224333203153025
63 14.127373454379974
64 23.734002629101745
65 11.363575084700914
66 5.535646979671397
67 15.77102200139917
68 25.186443327584243
69 22.60255949801022
70 7.632560986140752
71 20.06544390268862
72 14.21178313791387
73 14.058690212317595
74 23.530100931243407
75 22.973369143893716
76 22.43045728789471
77 20.148622040322824
78 20.105863092079684
79 23.287160931911053
80 17.274287595085983
81 15.45771435315082
82 10.669335088076968
83 11.907778178856024
84 21.575435463843984
85 23.03455412608822
86 12.138158843669538
87 14.862284317615167
88 12.044973351129945
89 13.996394635870441
90 17.09545362074447
91 8.613072416316482
92 8.774681496947268
93 15.20432544093269
94 7.925148983129036
95 22.16133418152655
96 21.917458084241677
97 12.392941378307372
98 21.06304610633808
99 11.873324455302422
100 25.071958117468185
101 17.830362326807343
102 6.952200650448564
103 8.331975647802011
104 18.738997311474165
105 18.814543071973993
106 14.84236900730696
107 8.821987550326977
108 6.445358564193105
109 12.130847135593799
110 6.449854651895952
111 9.538052273527192
112 23.412276742737145
113 21.708324399937943
114 15.721317841624748
115 21.49033774764102
116 11.538021663914247
117 18.48641503921848
118 8.777277144180413
119 8.021754078511446
120 9.429895468362762
121 14.038997080994204
122 3.156777667294579
123 13.165158624344127
124 11.261027960986343
125 18.028862985699273
126 10.646304525998929
127 8.50816324748603
128 5.610808633712329
129 5.687027192954511
130 13.52969257799673
131 8.611880259030343
132 10.295548635524122
133 18.391429097219554
134 21.445075308852758
135 20.307217980757976
136 5.433233913116381
137 1.3884582666755159
138 7.705345688614377
139 16.218055026402226
140 17.375544407229476
141 22.0739429371739
142 4.235150765125096
143 11.80245501109862
144 0.8223873114921957
145 12.057939688854976
146 12.815125859812063
147 9.968526857642372
148 10.597872229505295
149 13.306829692052677
150 14.382979831576325
151 16.05917547364147
152 3.770858600206421
153 10.282842112549964
154 10.833538593777684
155 9.346385073158473
156 11.172024255666026
157 11.830844308182847
158 10.187790092287198
159 2.4613298843738947
160 10.690749916552797
161 8.191327423872336
162 9.48846733454643
163 15.613665666806932
164 15.630188874572363
165 6.054110822294207
166 2.8731743214299104
167 17.654278691465098
168 6.460436285092509
169 12.110730377760635
170 2.7835443552566157
171 15.549368345855443
172 10.218660441244426
173 6.076419556706174
174 1.6809271002772237
175 8.19066320855641
176 9.041351171024974
177 12.296089755237764
178 5.249268438239802
179 3.985667166373853
180 11.330515322435001
181 2.9953682013707956
182 4.05287830291684
183 5.692276219454692
184 5.651646817045674
185 10.935712770581683
186 4.411529274691312
187 2.4491957552479886
188 8.550819972176445
189 14.949749795086722
190 5.348430019122505
191 9.63311215295183
192 9.42955565789729
193 23.474931616602664
194 5.240307610052747
195 19.294302137009637
196 17.849865090191564
197 14.284727953425882
198 6.163515212784418
199 3.723448715641141
200 26.78845771366019
201 13.568555212456152
202 10.466880587419825
203 7.906530957359517
204 8.175675096969162
205 3.5047645015476623
206 3.6403039307839293
207 5.8439004912376795
208 2.0107018049280803
209 3.432101682588373
210 4.863636618148775
211 7.58012265918523
212 9.749198116305555
213 5.450419926635105
214 13.188133630316754
215 5.642567443452201
216 3.686576934535545
217 22.975049301592332
218 12.096682665630603
219 4.211011266796894
220 8.65812665454704
221 5.32823704315196
222 3.8365009867393174
223 9.22863229786153
224 1.8316295082007346
225 10.740929136878691
226 11.754133455154347
227 6.107247145080213
228 5.469324061999045
229 17.316056415674232
230 11.61791850613286
231 18.36556833103963
232 19.05614255594157
233 12.096004373659518
234 6.28574722210785
235 13.279243095214206
236 4.666297005319047
237 15.310793622611124
238 8.49357995741964
239 8.042424574265592
240 10.817191028270138
241 5.1260530873073105
242 8.121123093329066
243 11.799104813147737
244 21.689148918371284
245 10.309873946260026
246 13.456159601253495
247 9.149349225125954
248 15.739674317564116
249 0.8416313308833754
250 12.304281179059053
251 11.04058065519292
252 2.3718699885884624
253 3.5198236593582157
254 12.21797200077529
255 4.0203461739630875
256 -0.22803404894371226
257 1.847258371138741
258 8.549259707217315
259 5.500732322155312
260 3.743202691706232
261 6.84159873851914
262 10.577646841834364
263 10.148241129984482
264 12.870956831108723
265 5.5343156279090415
266 4.856844620104278
267 22.346921032290286
268 16.67495532211202
269 6.95344237596892
270 6.175543446299471
271 8.068135218647017
272 6.963091686102366
273 8.383740209602163
274 2.8810332103482605
275 21.35251814798108
276 6.999261067549894
277 7.234122407145352
278 2.723312015804588
279 0.6258125047391679
280 8.305977965717831
281 4.755846098439495
282 2.8636195879334547
283 5.803094764853775
284 6.669739364390059
285 17.004932108454128
286 6.467993592546316
287 2.8759727469571077
288 4.36227486315735
289 8.47769183098325
290 18.87178956239849
291 7.856778473257464
292 3.523903775739596
293 13.34718113223382
294 3.459483597364186
295 7.73129291172237
296 9.910656284667505
297 8.926469838081383
298 4.122557737835195
299 -0.2826978152074184
300 17.03290694247953
301 9.537533745068638
302 5.77732675246087
303 3.545695634439423
304 7.688228561428378
305 9.679799422095817
306 11.625932950240026
307 5.687802149203224
308 7.775813956143506
309 1.1150183987505158
310 2.767414676881484
311 4.389450501473702
312 10.240322199971772
313 4.099043737341653
314 10.24956219072771
315 1.3006220996736162
316 1.5462122756672203
317 9.862903416875561
318 5.353702204534891
319 4.612584533341043
320 6.100130335312191
321 6.227110120903103
322 2.489152017245865
323 2.861686278185083
324 1.3063763834546063
325 7.0535356767148665
326 7.792476861462794
327 3.9670938432044967
328 2.7812089006835197
329 0.5452390747215624
330 6.917500319031263
331 5.306163055736134
332 3.3705527646981945
333 4.786083003740959
334 8.099203135777422
335 8.669084343097063
336 6.603507113087721
337 0.8658642215659788
338 6.466225125344143
339 4.879755565086564
340 9.59785464911572
341 3.5359589077697935
342 3.530460670653138
343 10.130096214373507
344 2.5177246955842243
345 8.881573764751419
346 8.725574165644305
347 14.12669806898771
348 3.4408392324180612
349 4.894033066492899
350 15.996343778749841
351 8.23324715720877
352 3.12820812725289
353 0.6601683533039286
354 2.451392097158758
355 2.864780991102014
356 0.5298213639550416
357 3.029318704208342
358 1.1979272973215576
359 1.9242353872006537
360 9.936332437509485
361 8.563742599235237
362 4.872398822978063
363 16.890595442997615
364 2.211119932064387
365 2.1132248597613166
366 5.099257229935504
367 16.1378338340837
368 9.52398120156495
369 3.2047059233339334
370 2.81317009211897
371 6.127909582475685
372 1.8282725539040603
373 5.52826635007163
374 5.289537936344377
375 7.902527074278375
376 6.425145116076047
377 6.88307149068496
378 1.2302998661756581
379 3.3162562292883506
380 3.2551372590815215
381 3.0260842378995068
382 5.019779674874725
383 7.853820901541562
384 12.91613915381947
385 9.306215906534879
386 11.244331299413506
387 4.6506790969235805
388 5.315991757494371
389 5.1833748775340664
390 5.318768489162106
391 0.8118084455028471
392 3.1883676735884894
393 8.123249611452549
394 1.2907248633844293
395 9.364832830905769
396 10.388562205044108
397 10.62622455426399
398 2.1477727702960085
399 1.5867993111220626
400 12.58022619593337
401 7.434183662508788
402 4.035859852166742
403 1.2166824076936256
404 3.441993559738059
405 3.7166239605874223
406 10.040711798701274
407 2.465145657710036
408 12.711623302034567
409 15.236705417833933
410 3.034819279079432
411 4.976467002818378
412 1.0232413310521355
413 4.748344982058908
414 2.717395884269139
415 4.880146003710232
416 1.5764104087720472
417 5.76929620891071
418 5.577687793951658
419 11.176097297433559
420 0.9998181466149881
421 15.075571649242617
422 7.177057332482324
423 5.236437238459991
424 1.774375681231855
425 7.609338337529041
426 1.6619262152385557
427 8.085006181297894
428 2.213183351404833
429 1.503617748190336
430 2.2099678758695727
431 2.514055638177994
432 5.872499409548223
433 8.18750967667419
434 4.856794287585758
435 12.84419003499994
436 5.638679721826279
437 0.8513495482583499
438 4.757411100615818
439 2.1570618351206092
440 2.1603269827333476
441 8.67098569715952
442 6.3090051131945435
443 2.684298091307331
444 11.60300549925532
445 2.219586415184435
446 6.887291594490235
447 9.80458245222698
448 1.0903585635914788
449 2.6886306940668585
450 13.624564269414583
451 19.69950480474892
452 1.8903542340593589
453 1.119913465416209
454 4.0993668566114945
455 3.368617015605607
456 1.2618980351449391
457 2.461540198867263
458 4.7700417500160635
459 1.0812338429671449
460 1.2597682614827646
461 6.909762388195462
462 3.92020397262108
463 2.731868458124921
464 5.243553629452794
465 2.210161834299101
466 12.911571297364235
467 10.56567906392814
468 9.71827589344392
469 3.2510164236601917
470 7.78303744225456
471 1.616283186616688
472 1.8611406943114577
473 3.8371388146448453
474 10.050068516753528
475 15.563044110682382
476 4.6484238264747955
477 15.68744377453994
478 0.850941173566542
479 3.3064573993789925
480 1.830903509655164
481 3.2052856260874623
482 1.2882590358271517
483 2.9556556259523044
484 2.163974530184004
485 9.192387868200424
486 2.3136190275009123
487 1.730016824932293
488 4.383684440578005
489 3.023357507148015
490 8.032161202924215
491 1.5441290465549282
492 2.2423430186128357
493 5.147972458305339
494 4.295715790395267
495 1.392056919007713
496 4.9754026894518
497 13.473333352151892
498 4.8494672204038425
499 2.719365507158958
500 11.702342614951839
501 6.820504777975703
