evaluations raw_y
1 4.967452570037353
2 -16.053280004767526
3 -40.47288898563066
4 44.20820097051947
5 -37.54076839018919
6 -86.07252195620846
7 40.806903546247966
8 -74.92420719738247
9 -22.224798382655298
10 8.536145911684265
11 64.10811126408372
12 -48.783321636467534
13 14.724401690945534
14 68.92034791158206
15 2.080808591367501
16 4.531489228418582
17 -0.9515891788862416
18 -99.08494527859067
19 -61.60106285020412
20 42.44348641793184
21 -50.48647890134146
22 -88.55652005435269
23 53.49239741782539
24 -18.84400366466563
25 -35.619400663429495
26 -53.22951858678952
27 -43.14891683877422
28 -60.44033223314407
29 -105.18105230132255
30 -120.3253149754559
31 -18.598254782535097
32 7.588845884475523
33 8.623121649994491
34 32.33871510067301
35 -16.20784207606849
36 -137.5908090939174
37 48.29226917833233
38 -33.7340305619267
39 1.426820869798463
40 4.634721616406055
41 26.699193834652945
42 1.175155919388093
43 -10.001625963169268
44 -6.908450082653164
45 -9.217478226193984
46 -51.338061479152046
47 -28.778168455449052
48 -18.604740544133854
49 52.80208932817904
50 24.819882041625334
51 -99.45776171767326
52 -127.97272575801918
53 -109.25994895677698
54 -106.24568159087258
55 -34.09148000211424
56 -140.7107205357212
57 -116.26334637471636
58 -185.93563107916054
59 -135.027755883347
60 -117.16202975152827
61 -82.71996830918816
62 -135.28650929641262
63 -147.6188774358359
64 -112.4584462537083
65 -184.62440352567756
66 -118.5610370848287
67 -102.64235500655785
68 -186.19446628458607
69 -195.51956693238523
70 -155.54957503312707
71 -126.6582965451091
72 -172.9128873578826
73 -196.93772411735577
74 -189.98813621346682
75 -181.73626315142042
76 -119.19489472036382
77 -173.69498422616581
78 -165.21927623638078
79 -152.2544870050501
80 -115.27912710240135
81 -170.0636325636718
82 -195.98513433695547
83 -158.71102796128096
84 -197.46064003370722
85 -133.96426441691867
86 -194.5800541045582
87 -141.8503531403541
88 -197.06520145557906
89 -146.33865235157816
90 -193.34208746451685
91 -197.5208004189224
92 -141.16926025813737
93 -128.30497101184895
94 -185.77431610853083
95 -198.31720418526513
96 -187.88052447955047
97 -134.13713618311684
98 -199.29108411270852
99 -198.1137122949968
100 -171.06724664444593
101 -198.15628259640752
102 -25.618674246069833
103 -30.724263885033732
104 -30.851685034995846
105 -34.20145668442907
106 -30.28047274171825
107 -34.61741785867964
108 -19.12701860747431
109 -29.428188234080572
110 -26.59007006948459
111 -38.30721447294614
112 -25.317594591144598
113 -31.582499064070515
114 -29.5929886234172
115 -35.591662946913
116 -34.604707207592035
117 -32.53062256740778
118 -25.800232411054814
119 -24.866314135080206
120 -38.49107193889901
121 -32.58479294958675
122 -24.83831735876162
123 -33.48638031059305
124 -29.150650288303886
125 -28.566912381355735
126 -35.15788649440917
127 -41.00995750925321
128 -37.2985289574682
129 -31.85663370525129
130 -28.081042792648507
131 -30.577578874450424
132 -27.89042563628204
133 -37.20073779423092
134 -26.93566177627985
135 -32.97062449016744
136 -34.379550371118086
137 -29.37222027517177
138 -24.989276519943044
139 -35.691461977604526
140 -25.402279803788197
141 -24.397996831677553
142 -27.178019345905863
143 -31.979141905594346
144 -28.58272013821188
145 -32.736413191888424
146 -27.357709803087864
147 -29.723144116756394
148 -33.270529187401934
149 -24.350939465724355
150 -25.54274029137503
151 -28.4090480004519
152 -198.09318930235926
153 -199.21534399660737
154 -198.79346268358356
155 -192.36525613513945
156 -185.12155572993876
157 -197.93318811439818
158 -198.1814391544063
159 -185.58429253625138
160 -117.04121672555185
161 -123.59386269524809
162 -156.8019122834515
163 -135.5280046837399
164 -110.4543840588757
165 -114.65149538376691
166 -198.34953793699088
167 -168.0767383291128
168 -187.4398280586009
169 -119.56708949975499
170 -113.8368397865349
171 -186.72524361159668
172 -188.92595490240208
173 -200.05589075763586
174 -139.143188975866
175 -92.27498982500587
176 -116.97258866157871
177 -109.67668850044272
178 -200.28601485844715
179 -123.36701475537191
180 -197.49992648723688
181 -72.82725353902308
182 -179.63530752779343
183 -71.9045770474808
184 -178.26112103669587
185 -82.19825218296015
186 -81.26924320499967
187 -162.220793191342
188 -78.33722379561888
189 -141.98890306885488
190 -157.44581122043445
191 -100.51262528540491
192 -102.59461020149999
193 -179.0715683667473
194 -134.9336329941438
195 -120.19402985849933
196 -118.70983571349275
197 -149.57310151031044
198 -101.21839124296103
199 -132.37956486914425
200 -169.42623229516474
201 -119.24635726660053
202 -82.74327200308777
203 -199.50151451426035
204 -119.11838436343737
205 -148.3999086212352
206 -192.79336344458164
207 -196.9124635411621
208 -200.1778784338473
209 -200.5309477947121
210 -146.16571495101007
211 -128.82349634184428
212 -41.75426415428977
213 -44.42215577812561
214 -199.7796272065829
215 -183.90000370092554
216 -159.97092517679982
217 -179.04176624912375
218 -98.50637881775896
219 -125.00589139764163
220 -199.94122437846818
221 -73.81144392152034
222 -172.40542141586394
223 -199.45569895387774
224 -49.6553746071362
225 -149.558967264174
226 -185.95918926227526
227 -200.3504392150593
228 -193.33407540355972
229 -200.69240078959905
230 -118.01375166022204
231 -200.46371592364906
232 -199.59808214305855
233 -199.51487257306883
234 -197.23893582902693
235 -199.72169006294132
236 -97.99345691475908
237 -199.47663641093962
238 -200.27049504739605
239 -174.8983908175516
240 -199.78961985969994
241 -199.92769366972328
242 -182.9506214020044
243 -186.10255309907367
244 -171.81382721934006
245 -200.4787844073992
246 -199.4973449385045
247 -200.33427125810775
248 -166.89343689064836
249 -80.58976533734392
250 -161.21025069130982
251 -200.61804207491568
252 -23.97860580928325
253 -36.20851751290501
254 -27.676942034405133
255 -27.699311026788738
256 -30.163759980961625
257 -29.5741599917573
258 -24.20362117019356
259 -24.883814902990053
260 -33.598599031814636
261 -30.84924196508281
262 -31.073360998959085
263 -31.891157344358014
264 -27.004776471826485
265 -34.10916744770621
266 -30.088669763061315
267 -34.67508043247893
268 -36.071955333880695
269 -31.465625497272747
270 -31.309017542952308
271 -39.38955099739457
272 -35.402356876990176
273 -28.03096817941302
274 -35.02770240380574
275 -36.245272595307604
276 -21.716760916671355
277 -31.77324907484044
278 -31.331101001588866
279 -24.78002412235026
280 -28.745022055126125
281 -35.39785932492618
282 -34.81204373138538
283 -20.66951198801407
284 -33.14900520931354
285 -23.94839097040834
286 -29.93375846356195
287 -39.447716105432356
288 -37.999185094504924
289 -28.649270683854805
290 -34.62171481825329
291 -37.02233211172987
292 -39.48461454341317
293 -27.427362541473517
294 -33.78448302862548
295 -26.388261107118083
296 -32.79286508600473
297 -38.14240915023577
298 -25.285193994875126
299 -29.42624682475317
300 -28.30305557540381
301 -36.37237913530902
302 -199.21011013635007
303 -199.56268148964804
304 -192.49656684379812
305 -119.64472754595133
306 -199.4335683182188
307 -196.64325392381218
308 -199.91731700570656
309 -195.22516994787475
310 -199.17245929743873
311 -199.24803774404327
312 -193.7232166375858
313 -200.06290446732987
314 -173.27740617965384
315 -200.00465423820185
316 -199.10328782721106
317 -199.5256304916961
318 -198.8549034526176
319 -199.59912692930513
320 -200.25513110256307
321 -200.99369486579846
322 -186.13846998737156
323 -188.17809377252541
324 -198.72467271776995
325 -184.71835798958952
326 -198.67595439128152
327 -197.3343059220519
328 -198.29570038452772
329 -158.92458059810664
330 -199.38843116705632
331 -200.52072750609324
332 -198.36205123550994
333 -198.40772269753327
334 -187.07954017770143
335 -182.06445321721907
336 -195.53703030678676
337 -176.44555161069212
338 -178.3843806146466
339 -184.4543450177096
340 -194.10443522402036
341 -192.06132015972153
342 -178.83107572387166
343 -172.06893034917252
344 -162.3372331626133
345 -179.9372957670541
346 -177.93744324855334
347 -182.3662294436168
348 -199.2626178488498
349 -191.9496884170129
350 -182.78253675364013
351 -128.8742008703597
352 -175.7212807935668
353 -144.45794537257103
354 -199.4947135608628
355 -182.31121572955766
356 -185.88099011437072
357 -195.58955035011536
358 -172.75611049680035
359 -145.29490674634502
360 -200.01093322811954
361 -166.71203032207143
362 -160.9312189196685
363 -158.93549342139056
364 -89.90583389046485
365 -154.01766781206382
366 -104.62142113590215
367 -199.63932091033195
368 -131.24118961662418
369 -174.37102214473938
370 -199.2549093526327
371 -105.2266158856575
372 -156.20046411892258
373 -200.35327518494603
374 -199.7708010193264
375 -68.57979127803588
376 -200.2456079714589
377 -199.89844960141278
378 -163.45709594669134
379 -200.47687114195608
380 -154.07555473058636
381 -199.0740903403037
382 -194.50546783707284
383 -199.70864396593373
384 -174.53405807394995
385 -87.32062960184363
386 -200.68991251583122
387 -75.2712044127262
388 -199.9585958887514
389 -153.11632795294796
390 -160.45897787649884
391 -57.52416493758223
392 -192.7852882845676
393 -199.3831199854663
394 -114.59406110419349
395 -199.7141271422286
396 -153.88444664194043
397 -98.60265221885943
398 -97.60101642777705
399 -156.8518073955405
400 -199.07643071830572
401 -199.06026830568914
402 -30.190200254224752
403 -42.43129137035763
404 -30.04800402380015
405 -32.80582515425149
406 -30.485828295814922
407 -36.371192873967495
408 -29.566094280584895
409 -34.51751845067926
410 -21.502605761069976
411 -26.79656167505867
412 -30.136488718054856
413 -35.39449531314025
414 -37.742911157910854
415 -35.785928939284446
416 -30.531462231350346
417 -35.21750383589496
418 -27.16457727888938
419 -37.199901015653715
420 -34.396842574846595
421 -33.32670320066401
422 -34.130322895556766
423 -35.07591144298955
424 -39.368221847648584
425 -27.83807709059047
426 -28.442853712350768
427 -37.42782321080326
428 -30.893099661209494
429 -31.255710105260484
430 -33.87101985019159
431 -30.217917553324668
432 -36.79666091490696
433 -29.67134558160171
434 -30.312245920408287
435 -34.04073148989874
436 -36.77935897288942
437 -32.00305762034271
438 -33.27107774311245
439 -31.51299290042799
440 -32.05960095363438
441 -35.97499285242617
442 -34.155494308089104
443 -31.699400115638298
444 -37.18387300237206
445 -23.34965863261165
446 -31.61245758113521
447 -28.09192941962462
448 -33.83180123940868
449 -34.0912853909754
450 -21.91729508337396
451 -30.248023199974202
452 -200.2996777580262
453 -199.4958337750379
454 -198.97861999202786
455 -193.3570426581793
456 -199.39802340655672
457 -198.80635794142222
458 -200.31601027924455
459 -200.73414437289387
460 -198.6499800008174
461 -200.81452578182524
462 -196.90013369091025
463 -189.05797138910913
464 -199.35985470081582
465 -199.47298785626973
466 -200.75090093791997
467 -191.1557308036695
468 -199.00983295760525
469 -200.43417877310637
470 -199.731449383942
471 -200.14240242901403
472 -183.26872379280115
473 -181.44401288291456
474 -191.58077374273418
475 -199.5304872005694
476 -199.6632605863092
477 -199.1401756663201
478 -197.39165861588725
479 -199.7403840990527
480 -197.80237812326388
481 -181.5978041785355
482 -182.03183417908937
483 -199.17922628316333
484 -200.0561674160859
485 -184.40173218593154
486 -199.74680954093407
487 -190.20964513243243
488 -198.60493419785962
489 -192.9123766753225
490 -197.48728700913452
491 -189.15254428161748
492 -196.35868557882384
493 -190.56482681699836
494 -194.94850028188762
495 -194.0474912139416
496 -191.4141306504801
497 -178.23676714942556
498 -185.43430077828015
499 -177.89547192709668
500 -197.47977483439874
501 -180.72169564802678
evaluations raw_y
1 -69.90435916422072
2 11.262491458400522
3 -33.108033840752114
4 59.61331865547388
5 -95.45104248052542
6 -56.090420238195954
7 73.38154826894022
8 25.05523580685325
9 -29.767267405354016
10 23.223266415715074
11 14.131341391765654
12 -29.39781757611049
13 -106.20573137200427
14 -31.61825269323525
15 -68.37347258318076
16 -31.840879946928265
17 -47.49869435812104
18 80.84734360572003
19 17.267886846670805
20 86.7528081311455
21 -29.580936585768775
22 6.518769404297841
23 8.346264601700753
24 -52.730061964381804
25 68.32112631549997
26 21.71812301093872
27 58.73078580211213
28 -4.531463517291243
29 -47.2864088595886
30 8.016522246331988
31 42.63800780484764
32 -36.95894565982242
33 73.91667648969089
34 -58.29938776208354
35 -95.75733571455453
36 61.986888265779726
37 -57.4788594372609
38 -106.14716219880043
39 -4.96404785021543
40 45.79647064525284
41 102.73112060140224
42 -16.62274550376266
43 -37.21098544763673
44 -46.36893028858191
45 103.25355755447809
46 -34.41276002636159
47 32.896831657778385
48 54.27104372044302
49 -83.9460061746008
50 -22.02380787795345
51 4.1910475705925005
52 -39.16254682434459
53 -67.947238382555
54 -129.04327482997948
55 -141.61719276409488
56 -120.64465489727033
57 -109.1489954733668
58 -113.88197032340494
59 -115.03813606022089
60 -54.337071291723404
61 -119.35991317363367
62 -125.94320351938056
63 -115.8526551225075
64 -118.96460390151748
65 -134.25125476979636
66 -121.98473484609889
67 -119.3019041890946
68 -121.61037671239947
69 -133.48833792729738
70 -99.91634589068836
71 -118.81678456409503
72 -131.1899230795958
73 -133.66813954722275
74 -123.66676599438468
75 -123.7377184209656
76 -137.79399337678456
77 -124.9664677945731
78 -120.90410241904681
79 -140.2836075203298
80 -119.28907454033826
81 -120.74888901001458
82 -124.08179775116169
83 -119.63530301506172
84 -141.05624555367928
85 -124.24127066749288
86 -119.2227119475024
87 -128.01999420029654
88 -121.78142725137386
89 -107.22563705206841
90 -116.54946536249486
91 -118.87470063092869
92 -168.24633709879112
93 -134.4621210675457
94 -124.32337772013044
95 -119.63841935832212
96 -144.25399715152437
97 -189.79627001663602
98 -160.00836715686012
99 -136.5783892387304
100 -164.530108632591
101 -129.4450152865712
102 -28.45363985401311
103 -24.36662639800792
104 -21.74082905755924
105 -30.49804405273859
106 -28.079566169250928
107 -23.404249210865057
108 -25.12255653884273
109 -24.198996193962497
110 -20.41669005395269
111 -34.78299957906361
112 -23.939285513581833
113 -26.531604424827876
114 -28.855871609445387
115 -25.42249056493349
116 -31.25747112369888
117 -20.34206593368967
118 -27.284829249913624
119 -34.029035530804045
120 -27.07841417454173
121 -27.341405029345598
122 -18.143216491597766
123 -27.407007955107627
124 -28.92359859513177
125 -30.693328930393694
126 -22.89027750428881
127 -33.666975997506555
128 -25.58843011112648
129 -19.540949254846247
130 -25.10855638212498
131 -29.430212175825208
132 -26.484171401006293
133 -32.15353517578154
134 -24.28098443572336
135 -22.939738016514656
136 -36.305417453147975
137 -30.172582403561123
138 -35.35212376452769
139 -34.53463499701881
140 -25.116532907627118
141 -26.62624464524071
142 -32.116752634808456
143 -22.783726085157465
144 -29.781418593604418
145 -20.600063941216945
146 -27.64335405034204
147 -31.95815362063159
148 -19.478818424021902
149 -28.126027358282585
150 -26.356470163676136
151 -31.461361877142476
152 -189.36938945033876
153 -168.1623957583704
154 -157.15449310076028
155 -200.2202482443088
156 -113.45186172480733
157 -122.91780842194429
158 -119.49586311640066
159 -56.15495305828018
160 -118.22142024829583
161 -119.60820242226562
162 -114.29703988276306
163 -73.48665367810301
164 -122.51499602317848
165 -117.36045303713026
166 -126.14987150410205
167 -125.60104831138725
168 -124.85442975170847
169 -122.57644085389495
170 -118.18908176957756
171 -124.49335005996434
172 -118.86865758804456
173 -185.52049082326405
174 -110.6647946666552
175 -130.40700095797905
176 -121.71129402806292
177 -95.57520273387506
178 -107.99552136235265
179 -118.87155998111126
180 -117.15605369561946
181 -168.53588429546863
182 -117.15176147505866
183 -131.09613872777797
184 -117.88112436413745
185 -133.58185950972734
186 -115.30603241551708
187 -58.56547893610439
188 -133.91169083784655
189 -125.56772935082066
190 -132.06786689607918
191 -117.66464469930429
192 -108.62449944357152
193 -122.84303391424288
194 -136.7523651789159
195 -114.44887851438978
196 -110.27276106421749
197 -124.1412183846882
198 -109.50051334847022
199 -109.50351311897502
200 -106.3423864506777
201 -117.77777410095918
202 -200.18471229548712
203 -127.66678896240553
204 -199.43121208821745
205 -199.70465797801756
206 -164.58881769914464
207 -200.57421483512124
208 -200.61727254031976
209 -188.57353628969756
210 -199.78957280000708
211 -201.0756990509409
212 -186.87903777353299
213 -173.1901897323699
214 -196.39302423566298
215 -195.35724835108076
216 -199.70744181861767
217 -199.52717501742555
218 -189.3934374338618
219 -167.423065164032
220 -155.4015378989846
221 -199.70592882309225
222 -199.7369283593188
223 -200.14272108836946
224 -200.0640638367043
225 -200.30105630239086
226 -134.9028656631206
227 -199.88488479460491
228 -127.78975383293839
229 -198.96143086361707
230 -99.01321363560729
231 -154.76944257430026
232 -200.461864415562
233 -199.90354321296218
234 -199.68639083085142
235 -199.71045391551354
236 -149.5672563463804
237 -116.60778878303016
238 -199.32468684897606
239 -181.62170431998678
240 -122.50417696959745
241 -200.83243729574414
242 -109.78598693181864
243 -173.4154057489084
244 -199.27441359852904
245 -198.05452533026832
246 -198.96505770024856
247 -199.0252702237379
248 -167.98993102320577
249 -184.7785186949871
250 -200.17671298182884
251 -180.4795799137503
252 -37.03743160031853
253 -26.840106996634645
254 -32.098900465906986
255 -26.863801304543603
256 -42.61225506945773
257 -24.74504695525168
258 -32.33505039858619
259 -30.923990359278523
260 -39.507503597804785
261 -35.69783487531797
262 -34.6520123628443
263 -33.564303468814835
264 -30.15234549197547
265 -30.562557527521538
266 -30.820642160735567
267 -34.99077730816892
268 -25.55992597832514
269 -22.002906413873912
270 -33.14292953248569
271 -36.334769555927686
272 -28.87265273566198
273 -32.95823662976066
274 -25.21968551959782
275 -38.055455182751594
276 -29.521503444216105
277 -33.183381071588315
278 -34.20388647730247
279 -36.12399455664874
280 -27.59732633389504
281 -33.47244005302942
282 -28.737930791170996
283 -32.13424006175412
284 -28.03700529992744
285 -24.576050311481215
286 -26.57139454682872
287 -29.699741728207655
288 -29.56276047862432
289 -38.055347873072485
290 -30.584239758849066
291 -25.843164165315226
292 -27.8442509137968
293 -30.984264004884782
294 -19.024675924139487
295 -24.89604144863663
296 -30.657818046463372
297 -26.442103798703492
298 -25.490792375311706
299 -35.36829212323601
300 -23.884611604461128
301 -28.90044883389655
302 -199.0501102213237
303 -199.42991828700443
304 -200.18012206814137
305 -199.90608549912147
306 -199.75054693608817
307 -199.00435219855896
308 -190.1420888005614
309 -199.90862116508399
310 -121.92112376664387
311 -198.66257724833437
312 -167.24273114433706
313 -199.20788168093557
314 -181.5680274107999
315 -200.56971446957442
316 -200.32075238626985
317 -150.78977248730845
318 -200.31676829353265
319 -198.82181693419236
320 -166.0223577103328
321 -199.54692952745643
322 -200.30650812126223
323 -136.5767901125946
324 -198.9559663254953
325 -180.7603132120664
326 -197.01290618027213
327 -149.12189233269856
328 -200.58402690903827
329 -198.66021382105455
330 -175.4452982229322
331 -120.42298802854225
332 -190.16623700279092
333 -199.8228548668647
334 -197.33406663161279
335 -196.3573386633743
336 -190.3744669851513
337 -182.17106552491643
338 -182.96431169578383
339 -177.8264289348919
340 -191.80214871662182
341 -107.79523991651543
342 -160.60704570242936
343 -112.04258776728305
344 -167.65906707740896
345 -157.3379290695878
346 -147.33510537978586
347 -194.16038343078395
348 -168.27432951847322
349 -132.02185082190664
350 -174.689994285581
351 -172.96901291247676
352 -42.60048061507864
353 -174.07258720850945
354 -134.71797073557744
355 -199.91679401133933
356 -199.59139859857657
357 -199.91428155976456
358 -199.62441279918087
359 -199.94459348308166
360 -123.49172096656386
361 -198.98664777376382
362 -84.74902441084434
363 -196.88996877781514
364 -131.48402477150753
365 -197.87324449716158
366 -131.64803444126534
367 -199.45663446821248
368 -199.26964986503967
369 -199.70259060019413
370 -100.5436761370698
371 -168.45788806192337
372 -75.25272768825677
373 -78.74611439833483
374 -199.5871175852559
375 -199.19594556741063
376 -153.35073198968587
377 -192.1775870869148
378 -54.539774867908235
379 -200.78809924088304
380 -116.39418792894391
381 -200.4418312781874
382 -199.99731549360098
383 -191.87428388620702
384 -82.59858115015004
385 -146.14922216111103
386 -155.73062963549472
387 -154.57090781574664
388 -200.2059273300496
389 -166.08156173471258
390 -199.081971377691
391 -153.04245104246294
392 -154.91602423586878
393 -199.81103365162943
394 -199.64414527713961
395 -195.98820767843668
396 -200.36689374768306
397 -106.27095762732993
398 -131.82590508189224
399 -154.4587310770415
400 -200.64119400336367
401 -133.54284211394855
402 -29.748338392595834
403 -34.88911886535072
404 -35.08631807773218
405 -33.18507974055574
406 -20.90804218870833
407 -30.73311667665601
408 -30.63252709828976
409 -36.671024785475396
410 -30.953306716006868
411 -42.60100120096177
412 -28.739752329447917
413 -31.317488350844542
414 -29.01816086756608
415 -37.864789588829495
416 -31.787111215566753
417 -33.36641256539238
418 -39.148998171931055
419 -24.56730538551491
420 -26.377865985939064
421 -29.444200301260544
422 -30.15349978696399
423 -23.263731736722686
424 -26.957452267823527
425 -35.53124726243878
426 -32.87072340846902
427 -26.07445524954827
428 -29.81740066837078
429 -35.41501556547802
430 -27.91466211519791
431 -28.328061507340102
432 -29.00752841241633
433 -27.654901555185084
434 -29.226067604756654
435 -31.810954581947698
436 -32.94637286159573
437 -32.34711113045218
438 -27.15385977581574
439 -32.714119871689775
440 -34.20034455755582
441 -34.01047779990067
442 -35.97803408226076
443 -28.971706591808083
444 -32.606114317774235
445 -21.14082232765545
446 -26.147260743901697
447 -18.026642758176536
448 -33.47918054821754
449 -29.36762738773242
450 -37.81456145227807
451 -33.54016807868421
452 -200.1584153589451
453 -199.9779888882373
454 -200.02829001313344
455 -197.211680116781
456 -193.17403947468782
457 -199.1864231739102
458 -198.54898957356136
459 -199.56014346310883
460 -198.90133922319717
461 -199.24763840342996
462 -199.85458337171326
463 -198.5599025221925
464 -198.96675145515886
465 -184.74373697427427
466 -158.1270730923308
467 -199.58751203992722
468 -183.46814526830002
469 -198.12034256796193
470 -200.4259011950999
471 -200.7756665637438
472 -200.34514945508337
473 -200.14209630934047
474 -199.65671072437686
475 -198.51630572955165
476 -200.4219508500973
477 -199.4534876708506
478 -195.95974089144644
479 -200.06243215436507
480 -133.10319996293345
481 -199.11239450733328
482 -199.21487457785705
483 -199.6928706778419
484 -200.41543750838778
485 -195.2617283407082
486 -199.86968463673222
487 -198.46898121649582
488 -192.3279012871126
489 -188.35470931919366
490 -191.67467633033556
491 -200.04705915822365
492 -131.35811518049042
493 -190.748666751683
494 -196.76939057183222
495 -185.7174954025884
496 -195.17557939477987
497 -194.3916274649839
498 -166.44648622593616
499 -192.96233577072084
500 -163.4384384174282
501 -131.71636643528439
evaluations raw_y
1 -38.27920974418023
2 -9.258835849803997
3 -74.46508712088101
4 -9.138407284449464
5 -6.019383761868569
6 -79.95858018518857
7 -39.44569216475054
8 -36.65112306547183
9 -3.932695608164139
10 -6.968449974213295
11 -26.524481126039774
12 -33.022636234335735
13 -144.15832187089134
14 -57.932818124275606
15 -71.3842760319786
16 -41.91266020258095
17 -90.50293763458332
18 25.389143561380926
19 -38.049404884411906
20 -82.75988779796104
21 57.89230943238018
22 45.05133184512608
23 15.183597874349978
24 -20.25123486489897
25 -84.03630316772511
26 -0.18802542143867634
27 106.43671350739348
28 12.290545324441426
29 -109.12229310815866
30 28.486779404136286
31 -142.49973430800614
32 -48.149303566111
33 66.51956997548344
34 -9.251113074390839
35 -45.8535770536169
36 -59.53827856008934
37 -7.014861314168371
38 62.85088826966529
39 26.61922619548534
40 50.696150837807316
41 7.110152995184881
42 41.516473116123265
43 -30.952136753621563
44 45.19041577990523
45 16.545810653719506
46 -47.33004780974328
47 -63.70549272859907
48 -88.87724785094312
49 -37.361034826384234
50 15.480112953883223
51 -48.635692664574165
52 -88.14924612062161
53 -124.63786787561321
54 -178.17229484977983
55 -113.56677867975701
56 -97.77584050026421
57 -79.15759476654935
58 -162.92276247785625
59 -130.83432342174044
60 -128.85990814042736
61 -121.09514843995463
62 -177.9447334697679
63 -112.46093515361238
64 -95.20579648062598
65 -160.47153347907297
66 -131.43709695848582
67 -84.23605775850972
68 -165.52966221024062
69 -182.6472769193447
70 -163.06195990563089
71 -122.89909232246102
72 -133.6643964420529
73 -123.24928575907724
74 -165.37424343015888
75 -133.62961737809485
76 -166.81554267713273
77 -184.75613355462542
78 -128.4290218432444
79 -172.9831328131249
80 -142.27586808805552
81 -131.76920408440267
82 -159.12008661310657
83 -132.49109495373872
84 -138.79048797875413
85 -162.21890739812565
86 -191.09880837222002
87 -147.4764706756904
88 -168.50381630594254
89 -180.21890422641115
90 -168.05131416000353
91 -159.73907818799162
92 -189.3323365474607
93 -172.60353444215798
94 -191.66340824469344
95 -169.343084748941
96 -177.68979396025395
97 -156.6327207674562
98 -169.40571080128063
99 -178.9191696924201
100 -152.81601221726518
101 -162.33446043242714
102 -21.802444117502258
103 -21.566056769530586
104 -35.39518392896466
105 -31.882562451094877
106 -18.029938051740533
107 -27.778209820405472
108 -28.108332026365005
109 -20.392730526236377
110 -31.648086425318063
111 -27.092777263364
112 -26.7964621597688
113 -29.449991604288257
114 -29.91115878989293
115 -30.290641452251585
116 -20.33918953510356
117 -24.791720554527906
118 -29.960303531269957
119 -28.959934557437727
120 -32.64946810518542
121 -23.43256486903393
122 -24.944714584344325
123 -25.954842933983677
124 -31.26799328184418
125 -29.042251326228648
126 -29.788436455721403
127 -30.16083666532357
128 -35.55717527706354
129 -23.84145586905317
130 -31.941041294753386
131 -28.30028716461683
132 -29.26333362454619
133 -28.00001868843314
134 -29.96320163509833
135 -30.84517147112
136 -36.42838485089945
137 -31.550124372675043
138 -25.960317141740468
139 -28.30496670610567
140 -25.523715737655365
141 -25.50761708863782
142 -21.685989464942615
143 -28.876526840950252
144 -31.230172279948825
145 -34.12746365427134
146 -27.21689932294878
147 -29.963464928132247
148 -22.20607006811598
149 -17.851681709306852
150 -32.73573061755261
151 -29.933236519122296
152 -190.8423574567613
153 -191.37987967591013
154 -188.6716912943727
155 -184.86792773744904
156 -193.43023997826003
157 -188.7047148165703
158 -92.71779278354528
159 -173.62312162933253
160 -149.25490086601005
161 -161.8106834736682
162 -168.51959169935031
163 -134.66678185052467
164 -161.340842819965
165 -138.79352909775426
166 -160.34294418215447
167 -178.67975100643739
168 -151.81518411080168
169 -129.5761415415484
170 -158.5192642774942
171 -169.62558246056912
172 -122.2474669119301
173 -124.03979085585338
174 -78.00101201810463
175 -135.2526138282418
176 -129.30204197067476
177 -159.0338752283944
178 -97.68349658602904
179 -147.24701710111594
180 -121.66886568784415
181 -132.3856813341394
182 -176.80843101972647
183 -156.48443924209025
184 -155.99548224822408
185 -153.64137776046658
186 -146.44995019555998
187 -128.64692187003283
188 -140.30846670410833
189 -141.05495709142392
190 -156.27630457966407
191 -169.21626423606116
192 -160.67789639534928
193 -136.8981287590802
194 -131.1795689168991
195 -161.46292094843128
196 -117.30641721018367
197 -134.24886468669052
198 -138.0612577399553
199 -80.75663031925714
200 -64.06677659651899
201 -74.94384507141456
202 -184.6234068711972
203 -195.95727744198717
204 -71.10620157601429
205 -194.62085071068537
206 -197.18733978846183
207 -169.14885571147514
208 -107.4995111529378
209 -199.67460637604384
210 -132.95303386956817
211 -136.28108199158947
212 -76.38453741649766
213 -195.55391380444303
214 -196.1683567586719
215 -93.92973624466906
216 -199.77671353086703
217 -101.47033481480096
218 -195.5372375743435
219 -163.0976094614212
220 -195.42031556972026
221 -163.53084092930058
222 -185.09597293152794
223 -147.1549761226785
224 -183.87805513606295
225 -194.75393776012498
226 -168.63790752738853
227 -199.99309961723617
228 -82.52498300894965
229 -194.83537248809068
230 -198.85594525339556
231 -143.05494836254545
232 -201.3357487543309
233 -193.18408155083833
234 -93.06642911995044
235 -196.8537286692543
236 -194.1184346953739
237 -189.0071501528087
238 -195.5153858231191
239 -157.40182982992633
240 -120.6760683290072
241 -148.04510009348735
242 -194.68289428041928
243 -195.58608219517598
244 -111.71120538389452
245 -170.0640963280792
246 -195.75964696210465
247 -130.83093492168075
248 -192.16525926339844
249 -170.14713588476042
250 -198.43772004506422
251 -184.76677559496179
252 -35.98023639679028
253 -25.376232338930446
254 -33.43347236048702
255 -29.786696439806633
256 -28.762265621949958
257 -27.75800216122326
258 -30.722618138289263
259 -29.298599748391297
260 -25.672782382732066
261 -27.332831859206962
262 -31.003107349021665
263 -32.312822363697265
264 -30.581859506732926
265 -37.019795219594265
266 -31.40325811468111
267 -28.213771903986366
268 -24.631110480958284
269 -28.59809558296
270 -35.10824460885416
271 -28.116458262373374
272 -26.955988032627477
273 -30.16651409324987
274 -28.809626331021274
275 -27.852080495673892
276 -36.740941642340594
277 -28.23912724623674
278 -27.648126519419964
279 -36.76133287982281
280 -29.948893843272625
281 -31.859897201782825
282 -35.338444606917605
283 -25.318635806577465
284 -34.36669089872978
285 -35.015365922406005
286 -36.83570004794903
287 -27.550451482898286
288 -32.000483019120665
289 -27.15622454306523
290 -33.21970509957276
291 -29.98132517843299
292 -36.19090578505789
293 -27.568118321445574
294 -29.39045085409697
295 -32.86292402661179
296 -27.9164977732368
297 -35.94813529264628
298 -36.602746835740135
299 -29.587976193871274
300 -27.63136581960993
301 -30.93561554343273
302 -198.574635271506
303 -199.95228850215153
304 -200.28791701374146
305 -197.90854317190514
306 -163.0452377917667
307 -167.9760333261126
308 -166.81601380757476
309 -198.17281420273733
310 -168.52726936077724
311 -195.34063567964483
312 -170.2546521065865
313 -194.86031317458523
314 -125.71990963958157
315 -166.3761633708287
316 -196.35182407852358
317 -170.95272041411
318 -199.3938947865569
319 -198.78591436292533
320 -188.695350704867
321 -167.3260655603187
322 -168.8356357132994
323 -194.69439542171133
324 -193.96600989177432
325 -185.18489221183617
326 -195.68245488309176
327 -188.1371979758466
328 -166.50902449181308
329 -198.04292197194914
330 -172.6204925747056
331 -188.96828506377798
332 -189.06602281308932
333 -176.7500575039877
334 -168.53228443941808
335 -181.02958689250127
336 -189.460706654632
337 -167.7723093470603
338 -185.51409102551062
339 -174.8254138117407
340 -131.26396938520196
341 -187.36659376816868
342 -199.50260939466344
343 -183.09581258148486
344 -194.03620638334152
345 -195.02171429658864
346 -179.95475382492074
347 -197.85140082327652
348 -168.70668666334242
349 -154.50183503932354
350 -175.37106782903334
351 -150.43840223927842
352 -50.244708090619916
353 -153.3104815485302
354 -199.20760781397274
355 -191.58129829473236
356 -189.20291592522864
357 -198.163717772545
358 -163.10419711159298
359 -199.33605818788763
360 -88.73945745251363
361 -198.1362772474456
362 -200.17907862159151
363 -149.39977853348142
364 -186.47527403406056
365 -163.44291163478573
366 -131.13955508659848
367 -199.77391573341166
368 -199.97012489398486
369 -50.252764367478164
370 -91.53285230943872
371 -200.1647332535095
372 -98.1298316864107
373 -192.36360344783665
374 -159.13331601912608
375 -175.4185007025979
376 -155.00963500306557
377 -95.52793273823588
378 -160.8444113998163
379 -136.6755459623395
380 -199.41041082506626
381 -108.77804730294419
382 -199.7218384541143
383 -185.51799808846982
384 -187.33058995241956
385 -112.36009509367395
386 -92.16535386067132
387 -200.64380610653308
388 -184.75745803428015
389 -184.93480245993592
390 -178.11290596742245
391 -200.04438699708254
392 -200.04061475330587
393 -199.58662655824824
394 -200.15482591295003
395 -123.63817365102479
396 -177.83879717406498
397 -200.5236038870488
398 -199.8398308347072
399 -201.42739994196543
400 -182.39560851148389
401 -101.03175510194708
402 -36.12967647971807
403 -32.804082891499725
404 -29.166885991448822
405 -32.17191548496234
406 -27.48858732139785
407 -27.88497567580783
408 -27.120512010726518
409 -32.40669180724834
410 -29.065044449551145
411 -32.381687794256294
412 -30.790680744792663
413 -27.766787683883827
414 -33.26861180435485
415 -38.062014174051164
416 -34.56650964176791
417 -30.55005122805527
418 -36.66609880785288
419 -34.06597651832714
420 -33.72860904226261
421 -38.841576986039215
422 -33.82520002261669
423 -36.07040219909822
424 -24.946858687859663
425 -33.81417613542273
426 -35.35972409297754
427 -35.95334004175999
428 -31.51729521218773
429 -33.61176660340684
430 -37.24348104824398
431 -33.41504295496569
432 -24.900019559638636
433 -45.71179196792514
434 -34.479118625416
435 -30.38273173406917
436 -30.699782160485743
437 -34.206719683614246
438 -28.10342221712131
439 -32.466722196366725
440 -33.258778484010556
441 -32.07538173587222
442 -29.126966217325393
443 -33.50871011254252
444 -34.77622514195146
445 -36.159227842982986
446 -25.487939678867523
447 -22.560344725122466
448 -26.226365097463265
449 -31.02662803327032
450 -34.519442603190825
451 -30.152205129048433
452 -199.7825258899629
453 -199.72235543011948
454 -199.99389803917342
455 -200.3701010533218
456 -200.03855735983635
457 -177.06724522847065
458 -183.52011084046077
459 -199.4915077951756
460 -199.10054747937252
461 -187.12161832807902
462 -197.41549389734405
463 -196.02791366945198
464 -199.37418072235698
465 -195.39517576279457
466 -176.38732083327847
467 -195.43745100628536
468 -198.42522993738987
469 -200.32339186490535
470 -199.7066243534363
471 -194.65947892976104
472 -199.9451266801635
473 -199.92099763934084
474 -201.1935948616709
475 -198.69870601290484
476 -195.6196367913147
477 -199.3821622273814
478 -170.37835103615907
479 -200.09822127271195
480 -198.98553085413315
481 -185.85547877546716
482 -170.14003162165358
483 -195.17175912573876
484 -138.93092214852524
485 -199.23467516075297
486 -194.54857340697387
487 -195.72324007115913
488 -197.74947558923097
489 -197.39687585005794
490 -193.48567322061987
491 -177.23845440421894
492 -197.59370363286757
493 -176.22923678889236
494 -199.29896466474412
495 -192.00994031831033
496 -187.14062069221507
497 -183.67844242925165
498 -191.42726320699168
499 -182.51171749170524
500 -192.12663218774838
501 -189.12061475979615
evaluations raw_y
1 17.569583587695778
2 -30.184636711734736
3 -17.31168383446106
4 -33.188619883751905
5 -63.288991901185184
6 41.64189856968961
7 -8.404509281381753
8 -50.15458666823299
9 76.90181285454882
10 0.5571723672212345
11 -11.202813473163141
12 5.243630219113659
13 31.365735310099602
14 -34.28871985815707
15 19.811600600938956
16 11.12425003016487
17 39.34919644544512
18 -72.09077492235474
19 6.426049839115909
20 -83.8478877202861
21 -32.656283948740665
22 -16.857949575930732
23 89.67014906299475
24 -53.61710552457405
25 -3.6191019919757004
26 70.52657503578189
27 -69.51509267323127
28 32.85067711586189
29 -85.46678664931764
30 25.87750156162558
31 -38.8475673735152
32 -32.740644771969826
33 12.016167241624515
34 -51.801368659174635
35 -62.650987292064045
36 -20.86953208393385
37 -24.5741283538138
38 54.48625292148413
39 -55.69813094564027
40 87.03675978862518
41 52.64612011669447
42 -35.41246455533264
43 -19.1811811567249
44 15.764679554350598
45 -41.17291496263436
46 7.460877491445221
47 -27.576059863324872
48 -98.63240545622591
49 -26.020695600162433
50 65.64919736306004
51 49.8531182112942
52 -106.57270279625207
53 -135.63347347395003
54 -74.77275691904855
55 -116.89846392237146
56 -71.4640235303928
57 -163.60089108281178
58 -131.06129229495383
59 -150.7400846259413
60 -123.82008261874155
61 -141.75771089294815
62 -121.3498315718904
63 -133.2592551111435
64 -108.72124190359148
65 -161.578679155719
66 -176.6731844095552
67 -141.02676891470196
68 -124.04646358624711
69 -104.9115414676879
70 -120.56731464834617
71 -153.539088590539
72 -199.21433886106925
73 -124.5711158957846
74 -90.16115582074558
75 -166.09092515693771
76 -106.23241242698637
77 -85.01248468264178
78 -145.35559151939555
79 -100.63426092515562
80 -144.25318961403343
81 -135.41465707691953
82 -173.41748393487413
83 -199.9705003926115
84 -186.3236888247944
85 -159.3499215189613
86 -188.37049837402708
87 -135.14174397969015
88 -102.1794158594205
89 -198.27953773190873
90 -130.12689052815531
91 -185.27786759314233
92 -140.18114224287967
93 -186.01976906062748
94 -141.72569429330258
95 -161.41341836788706
96 -160.33506739275174
97 -173.71908793235608
98 -199.82253042812152
99 -158.77563091685437
100 -121.64965565246274
101 -144.8150775529226
102 -35.75050100072872
103 -34.43587987797417
104 -32.71170104540079
105 -28.839744933256135
106 -35.86127873000581
107 -33.571121221312445
108 -23.97677798054272
109 -31.477623979736407
110 -30.76376856534482
111 -31.554957017162582
112 -36.125860494214926
113 -28.47954381504905
114 -29.342414881241336
115 -30.92694546833387
116 -34.273693408496435
117 -26.156856417668074
118 -33.27049219617474
119 -26.795327836811403
120 -29.54459145646215
121 -30.04183325926487
122 -23.625771541294927
123 -39.25393713345277
124 -35.169794389307995
125 -42.16078985260853
126 -27.65527142625492
127 -27.063912716543598
128 -34.97453291063455
129 -21.972190605093388
130 -28.779100053924594
131 -30.27155899575047
132 -28.273443274913845
133 -34.770581606825594
134 -33.49890782336221
135 -29.66636106176664
136 -22.735641137125572
137 -34.562839295464435
138 -37.41945496127648
139 -35.84131823912699
140 -35.64108870877321
141 -32.91765239745497
142 -30.8753630492977
143 -33.368216185946046
144 -29.222136211489797
145 -30.416497173674838
146 -28.07781655132683
147 -26.136353976938544
148 -31.063339261148016
149 -31.985588939782453
150 -28.15166548423822
151 -43.90368633678711
152 -200.0229314760897
153 -199.7033843542934
154 -200.16880504857158
155 -197.59068354912242
156 -182.3191142631269
157 -119.13669350608222
158 -106.55707409509208
159 -186.57297059556885
160 -174.67033944725338
161 -140.66517460971272
162 -111.19670305360206
163 -179.46387614438652
164 -164.38764827595216
165 -142.43291483206244
166 -134.92927808211837
167 -159.614827083796
168 -118.44502039146585
169 -108.10358011480496
170 -130.1044086709306
171 -144.28560500652054
172 -163.53727991394365
173 -125.17472629603881
174 -170.68897767907623
175 -196.13790149136062
176 -148.1268445013742
177 -164.98916479984607
178 -181.9317632611353
179 -177.38504096826216
180 -130.69730772730153
181 -123.17245692900184
182 -140.72441541810585
183 -124.27159237473201
184 -100.53069825080033
185 -108.41115914280455
186 -92.16103956948666
187 -123.29742894927914
188 -115.3922459947377
189 -160.01306039938282
190 -150.32168037804664
191 -108.16399489620673
192 -136.77075887822636
193 -159.4495415093771
194 -155.6392067252766
195 -144.05005570547436
196 -156.16158085837017
197 -88.37133725427374
198 -149.09504676967302
199 -56.33233756863569
200 -116.34077677392405
201 -84.97649336705264
202 -196.10255702733886
203 -199.02267882989258
204 -200.3528038338706
205 -195.6536113853457
206 -166.09144037480243
207 -176.66081556156584
208 -173.58092349818452
209 -200.78946813538724
210 -199.1543187972483
211 -200.6813486269821
212 -191.80751282228334
213 -140.63904621341396
214 -196.35212102236963
215 -117.75180506948347
216 -200.05477318309627
217 -199.25224064483558
218 -199.01959058771325
219 -200.9226458542728
220 -198.92290513363133
221 -200.0766196762728
222 -197.71813806725945
223 -201.3725198343802
224 -195.13144050314986
225 -200.0985235077775
226 -128.36926481780847
227 -201.1393352097179
228 -200.0191721753244
229 -199.86078476604584
230 -190.48819846295888
231 -183.77738385319634
232 -135.6065080708332
233 -200.2374086814746
234 -200.76297547702373
235 -199.5855894590412
236 -200.09065626350792
237 -192.43822541496846
238 -169.07402903784975
239 -93.35586693598168
240 -177.54556650550882
241 -199.00693781669963
242 -172.26440935279138
243 -200.00379511139755
244 -119.64004295697018
245 -137.1112698510822
246 -200.40436390890642
247 -200.02190946861668
248 -200.32770988287004
249 -186.79883090469085
250 -199.67417040763968
251 -157.0634607194329
252 -34.30996182462278
253 -34.343662181307735
254 -30.01030909523486
255 -30.882991404818775
256 -34.71204788510564
257 -30.430340517071823
258 -36.2873302078464
259 -31.27204821588534
260 -22.286014301485956
261 -30.603523960780237
262 -33.09208706924076
263 -26.354484125996535
264 -30.537234214328976
265 -43.83365839334068
266 -27.55782372821495
267 -35.042912088078914
268 -39.80433340091527
269 -34.98830040431743
270 -36.899824555345525
271 -29.353526122031894
272 -29.421069449514
273 -27.19398587617452
274 -33.247984634072715
275 -27.38663663992564
276 -34.95489286535316
277 -30.1008527238617
278 -35.15956318732752
279 -39.76934629481032
280 -28.993138822490675
281 -37.53452331794102
282 -29.483911747742393
283 -33.05467709682597
284 -27.559960658880847
285 -33.35214779241198
286 -35.88470830580508
287 -30.435858893917203
288 -30.435455350876687
289 -36.129529309074094
290 -30.836140622794073
291 -32.72359921220882
292 -25.612070683147422
293 -33.64899691775751
294 -33.94832173884957
295 -28.816577483782105
296 -38.90608965288989
297 -25.96949286241243
298 -27.96006785718903
299 -23.018522260739815
300 -24.854759686588295
301 -33.34581359061512
302 -200.66248499992238
303 -200.05865365245953
304 -200.22009223453335
305 -200.25942130242157
306 -187.85829477567242
307 -183.91968302165574
308 -172.69435543210844
309 -199.35771536595618
310 -184.19799530302984
311 -196.91785600313153
312 -171.61735624670212
313 -200.060800137783
314 -199.45443788639403
315 -199.36772297518465
316 -199.8720955430655
317 -199.15403224504553
318 -194.05373581704532
319 -190.19849717095403
320 -193.57738970316595
321 -200.2198065436473
322 -148.70153334926164
323 -199.76281852080044
324 -199.6112549404826
325 -192.327591069919
326 -176.92487488733076
327 -192.35654061362834
328 -198.83638099282138
329 -193.90706031836535
330 -197.6312623030515
331 -148.3724718906341
332 -181.14355560713503
333 -188.94516151129275
334 -193.423893454472
335 -169.0351729502103
336 -197.9017831122907
337 -188.7257129390555
338 -180.98480375188046
339 -165.6285592362167
340 -193.78401458086148
341 -186.75971444052564
342 -135.40084557372398
343 -115.26127074617253
344 -137.15171977917214
345 -155.4348945351638
346 -184.82539140379325
347 -187.55891220645896
348 -199.33947297333447
349 -193.71383751516356
350 -158.02173144728397
351 -162.81362983325647
352 -118.79529236220418
353 -157.3659997332336
354 -200.91720220918234
355 -171.9362639837624
356 -89.12678304211505
357 -99.66657580475461
358 -191.49976856850606
359 -184.92699662086812
360 -77.50884783667978
361 -28.772362252942873
362 -179.95658280739116
363 -188.8554112163873
364 -200.1087065593149
365 -198.39236578941504
366 -112.40042446128624
367 -191.48768627297684
368 -200.16781604889243
369 -160.69922051246922
370 -188.43989443986715
371 -144.71860403512105
372 -155.80165731255948
373 -143.054289520999
374 -175.13750627312447
375 -199.79754557264602
376 -185.10532496418745
377 -181.07609867085864
378 -199.27236024431897
379 -48.13167727791966
380 -191.0175801926529
381 -199.13697821350502
382 -181.33176017133337
383 -179.7965921183841
384 -136.96067769304446
385 -200.2236645120584
386 -199.759808342769
387 -79.03353727215676
388 -200.31383597242504
389 -193.08804625144467
390 -35.72366808292106
391 -128.15599317213167
392 -60.33179657879415
393 -197.48435352450483
394 -58.519779192279344
395 -168.83246079162822
396 -197.86870537166786
397 -156.01725601694005
398 -131.56921267505047
399 -117.0136122729841
400 -198.4869146913303
401 -199.85390452864715
402 -22.84541734153543
403 -38.58872207936097
404 -35.09570403041547
405 -38.6390877718721
406 -29.621606100934684
407 -25.33603529764693
408 -33.353975221402045
409 -31.554607610818977
410 -36.233066869734785
411 -23.03637102226123
412 -28.651348301274325
413 -28.778881584219317
414 -29.019565429831434
415 -35.43289553735039
416 -27.341856509748293
417 -37.727114551455465
418 -24.793574565171102
419 -38.98800817917005
420 -41.00835989625006
421 -27.932824364368944
422 -26.574294731325086
423 -31.81299016881736
424 -30.839008795402542
425 -39.399845317698095
426 -24.843735045372892
427 -29.663819692711233
428 -32.491312637779224
429 -24.730028742131385
430 -32.95045482957131
431 -33.371852780853985
432 -32.20122651018159
433 -29.878287718375287
434 -37.83599292102362
435 -31.217628935117283
436 -28.741442555188808
437 -36.57994042768606
438 -31.702724472365134
439 -39.026339033859315
440 -31.925778847896222
441 -35.05565794567971
442 -29.38166930344646
443 -32.39732981490527
444 -32.289568423561825
445 -32.32596498321841
446 -27.0741763278282
447 -33.115082489759
448 -28.633870398408973
449 -28.762590854521306
450 -33.20813296419379
451 -29.715511262664318
452 -198.83906811224128
453 -199.60906284669812
454 -199.88619179650567
455 -200.4167713505737
456 -198.92920087012484
457 -199.36989311712824
458 -198.70864076486424
459 -187.1906084933538
460 -199.79288394330467
461 -198.0493787740133
462 -199.38219828303636
463 -199.73836981803493
464 -199.79591013432545
465 -199.51594209688167
466 -198.94994891336236
467 -186.2443774653626
468 -198.8137127461226
469 -199.90732691235183
470 -199.54702989917175
471 -199.9793846913726
472 -199.05973285155972
473 -200.05979140735855
474 -199.17412157093563
475 -169.45020862551044
476 -199.97907904145023
477 -199.6626374393988
478 -198.57463676296564
479 -196.62618347688252
480 -200.10499490441478
481 -201.08272190002617
482 -200.3269214175953
483 -200.09074747027276
484 -193.59300912309715
485 -198.79718116852672
486 -198.70528369923156
487 -198.75024332187672
488 -184.42371621483537
489 -198.5656751886772
490 -199.57310181403986
491 -191.48863239785314
492 -196.72371776432465
493 -194.05475217388496
494 -201.50264564936384
495 -187.9630725767401
496 -192.22973576527488
497 -199.803719505892
498 -191.43674841700937
499 -195.60208794089334
500 -174.18879844617285
501 -178.31514183975543
evaluations raw_y
1 82.99748747999223
2 84.47920666287463
3 -26.505727574469088
4 2.1031149467600505
5 -1.330390132569878
6 4.709824896532196
7 -68.92632279405473
8 56.418116448881506
9 -31.618542446631242
10 -16.71653492068008
11 25.981341844579575
12 21.950423079776005
13 -6.816785015942108
14 7.365454011393382
15 19.594141259009138
16 38.52100110807002
17 -23.846915058364313
18 -28.292788687799277
19 76.20681383687938
20 -83.70753259466431
21 -10.28159178678067
22 -27.211126801184243
23 -66.1331231652755
24 32.36886397226432
25 49.90199787099187
26 -57.55227906033197
27 -42.58558602648
28 -133.83290567951389
29 86.86355201411648
30 -24.537011567265186
31 -44.08254963122883
32 -52.70862699431073
33 7.873085692983587
34 11.130974613435576
35 -11.836908215147075
36 -81.9220545591414
37 -25.192637939258596
38 23.942463398431443
39 10.408203740989611
40 -30.434957949397862
41 43.77003754275571
42 -8.456608297504033
43 -15.90254715280801
44 -3.319670805638322
45 -14.898543375911263
46 64.73973046417456
47 -89.09433703825233
48 -74.09515995946128
49 -88.52396571717829
50 -131.83469684496092
51 76.64608552585813
52 -132.58024711933885
53 -146.44542574265725
54 -142.3021509027161
55 -149.2372190529388
56 -127.56299769162007
57 -142.72744102807619
58 -156.50988085894699
59 -156.48667244892266
60 -120.55298852106964
61 -101.10970286806379
62 -136.63642599697314
63 -153.49285042804655
64 -133.20031277126867
65 -88.07843792396804
66 -126.80277161189643
67 -113.1833674700696
68 -99.50181126926542
69 -100.8956226314149
70 -154.77644742373872
71 -120.87267281605891
72 -133.57053728317908
73 -116.79014117987462
74 -66.23829822096934
75 -149.15112575084729
76 -152.83329086330605
77 -131.90144488222492
78 -157.18534658697743
79 -140.64715340430715
80 -150.90660019029147
81 -165.40445430832077
82 -165.36353398223216
83 -111.68129525385093
84 -141.52050552313372
85 -148.34694573564468
86 -121.44896950717363
87 -109.38722446448831
88 -156.25779045501076
89 -141.57172979934913
90 -150.9731021541666
91 -178.8200315740684
92 -114.04215376398908
93 -161.21072903026425
94 -118.19269429274709
95 -182.06208366556345
96 -136.26554229145182
97 -187.0756497689076
98 -167.8408934758008
99 -118.68884154743702
100 -180.8947295736995
101 -144.2101552908848
102 -26.200742586037727
103 -34.0850936642493
104 -19.181713179886007
105 -28.586366137771765
106 -20.12178373863234
107 -25.608643456382712
108 -23.4974513512041
109 -23.537129030111725
110 -34.43424674928421
111 -31.927279749490477
112 -21.713681481868427
113 -27.966198407122135
114 -28.482666304520244
115 -32.57117754315605
116 -32.0053555314269
117 -36.418050906845984
118 -25.186760747007696
119 -27.514477228738972
120 -28.047755048797114
121 -21.686870661744333
122 -27.298363814070132
123 -26.199737562484664
124 -29.28295263954938
125 -29.651780701500602
126 -30.013382903582905
127 -24.26160229479566
128 -25.509360586894203
129 -23.036042375407696
130 -29.008173003134456
131 -32.15333631940473
132 -20.039294520059588
133 -24.660314053856048
134 -27.253815035935105
135 -25.351534707495876
136 -28.04846714164714
137 -28.243622494731124
138 -33.27881408061053
139 -34.548272317782214
140 -27.512054377348232
141 -22.039337125036518
142 -27.57863566038355
143 -36.24133698318315
144 -35.85657999683776
145 -23.72330012278041
146 -26.42780484868707
147 -31.346025982177594
148 -20.5893561072108
149 -29.234896017813806
150 -23.076112192412285
151 -25.39042881692011
152 -186.60335496890067
153 -183.00798554426186
154 -177.37275396548782
155 -180.4251136785006
156 -168.36062427210874
157 -164.02510144670117
158 -135.4865018761944
159 -151.14626528862055
160 -139.67553506922619
161 -154.76033822939368
162 -123.68199449794695
163 -164.41608845425824
164 -114.30642633294188
165 -169.8594640346526
166 -151.77710284505048
167 -185.30571340590444
168 -115.02241320608934
169 -92.11447172149286
170 -114.06399837869166
171 -158.21702710993353
172 -141.38558010487216
173 -115.73311596090429
174 -164.7968565588898
175 -98.73679965902028
176 -117.87025584306394
177 -127.56251473150652
178 -145.86923389052603
179 -51.56310856526626
180 -120.78939994396848
181 -100.42563026030633
182 -141.4400717601737
183 -157.79273554123904
184 -127.52361341024192
185 -49.91499378199492
186 -113.5117922917219
187 -135.58268088384756
188 -139.75193891222992
189 -145.56127359705698
190 -47.43284648096603
191 -105.33508282644951
192 -166.77624115149726
193 -166.22068603357994
194 -102.48811917337795
195 -136.8776219551995
196 -72.79716389290384
197 -121.5326253457774
198 -119.8660971830867
199 -157.82695001689186
200 -152.36161564650826
201 -44.794233145734715
202 -194.39282307941986
203 -194.5899970838987
204 -194.65793521338946
205 -146.000378230721
206 -134.83620214508778
207 -161.70528036263684
208 -181.39256913175987
209 -191.99260839811785
210 -89.92460825488584
211 -195.38163675980888
212 -149.03905877701584
213 -139.9198960830915
214 -159.16135398845998
215 -114.06049185542233
216 -103.30759966068568
217 -194.62446980130738
218 -174.7005405990327
219 -194.5742801034591
220 -183.65465154172136
221 -193.80216337514176
222 -177.09004661176385
223 -196.17282247662695
224 -187.1628129830294
225 -194.40625831538622
226 -172.49308709205766
227 -66.71618231085864
228 -199.56886296519545
229 -195.35044364339046
230 -193.9296264481422
231 -147.18556587766935
232 -148.75794868950618
233 -65.27555521217214
234 -148.9523922172927
235 -172.32320318182397
236 -98.49992429844349
237 -177.30784289375597
238 -194.75416075371672
239 -186.14855372526208
240 -199.71440196012313
241 -95.54801758240914
242 -194.31037030118338
243 -158.39230424182944
244 -104.43032969105069
245 -161.3752924896148
246 -161.03536698280794
247 -104.41432415856113
248 -61.37062842577211
249 -199.97004417438725
250 -178.90230629784423
251 -155.09307715337633
252 -40.07316071777122
253 -27.244477678892917
254 -23.10502075960498
255 -30.260982938467194
256 -32.19648653613969
257 -29.767998212142626
258 -27.538557668544637
259 -27.89839849859526
260 -37.808486035336074
261 -22.11315552085038
262 -34.25086160278607
263 -30.48461151333541
264 -26.589445524270204
265 -32.875612010337754
266 -31.598652898299466
267 -32.95629160499067
268 -34.59413433504145
269 -34.32498191908241
270 -27.317612878723487
271 -30.22508918357463
272 -35.230136066676536
273 -22.919836057665968
274 -30.82694907337967
275 -39.041721769749316
276 -31.7160771162716
277 -27.80957346065874
278 -17.087662000033628
279 -43.190739297489486
280 -38.5595512133156
281 -30.64143055190876
282 -30.057564631377613
283 -28.893789077623946
284 -27.58161149501793
285 -27.99424685586423
286 -35.077779128635
287 -27.458653045317597
288 -21.168767310907363
289 -19.351511417589858
290 -29.680763828860357
291 -35.18048137065575
292 -33.507490739106515
293 -33.78172450311821
294 -31.563537415318205
295 -30.05748188782909
296 -30.33407411067604
297 -32.96830975232252
298 -39.990304069076984
299 -33.29178306575758
300 -28.714186740905994
301 -30.69805218085006
302 -199.32852693866568
303 -199.3429660791271
304 -197.99194290887678
305 -194.62525377487162
306 -165.62276078979227
307 -172.982339392099
308 -133.93898456260862
309 -114.6522636263427
310 -185.08705183291067
311 -158.6973805598168
312 -200.69372902324704
313 -161.982450227764
314 -171.2613738702631
315 -168.0018835214904
316 -195.79533513250274
317 -187.23014783416411
318 -181.46853721227265
319 -193.1230252823872
320 -160.5939798023768
321 -164.03045538811733
322 -133.2221333585998
323 -161.3917149632339
324 -175.40271465392982
325 -164.01688203360533
326 -116.73041672044255
327 -184.19249494449417
328 -136.2109111216351
329 -176.7695459858025
330 -109.18623476987867
331 -163.33121212409
332 -199.9478256026674
333 -162.85051362241342
334 -174.5516065579056
335 -165.2617583221034
336 -150.09630992156534
337 -184.4338924652574
338 -176.03668125573742
339 -140.56504946340925
340 -167.51174905106942
341 -149.2725120761401
342 -192.00918994057457
343 -176.76489342388
344 -172.9420194640709
345 -149.4814129692217
346 -171.5247258054619
347 -136.62454934694952
348 -150.47234435796196
349 -128.5125483820574
350 -189.46048452804015
351 -118.3381860175816
352 -189.4489139503
353 -200.43245447036531
354 -168.9112052756931
355 -200.60500867784677
356 -115.37896531528736
357 -200.27874267413125
358 -182.82294509131307
359 -199.48148323107483
360 -168.1604524361176
361 -169.89002067920018
362 -171.78352958450742
363 -65.66220266012566
364 -200.24036483855394
365 -89.4285682821441
366 -146.6006401764308
367 -200.6398793114967
368 -198.50897538594626
369 -181.19641454007564
370 -185.5112959997074
371 -59.98225456573295
372 -141.48263732596402
373 -78.8334332816334
374 -196.66529810920082
375 -137.6945653958348
376 -96.83088238253266
377 -170.74018250647836
378 -199.87567607935324
379 -172.44160100482958
380 -95.1784140122055
381 -200.07287135628158
382 -186.75690755911359
383 -199.50742149848568
384 -199.504203496236
385 -199.03040522090404
386 -199.80584442557375
387 -199.97296886602678
388 -198.89045734498572
389 -191.7625540445906
390 -135.14038382924468
391 -195.33321176969218
392 -200.45773505549414
393 -199.98730162756127
394 -98.49749838000061
395 -107.48914644243007
396 -194.3411454492479
397 -199.4368487459242
398 -165.0559796483622
399 -182.69578069341293
400 -158.89128962539846
401 -137.09724141129692
402 -32.17349747938967
403 -48.3871727699477
404 -33.76368828926729
405 -25.672250617150084
406 -33.79356998067887
407 -27.433299412115964
408 -34.70332855499287
409 -28.942768637887916
410 -30.78568974252135
411 -30.628978335015844
412 -28.597001273998785
413 -28.0067600322531
414 -36.801170583581055
415 -32.63272719315686
416 -36.483404674087524
417 -23.696580889161112
418 -30.83024530751829
419 -32.59449812711191
420 -35.99696239273501
421 -39.20599215190794
422 -27.40040287509013
423 -31.795397671510763
424 -33.41921803528132
425 -27.076322945269126
426 -27.853020475848528
427 -31.38784901706764
428 -30.29342324584604
429 -41.909760141356074
430 -29.60975526123345
431 -28.104777780749416
432 -32.729500060574175
433 -21.570926104163966
434 -30.907133249106582
435 -29.826451842412162
436 -34.0517150309069
437 -23.098594023713115
438 -29.52307670719224
439 -35.72339586413873
440 -37.606937488062755
441 -32.74131843344489
442 -40.77232330958181
443 -32.81565266776211
444 -29.21777478159603
445 -25.682928098647583
446 -26.403255450586204
447 -26.905858090556777
448 -29.258075897847352
449 -26.532131760533087
450 -27.324889692027885
451 -22.69370572845922
452 -198.8277679213218
453 -199.46433332717586
454 -199.50571898135019
455 -200.31551263602438
456 -200.39327757199376
457 -194.83911743970432
458 -172.32081030179052
459 -194.8184534619911
460 -199.93308744236845
461 -200.82482460179088
462 -199.05184137143274
463 -199.28369422867686
464 -164.11239003996994
465 -195.96540786932087
466 -199.6919825409888
467 -200.17632574567793
468 -190.5649778989427
469 -189.3934410601175
470 -201.14575844675656
471 -199.01848882806183
472 -199.3286642039996
473 -199.3127927998149
474 -196.1579637848352
475 -198.97507066584168
476 -197.46676918336135
477 -142.34594960356256
478 -180.94774264372523
479 -199.95011859162636
480 -190.14272042161633
481 -185.41718016529865
482 -197.73602085495253
483 -150.04638691527757
484 -198.81026643798887
485 -197.4813073407699
486 -199.34519283790502
487 -186.41528353536702
488 -188.32005013707678
489 -182.1601700264912
490 -191.59317874498123
491 -189.62735170560674
492 -154.8754023189781
493 -189.75699396603204
494 -196.04936946494757
495 -180.7808452085134
496 -182.45373911548413
497 -165.02585388822123
498 -198.75732331608614
499 -193.2467646020958
500 -194.87726437427892
501 -167.73765478158217
