evaluations raw_y
1 6.7602603022742915
2 40.55190301662587
3 45.72104014965589
4 72.44240262983863
5 54.34020729878843
6 35.356776631365314
7 36.866678921854565
8 26.951889829168284
9 28.34667917108944
10 30.500508060493587
11 48.895719831208865
12 26.150232827471196
13 51.76844876132931
14 55.76997164960862
15 52.2677430505276
16 59.02406740379054
17 27.184633510020088
18 41.02860299826365
19 28.95257003719117
20 69.15230213396048
21 41.40805348436389
22 30.018838729993345
23 29.96875783797719
24 34.76698559912129
25 28.38970547058884
26 35.013895567076325
27 19.721895715829667
28 6.267377295327648
29 42.51559214761333
30 67.39854940351225
31 52.72023105007406
32 41.15650828259758
33 44.9596103888259
34 54.776501104068394
35 60.48900644671615
36 54.69973791291962
37 38.86429499862091
38 11.327079954952982
39 44.829074074014045
40 32.88944308908049
41 41.988909673980835
42 38.11259117611876
43 63.14443525709027
44 23.122383653671616
45 39.216519407695365
46 57.52958019342096
47 45.285465917217614
48 7.693434589583782
49 46.46781467360003
50 24.4981754912119
51 51.42274873865957
52 12.893668291171018
53 19.395682681967745
54 2.3001049570159657
55 51.55371116716187
56 21.36812030994147
57 29.851630913333775
58 41.549392909458994
59 14.470040944788519
60 38.96345414796338
61 8.106896585334738
62 4.726130441438104
63 16.939702956843245
64 64.49775897028059
65 28.921178371713324
66 73.47741509553217
67 52.3209387467645
68 32.11985273754866
69 50.280756389326115
70 19.111974611810613
71 28.31899837388816
72 66.43626872320397
73 27.319245571920163
74 21.707004063723964
75 13.428747753694436
76 38.576268485170026
77 17.130488292784886
78 10.644810369352628
79 54.34118120956265
80 42.051095148001885
81 6.039595172750501
82 18.442669823001495
83 42.27398722224689
84 24.975336133302648
85 54.65845210932373
86 26.562803724637433
87 42.240343177740954
88 72.22500831040172
89 19.262267055899212
90 16.992686518901678
91 20.97654902061135
92 20.42178245511234
93 39.620617715232434
94 26.71021308935361
95 28.582361507029745
96 55.07397298396442
97 17.334062614038885
98 21.56197810790145
99 12.388296138310523
100 21.313920442961315
101 21.570220327413452
102 0.7127176156961098
103 0.8744775016943946
104 0.6788158267978106
105 0.7481837448518652
106 0.7041001144845497
107 0.8457881125548158
108 0.19811083343415026
109 0.86323914779653
110 0.6637026014665532
111 0.4379805555593752
112 0.8346109293323917
113 0.34072398881940197
114 0.6407902327309475
115 0.5281934978982648
116 0.7063373824954398
117 0.5922411446594011
118 0.6411188607914721
119 0.3071475480971032
120 0.7494969757223047
121 0.5632314049460001
122 0.49319977126788095
123 0.27595172888474495
124 0.48669117993931604
125 0.5858466917538782
126 0.6524027348623478
127 0.6412621608004546
128 0.6335937130475989
129 0.8242804913167409
130 0.6454040677895523
131 0.5142713657213174
132 1.0229088112738596
133 0.8902906416331764
134 0.49583473074675893
135 0.4454803237997671
136 0.40204951401388506
137 0.6622400152310242
138 0.5524871710421719
139 1.099541185596173
140 0.9343396506447457
141 0.7049635666954108
142 0.9412084356049522
143 1.0159863129564621
144 0.7567849015061503
145 0.9449415140486614
146 0.36392581707678817
147 0.7352610232256053
148 0.8035662343759414
149 0.5179649365383294
150 0.6228391653563023
151 0.8960047755971523
152 0.19811083343415026
153 0.27595172888474495
154 0.45312266810337465
155 1.3240558964142894
156 0.48395794874332576
157 0.568951277707487
158 0.4641267850028352
159 0.6568989920635036
160 0.7333114187176657
161 1.1141687001913843
162 0.3518309173964598
163 0.7122797211585898
164 0.639909990664187
165 0.4947801789634667
166 1.274940903334627
167 1.0191723185003538
168 1.254127249468724
169 0.4866961238349242
170 1.0556937592024909
171 1.1260899149643875
172 0.6900277312544103
173 0.8624380922858352
174 0.28269594840113743
175 0.5731595378649241
176 0.39834220765615436
177 0.5090991373598248
178 0.328399805960474
179 0.7358781987354945
180 0.7348399958374124
181 0.9781559388305724
182 0.2746645514374369
183 1.1441988238266487
184 0.5828154483083504
185 1.0783173147714762
186 0.9325292268179801
187 1.5489000065099554
188 0.491192369113583
189 1.145795036658602
190 0.9034852104203519
191 1.3270624269591256
192 0.18648931079449382
193 0.4752574798013358
194 0.469434186083007
195 0.9939217440782321
196 0.9945537461181215
197 0.5701712432262895
198 0.4870830715921111
199 2.1018506080705084
200 2.5017831073165837
201 1.3720017702844218
202 6.186154863871429
203 3.099277597437898
204 4.286902253197159
205 7.162697979150375
206 1.7942101293058819
207 5.13049939114824
208 4.185765112990519
209 8.236408545820813
210 5.110562023890713
211 0.40729746738740863
212 14.64583515378956
213 3.26798721257412
214 12.642362997709643
215 4.395615281016247
216 7.519263112668795
217 6.524844943494699
218 7.428451365459038
219 3.015235966173492
220 6.176374156853174
221 5.9513384931728694
222 4.9069519515183435
223 1.3113278738621366
224 5.449471410238666
225 2.8796122512101863
226 6.886804677256549
227 1.815808273288776
228 10.345445761050575
229 7.566285861097078
230 6.020423481384853
231 8.540677760419204
232 2.0513305455117012
233 8.599618864568257
234 3.117386934044838
235 2.075131210898849
236 4.4740409954561695
237 9.326416647679505
238 2.4623613729711176
239 5.6908110009857396
240 5.399278729883118
241 6.676987433607985
242 4.482309779359738
243 6.256377691323647
244 6.100490870784484
245 11.49642478259856
246 8.131261062013404
247 4.043880024052741
248 7.24026603738921
249 6.62179690766167
250 5.909680804009253
251 2.4819226834685137
252 0.6759615030888422
253 0.4533773982135577
254 0.27257796509329363
255 0.38797986057428835
256 0.9647211316555444
257 0.9136153559886235
258 0.7919922703978103
259 0.256996013686862
260 0.8292399701238895
261 0.39699271814077736
262 0.449245801401399
263 0.6235285738464366
264 0.5368448829496308
265 1.1788721397213437
266 0.6417186411516534
267 0.3893310896193159
268 0.48541893197496055
269 0.9961330336170229
270 0.7458739597383071
271 0.7009672367614546
272 0.5445519911038824
273 0.6464917678761231
274 0.18488706905747387
275 1.0400450673888955
276 0.7641278419005422
277 0.5921359391515115
278 0.3797387956439847
279 0.64680036813843
280 0.7231159773864431
281 0.2991556403574558
282 0.6245391882993137
283 0.5486349030202514
284 0.7364236399026722
285 0.7882822459007701
286 0.898107095351212
287 0.4411141764101754
288 0.7219298399453482
289 0.7335701687144187
290 0.7768854250262691
291 0.2932779456167915
292 0.3507780438698495
293 0.8412398634729746
294 0.0883340676327583
295 0.9215108499582478
296 0.5826852377531588
297 0.35888419607529215
298 0.5753633868220027
299 0.2744806355384314
300 0.5920534461634219
301 0.375067843135365
302 0.0883340676327583
303 0.18488706905747387
304 0.22316240893234374
305 0.6299308485392281
306 0.34541493855440264
307 0.2688402881577813
308 0.4748862510850818
309 0.737317299398343
310 0.24727011880200708
311 0.4077417607577465
312 0.26888105377104277
313 0.7180805151438494
314 0.9081052505809535
315 0.5994373014321276
316 0.6943852746788917
317 0.6463551103496039
318 0.3476270234755578
319 1.4892394129170374
320 0.4199174603487415
321 0.7035202246228649
322 1.107460490092905
323 0.5127465687716488
324 0.3200598404460052
325 1.3312724875695205
326 0.58113048060918
327 2.0571703733052042
328 0.785444885566247
329 0.9883008232048494
330 0.8442631621601566
331 0.737522363535668
332 0.6494074570381395
333 0.88138157610769
334 0.594183230730299
335 0.7774914001128461
336 0.29284666164853995
337 0.8251887081362845
338 0.5432601416924929
339 1.2555667481135546
340 0.5397382252198465
341 0.4725308675542754
342 0.7521029343102201
343 0.4506595340784629
344 1.0059646877147224
345 0.5472439353731471
346 1.762452104565295
347 1.057055738395814
348 0.18172091739923368
349 1.4618020613653582
350 0.48245780494420565
351 0.4272315697978907
352 2.963196751920311
353 5.08417475069164
354 12.420449827122992
355 2.997960676831039
356 7.431377258965035
357 7.3112231014011755
358 6.284503314939954
359 15.535928191797932
360 0.7062874443574269
361 5.837945344366427
362 4.5978871026371415
363 4.22320102319292
364 9.904151390392403
365 5.451425662317639
366 4.977072586232151
367 3.020223385092317
368 2.417465039958924
369 3.6167062981735834
370 3.762984014239157
371 3.1993535707327405
372 14.381816356901595
373 4.095156608072313
374 5.529561078886962
375 10.416380825240262
376 3.532580395329519
377 4.626418730363384
378 4.59420051209793
379 2.416345925797539
380 4.26633617969536
381 5.323354569449538
382 6.473208382361359
383 4.574430635050862
384 10.587220811224924
385 6.780209279844892
386 3.02107139175143
387 7.914243968833038
388 3.4218982304808288
389 0.9417526199507693
390 0.6579011131640157
391 8.59463099389161
392 10.70099122679824
393 10.362213227088866
394 3.9919519590396444
395 1.8339385049464692
396 4.534341260034227
397 2.6514488471495787
398 7.588573854477892
399 10.839790944101631
400 8.139704257958147
401 9.257506290975332
402 0.47231355243500167
403 0.39175851408878737
404 0.3174612073972457
405 1.097251765220308
406 0.20100895323649132
407 0.40204060924011586
408 0.518841195716783
409 0.6384790862586955
410 0.5448113680106771
411 0.6760972976090488
412 0.9933114580473908
413 0.21950166313418443
414 0.48011786494739006
415 0.5855942895222359
416 0.4339665311192845
417 0.2196792772494608
418 1.350883939531316
419 1.1547305790711864
420 0.525814503054895
421 0.3794891702290436
422 0.5977388223440326
423 0.29110490969729513
424 0.8969180284780618
425 0.8334476434030424
426 0.5556972485064564
427 0.5555633042893734
428 0.2913391362602542
429 0.5181925045130285
430 0.786331110561503
431 0.7110931998397314
432 0.9007811499202737
433 0.44586764676736435
434 0.61999931352686
435 0.7336167292282758
436 0.799576006467674
437 0.8121835549147443
438 0.6245678346570321
439 0.6343322599749035
440 0.5630390617412611
441 0.5791292495674643
442 0.5738448140749528
443 0.9371778664709765
444 0.4597027761457141
445 0.4260648012011993
446 0.49424929841366594
447 0.38115684477568235
448 0.5328427591592408
449 0.5724942585620114
450 0.4088935646460007
451 0.7425705991697635
452 0.0883340676327583
453 0.18172091739923368
454 0.5259506427467182
455 0.307549989175982
456 0.16844357549685787
457 0.3718553233068557
458 0.23871912338914503
459 0.29925384334749383
460 0.4330852773156605
461 0.4379225106370428
462 0.2536436210949631
463 1.1747508750816267
464 0.5103790756363955
465 0.14979304995513154
466 0.24326251946331512
467 0.3415443412316912
468 0.9323533428630366
469 1.1134408836169336
470 0.31075908619042764
471 0.3780491373204151
472 0.29827918912798623
473 0.28772631312039565
474 0.5491788690588959
475 0.3235848267458904
476 0.2534135536282468
477 0.34395197561243757
478 1.1873360672764586
479 0.23232883480652358
480 0.27805713051345127
481 0.2432035794079326
482 0.23040902503671676
483 0.8781921491760794
484 0.4689491865244366
485 0.5474683501041357
486 0.23387954156444093
487 0.23940941867147625
488 0.6929737351277947
489 0.7978176560062601
490 0.5105531693575791
491 0.7771042451427035
492 0.46225772892948014
493 0.36795538963623664
494 0.22488549684455658
495 0.7083205634493637
496 0.659779176257774
497 0.7419049717923742
498 0.34919415765663464
499 0.6178645868121397
500 0.5033016200665759
501 0.2918903070658643
evaluations raw_y
1 47.123421254236035
2 30.340693391365022
3 49.444896248251794
4 26.09832487901783
5 52.7733283330089
6 79.33798142773115
7 41.82587921704111
8 47.429801349473436
9 58.917772193370645
10 39.38873378299061
11 39.880595504027845
12 37.98678376344921
13 41.144312816496154
14 23.350300453438305
15 52.907271635085344
16 43.61780586513937
17 30.03182429336958
18 41.64180751916108
19 36.69859379030785
20 49.69858298273621
21 37.141883946591015
22 71.7806236340239
23 65.54453139012365
24 49.95035015571122
25 86.85975915572175
26 31.169864970315235
27 55.4179795349205
28 37.068643834085236
29 68.02071888944688
30 51.82394229531523
31 55.515642254699
32 50.04354845327118
33 30.658867136297562
34 42.99628952466238
35 29.78650132392621
36 34.75560428627182
37 40.674205857713325
38 38.78799233864988
39 54.037667659552206
40 70.45496202460338
41 41.23905768439749
42 37.234114379202346
43 60.82238429666967
44 77.15981820327022
45 39.1603249457637
46 62.884579834685724
47 13.858115105073772
48 34.83450514412385
49 37.73295071132427
50 42.395395045775224
51 72.54627766252098
52 7.7405901355344575
53 47.79414365241871
54 42.22742843155609
55 25.978176039299196
56 29.222334887149135
57 50.29452868845931
58 57.101404447630216
59 11.82882754198066
60 37.245047654238085
61 17.96486763911527
62 37.37543232491451
63 23.852770625859883
64 27.286063646881438
65 34.81752794815383
66 43.175348051729806
67 52.25508765950282
68 51.12259285819045
69 26.91396508711767
70 39.15076043590693
71 56.921973685043845
72 49.24148705871692
73 43.8474956961457
74 49.61898463489977
75 47.336193220195334
76 27.022787166796263
77 95.87460711487125
78 38.81417952139094
79 37.36786003371344
80 32.57068957735764
81 54.903703286741994
82 24.5880919394316
83 57.02585178149815
84 74.281126542369
85 51.810027898211274
86 55.62291426622027
87 70.41715829193018
88 57.76687547074473
89 39.35865795434083
90 15.398033298632336
91 82.74650852998882
92 32.43219595422354
93 24.395074491976132
94 49.58568946981551
95 40.564697542816624
96 76.70879915424018
97 40.837164021062435
98 86.3741591704308
99 35.41597657857799
100 14.921145008119574
101 83.9665218832087
102 1.1187180857747356
103 0.39706552771151915
104 0.5626314654654484
105 1.0292027531988837
106 0.6928505757340535
107 0.6656088912654761
108 0.9523314546383892
109 0.19292746882029865
110 1.0894067421174303
111 0.8559326191355934
112 0.3223651079655959
113 0.39576992801190863
114 0.6092503555133036
115 0.9171917160134255
116 0.5252187746355896
117 0.24356917819090906
118 1.4496717410309252
119 0.5546077838364438
120 0.7124979210979874
121 1.0395387250592143
122 0.7002160587618956
123 0.7005446078278199
124 0.11483180923343969
125 0.6307093925705634
126 1.0376051009587455
127 0.6184619389133915
128 0.9474291421078697
129 1.0501198572770434
130 0.8294801154223034
131 0.33570627621642923
132 0.6480830617324682
133 0.8759493918579273
134 0.07871411478904981
135 0.849499420559479
136 0.7730372454684051
137 0.49601674899626236
138 0.39130613849809903
139 0.5129103789284464
140 0.4142590056055232
141 0.5552969708628402
142 1.0591459329287833
143 0.5922444373214696
144 0.6761201949052215
145 0.5340306107321373
146 0.4300627807814463
147 0.559422791571877
148 0.43817753251892655
149 0.885748015429054
150 0.31883062270396834
151 0.9094319558125066
152 0.07871411478904981
153 0.11483180923343969
154 0.3527625953511443
155 1.3684342352082868
156 0.09073843155679923
157 0.29728460839999576
158 1.0015042576100677
159 0.6988564298351055
160 0.9026959616094921
161 0.7084863586341823
162 0.24912382165712957
163 1.7064925597779437
164 0.5790447864985
165 0.4153975282939232
166 0.8088607316014905
167 1.1422512893120906
168 1.172091593212813
169 0.8650286753784943
170 0.7250422674132663
171 1.17886673281835
172 0.5328096440526121
173 0.4177727613089031
174 0.5108851902296978
175 0.5204335707001507
176 0.23581356611776688
177 2.0301970493839345
178 0.9313504695091128
179 0.23469488724349422
180 0.6340413756526928
181 0.23107361103523552
182 0.9408560060892139
183 0.7930326349712336
184 0.5606401159588119
185 0.6209665546252858
186 0.7816586674827743
187 1.0388781993629916
188 0.5562743090290166
189 0.20349077809760296
190 2.097133511934722
191 0.5575854799273312
192 0.07829321919248078
193 1.9733252767449623
194 0.5182430106192593
195 2.0293701823638384
196 1.0205551333875746
197 1.0360935548473456
198 0.7263090223001492
199 1.45014022997744
200 0.7938429575638613
201 1.9463535690621945
202 1.9678290929864648
203 5.54822906151159
204 4.723886334391112
205 6.885758580429001
206 4.286713043486282
207 0.7313553523153113
208 7.5053003723202085
209 3.208569911655104
210 10.997262660954204
211 18.780319650857173
212 5.566666670802074
213 3.4287123170719203
214 2.53220965546357
215 1.449005649034685
216 5.40096100423228
217 2.2989457898516106
218 2.720516077138432
219 1.6005444368787525
220 14.595679732762317
221 0.6072875658647554
222 9.061429653725877
223 2.960561925806084
224 1.2242604307653528
225 11.732648873882603
226 12.508771112952626
227 3.4492379914624967
228 3.426905921607236
229 13.906585135478345
230 3.9251525675891235
231 1.4413809459467546
232 9.891819539520418
233 3.4628250932086733
234 9.748805707429891
235 2.3410320075079425
236 5.076165789621551
237 3.665595876544685
238 16.241039342300063
239 2.329143855296948
240 8.580778758675132
241 1.1882984310632285
242 3.015019588171724
243 1.9500831711757718
244 2.5842092249123216
245 12.616945244967573
246 4.006571372242768
247 2.562006960308732
248 0.7523854375771573
249 5.277591480010697
250 2.9556707828425264
251 1.9876266328522325
252 1.3995447290085048
253 1.4894187571858337
254 1.2081473970584782
255 0.45792724227610987
256 0.5516563124355686
257 0.3505250384567664
258 0.3940705569792197
259 0.3733128747865066
260 0.8292995494219406
261 0.8347492893383965
262 0.42054508491564785
263 0.656895356306453
264 0.3874951791326938
265 0.48447274517794053
266 0.9360239573931769
267 0.5776988907679118
268 0.6232301791446246
269 0.9676282595374822
270 0.41039705927695547
271 0.7320229240567959
272 0.48149270894154095
273 0.18226276017926935
274 1.1824142434832268
275 0.654531904165039
276 0.3065428333088408
277 0.960372822535353
278 0.7626104517845167
279 0.3772175855413913
280 0.8673450903936157
281 0.2931288463513345
282 0.5404835770791901
283 1.2276841309130309
284 0.9811991762416222
285 0.2133752733967611
286 0.4867633258363038
287 0.7575055306215532
288 0.4409992404505446
289 0.30656935108980227
290 0.4640435000099085
291 0.7347322599093346
292 0.289421007929756
293 0.4488826894268797
294 0.7779953824623693
295 0.24261648309150696
296 0.8142530346064503
297 1.2894155531267568
298 0.6756539431761222
299 1.044434076195694
300 1.1369683584706403
301 1.9071535454274762
302 0.07829321919248078
303 0.07871411478904981
304 0.09073843155679923
305 0.11483180923343969
306 0.8121506637832998
307 0.5431345483477019
308 0.09816922261779742
309 0.34797177901098436
310 0.30808499451572036
311 0.7319674133485246
312 0.36616320056761564
313 0.6882909016793778
314 0.4112638547160182
315 0.6017393944713131
316 0.7438634353290073
317 0.7482838058697363
318 0.17724996205217328
319 0.301926218648492
320 0.14651993444968864
321 0.7525301969454513
322 0.4356734672292272
323 0.7541050097867754
324 0.5995982852635056
325 0.5563898419919414
326 1.351929442384762
327 0.46334672870438787
328 0.7399287190325866
329 0.30757276437699194
330 0.4995341581223529
331 0.5757094599611055
332 0.4921344243223501
333 1.166889889551085
334 0.26679354257876897
335 1.4906217660224177
336 0.6990118173994482
337 1.245960255794161
338 0.5471193727199113
339 0.45321265023427565
340 0.7146711193339088
341 1.3102213555016267
342 1.0828874457341868
343 0.6505563384118002
344 1.607894317585709
345 0.7120453748758946
346 0.3730466568038956
347 0.18657976383812136
348 0.3858469030113158
349 2.557152178067043
350 0.727680693190609
351 1.2071824368984219
352 4.694152911700893
353 2.0402618883956474
354 7.309307874319267
355 11.026748843862999
356 6.027163322501755
357 6.930456685513455
358 13.21717421563204
359 3.87380870714468
360 5.134722273744398
361 2.0118303451808943
362 3.738632457499677
363 7.621189076820842
364 4.811877660408739
365 2.940441625002549
366 8.612711630758737
367 7.589373445894757
368 2.8651407221770175
369 10.69567362420962
370 1.7821953787330749
371 12.715336142227258
372 10.235154673808509
373 3.6856562166292717
374 3.842855328041433
375 8.696081039273166
376 8.122852676690655
377 3.097795486615199
378 18.668469746769873
379 1.4708947617693378
380 3.783512341544915
381 2.663315908254542
382 7.286605714400587
383 4.443866011662547
384 6.130166715472255
385 2.5157410895078716
386 2.8548330572410707
387 11.092353741287173
388 1.2088431509341786
389 2.4319293779377773
390 1.452028537479184
391 2.6284925689767427
392 1.9992207854846422
393 3.1537843399280607
394 5.2776901206677564
395 2.430480511814957
396 6.850833663756252
397 6.570119159210602
398 2.794008648742642
399 1.7349885270620338
400 3.330229915103401
401 8.872822211992544
402 0.9475899676412731
403 0.20328456589312835
404 0.8494488863025661
405 0.4908817504164708
406 0.475857926646046
407 0.9989228016424485
408 0.46846304413079437
409 0.794525944910276
410 0.9528107483996762
411 0.9486817587712464
412 0.49359448492127384
413 0.3723009979183166
414 0.5688042456600055
415 0.7424214834300203
416 0.41326669533450255
417 0.9922102062319168
418 0.26191707994211033
419 0.5249341003868879
420 0.6668315306921954
421 0.21520995367965873
422 0.4724658894502478
423 0.835627732813188
424 0.5046925039248742
425 1.0105481666628215
426 0.29660271392171106
427 0.9155308926845833
428 1.035125131105122
429 0.7691808073577485
430 1.0300411534392993
431 0.9218028094791715
432 0.5383391554188115
433 0.16553764449503694
434 0.20328970406812139
435 0.9365569314429092
436 0.4273851124934974
437 0.2749772603436493
438 0.475491316080934
439 0.3273903042298546
440 0.25611557293099474
441 0.4023363831393735
442 0.826466117402814
443 0.782202385223441
444 0.7903104727947731
445 1.7225122287358652
446 0.38228814464803995
447 1.5358991615795385
448 0.6177999687787596
449 0.623252810268745
450 0.851643384507605
451 0.5533487074255417
452 0.07829321919248078
453 0.07871411478904981
454 0.09073843155679923
455 0.21402312403552673
456 0.3180890398563065
457 0.7027848765019696
458 0.4632569934158818
459 0.314514314519166
460 0.4680451927253134
461 0.16324592096534962
462 0.6382284119884353
463 0.4249787494149529
464 0.45685879882196767
465 0.45095545726090513
466 0.47851177456511884
467 0.5008277947522779
468 0.3709607948336244
469 0.5788554434527284
470 0.2796664345782032
471 0.30194217212833807
472 0.7297667159910719
473 0.12069361651832358
474 0.44805465569554453
475 0.5697338786022692
476 0.6716646304570203
477 1.0507412448310598
478 0.3459120972440188
479 0.39390167271486537
480 0.36966584754074516
481 0.5990076316617884
482 0.3588253215321219
483 0.3907369567444948
484 0.7532987822025177
485 0.21620247025463962
486 0.11019357910101658
487 0.4351144288922978
488 0.25633833369972625
489 0.39464688841610707
490 0.3358499551249729
491 0.3572912118953522
492 0.2790108751860749
493 0.8540812896352599
494 0.5995515526952091
495 0.21055005740097343
496 0.2356809329108877
497 0.3106906647377529
498 0.920737510034832
499 0.21162461941911223
500 0.4147509267205901
501 0.6025500082310536
evaluations raw_y
1 23.823103558603705
2 22.274631926702693
3 25.292450208609754
4 50.144439139218825
5 49.40088464054288
6 34.00305738966988
7 10.913805466628673
8 26.32928609029775
9 40.02549399900437
10 29.121208696590156
11 32.6619427113558
12 93.39888848174482
13 32.46309491715501
14 46.18579465485971
15 21.16217163450236
16 44.74568684800555
17 27.092936318213308
18 40.59050006149658
19 40.769903664605884
20 30.852417378125708
21 49.90364758677241
22 28.918685923615815
23 24.55773762112435
24 23.422358318551336
25 35.66809695121559
26 44.61573831238387
27 33.71602828373318
28 63.21482986030377
29 40.995893500203834
30 44.60381235676172
31 61.78379965522749
32 52.65265764857594
33 21.27348713253355
34 29.94653831823858
35 32.51559040530069
36 40.57431648820722
37 22.595965468633505
38 63.81621170011652
39 51.49581758830675
40 41.78768591978294
41 33.00171904404706
42 47.567239141272935
43 54.118420334830674
44 34.037987569998464
45 54.96600093266248
46 43.075694989073206
47 23.593009053836685
48 35.77496982336939
49 25.421986403719583
50 48.21162572047123
51 40.30742954444183
52 19.73679451446304
53 26.370080703973265
54 38.35600829092593
55 28.905505374974346
56 36.366577308257625
57 62.268837759062244
58 22.895234238083898
59 19.459382321269644
60 37.86218180162415
61 23.37817142118959
62 38.331833339365
63 8.157464177940243
64 28.588825279776522
65 39.541597093008036
66 34.582422301351784
67 17.788857915360555
68 36.771822557591555
69 54.92240879103054
70 42.72410610931585
71 25.58198764475734
72 29.139212596227797
73 10.214380974302061
74 27.881489791239304
75 76.9411479820648
76 53.18461641801199
77 39.39796628518331
78 38.59867139475116
79 34.903244505491365
80 56.750961373721374
81 27.544476159282226
82 8.183303602190408
83 48.56634336454104
84 36.82980500537997
85 52.027956001388766
86 24.872742550543606
87 46.47253279361938
88 21.38303211497977
89 34.94436252767547
90 39.26101256651473
91 17.03780978327819
92 40.53997450985338
93 49.40492695555359
94 13.373431492610965
95 51.886857742884146
96 35.518029553817556
97 29.16505475009959
98 13.48697799116902
99 45.137081312947345
100 35.015054607230674
101 94.47414144233586
102 0.5347763217627395
103 0.2662945816985177
104 0.5350232889187385
105 0.8252766812898991
106 1.0706731217384633
107 0.3497506392810613
108 0.6540750355546938
109 1.131697952676463
110 0.5424652836743175
111 0.35404802590563617
112 0.979954990853457
113 0.385584103000436
114 0.9848750084309196
115 0.5544538164139737
116 0.7712445343744067
117 0.6806760151276476
118 1.2792609689336087
119 0.30894757952957275
120 0.4403415867549501
121 0.26041056120578954
122 0.698008078291725
123 0.3630220893482013
124 1.4100094899050755
125 0.3904157032992795
126 0.34263955460997475
127 0.6009723466671129
128 0.34920687153017294
129 0.7479191365916187
130 0.22639864162835216
131 0.30464497788161726
132 0.5186870674402755
133 0.8012552256558538
134 0.5915815220416738
135 0.3788582143514317
136 0.1871809877022776
137 0.9911305571054463
138 0.7388602615552403
139 0.23583042884918762
140 0.5989511417780928
141 0.5196090538398456
142 0.6118430941784536
143 0.9470392188090171
144 0.5958088750544485
145 0.7215467300870291
146 0.9931575664019018
147 0.5237700372030493
148 0.2832308977071101
149 0.32701211840655575
150 0.7359737004059825
151 1.0009489179845599
152 0.1871809877022776
153 0.22639864162835216
154 0.23583042884918762
155 0.35087634505443455
156 0.7911245703186066
157 0.9179680292944471
158 0.7331158992652986
159 0.34415527646100263
160 0.6876614806310152
161 0.404895762120127
162 1.418712515230261
163 0.5147724094117221
164 0.49651390782914945
165 0.5774372622415141
166 0.37865579856366316
167 0.5298724949826397
168 0.5924811373675647
169 0.4113571885339609
170 1.1310011130856665
171 0.5384306458810035
172 0.9118091895475731
173 0.7732594931953832
174 0.39781660318649603
175 0.8160213525436166
176 0.23189736618062404
177 0.6604189050653057
178 0.7705211164975303
179 0.8946388560357201
180 0.9504137314665441
181 0.7017393129460504
182 1.5819353343712557
183 0.4803190115184647
184 0.7281070006557838
185 0.3751073952704709
186 0.6524613335242528
187 0.7411041631049853
188 1.0207433358566913
189 1.0165584781801489
190 0.9052604092164486
191 2.4410289055392624
192 0.4005634912299366
193 0.3892522271804383
194 0.5110562843365338
195 0.8257687160551104
196 1.1689328988139278
197 0.2599400093982033
198 2.0640426096708353
199 0.33399671258084573
200 0.3802143248793323
201 1.8874213446173582
202 4.093159680457298
203 6.539467475694785
204 2.584379380088466
205 0.7414514271899293
206 1.2259011223291023
207 6.2237800957922325
208 6.070663424596648
209 1.695397152461878
210 3.299065473841042
211 7.513404293702926
212 6.134888253391076
213 5.933863114018516
214 4.55471857544166
215 1.9922194026174629
216 5.903847453916196
217 3.7127996597619504
218 6.995210090876882
219 4.107002377749652
220 6.70408714404105
221 11.63794751599512
222 0.683881008422793
223 9.275407367707123
224 13.203630851670557
225 4.018467791506243
226 4.20417509483891
227 0.4799745657684348
228 8.859780618138059
229 8.858829015532203
230 8.153893552858555
231 5.573154571122991
232 5.090740519214214
233 3.1197139374886493
234 3.0329380889011786
235 2.439546272048231
236 1.1144775146718056
237 10.841537393224055
238 1.7755292863791867
239 1.8992967465703576
240 3.801966292343921
241 6.2522619575135305
242 2.5186758617652276
243 6.532020126977129
244 2.6150628294042666
245 2.6658124778425987
246 1.602023888510843
247 9.15019678080162
248 6.633016887105095
249 13.744069822806784
250 13.197260990710566
251 4.490933695654424
252 1.183853762930195
253 0.7419006649646305
254 0.233820099950123
255 1.3284081975722017
256 0.7474794008544842
257 0.7797008790091726
258 1.2138198597084964
259 0.3992839879611364
260 0.5535071768770191
261 0.8570477496227826
262 0.2177891829416389
263 0.7175757606433877
264 0.25506000577302124
265 0.27926812118835165
266 0.48558394230665647
267 0.37345182795627896
268 0.9180474778286543
269 0.5612512181818302
270 0.44487886913102054
271 0.7346577027299275
272 0.4847349948339345
273 0.4357731740214047
274 0.2286732103845303
275 0.5597383783211158
276 0.37446591643785954
277 0.7447001119586237
278 0.695186630967839
279 0.7039622639406152
280 0.6334385101860681
281 0.7970038647057729
282 0.738750464734914
283 0.94184180006303
284 1.674598812395908
285 0.2786209175502567
286 0.9835233174284674
287 0.7822969238568693
288 0.5362731333737782
289 0.42990134022332654
290 0.4396462942917455
291 0.5651977981396301
292 0.36645898308350827
293 0.3656965866678046
294 0.43605454111373143
295 0.27262735500739066
296 0.5352096820828719
297 0.9360295870771144
298 0.6994195890757686
299 0.39724751749179654
300 0.42754065733531865
301 0.8144603925280623
302 0.1871809877022776
303 0.2177891829416389
304 0.22639864162835216
305 0.1907525150278594
306 0.1006498192555042
307 0.3444067537939467
308 0.7049437255198066
309 1.6937299837317865
310 0.3820649522085617
311 0.5964793377766608
312 0.25956719272861295
313 0.4078485964303067
314 0.3853032206943749
315 1.4321602674212741
316 0.6099939485075813
317 0.47550563856778943
318 0.48260502780564596
319 0.7182613198025776
320 0.5994967084058263
321 0.27433271287207883
322 0.301401520260447
323 0.2538578442482888
324 0.45315897399022476
325 0.8944608273051947
326 0.37745453202176765
327 0.34942044519071475
328 0.6088096949669153
329 0.35957300825091776
330 1.3568491854540636
331 0.9859894403768723
332 0.28942004094051593
333 1.5121638303146652
334 1.5379503159822763
335 0.5609912814364162
336 0.4180222803060674
337 1.120782122943692
338 0.7901453897109465
339 0.4266964176071524
340 0.6230421374326234
341 1.1960774081360754
342 0.8666065830851408
343 0.2826486443990137
344 0.2635970507204599
345 0.2293567638044343
346 0.41609354265871845
347 0.3799555545623012
348 0.19358987639311784
349 0.4550725566317556
350 1.0887909352141993
351 0.15683567514917784
352 3.8506714878420354
353 15.981141982534345
354 6.551608244655677
355 5.146348912254667
356 2.5456129531815006
357 15.220045218704378
358 6.403203307842269
359 8.733791916204408
360 5.4189839399775686
361 4.578274756029151
362 2.346601950841636
363 5.053430511641408
364 3.3976688509455446
365 9.022586549238637
366 6.417863709771037
367 5.261870516730741
368 1.1400932458892052
369 4.741636181683226
370 1.6986189302466874
371 2.0542475801532865
372 8.290965196133175
373 5.460824825979104
374 4.7294049122146005
375 7.426212457073638
376 0.8889123833543964
377 3.39343208389976
378 2.561446606265659
379 5.9223109288464295
380 4.249222115474135
381 2.1534573689026235
382 0.9690306295374769
383 1.8076321507658952
384 5.769710306348758
385 5.113542735464347
386 1.2546254699003538
387 1.5190691703732373
388 4.863321167288662
389 0.7281468805008577
390 1.4480665441087757
391 2.3343687431540516
392 4.673321879419646
393 6.516847668023934
394 7.089792212250747
395 11.600656671179163
396 10.18496723325673
397 8.64474740696523
398 1.9976174800733335
399 7.307025935361264
400 14.208727978153709
401 3.4397008632680337
402 0.6617532505976124
403 0.8459076048201026
404 0.37394883957919356
405 0.5046045070423785
406 0.17403357644678527
407 0.48813508409353157
408 0.3699336445009672
409 0.2070017040564027
410 1.4335898553399962
411 0.5381436610334466
412 1.3614205874496905
413 0.5904956814826914
414 0.6200606440857639
415 0.8255186478722001
416 0.13357301491704926
417 1.1280109959233842
418 0.46693367033341293
419 0.37758724046437053
420 0.769148115896723
421 0.670356080188259
422 0.5296640348021949
423 0.7857051348288543
424 0.3317443364976218
425 0.5209172192958811
426 0.4155213800498917
427 0.7251488933518399
428 0.3518512461543733
429 0.4440238324916334
430 0.7043311602007742
431 1.082326015932087
432 0.1691533994657719
433 1.2510317370760655
434 1.113968903468192
435 0.5532570294938951
436 0.6059602131760513
437 0.9377292713730145
438 0.20105867523689192
439 0.7294507000365344
440 0.7385865693124123
441 0.1106024126708533
442 0.45205790953842073
443 0.43251034280064665
444 0.3958290953121705
445 0.43161271860897993
446 0.2593545487566715
447 0.5659907609000556
448 0.34280239908579657
449 0.9443882369156815
450 0.41936479056754483
451 0.43976244150321087
452 0.1006498192555042
453 0.1106024126708533
454 0.21785950259409928
455 0.15390730541687325
456 0.18215692334552674
457 0.2581933189445057
458 0.9728934275290786
459 0.32886235700401223
460 0.5245654882943955
461 0.2795601894433216
462 0.44928775878813726
463 0.9967890563220253
464 0.38216808963563587
465 0.31841592003158037
466 0.34408402195047705
467 0.40960585176469433
468 0.3693728784728436
469 0.19967181203976817
470 0.2545585399539111
471 0.682485549205066
472 0.24611642081036794
473 0.6844836864714794
474 0.254446789124422
475 0.30147519213048707
476 0.3534821606435305
477 0.1746945400008244
478 0.7567098816762561
479 0.31574015571205416
480 0.17046853756523775
481 0.7371106647025213
482 0.2770570843363546
483 0.25000127779991804
484 0.6446514544383564
485 0.24893712769153328
486 0.7101951408817337
487 0.26575944928825906
488 0.3352446746139427
489 0.19978982559417324
490 0.24496587696231015
491 0.44960216004349424
492 0.33903634589849213
493 0.5198112269457931
494 0.802996911428496
495 0.297504814099253
496 0.17101346747463553
497 0.28003270532970687
498 0.2317760739139073
499 0.5132214272877115
500 0.46641036860555296
501 1.0246626843364552
evaluations raw_y
1 24.803166234051908
2 58.471618392796096
3 32.2507473080894
4 30.113689412784332
5 20.856971669357577
6 39.6194088466125
7 55.43052619779486
8 28.840105095275813
9 10.485391341949622
10 23.256544096703763
11 34.62731175755693
12 20.002978431676464
13 10.803576417586125
14 55.12795010187495
15 11.736550209836471
16 74.13717962918564
17 47.84679294474435
18 39.88028691298722
19 25.413834094744423
20 30.36391443007325
21 57.31668600456825
22 43.62676576449633
23 36.50608479158597
24 50.88877551901803
25 20.966268574862248
26 61.21367024015565
27 61.28098956057053
28 46.551183877894054
29 39.263956755729446
30 37.31603683448496
31 45.07946137607872
32 48.411217705468175
33 40.968853053639194
34 60.45126020732896
35 20.998036958548877
36 42.514334635218304
37 55.0320602039785
38 61.53787425699489
39 45.67273154235508
40 52.193506029770475
41 64.75010289684575
42 4.04194470240686
43 39.158490417771326
44 61.134361088551806
45 23.889153889981507
46 27.363267051497868
47 36.925641000867536
48 41.800754097602656
49 47.8456385843518
50 57.619776829215596
51 29.64236887033679
52 9.99807857993299
53 35.73403930916549
54 13.572836789452635
55 22.80551928832137
56 22.244771294004494
57 11.742893662708369
58 13.312852910213694
59 11.682977591945303
60 32.123464509852965
61 21.162459866081804
62 24.403031325039706
63 11.473209212568428
64 32.7120936643907
65 36.53224538206135
66 19.57441096988947
67 19.5960994688265
68 29.19858072571193
69 26.428239065557644
70 22.202108006928785
71 18.026798062459466
72 15.698542528410456
73 35.14449776276068
74 16.548698866227745
75 45.5193541372574
76 22.68882876578795
77 5.589252696417221
78 27.70991218730921
79 19.659583635091526
80 13.919449636831096
81 27.396209252374902
82 9.112253265465851
83 38.249010333697434
84 13.091490303041704
85 12.962892175414229
86 11.149322224023912
87 27.40944466149359
88 32.09201217036692
89 24.527399519815585
90 37.68974347059503
91 12.256810104387592
92 23.93871673932513
93 46.92337249364213
94 38.21034928030548
95 34.86775720882156
96 20.948629740781435
97 10.911089618032848
98 7.354319232699372
99 53.78395978569979
100 38.690526867393466
101 72.42284807345231
102 0.4577956221981876
103 0.4823266784126518
104 0.7207680210594443
105 0.28778474439666546
106 0.3303676864014774
107 0.7344289918784963
108 0.6928264818911084
109 0.7471584707808767
110 0.24933393408986448
111 0.772706775070537
112 0.7786154925821189
113 0.43083875372840574
114 0.8390370062244943
115 0.5082840445060954
116 0.7787267428463223
117 0.19309010330797038
118 0.5309193558629682
119 0.883720698521081
120 1.0564161829301242
121 0.43851380738435963
122 0.8595242730930988
123 0.601359107102462
124 0.8522263705621637
125 0.8936273825289462
126 0.817589867977954
127 0.6286940599309786
128 0.9124303862586673
129 0.8696798378393388
130 0.8258524230373627
131 0.3497434792523205
132 0.3859891320825336
133 0.7027214382068583
134 0.9189147268813538
135 0.6138990754673367
136 0.2661905795001439
137 0.7892546341578857
138 0.5976692444631753
139 0.7374826440681895
140 0.3909251198929354
141 0.5500195907399065
142 0.38272409452396844
143 0.3764504827434866
144 0.5755292245637368
145 1.2248637488968614
146 0.5740948707714021
147 0.7998008782477213
148 0.36981800353517746
149 0.5196604484345669
150 1.2503737374435488
151 0.5426747654759015
152 0.19309010330797038
153 0.24933393408986448
154 0.5977308212260022
155 0.5591033858808786
156 0.7403347725699172
157 0.4455776977041125
158 0.7945172906545925
159 0.5859700897354804
160 0.24055041883777806
161 1.1679603700658912
162 0.6902441970822478
163 0.1640599314394212
164 0.7704391332541962
165 0.5275615140251145
166 1.1778605350821063
167 0.6908126666716418
168 0.16082465451371789
169 0.6155268004716236
170 0.9651763745362354
171 0.495170256361454
172 0.5985009352511766
173 0.516950773390907
174 0.5710699081516308
175 0.6191539652231491
176 1.0543443965150212
177 0.6711895787095671
178 0.7538451977611362
179 0.8089697367680497
180 0.4949286072983609
181 0.599062949054999
182 0.3800024839301235
183 1.6191853305573538
184 0.8682112319961874
185 1.10016426371934
186 1.514539044326214
187 1.8865616932666276
188 0.9156711984699631
189 0.5484827512689013
190 1.097400211795113
191 0.6866808716815279
192 0.692658023199102
193 0.5107449485058725
194 0.6443103289790387
195 1.6002460298132488
196 0.650423198636604
197 0.415355627566986
198 0.7941506985116354
199 1.0163432652662068
200 0.7291328108767902
201 0.7587583507721558
202 1.4180823132110876
203 6.112431916724583
204 2.0343987082471675
205 5.111174676802799
206 6.413488866811418
207 7.432795951147014
208 6.696971601097518
209 14.082317786709403
210 8.017420727929496
211 5.318505428652056
212 2.1675547282892658
213 6.10130612729508
214 9.065161845809351
215 8.671640936051272
216 1.808936657029302
217 6.317262689626913
218 9.163663850114334
219 21.721652795118995
220 4.980870963946356
221 1.7761463467966174
222 2.8968773032310042
223 5.104894885683048
224 1.8122312874914293
225 4.154432026251609
226 9.644860794209439
227 4.809357279774484
228 2.2544470690271843
229 5.620667481099849
230 5.921363462860929
231 0.9632046322367197
232 4.034335306652835
233 4.713792139565534
234 8.250590748554822
235 8.078666521473355
236 8.70999075670047
237 16.627565163427292
238 3.4567373552749237
239 8.967082089141392
240 1.5879703954440643
241 8.429787341333292
242 2.7790156635560335
243 7.369977183898518
244 9.994351093441896
245 8.07328209934074
246 5.2568613402024935
247 5.444060211140348
248 2.7982002119631195
249 4.512044499533027
250 2.382071785129111
251 8.957121255580596
252 0.12046540900001108
253 0.4329712068682371
254 1.4137004617564295
255 0.2867387886204882
256 0.556037247746646
257 0.5364513829382441
258 0.4415433100811402
259 0.7526364741822802
260 0.46896437906095434
261 0.601835901121645
262 0.6214046699311512
263 0.22094042349748305
264 0.7381036472958087
265 0.3097083027505147
266 0.5388501360136257
267 0.20442750693300782
268 0.618003915761416
269 0.36319423166127107
270 0.36422512357054915
271 0.7887080808402629
272 0.3260591394134602
273 0.6686795295711909
274 0.6425139481459756
275 1.0814020944511216
276 0.8672476373017828
277 0.32442441282139317
278 0.889400234798389
279 0.6837785165124313
280 0.43007218891382587
281 0.5047163672528738
282 0.4113520597035018
283 0.22803014078091693
284 0.48359866082034997
285 0.9087361415409981
286 0.4486503497582309
287 0.989426830378917
288 0.4736647654901146
289 0.8530140887423369
290 0.5537171920687016
291 0.7272159013283398
292 0.38422256806184096
293 0.9327510729779338
294 0.6175705249695604
295 0.2828707892151333
296 0.6176888123296371
297 0.32259734423653236
298 0.5320273737930449
299 0.6538960605131422
300 0.718365565971542
301 0.6135075208490641
302 0.12046540900001108
303 0.1640599314394212
304 0.3268757861121728
305 0.402271361914449
306 0.1721059652889673
307 0.7222609450979924
308 0.7534141216219801
309 0.8119245196384879
310 0.8820753133017689
311 0.5750358233250127
312 0.5702538716593458
313 0.6772936436019139
314 0.5062760410451619
315 0.39279046147844776
316 0.7595643268432809
317 0.5478257842378726
318 0.767441667257462
319 0.6150117591359687
320 0.5610556781861995
321 0.7330870055422598
322 0.5446304188855369
323 0.14494852224988464
324 1.0371226302232917
325 0.6966532940539641
326 0.9542954986677125
327 0.6295193757960744
328 1.2369214250129958
329 0.6860855455700181
330 0.38488144133286784
331 1.0282341761437586
332 0.8040637986552994
333 0.9529812271168828
334 0.21291462789106022
335 0.7904612301810514
336 0.16332460532397325
337 0.9512178224660854
338 2.1529842438057845
339 1.0453482823497662
340 1.289580612246076
341 0.36241147814144276
342 1.041977466528611
343 0.33081961788725767
344 0.3556224414958107
345 0.22571272115910077
346 0.6169834101945293
347 1.2080377806670812
348 2.2643234121926383
349 1.745325630949918
350 1.7686194824904848
351 0.7152703839750676
352 1.8783638021286395
353 0.2836601285009977
354 6.645895163656131
355 1.9551611919652836
356 2.0003715730736005
357 2.067766758213933
358 5.190880421680755
359 3.1697101667650407
360 3.67501690837347
361 9.846387394821097
362 6.2164984362850415
363 5.708286516328841
364 3.092573148391689
365 15.087821896009839
366 6.832614031346073
367 1.599231250923039
368 1.6238019669175197
369 8.06932934799384
370 1.1068738381384486
371 3.842294319929051
372 5.156910804214403
373 4.702295255651529
374 6.169990029527374
375 1.2739297054660503
376 8.899002673219616
377 29.35395105154249
378 1.2353994515209343
379 1.8907495020139093
380 1.8484166992989746
381 3.9073001561574805
382 3.9928324171455967
383 9.274999901541229
384 4.270622696097478
385 9.306908238868331
386 6.1412680404470565
387 3.1510580805598742
388 6.439728178271717
389 6.016385485554131
390 0.992237201686222
391 6.2489043839489655
392 6.505039756543507
393 10.921173506243532
394 4.485952951338266
395 3.7229335172947473
396 8.157751591416122
397 9.773711004176985
398 8.464997784656326
399 6.923192822315011
400 4.240863590519398
401 2.8451077926009556
402 0.4424667429602571
403 0.5572421065407929
404 1.169215971534308
405 0.860012300532631
406 1.274145710429906
407 0.39258596510301713
408 0.2956759457447041
409 0.564445290210845
410 0.3294066615167656
411 0.9071587928059456
412 0.8868390665562433
413 0.914801261962407
414 0.2542243191453316
415 0.16057201921572434
416 0.1810792740473039
417 0.6231410242709996
418 0.937588978904429
419 1.0806165318956664
420 0.5615858143128352
421 0.41184651631526525
422 0.47231904702288174
423 0.13974604953779543
424 0.4127155771650621
425 0.29144728275833853
426 0.712433539916407
427 0.6490797704278769
428 0.6309920731152918
429 0.2257239880149827
430 0.9115048160668571
431 0.7525947222061774
432 0.72265054827219
433 1.1719363240402063
434 0.15098339713646924
435 0.7124264713413446
436 0.5325772972739706
437 0.15797297054267717
438 0.6301844902551929
439 0.31219964917941057
440 0.6721007976735238
441 0.5608243938464913
442 0.8265114241297149
443 0.782232066474133
444 0.8178016356435532
445 0.7151258130171875
446 0.45570521564906763
447 0.41151735020956115
448 0.8563787076467995
449 0.362199431698741
450 0.6289862561822046
451 0.4445841172726549
452 0.12046540900001108
453 0.13974604953779543
454 0.18274097150110885
455 0.37929388013014464
456 0.25544629645958083
457 0.1839780367207028
458 0.15771723135984905
459 0.5958048893227954
460 0.22313311780652761
461 0.17183976386016334
462 0.4538937427261303
463 0.41171775275871925
464 0.18810188911715348
465 0.1921527285807802
466 0.35638492032082614
467 0.32825269170644616
468 0.11043170645653327
469 0.2905465133038113
470 0.2191207049196902
471 0.42922098640095097
472 0.41356334075031714
473 0.8990098229301057
474 0.9166607732684287
475 0.3504984581460166
476 0.7690179889109211
477 0.5572168025429359
478 0.35703587937844244
479 0.42913861234462236
480 0.39737709600100685
481 0.36237839699754143
482 0.4732315567861815
483 0.21634822338249743
484 0.4686798409962765
485 0.5268665790651214
486 0.42893402532428004
487 0.5085372659705522
488 0.7351742697694011
489 0.25543133192504397
490 0.3521601649814924
491 0.5974518787614043
492 0.23923703628753326
493 0.49508424690289843
494 0.30495464770932024
495 0.7293927141843889
496 0.31547617193527966
497 0.7441276552102184
498 0.32808133312799304
499 0.7639430195234655
500 1.6464986602598626
501 1.0000914090009418
evaluations raw_y
1 53.39937701843953
2 61.32922357528533
3 64.83312232155885
4 67.69944193807295
5 53.05949493668166
6 36.46523718411295
7 46.737925570752076
8 5.325296725148517
9 21.729028878525725
10 11.216226959896389
11 29.00492551413833
12 39.35874287680172
13 32.69314881786231
14 38.21168847156583
15 40.870638090576556
16 24.331166891027767
17 39.624499690322374
18 39.583179786040944
19 32.90604741866755
20 12.32224502809106
21 46.09271494526068
22 38.187471671757784
23 43.803425452607584
24 59.5595680601744
25 58.79241724751213
26 68.86139106996018
27 28.283433134636837
28 51.66093640953072
29 34.256548144683954
30 42.18742744657008
31 65.29706604000822
32 25.49509331113894
33 38.556702498018126
34 82.6062106003837
35 50.179836569376235
36 32.1644936071715
37 58.32325368397664
38 27.23916328089244
39 40.765414766423845
40 47.95162883761218
41 43.73591958055479
42 26.921054234916188
43 51.2629578046631
44 60.16982758668859
45 55.673947286346454
46 32.37038703447977
47 40.127619628936664
48 54.78913657487451
49 34.00173094250931
50 65.8914034752007
51 51.6964854112397
52 3.0520515874706913
53 42.718752215167775
54 34.59467859936718
55 11.385852238697316
56 16.214605664352725
57 31.592818886742638
58 15.69791470702959
59 20.403584492174623
60 21.03647733765168
61 23.90468240187369
62 51.25399303266997
63 29.396265840689363
64 45.35771844443951
65 62.62894745939735
66 28.42847854945038
67 32.992380616331864
68 61.42765848971522
69 5.433205627571619
70 51.20462151411884
71 17.026287568032345
72 40.29199028022777
73 6.602392413856502
74 21.072649884883766
75 9.777627733977985
76 9.091423489738713
77 10.520260378398403
78 15.557978715993192
79 36.63240732681833
80 11.660213455485195
81 4.70852168755035
82 12.118557097470278
83 38.92748425122732
84 7.550784509062484
85 12.059250209440911
86 22.334659521103745
87 11.382357381860402
88 21.281527067942314
89 17.381628905057056
90 12.459929977881941
91 33.53090053022046
92 37.93336593353456
93 14.124235515472327
94 35.38375060790693
95 29.90196481774756
96 45.143368238533114
97 76.61011515602492
98 9.253780642310602
99 20.161649045681553
100 15.420593056024252
101 37.95672138099115
102 0.1906064906588834
103 0.5383058236640874
104 0.7752526613421102
105 1.0902103609332947
106 0.9336021503535838
107 0.5985818107989727
108 0.5004151939854479
109 0.20924696570563225
110 0.4054631830034823
111 1.2986676606202685
112 0.49317703345495423
113 0.9938554844700296
114 0.7039195589105186
115 0.26600719531309913
116 0.2546773033121642
117 0.6654459943599219
118 0.7660947667289846
119 0.7618244688572435
120 1.2189922808687896
121 0.605284635838194
122 0.9713749266788427
123 0.8140098344141847
124 0.4826095809579991
125 0.671325325639315
126 1.0235372801040303
127 0.7764914323689562
128 0.35397695514072314
129 0.806336752954089
130 0.3774439770943954
131 0.7878297007952122
132 0.5013188755553533
133 0.4771565875781195
134 0.3080346281521416
135 0.4566164912557791
136 0.41578451490854407
137 0.30825350054291806
138 0.27542804318687997
139 0.6567622472964235
140 0.3111717157995894
141 1.7719809600368077
142 1.1026945615072816
143 1.0961684666043403
144 0.6630804210037068
145 0.5133452959629928
146 0.21929266447890344
147 0.36416383569294575
148 1.8641082325330338
149 0.9112057728248241
150 0.5239322612669834
151 0.33301689766068654
152 0.1906064906588834
153 0.20924696570563225
154 0.27258050019633473
155 0.46400535941222004
156 0.4773780809221398
157 0.9365188449780422
158 0.7929757007974558
159 0.6156028942602491
160 0.8592668812365728
161 0.44309036031986604
162 0.8443002800626929
163 0.911021705146275
164 0.14057545920657047
165 1.0942287538205315
166 0.6631045865698932
167 0.5069413695986266
168 0.5166634251323252
169 1.4490313503273597
170 1.1865239852361047
171 0.9493914403414209
172 1.044507243832355
173 0.49180585212001904
174 1.3549999508918484
175 0.378071495548047
176 2.214458772138549
177 1.3048361533027564
178 0.6012155052159254
179 0.6233187906651831
180 0.5709895247235788
181 0.9712607849199569
182 2.0136747873909333
183 1.1161810634905693
184 1.5850176612566766
185 1.0941318186806825
186 0.4474136809455409
187 0.21174836886228635
188 1.332201172384098
189 0.477682247807167
190 0.4113010728900546
191 1.686717342650897
192 0.3220391851424004
193 0.3500117218033937
194 1.3735750797669248
195 0.7872483969688446
196 0.7771764584306737
197 0.720275100198103
198 1.1163382234211772
199 0.4841618101605211
200 1.441715220374577
201 1.6324409433986253
202 10.986910980712784
203 2.0236897591108525
204 11.553771304537744
205 11.390901901378973
206 5.4742209615339235
207 0.8832950218650792
208 1.3492773016370665
209 6.570805104229053
210 13.04079969102765
211 6.768907412564267
212 0.5471659671602724
213 5.184718709638629
214 7.405456204331745
215 6.198069827697755
216 8.385944663970706
217 3.1622142121212042
218 5.127366805703817
219 0.7211883272403152
220 6.03913320785796
221 3.442109827996417
222 5.7809889129913365
223 10.974866061591127
224 4.28154196600584
225 4.821408642202186
226 3.533857319857638
227 8.942635253827095
228 1.9454540225431491
229 0.8035948823372171
230 10.571321704777338
231 2.045440665778468
232 7.320239492992132
233 3.0742455752641957
234 11.08727779842794
235 4.307355163677855
236 1.0987916622175566
237 6.479843166002446
238 7.325586792275623
239 1.154784029239184
240 7.232283052859035
241 2.9983720999197954
242 2.6786019824371756
243 8.948765568758327
244 1.5077504779806565
245 7.89134183740311
246 4.182750713931477
247 9.290788281224964
248 12.160055526856505
249 8.785493572552825
250 2.9457512307912386
251 6.4742586454580415
252 0.35234954940975743
253 0.3156773981774156
254 0.5001984879271655
255 0.23625150757168514
256 0.43654113577965226
257 0.7557110045747373
258 0.6314442432360204
259 0.37424422241057853
260 0.9862773163891694
261 0.5275433741467398
262 0.3984857596106761
263 0.6006754379038204
264 0.6960406026421987
265 0.29847683142329573
266 0.4819704502226192
267 0.3413432545543181
268 0.6120307757964749
269 0.37552578478938814
270 0.6273442684990551
271 0.9779688419144996
272 1.2484301186915356
273 0.6018599016109868
274 0.2806230400922001
275 1.157266268448449
276 0.8267874908708364
277 0.37032000231400386
278 0.36218620138374846
279 1.037395653074001
280 0.2613134695951094
281 1.037580748153751
282 0.39558618490055825
283 0.30777710756163873
284 0.17055514686225998
285 0.5298432171575294
286 0.2742820613868918
287 0.1412557953008347
288 0.7705406384626109
289 0.68933886981757
290 0.5681589446292894
291 0.8463873327192128
292 0.9221900637652551
293 0.6662521157324828
294 0.6075737526030228
295 0.27235917938878795
296 0.3283758844224607
297 0.2582409521615478
298 0.5536209914886963
299 0.2662365941349262
300 0.757855611721739
301 0.34128661001367167
302 0.14057545920657047
303 0.1412557953008347
304 0.4137891671114491
305 0.1356236589880871
306 0.4891726124622341
307 0.35229236524234697
308 1.1625041435839556
309 0.41803782235374465
310 0.26310500952205457
311 0.40745964457796885
312 0.34055588619938226
313 0.6048230232643977
314 0.7784668828343837
315 0.3082317217388883
316 0.36090837468240694
317 0.4535243385189911
318 0.4603123971473634
319 0.3300927540685858
320 0.17103409613805767
321 0.25472600746556523
322 0.7216474007730533
323 0.9567497090844463
324 0.7347394365371134
325 0.2635943261552413
326 0.9785657643461307
327 0.09777939874324043
328 0.7085563281872331
329 0.8676925884037932
330 0.3607011700554954
331 0.5535505173909618
332 0.3711008983773496
333 0.7029752129568956
334 0.22697540746495276
335 0.16342394133979543
336 0.3344248702357013
337 0.9280826480735405
338 0.751396435339529
339 0.3485100683072517
340 0.34192392417126616
341 0.38032423932249537
342 0.597659383620498
343 0.33558449029782667
344 0.33861172830788133
345 0.2201168689172724
346 1.2399831559732477
347 0.22318544220661904
348 0.25965987788114053
349 0.31372500661448643
350 0.356349798985036
351 0.3776311181345615
352 3.911078634084005
353 5.987364691386015
354 4.375060329225061
355 5.015180715413151
356 11.145563599132808
357 7.8341313974962645
358 10.318776385317921
359 8.501407327527458
360 5.001075320063177
361 1.5424308070810984
362 1.7447485114532266
363 4.969040785083737
364 4.779123818308813
365 4.1773519062326105
366 1.5340127893180084
367 1.880178400898313
368 7.98193279876567
369 7.381408416302961
370 5.97187564753034
371 3.2733811621142954
372 5.366887064676173
373 2.050354453912368
374 10.517687500470258
375 0.6584808674892468
376 5.5479708827353145
377 6.309893865465072
378 2.619664763732685
379 3.558594135940801
380 4.370937855029318
381 3.783887283913215
382 4.547983314605675
383 2.3675468003062847
384 2.1307407325377157
385 1.5540545543456088
386 4.3778917193624345
387 4.344783147691873
388 2.6762075057563504
389 8.0429863328969
390 2.008118853719058
391 4.539568566552301
392 1.9861318453376424
393 6.767813877634855
394 3.996607783599079
395 0.788046688593
396 3.6548622286023003
397 1.3800123535769948
398 10.756648578662302
399 3.374775633101114
400 4.253277244767634
401 4.243303717069663
402 0.3419467689900053
403 0.6795977546664926
404 0.8522852856502172
405 0.8165782822911192
406 0.5189677155286876
407 0.5297905676451646
408 0.8134022617723249
409 0.49920848446852556
410 0.6207080852507809
411 0.2511708647052575
412 0.5797960763153439
413 0.0997726540576929
414 0.40157613032634276
415 0.5229305260142583
416 0.47377864692600635
417 0.17156984487958757
418 0.3806697462279359
419 0.8426716430313828
420 0.9966156523217203
421 0.7176647373381604
422 0.4619633917848497
423 0.6355580437479913
424 1.3422548776274612
425 0.7148974733189086
426 0.531065077598899
427 0.8024637754570654
428 1.3562412811328504
429 0.3463552081578559
430 0.5062839276593184
431 0.6881267351560192
432 0.7241517631015782
433 0.7548900044001077
434 0.38763681637419056
435 0.9959318205263976
436 0.46212520150599734
437 0.706969194093903
438 1.1508747888374982
439 0.8213193331508368
440 1.0579175764655946
441 0.6060341150852178
442 0.6537454545553393
443 0.8973880080489542
444 0.6258164327613025
445 0.29754450460384674
446 0.8742119397159815
447 0.5925909465619351
448 0.3983927341796635
449 0.3258491990321109
450 0.336410645262306
451 0.41681352489580414
452 0.09777939874324043
453 0.0997726540576929
454 0.1356236589880871
455 0.1913050733721034
456 0.3154749153181572
457 0.46657085827223094
458 0.35033021451387963
459 0.18400228661717685
460 0.2482324869321833
461 0.2228753669449854
462 0.2713704361088269
463 0.16648213565433306
464 0.2822298872800001
465 0.3097299450461751
466 0.5188567216554877
467 0.20714334922956718
468 0.40166213174332466
469 0.16041427146382742
470 0.3156080511949748
471 0.4122938650972929
472 0.2997180634650682
473 0.27881113389890066
474 0.5290298378272326
475 0.49055664387744385
476 0.4119041162153064
477 0.8382459964045486
478 0.2999676468947323
479 0.485928083321592
480 0.6929549055692614
481 0.5619822753427108
482 0.5744468395223385
483 0.34454772449404714
484 0.6017321492398013
485 0.49340567933494217
486 0.31478865790887
487 0.44611612961107566
488 0.16526819827712808
489 0.5744220985870395
490 0.20700554468593724
491 0.44009062043488956
492 0.3691940812279828
493 0.2781578765931919
494 0.4383131617796189
495 0.34811017967869695
496 0.3488178973506597
497 0.3768154736078667
498 0.532127231742204
499 0.43955084047914594
500 0.6679767910151483
501 0.38611011457903527
