evaluations raw_y
1 8.404685935654879
2 9.320637604690116
3 4.1683441478453505
4 18.073497644024492
5 7.02919481893976
6 10.26226764013468
7 10.081342982141955
8 12.033897223509936
9 6.1639247358818565
10 2.947054557507015
11 2.493605179088301
12 6.589531378326334
13 7.3921309823602535
14 10.890309725853877
15 5.743682200607068
16 3.730936240636528
17 14.049047258238213
18 9.569911112170612
19 5.031122924638867
20 9.607517577627368
21 8.173504707232565
22 5.914387793372639
23 6.337999090884993
24 11.853899390812739
25 9.183535964166609
26 4.147045022617864
27 7.30280299813524
28 10.16461211623028
29 12.896127102241254
30 7.431658022213942
31 23.375781508427178
32 8.29575978199662
33 8.332194861149137
34 9.81730254243764
35 10.783317757500184
36 6.448456648687775
37 4.118577135054082
38 1.9072832724912485
39 11.32423851398945
40 11.32423851398945
41 6.250108647322016
42 10.783317757500184
43 3.4141082560525815
44 23.375781508427178
45 7.68297980190536
46 16.453750636668417
47 1.9072832724912485
48 12.133221348377374
49 10.883246892685944
50 10.181356966850661
51 6.448456648687775
52 6.612602548118874
53 6.7045233948596525
54 7.68297980190536
55 6.448456648687775
56 11.522586515355204
57 9.797746224749057
58 11.415880120068246
59 8.066590544006962
60 16.873620728837277
61 23.375781508427178
62 8.29575978199662
63 4.337922693284705
64 8.29575978199662
65 7.1031304244266185
66 8.269956904137047
67 4.953821445311253
68 1.9072832724912485
69 7.147008574215467
70 11.32423851398945
71 6.250108647322016
72 15.249807898549442
73 5.640183590654134
74 11.522586515355204
75 7.68297980190536
76 11.199229632188954
77 11.32423851398945
78 13.645102365281673
79 7.68297980190536
80 12.80784739531363
81 2.517208329159131
82 10.783317757500184
83 9.81730254243764
84 5.891161260723601
85 10.783317757500184
86 10.428628303406825
87 6.064845906586171
88 6.064845906586171
89 6.064845906586171
90 3.7053558229830426
91 23.375781508427178
92 8.29575978199662
93 13.38086582843618
94 3.4141082560525815
95 9.797746224749057
96 6.678193870293791
97 6.018441325606345
98 7.947804328198103
99 6.613908414342308
100 9.183216376304948
101 6.250108647322016
102 14.683051038630532
103 5.640183590654134
104 8.5870329432222
105 1.9072832724912485
106 5.34608469152557
107 9.180705984644522
108 1.9072832724912485
109 1.9072832724912485
110 5.283188519046416
111 11.32423851398945
112 10.066622908542767
113 9.797746224749057
114 9.661282507148675
115 14.237347505689524
116 5.640183590654134
117 5.078908206234864
118 9.87977426299236
119 8.424247384964268
120 6.394770591988786
121 18.820494765041538
122 8.29575978199662
123 9.33990603549784
124 1.9072832724912485
125 1.9072832724912485
126 1.9072832724912485
127 1.9072832724912485
128 9.102019274862084
129 8.048339374842673
130 9.397530266761711
131 1.9072832724912485
132 5.662903534769475
133 5.640183590654134
134 2.5063592438173847
135 1.9072832724912485
136 4.992636697211945
137 1.9072832724912485
138 1.9072832724912485
139 1.9072832724912485
140 8.800995530006949
141 9.018453512492457
142 7.3658197400099015
143 1.9072832724912485
144 5.259563408633799
145 3.1826924498503617
146 1.9050218789071183
147 2.471207616632112
148 1.9072832724912485
149 4.571042198109367
150 5.007694979110677
151 17.996029828071883
152 8.324269965946252
153 4.778692953314475
154 5.640183590654134
155 1.9072832724912485
156 1.9072832724912485
157 5.640183590654134
158 3.8696217135624487
159 7.833626188404182
160 4.614225224540647
161 5.392165308336535
162 6.513463346839058
163 5.640183590654134
164 6.723605071504703
165 5.640183590654134
166 6.071491987644919
167 1.9072832724912485
168 1.9072832724912485
169 1.9072832724912485
170 4.1910457378753865
171 5.266479497681165
172 5.640183590654134
173 5.640183590654134
174 1.9072832724912485
175 6.2521909195878385
176 5.640183590654134
177 4.481406800266195
178 1.9072832724912485
179 3.489794134704402
180 2.9016251049623896
181 15.56682972397701
182 0.6905145349616517
183 4.104834976888078
184 5.640183590654134
185 1.9072832724912485
186 5.640183590654134
187 5.640183590654134
188 1.412125246452491
189 1.9072832724912485
190 5.230087993980824
191 5.640183590654134
192 3.738672667586377
193 5.640183590654134
194 5.640183590654134
195 1.9072832724912485
196 1.4290929785679363
197 1.9072832724912485
198 1.9072832724912485
199 1.9072832724912485
200 3.3366474233045125
201 3.0518526333011593
202 1.9072832724912485
203 1.9072832724912485
204 2.5365214664489755
205 1.9072832724912485
206 5.640183590654134
207 1.531145611317239
208 1.5871526170985584
209 1.9072832724912485
210 5.55862151952299
211 11.858338788107272
212 4.336737687595056
213 4.243093722075316
214 5.220973468120622
215 1.542320375159747
216 8.936166790149123
217 5.268137536173112
218 3.0123058470029576
219 6.4735055146323415
220 4.839843356070782
221 2.749431789645939
222 4.22248741515082
223 5.042635686659141
224 5.640183590654134
225 4.261616409099156
226 5.151612938461927
227 6.678272397518775
228 4.353850845944314
229 5.640183590654134
230 3.780535578415308
231 7.119647918297349
232 3.924831844095147
233 6.461622467035264
234 4.019443815841458
235 9.501285757992564
236 3.1765698915163654
237 1.6371147982687344
238 5.640183590654134
239 1.9072832724912485
240 5.6304959784538875
241 4.390592427458183
242 6.129613205384451
243 6.387674778290887
244 4.3095461645001585
245 5.640183590654134
246 11.88680827937868
247 5.640183590654134
248 6.669260303206595
249 7.500545395250163
250 5.631077930897446
251 5.640183590654134
252 3.4141082560525815
253 5.640183590654134
254 5.640183590654134
255 5.640183590654134
256 5.403083790801231
257 8.1738910542478
258 5.640183590654134
259 5.640183590654134
260 13.48703305132348
261 7.570802453341534
262 7.147008574215467
263 6.459005533255349
264 5.640183590654134
265 1.074374457041996
266 5.640183590654134
267 5.632319262734317
268 5.640183590654134
269 5.640183590654134
270 5.63885761364472
271 14.492130946208967
272 12.96587827585963
273 5.551126847722632
274 3.4141082560525815
275 1.9750840719276992
276 15.61129207849551
277 5.640183590654134
278 8.29575978199662
279 6.781504553352561
280 1.2927645077250434
281 0.7934687926101067
282 2.0785861464984685
283 1.2336219787704361
284 1.6735402404127457
285 5.640183590654134
286 3.77959135434741
287 7.775724406093883
288 1.5464305241328362
289 5.640183590654134
290 13.645102365281673
291 5.5567812164206725
292 1.972645462485009
293 5.640183590654134
294 5.640183590654134
295 3.0631662613001343
296 5.640183590654134
297 5.639315815679154
298 5.640183590654134
299 5.640183590654134
300 5.6398016665495465
301 12.467235039603791
302 4.449047759280305
303 5.570698628637009
304 3.4141082560525815
305 5.2727356536220595
306 13.015198117312533
307 4.085604511516135
308 6.103697934912029
309 4.072163195164707
310 9.384082949047164
311 4.806069896604981
312 8.26504728106197
313 7.17452660293192
314 8.299479989918305
315 5.640183590654134
316 6.351413416183824
317 6.365931933336646
318 8.099127246497316
319 6.595572715571654
320 10.128219310145253
321 5.5770919534006005
322 6.31070146705598
323 5.640183590654134
324 5.640183590654134
325 5.640183590654134
326 5.640183590654134
327 5.639794871511926
328 5.640183590654134
329 5.640183590654134
330 5.640063430014327
331 12.425658394868238
332 5.640183590654134
333 10.26838666799177
334 3.4141082560525815
335 5.640183590654134
336 6.3405061548584625
337 6.333876832513459
338 12.60009900053753
339 7.640425254940675
340 12.67189888997577
341 7.742343017681709
342 8.322538963018788
343 7.854416609521092
344 7.932065212029085
345 10.330993143437002
346 7.033983366376359
347 8.29575978199662
348 3.4141082560525815
349 8.335605689870484
350 0.9616266030489129
351 5.6034246026742744
352 6.319922586318897
353 5.640183590654134
354 5.640183590654134
355 5.640183590654134
356 5.640183590654134
357 3.398797077281781
358 5.640183590654134
359 5.640183590654134
360 5.6400752079124725
361 16.316853195702556
362 5.640183590654134
363 8.378758360602713
364 5.640183590654134
365 5.640183590654134
366 6.723348540212671
367 6.417147810825614
368 6.645604035414559
369 8.29575978199662
370 20.08251528076194
371 8.29575978199662
372 8.233901591396494
373 8.29575978199662
374 6.432891865720726
375 6.455238708895386
376 5.636870289189293
377 5.640183590654134
378 5.640183590654134
379 5.640183590654134
380 6.03239830505048
381 5.605497411201341
382 4.464138372635753
383 5.640183590654134
384 5.640183590654134
385 5.640183590654134
386 5.640183590654134
387 5.639901213811109
388 5.640183590654134
389 5.640183590654134
390 5.640100697348021
391 15.411135550550458
392 4.389783133501971
393 9.6293511104954
394 3.5010029083863885
395 4.458843190268935
396 6.789899465456848
397 6.919691435306595
398 7.653307741179821
399 6.358447671742289
400 8.122226173109071
401 8.29575978199662
402 7.7939772606335165
403 8.050052562605444
404 7.875353097004138
405 8.269719998161861
406 5.637802857366614
407 1.7194158527284964
408 5.640183590654134
409 5.640183590654134
410 6.492762987904889
411 5.624266644299098
412 5.420534185614546
413 5.640183590654134
414 5.640183590654134
415 5.640183590654134
416 5.640183590654134
417 5.63993513521716
418 3.4141082560525815
419 3.4141082560525815
420 5.64015445834086
421 12.968378628396636
422 9.067822809939646
423 7.546023528213511
424 3.5563229682384825
425 2.871190186860205
426 5.640183590654134
427 8.29575978199662
428 7.066906310592369
429 6.351334974281111
430 7.448283322640485
431 6.883206728126304
432 6.363103096867018
433 8.29575978199662
434 6.271726291062035
435 7.912370606397065
436 2.6231957211036816
437 2.339447576763159
438 5.640183590654134
439 5.640183590654134
440 5.176686023180716
441 5.634189514625678
442 5.606911058030395
443 5.640183590654134
444 5.640183590654134
445 5.640183590654134
446 5.640183590654134
447 5.639956092055264
448 5.640183590654134
449 5.640183590654134
450 5.6401634398299
451 8.958042121456486
452 3.374723006409497
453 12.972793010419856
454 5.640183590654134
455 3.4141082560525815
456 5.572971448463856
457 6.9806549618041736
458 8.29575978199662
459 6.493845767036952
460 8.25593258482236
461 8.29575978199662
462 7.404916678650049
463 8.29575978199662
464 6.398746196156855
465 8.29575978199662
466 8.335409566574254
467 6.607674539841701
468 5.640183590654134
469 5.640183590654134
470 5.363929573075979
471 5.637551307156817
472 5.615215644333619
473 5.640183590654134
474 5.640183590654134
475 5.640183590654134
476 5.640183590654134
477 5.640089263768271
478 5.640183590654134
479 1.647395215302602
480 5.640178517286825
481 11.871460535962227
482 5.640183590654134
483 6.352938196903999
484 5.640183590654134
485 5.640183590654134
486 7.820976396880585
487 8.29575978199662
488 8.29575978199662
489 8.29575978199662
490 8.3297479282371
491 8.29575978199662
492 7.693593463643591
493 8.29575978199662
494 8.29575978199662
495 8.29575978199662
496 8.260331961201164
497 6.501317658323073
498 5.640183590654134
499 5.640183590654134
500 5.556571427248737
501 5.638359946357646
502 5.635401368708418
503 5.640183590654134
504 5.640183590654134
505 5.640183590654134
506 5.640183590654134
507 5.640164647486412
508 5.640183590654134
509 3.4141082560525815
510 5.640180616353677
evaluations raw_y
1 7.748325413497417
2 9.335756720849009
3 9.4671859061488
4 8.358598964878585
5 13.849409168935221
6 13.040489068923176
7 14.16991478010452
8 5.956297596041825
9 11.721899609063726
10 9.634637475224302
11 1.2009570392826998
12 9.8578519293009
13 5.39428613741729
14 12.315102667541705
15 2.507961791079917
16 17.858546452853727
17 3.3948493972653146
18 5.539122640759723
19 6.238326270644809
20 7.188119042908395
21 12.159271612942266
22 9.601889475503212
23 7.177922763862328
24 5.989353293297153
25 9.096258418705963
26 5.2784611416326905
27 12.127062291320705
28 15.980954312570251
29 11.113546818988654
30 9.181685855716212
31 6.0732089162725345
32 9.81730254243764
33 7.3658197400099015
34 7.3658197400099015
35 23.375781508427178
36 7.68297980190536
37 11.32423851398945
38 7.106272949887935
39 6.448456648687775
40 14.173537336745502
41 11.32423851398945
42 10.286322300896227
43 13.645102365281673
44 11.434847714791937
45 14.173537336745502
46 11.434847714791937
47 10.783317757500184
48 7.68297980190536
49 14.339152103504848
50 10.181356966850661
51 8.29575978199662
52 10.783317757500184
53 1.9072832724912485
54 12.80784739531363
55 9.797746224749057
56 3.4141082560525815
57 6.064845906586171
58 16.873620728837277
59 10.181356966850661
60 10.181356966850661
61 6.448456648687775
62 9.81730254243764
63 13.645102365281673
64 7.68297980190536
65 23.375781508427178
66 7.68297980190536
67 12.80784739531363
68 14.098504010744543
69 6.250108647322016
70 23.375781508427178
71 11.32423851398945
72 6.250108647322016
73 7.3658197400099015
74 3.4141082560525815
75 23.375781508427178
76 8.332194861149137
77 16.453750636668417
78 7.68297980190536
79 13.259716908330383
80 8.066590544006962
81 8.29575978199662
82 7.106272949887935
83 1.9072832724912485
84 9.797746224749057
85 6.064845906586171
86 5.640183590654134
87 5.091617612822814
88 16.873620728837277
89 6.064845906586171
90 6.064845906586171
91 12.429738326689936
92 10.089902300346106
93 13.645102365281673
94 7.68297980190536
95 23.375781508427178
96 8.848767827044254
97 12.80784739531363
98 7.68297980190536
99 9.106387554247872
100 7.147008574215467
101 11.32423851398945
102 8.332194861149137
103 7.3658197400099015
104 8.29575978199662
105 21.170571905321733
106 13.645102365281673
107 8.112763388848752
108 7.68297980190536
109 14.726666315806826
110 10.181356966850661
111 9.81730254243764
112 10.783317757500184
113 9.797746224749057
114 9.797746224749057
115 6.064845906586171
116 5.640183590654134
117 14.683051038630532
118 7.68297980190536
119 6.064845906586171
120 6.064845906586171
121 9.657087636795591
122 12.062996838830415
123 13.645102365281673
124 16.453750636668417
125 8.64212439886941
126 7.68297980190536
127 12.80784739531363
128 14.754121608402786
129 7.106272949887935
130 13.645102365281673
131 8.459602358112923
132 2.202152110762751
133 9.797746224749057
134 11.19442501704053
135 16.60069405645415
136 13.645102365281673
137 16.453750636668417
138 8.440778488760744
139 7.494531105361267
140 8.930094210995666
141 7.68297980190536
142 9.81730254243764
143 9.797746224749057
144 4.686126707403251
145 6.064845906586171
146 6.064845906586171
147 7.68297980190536
148 9.797746224749057
149 6.064845906586171
150 6.064845906586171
151 7.929204174831959
152 6.492122169618817
153 13.598192517467762
154 12.81767673346154
155 16.392471060026537
156 7.68297980190536
157 15.078520697065793
158 16.453750636668417
159 4.7458229869694115
160 9.210497222125335
161 6.989299101883413
162 12.716190301060493
163 9.402668761776386
164 5.9144747083462255
165 14.796624223833392
166 1.9072832724912485
167 11.06474809964348
168 14.219683953068092
169 8.955202170887965
170 1.9072832724912485
171 7.020584274272196
172 9.498539851706425
173 7.106272949887935
174 6.064845906586171
175 6.064845906586171
176 6.064845906586171
177 6.721264954365132
178 9.797746224749057
179 6.064845906586171
180 3.0816750937175867
181 11.159051975794986
182 17.451546840663294
183 15.11783906801889
184 14.771905662332394
185 6.643846880285826
186 13.530546204420439
187 18.231840065783945
188 16.453750636668417
189 13.645102365281673
190 7.629038052511119
191 8.332194861149137
192 9.81730254243764
193 7.935473691194642
194 7.147008574215467
195 17.216694651049288
196 4.511620241816154
197 7.106272949887935
198 6.930566072980136
199 12.423073190426432
200 2.130703039952528
201 6.285804148304408
202 6.322838249734836
203 9.797746224749057
204 6.064845906586171
205 8.45747983383631
206 8.174475485866632
207 7.68297980190536
208 9.797746224749057
209 5.640183590654134
210 9.797746224749057
211 10.719017835876588
212 9.211686473835227
213 17.38574608962732
214 13.645102365281673
215 10.013231231841637
216 13.645102365281673
217 7.147008574215467
218 16.453750636668417
219 13.645102365281673
220 10.783317757500184
221 17.421180292098004
222 9.81730254243764
223 11.442019398762458
224 13.645102365281673
225 7.106272949887935
226 13.645102365281673
227 13.890900147105372
228 9.781023951227528
229 9.800372732160076
230 5.417546317046123
231 7.147008574215467
232 9.49054795379244
233 9.739471682680168
234 6.064845906586171
235 8.739444186965951
236 6.064845906586171
237 7.68297980190536
238 7.68297980190536
239 5.640183590654134
240 6.790623784142288
241 9.81730254243764
242 15.135454910899838
243 15.22349780030371
244 13.645102365281673
245 8.691766383476862
246 7.147008574215467
247 7.718084108465375
248 7.106272949887935
249 13.645102365281673
250 10.77787599598496
251 13.645102365281673
252 9.81730254243764
253 4.193649075522419
254 13.645102365281673
255 9.797746224749057
256 9.797746224749057
257 3.3996991854619143
258 7.147008574215467
259 9.072859127649025
260 10.279001263651544
261 5.494005690453202
262 6.064845906586171
263 6.064845906586171
264 6.064845906586171
265 9.03385683959957
266 6.064845906586171
267 9.797746224749057
268 9.797746224749057
269 5.640183590654134
270 6.064845906586171
271 9.81730254243764
272 16.50709891651925
273 7.476447517570993
274 16.453750636668417
275 14.53654887551039
276 13.45016522973072
277 16.453750636668417
278 16.453750636668417
279 13.645102365281673
280 5.4317012479913895
281 12.465354503145543
282 10.783317757500184
283 7.147008574215467
284 14.460631706772553
285 6.5518087292748435
286 7.106272949887935
287 17.28477785316721
288 13.81054387870264
289 20.16126672235157
290 18.37287536275905
291 7.147008574215467
292 9.797746224749057
293 10.783317757500184
294 9.797746224749057
295 9.157355332119826
296 8.255152442322247
297 6.064845906586171
298 9.797746224749057
299 5.640183590654134
300 6.064845906586171
301 16.453750636668417
302 17.529619987315346
303 17.288275363666248
304 16.114477725630064
305 17.27355157806267
306 8.918544013750633
307 16.18749808364724
308 16.453750636668417
309 13.645102365281673
310 13.645102365281673
311 13.645102365281673
312 5.413294952147126
313 13.496866175427721
314 13.645102365281673
315 1.9072832724912485
316 7.68297980190536
317 10.572204129131343
318 3.4141082560525815
319 7.836680092349024
320 10.27589438604502
321 9.797746224749057
322 9.797746224749057
323 5.022751732605501
324 4.857216149613906
325 9.284249479383881
326 9.26770084999309
327 6.064845906586171
328 9.797746224749057
329 6.064845906586171
330 6.064845906586171
331 16.453750636668417
332 16.69278724644012
333 16.941348341837735
334 17.066950275552884
335 12.79741156728142
336 17.50674639256637
337 17.5779439596947
338 16.453750636668417
339 13.645102365281673
340 13.645102365281673
341 16.453750636668417
342 13.645102365281673
343 13.645102365281673
344 6.580938469790668
345 13.645102365281673
346 13.645102365281673
347 7.3658197400099015
348 10.783317757500184
349 8.413627521161287
350 6.502613215685123
351 8.289934897629696
352 6.064845906586171
353 6.064845906586171
354 5.640183590654134
355 5.56027764442031
356 5.724832999257501
357 4.052816243522902
358 6.064845906586171
359 7.609516593029753
360 6.064845906586171
361 16.453750636668417
362 16.453750636668417
363 16.81621286653476
364 16.453750636668417
365 14.928831989958008
366 18.048226945629516
367 14.747208414769116
368 16.896663473780578
369 13.645102365281673
370 16.453750636668417
371 15.170680411917596
372 16.453750636668417
373 13.645102365281673
374 13.645102365281673
375 7.147008574215467
376 14.683051038630532
377 9.797746224749057
378 6.064845906586171
379 9.488499717263927
380 9.301680371144613
381 9.37980283592112
382 8.431991299783258
383 6.064845906586171
384 5.640183590654134
385 7.064523400690815
386 5.640183590654134
387 6.064845906586171
388 6.064845906586171
389 6.064845906586171
390 6.064845906586171
391 17.063995017966796
392 16.453750636668417
393 16.69578281059368
394 16.453750636668417
395 18.09736040678044
396 18.39230605091146
397 19.55129235628451
398 17.28638359098084
399 16.453750636668417
400 16.453750636668417
401 16.453750636668417
402 14.449393113297996
403 13.645102365281673
404 13.645102365281673
405 13.645102365281673
406 6.064845906586171
407 6.064845906586171
408 5.610171915017114
409 13.684140006180714
410 6.064845906586171
411 6.064845906586171
412 9.100277989812586
413 6.526297443045691
414 6.116553028804108
415 5.361839881444871
416 5.640183590654134
417 6.064845906586171
418 5.640183590654134
419 5.640183590654134
420 6.064845906586171
421 16.453750636668417
422 16.453750636668417
423 16.83244503765223
424 16.62878674319451
425 16.195300763715068
426 18.55629674019534
427 19.02660933772371
428 16.662570957990663
429 16.453750636668417
430 15.070612759777024
431 13.579706264509174
432 16.453750636668417
433 16.453750636668417
434 13.645102365281673
435 7.68297980190536
436 6.048060222288343
437 7.8783246021008315
438 10.783317757500184
439 11.565838263042313
440 5.640183590654134
441 6.064845906586171
442 5.704279854978006
443 5.470855690600268
444 5.26961114881566
445 5.640183590654134
446 5.640183590654134
447 5.097167897397806
448 6.064845906586171
449 6.064845906586171
450 6.064845906586171
451 17.158256145291936
452 16.453750636668417
453 16.453750636668417
454 17.31180311041737
455 16.52178850323532
456 16.30673526620731
457 16.453750636668417
458 17.986871105094377
459 12.888567121273061
460 18.063270358795904
461 15.268764719455769
462 14.799431417380713
463 12.370237901707817
464 13.645102365281673
465 7.486150067311087
466 11.74116833577596
467 9.177255316305065
468 6.064845906586171
469 6.064845906586171
470 5.640183590654134
471 5.961349824460222
472 5.339692607180656
473 5.935999554596867
474 6.9824924588742885
475 5.640183590654134
476 5.640183590654134
477 6.064845906586171
478 6.064845906586171
479 6.064845906586171
480 6.064845906586171
481 16.453750636668417
482 16.453750636668417
483 16.453750636668417
484 17.291926929446152
485 16.453750636668417
486 16.453750636668417
487 13.345486788123726
488 15.506791189812489
489 13.645102365281673
490 17.97190865800855
491 16.589463292140543
492 15.427535634631589
493 16.453750636668417
494 10.653978186861586
495 7.147008574215467
496 1.9072832724912485
497 8.25385995899801
498 8.251345276081201
499 6.064845906586171
500 6.064845906586171
501 6.064845906586171
502 5.640183590654134
503 6.036411106666812
504 6.598033285599859
505 5.640183590654134
506 5.640183590654134
507 5.640183590654134
508 6.064845906586171
509 6.064845906586171
510 6.064845906586171
evaluations raw_y
1 8.101894683241305
2 6.931007733218477
3 5.48280783079072
4 6.602610447151072
5 8.456465925540272
6 2.231799754602787
7 11.359140652684655
8 8.198327899068271
9 1.315888526912497
10 11.2845627007164
11 4.523719490565088
12 7.423214266473152
13 2.168390235301393
14 13.615453901968827
15 8.657435288992723
16 10.250375166644943
17 8.866426953491967
18 5.666143759370688
19 4.193011929007209
20 3.5759603055628513
21 9.519114590978145
22 8.206087082661908
23 8.375724291883486
24 5.3282645984804375
25 5.043242122567583
26 6.309045731054463
27 3.8405618937325636
28 3.4951590683950786
29 8.977044045027341
30 7.334762322315947
31 1.9072832724912485
32 7.3658197400099015
33 8.332194861149137
34 8.15307523340309
35 11.32423851398945
36 11.434847714791937
37 14.173537336745502
38 12.429738326689936
39 14.683051038630532
40 6.064845906586171
41 15.017394925627908
42 12.429738326689936
43 23.375781508427178
44 10.783317757500184
45 23.375781508427178
46 5.640183590654134
47 8.066590544006962
48 16.62896250659288
49 11.32423851398945
50 14.173537336745502
51 10.181356966850661
52 8.332194861149137
53 11.434847714791937
54 23.375781508427178
55 12.80784739531363
56 7.68297980190536
57 4.910386656945314
58 10.770885879329576
59 16.873620728837277
60 12.429738326689936
61 11.815549589435008
62 7.3658197400099015
63 14.248270654677542
64 8.15307523340309
65 11.32423851398945
66 8.332194861149137
67 14.173537336745502
68 8.932391978145377
69 14.683051038630532
70 6.064845906586171
71 14.683051038630532
72 6.1764188535923354
73 12.80784739531363
74 10.783317757500184
75 12.429738326689936
76 3.0652502324193818
77 10.181356966850661
78 1.9072832724912485
79 11.32423851398945
80 8.858453784056707
81 6.09891043486902
82 8.332194861149137
83 2.517208329159131
84 16.873620728837277
85 16.873620728837277
86 6.064845906586171
87 10.783317757500184
88 10.181356966850661
89 4.409605713743355
90 10.181356966850661
91 12.429738326689936
92 7.3658197400099015
93 8.332194861149137
94 14.834151644886214
95 12.80784739531363
96 8.332194861149137
97 23.375781508427178
98 8.066590544006962
99 8.066590544006962
100 6.064845906586171
101 10.783317757500184
102 7.052568049977748
103 12.712650749312335
104 10.783317757500184
105 12.788282994634859
106 7.106272949887935
107 7.4010036749034045
108 8.694027011409077
109 11.32423851398945
110 9.81730254243764
111 6.448456648687775
112 3.8066209942794735
113 6.985831620978556
114 3.722785029536763
115 2.517208329159131
116 2.9737805151266805
117 12.429738326689936
118 8.066590544006962
119 16.821505097910585
120 2.8595336602950567
121 12.429738326689936
122 12.80784739531363
123 8.332194861149137
124 8.18202206232936
125 14.173537336745502
126 4.376664745127774
127 23.375781508427178
128 10.524544544736386
129 8.202587279518935
130 8.066590544006962
131 11.420461272616603
132 3.8868409177935828
133 8.332194861149137
134 7.930034333837168
135 8.332194861149137
136 7.024559194973653
137 10.181356966850661
138 12.429738326689936
139 11.32423851398945
140 13.365940582686358
141 9.890467963773958
142 6.26872109471188
143 5.448146294766185
144 10.181356966850661
145 10.181356966850661
146 9.797746224749057
147 6.448456648687775
148 8.126417914829918
149 6.448456648687775
150 5.999941929526364
151 12.429738326689936
152 12.271826646187982
153 12.429738326689936
154 23.375781508427178
155 10.671118309291176
156 12.04297902270104
157 12.733295621167827
158 12.429738326689936
159 13.795306925562137
160 3.4182724671452727
161 12.429738326689936
162 7.8632177165001345
163 10.181356966850661
164 8.160469533542448
165 12.429738326689936
166 9.382939087366807
167 12.429738326689936
168 4.825386110638948
169 18.923657965482107
170 17.30707682519574
171 20.824284274993182
172 11.800087683710636
173 6.986512884559229
174 3.304559638406708
175 11.378346480436797
176 9.101234905895351
177 6.448456648687775
178 6.448456648687775
179 2.517208329159131
180 3.8588849066802364
181 12.429738326689936
182 10.418785423195494
183 8.097711752459862
184 23.375781508427178
185 7.852810607666881
186 10.647877853135544
187 13.027159711598413
188 8.332194861149137
189 18.08647468605408
190 11.434847714791937
191 12.429738326689936
192 8.61353738595883
193 10.093387339403142
194 6.888351250379811
195 12.429738326689936
196 11.200994407400941
197 6.448456648687775
198 4.316205624318576
199 18.593698050332257
200 11.322028707125178
201 9.037218452935477
202 13.269999745390363
203 6.2281182280090315
204 11.086422065443136
205 5.180589475686521
206 4.73177257347267
207 10.181356966850661
208 10.181356966850661
209 10.181356966850661
210 9.336934878726522
211 7.977476058193573
212 13.72555961056766
213 16.247607055138616
214 10.333950226729925
215 13.795692685454508
216 12.670936203977465
217 8.302285883572004
218 8.054789888982015
219 11.522586515355204
220 6.315863798447362
221 12.429738326689936
222 8.332194861149137
223 3.304976432299707
224 11.52713916103121
225 11.916179670860421
226 14.173537336745502
227 6.448456648687775
228 6.448456648687775
229 6.228540622211689
230 6.100485651452095
231 12.429738326689936
232 14.465256894386542
233 8.857028338099019
234 11.98321168689019
235 5.31979318245391
236 6.448456648687775
237 6.448456648687775
238 10.181356966850661
239 10.181356966850661
240 6.064845906586171
241 12.429738326689936
242 20.03454446013189
243 16.971767146498014
244 11.326212819652897
245 10.697819766766807
246 11.434847714791937
247 12.225404946859223
248 12.125719120223126
249 16.589436137736406
250 12.863597781231075
251 6.448456648687775
252 8.332194861149137
253 10.548486225691239
254 7.4282382284377935
255 12.429738326689936
256 18.216288148410563
257 6.448456648687775
258 6.448456648687775
259 12.627435465046842
260 11.580580042590203
261 2.6045661526265587
262 12.429738326689936
263 9.346608938739346
264 11.618110182247237
265 4.905799321485057
266 6.448456648687775
267 6.448456648687775
268 9.356583203286094
269 5.40880092387653
270 7.900466927098859
271 12.429738326689936
272 13.59881724791631
273 14.975596641734697
274 16.873620728837277
275 12.360097721329815
276 11.434847714791937
277 9.394317578888835
278 12.95157241916566
279 8.332194861149137
280 23.375781508427178
281 4.829957033086624
282 12.429738326689936
283 8.44139363446708
284 6.151190673212362
285 12.429738326689936
286 8.275786569527552
287 6.448456648687775
288 5.386578039084542
289 12.429738326689936
290 6.448456648687775
291 6.448456648687775
292 6.448456648687775
293 10.85560537644666
294 10.971296510004052
295 7.193280772828261
296 6.448456648687775
297 4.0406893053233865
298 3.4388285403965813
299 10.181356966850661
300 8.90557218121916
301 11.940840076254691
302 12.80784739531363
303 18.849369091043172
304 12.679819929945872
305 11.32423851398945
306 11.454464017768103
307 16.16704070533606
308 13.749924693886594
309 8.332194861149137
310 12.80784739531363
311 3.121279987127616
312 11.2516039717504
313 12.537874855304928
314 4.4896904261771144
315 8.332194861149137
316 6.448456648687775
317 8.332194861149137
318 12.429738326689936
319 12.429738326689936
320 5.3344035358165485
321 5.366544913270394
322 2.517208329159131
323 12.898585052429695
324 8.872661414832576
325 3.3109315495769094
326 6.448456648687775
327 3.0293710582654123
328 6.774302460644259
329 10.181356966850661
330 8.229579119268074
331 11.31483987539738
332 12.80784739531363
333 10.936104043275037
334 2.681752104859943
335 8.861243532828219
336 12.508291338555479
337 13.703113731483791
338 12.162815493599627
339 12.331024271422962
340 20.447417956807346
341 17.37984513423527
342 3.81326842226927
343 9.286328221944578
344 8.938557650090786
345 12.429738326689936
346 16.97373015288931
347 8.83099024061038
348 12.429738326689936
349 6.448456648687775
350 7.201295503382496
351 4.9696587713963565
352 3.003147923802368
353 12.934134655050956
354 8.372076713839492
355 3.3717962915983897
356 6.448456648687775
357 12.429738326689936
358 10.181356966850661
359 6.448456648687775
360 6.064845906586171
361 9.724893516951147
362 8.26558200940859
363 13.79967349000825
364 7.804115177684193
365 19.133289376241155
366 14.019627868299736
367 12.80784739531363
368 13.775399337768873
369 13.744017436827047
370 18.14877983409492
371 16.0600186754911
372 8.066590544006962
373 6.159571622105997
374 6.448456648687775
375 12.429738326689936
376 17.883418402778936
377 6.898007336175347
378 12.429738326689936
379 6.448456648687775
380 6.448456648687775
381 7.255905210305702
382 8.418470893055309
383 8.698286218162407
384 6.448456648687775
385 2.655254745664889
386 6.448456648687775
387 6.448456648687775
388 10.181356966850661
389 7.35887516692625
390 3.421540673411452
391 17.231221772094884
392 14.871984314610819
393 23.375781508427178
394 12.094457528075512
395 12.962026752486882
396 12.80784739531363
397 10.577563374496656
398 16.82651106427946
399 13.715864290894581
400 23.375781508427178
401 14.173537336745502
402 12.429738326689936
403 5.211498354169714
404 6.448456648687775
405 5.09306235461331
406 12.429738326689936
407 12.429738326689936
408 5.384325527424617
409 9.164547274528559
410 9.101578661641202
411 8.555287335357763
412 3.3015029616946885
413 6.448456648687775
414 6.448456648687775
415 3.035778220445499
416 4.816067092790326
417 5.394252594913814
418 10.181356966850661
419 3.3733834376602485
420 3.7560931871097365
421 12.897335091689255
422 18.717893336766107
423 23.375781508427178
424 23.375781508427178
425 8.59362271805734
426 15.823373288820154
427 15.217274249228625
428 13.056499420375774
429 12.649904345890324
430 23.375781508427178
431 15.03896641636432
432 14.819401242880698
433 12.429738326689936
434 4.6944816600100125
435 10.181356966850661
436 12.429738326689936
437 6.448456648687775
438 6.448456648687775
439 12.479109164631247
440 4.086837847828072
441 10.007730823395109
442 2.7420200703049007
443 6.448456648687775
444 6.448456648687775
445 7.928789298838511
446 10.181356966850661
447 6.448456648687775
448 10.181356966850661
449 7.3472595346005924
450 3.459892799570369
451 12.80784739531363
452 17.007464217488405
453 16.192027158183855
454 7.97086386164622
455 13.909680441383538
456 12.927464926946685
457 13.782601543701507
458 13.433487059907566
459 12.80784739531363
460 23.375781508427178
461 16.873620728837277
462 8.448364165549687
463 12.429738326689936
464 17.291610387099436
465 13.283413699657896
466 16.910158858245783
467 7.8771739819041455
468 6.448456648687775
469 12.429738326689936
470 7.098675913650208
471 7.558064580099609
472 6.448456648687775
473 4.225265331111494
474 3.787339071236244
475 6.448456648687775
476 6.448456648687775
477 10.181356966850661
478 6.332344698392741
479 3.7160909174513774
480 9.077366585328175
481 5.8158262432840475
482 13.693650426532141
483 18.4125369204315
484 17.16051276789153
485 12.936878118214107
486 12.527542914448118
487 13.545809443704123
488 13.939109637962192
489 11.406785180697916
490 18.13379239344575
491 14.624243900642128
492 6.448456648687775
493 8.469188486087445
494 21.098323163292022
495 17.209975502252004
496 23.375781508427178
497 11.557175121950417
498 6.448456648687775
499 6.448456648687775
500 5.488168958435727
501 5.381874934749907
502 6.448456648687775
503 6.448456648687775
504 6.448456648687775
505 6.448456648687775
506 9.166906041271995
507 6.629042798374222
508 3.6405232275792168
509 6.1475853965829605
510 6.043597719726998
evaluations raw_y
1 14.422209666209472
2 1.2246197285972822
3 1.552586370251702
4 7.246743566779972
5 7.454907323601571
6 12.185438473593129
7 2.1443392273154114
8 5.369571732606791
9 3.8851139397927907
10 4.501820309660225
11 7.354019855015334
12 9.592016654253607
13 6.00251790461227
14 3.209232963700745
15 7.6247526693457734
16 7.1197386146556525
17 13.777238565540754
18 13.87857350254244
19 7.604202447327802
20 7.98034265324823
21 7.267890802623026
22 12.308117015519931
23 7.3897060077219034
24 10.820694642493589
25 11.0475763248612
26 9.205221395164768
27 3.135032801078215
28 11.41936512358666
29 8.756832406036814
30 7.763551727299612
31 8.29575978199662
32 7.644041907995756
33 7.106272949887935
34 18.149535592396294
35 12.429738326689936
36 11.434847714791937
37 14.683051038630532
38 8.15307523340309
39 6.448456648687775
40 8.332194861149137
41 7.147008574215467
42 11.522586515355204
43 23.375781508427178
44 6.250108647322016
45 11.32423851398945
46 9.797746224749057
47 9.797746224749057
48 3.2918165583764396
49 10.783317757500184
50 7.147008574215467
51 9.864103519262981
52 11.522586515355204
53 14.683051038630532
54 18.149535592396294
55 8.15307523340309
56 3.4141082560525815
57 16.873620728837277
58 10.181356966850661
59 10.181356966850661
60 8.795752772822976
61 7.908332041584618
62 8.956522191084563
63 9.797746224749057
64 11.099563165474802
65 13.181847530573917
66 6.448456648687775
67 6.448456648687775
68 10.783317757500184
69 10.181356966850661
70 8.332194861149137
71 12.80784739531363
72 12.005596670378157
73 23.375781508427178
74 8.332194861149137
75 7.119714164674566
76 16.873620728837277
77 7.3658197400099015
78 13.645102365281673
79 7.319014094878883
80 9.81730254243764
81 7.106272949887935
82 11.522586515355204
83 14.683051038630532
84 1.9072832724912485
85 11.522586515355204
86 16.873620728837277
87 11.415880120068246
88 10.181356966850661
89 6.233680648062513
90 6.064845906586171
91 11.434847714791937
92 19.621940328134762
93 18.149535592396294
94 5.654116188544981
95 12.101179028340438
96 10.181356966850661
97 11.456202976365658
98 10.783317757500184
99 10.181356966850661
100 10.651233793781408
101 16.873620728837277
102 9.797746224749057
103 12.429738326689936
104 8.332194861149137
105 11.32423851398945
106 10.633251485262308
107 7.3658197400099015
108 12.80784739531363
109 12.80784739531363
110 18.149535592396294
111 7.106272949887935
112 18.149535592396294
113 14.683051038630532
114 7.106272949887935
115 18.149535592396294
116 10.181356966850661
117 16.873620728837277
118 9.630307849153112
119 6.064845906586171
120 6.064845906586171
121 12.393100325692815
122 18.485884038953007
123 18.149535592396294
124 12.40154787272143
125 3.6778591527943885
126 10.181356966850661
127 9.797746224749057
128 8.040493964589812
129 3.9233419555303284
130 14.173537336745502
131 10.89492547260376
132 10.262875647511214
133 8.208102708922661
134 8.15307523340309
135 10.291657108577242
136 14.173537336745502
137 7.106272949887935
138 18.718457340252705
139 4.071917561856989
140 5.886670214548004
141 7.106272949887935
142 18.149535592396294
143 11.30479070194443
144 10.783317757500184
145 11.086625224023257
146 10.181356966850661
147 10.83944192989041
148 8.795878081870276
149 6.064845906586171
150 6.064845906586171
151 16.661699265963197
152 9.046290452065964
153 6.66157110353213
154 4.994158879283267
155 4.249038265565058
156 4.617139461309401
157 11.522586515355204
158 11.951739218564123
159 6.448456648687775
160 12.576903838254253
161 7.959457535849604
162 6.641000753973397
163 5.237148448815995
164 8.15307523340309
165 12.851786974685599
166 16.873620728837277
167 7.106272949887935
168 13.53631605294198
169 18.149535592396294
170 11.522586515355204
171 7.106272949887935
172 4.126413099078401
173 11.522586515355204
174 10.783317757500184
175 3.667858372832208
176 10.181356966850661
177 9.737726200825783
178 9.467350504752654
179 6.064845906586171
180 6.064845906586171
181 18.149535592396294
182 12.150854239771592
183 11.522586515355204
184 10.178044762205005
185 18.149535592396294
186 10.365658678961147
187 4.166632842382346
188 6.367756007297531
189 10.212880916524853
190 9.832000069563023
191 10.369835159651084
192 11.931292205154758
193 7.447448523264232
194 10.164999532185641
195 12.901489697133345
196 8.066590544006962
197 18.149535592396294
198 11.522586515355204
199 15.008879902395375
200 11.522586515355204
201 4.241610067303199
202 11.682268551478137
203 6.54544781078329
204 10.783317757500184
205 7.436562067254519
206 10.181356966850661
207 10.783317757500184
208 3.4141082560525815
209 9.797597847762216
210 6.064845906586171
211 18.149535592396294
212 8.834114747011556
213 11.522586515355204
214 4.228774609370889
215 5.433534775520053
216 10.488411396787136
217 17.71710698716774
218 18.149535592396294
219 12.769242180231393
220 9.965601512810064
221 9.200913979531364
222 9.997113099995873
223 12.48831910510712
224 9.625286830017123
225 6.731768711670448
226 3.0151385951495326
227 6.914345804111955
228 11.522586515355204
229 9.744449090832026
230 11.522586515355204
231 10.783317757500184
232 10.515356646167442
233 11.50713482082078
234 11.264893326101593
235 9.71147370937284
236 8.334004925852792
237 9.54629673493383
238 7.788875273692284
239 5.317966890818505
240 9.900942807418637
241 15.594099078290432
242 6.300967054196347
243 11.522586515355204
244 14.6377781457384
245 11.702968924833412
246 10.83171409085046
247 18.149535592396294
248 18.149535592396294
249 7.106272949887935
250 11.522586515355204
251 9.028573078324792
252 8.066590544006962
253 16.873620728837277
254 18.149535592396294
255 18.149535592396294
256 12.902164184762471
257 9.515881155520013
258 11.206093938230282
259 12.847573885823966
260 10.504952623038488
261 18.149535592396294
262 10.783317757500184
263 16.617732995800274
264 13.38704443789136
265 4.791646463216306
266 10.181356966850661
267 8.066590544006962
268 3.4141082560525815
269 5.640183590654134
270 7.789620229298051
271 18.149535592396294
272 11.522586515355204
273 9.515498598053199
274 9.137062654274157
275 13.473376754584722
276 18.149535592396294
277 18.149535592396294
278 9.745887090465043
279 9.797746224749057
280 4.142344592107691
281 10.424984096616205
282 7.814638929137247
283 16.01575809157701
284 11.522586515355204
285 5.666091480619324
286 14.519892626563822
287 12.817981981394018
288 9.044528537770951
289 14.233664218852507
290 14.958305851024264
291 16.01996985881956
292 6.064845906586171
293 12.687942215684448
294 6.064845906586171
295 15.219792926136005
296 10.950702276174685
297 8.066590544006962
298 3.4141082560525815
299 9.903346410086058
300 9.942209028266523
301 18.149535592396294
302 15.461417438017257
303 9.505833278387994
304 12.869299740807067
305 6.748475525829221
306 11.522586515355204
307 12.60210220725195
308 13.264432599561747
309 5.796859283328886
310 10.181356966850661
311 9.346277568695944
312 10.579726767261466
313 8.129433486961712
314 18.149535592396294
315 7.467239907275175
316 3.6271966943445433
317 15.542641669450951
318 8.143595873335283
319 18.149535592396294
320 16.873620728837277
321 3.177172596144355
322 6.064845906586171
323 16.873620728837277
324 10.783317757500184
325 11.522586515355204
326 6.064845906586171
327 7.4777990184735526
328 9.792696922005954
329 3.173341471009334
330 8.349348559340235
331 18.149535592396294
332 9.11791926957001
333 11.522586515355204
334 7.215160320924566
335 7.642498914059236
336 17.82728599515849
337 10.891356346367997
338 12.787401595576961
339 11.675933177411208
340 4.100739799465943
341 11.522586515355204
342 18.149535592396294
343 18.149535592396294
344 11.522586515355204
345 18.149535592396294
346 14.173537336745502
347 6.998899721354122
348 13.235476630909812
349 10.430469130773982
350 6.936998955451751
351 16.873620728837277
352 6.064845906586171
353 16.873620728837277
354 6.064845906586171
355 10.723084830750913
356 13.915859731088059
357 15.640713560466558
358 6.610869530481844
359 3.4141082560525815
360 3.4141082560525815
361 18.149535592396294
362 18.149535592396294
363 15.740690968954532
364 8.78828010750132
365 18.49379588218619
366 18.149535592396294
367 18.149535592396294
368 16.504988311291612
369 16.873620728837277
370 4.332382595285889
371 16.66414723063397
372 11.522586515355204
373 18.149535592396294
374 12.345585386846976
375 4.071880838835874
376 14.173537336745502
377 6.669545483549405
378 3.8818539945048496
379 6.522073963673803
380 10.783317757500184
381 16.873620728837277
382 6.064845906586171
383 16.873620728837277
384 11.184892114773103
385 1.3633763699642427
386 4.5745969543127
387 3.7105545181597153
388 7.111196016888117
389 8.682138322063727
390 3.4141082560525815
391 18.149535592396294
392 18.149535592396294
393 18.149535592396294
394 7.547421580038268
395 14.40232422776333
396 18.149535592396294
397 18.149535592396294
398 5.472400580258548
399 11.522586515355204
400 16.67591794270293
401 18.149535592396294
402 18.149535592396294
403 18.149535592396294
404 11.522586515355204
405 16.873620728837277
406 13.164585733896251
407 10.314684796830226
408 11.546982600526857
409 11.415880120068246
410 10.783317757500184
411 16.873620728837277
412 6.064845906586171
413 18.149535592396294
414 15.195952417068623
415 8.571518414715843
416 5.640183590654134
417 6.622887792805433
418 7.821283681624023
419 6.533546699936712
420 6.064845906586171
421 11.522586515355204
422 18.149535592396294
423 8.938775580569466
424 16.958469470018624
425 18.149535592396294
426 18.149535592396294
427 18.149535592396294
428 18.149535592396294
429 18.149535592396294
430 11.522586515355204
431 11.522586515355204
432 18.149535592396294
433 6.451043980898968
434 10.315444802958458
435 14.173537336745502
436 5.4021760754321635
437 11.673308810725219
438 11.522586515355204
439 7.083449162666239
440 11.951803035235237
441 5.560909605772765
442 6.064845906586171
443 10.551482409141713
444 5.70582890380099
445 7.555111454269106
446 5.438989759377696
447 7.808948177501996
448 3.4141082560525815
449 8.251688061227961
450 6.357211105772854
451 10.462269137460249
452 18.149535592396294
453 13.337425996391877
454 10.872588346961662
455 18.149535592396294
456 6.068956781577155
457 18.149535592396294
458 11.522586515355204
459 11.522586515355204
460 6.435495184744907
461 18.149535592396294
462 18.149535592396294
463 4.58124257685505
464 2.1942363123768995
465 14.173537336745502
466 7.738364973465666
467 7.269383865095679
468 11.813882513156107
469 12.360794502883408
470 18.149535592396294
471 11.522586515355204
472 7.735935203995517
473 10.131688974808926
474 5.640183590654134
475 8.016906466102121
476 7.347302910926656
477 9.691364326519892
478 3.4141082560525815
479 5.636529374661787
480 7.958740733027974
481 11.522586515355204
482 18.149535592396294
483 12.940680639738938
484 18.149535592396294
485 18.149535592396294
486 9.322699172708408
487 18.149535592396294
488 11.522586515355204
489 18.149535592396294
490 18.149535592396294
491 11.522586515355204
492 18.149535592396294
493 18.149535592396294
494 18.149535592396294
495 6.395522658727432
496 8.67172203100655
497 14.649661699914718
498 11.82127104415254
499 9.989292412189263
500 2.5407348135509986
501 3.887102242085623
502 11.522586515355204
503 8.946899644861466
504 5.640183590654134
505 3.4141082560525815
506 6.9811975448799055
507 6.674537706559911
508 3.4141082560525815
509 3.4141082560525815
510 8.87035342270645
evaluations raw_y
1 7.090185161317757
2 5.753616831923949
3 9.571384279499108
4 9.98822417167782
5 6.6737983166536825
6 5.245432640070076
7 3.7821589600128247
8 10.434381154429985
9 5.980675488188725
10 12.767965142639756
11 3.7155265795055916
12 6.409843358033138
13 6.7335195012597415
14 4.7238119356645925
15 1.765930758350192
16 10.631742234028682
17 10.371486723982015
18 6.645469026537726
19 6.608999444816022
20 10.66362615365812
21 16.224505990363262
22 8.929633282519367
23 9.98880764334696
24 6.504270506388035
25 4.506890045502024
26 -0.29419711448829133
27 12.336592340961754
28 3.6508880242559836
29 17.643301033990948
30 12.876999006922688
31 12.80784739531363
32 10.783317757500184
33 9.81730254243764
34 13.645102365281673
35 3.953349565429233
36 9.797746224749057
37 10.783317757500184
38 6.448456648687775
39 6.250108647322016
40 8.15307523340309
41 6.448456648687775
42 7.147008574215467
43 9.81730254243764
44 5.190715920881631
45 18.149535592396294
46 8.768091104971377
47 9.797746224749057
48 7.68297980190536
49 16.453750636668417
50 3.4141082560525815
51 15.4321003536142
52 13.666390892860708
53 7.3658197400099015
54 7.147008574215467
55 6.448456648687775
56 5.640183590654134
57 6.064845906586171
58 11.415880120068246
59 10.181356966850661
60 10.181356966850661
61 18.149535592396294
62 10.783317757500184
63 12.429738326689936
64 13.645102365281673
65 7.3658197400099015
66 9.797746224749057
67 7.890332309225699
68 6.448456648687775
69 1.9072832724912485
70 8.15307523340309
71 6.448456648687775
72 7.68297980190536
73 10.783317757500184
74 8.860294005581814
75 18.149535592396294
76 3.4141082560525815
77 7.106272949887935
78 9.797746224749057
79 10.999687007260656
80 7.147008574215467
81 13.645102365281673
82 12.80784739531363
83 1.9072832724912485
84 7.3658197400099015
85 10.783317757500184
86 6.064845906586171
87 6.064845906586171
88 10.783317757500184
89 10.181356966850661
90 6.064845906586171
91 5.23235068225111
92 10.783317757500184
93 6.448456648687775
94 13.645102365281673
95 13.600394993616044
96 10.786104194024833
97 9.016854291400136
98 6.448456648687775
99 5.640183590654134
100 18.149535592396294
101 6.448456648687775
102 11.415880120068246
103 10.783317757500184
104 6.064845906586171
105 5.361969891335284
106 14.683051038630532
107 18.793615787007177
108 9.797746224749057
109 11.878134885116044
110 7.147008574215467
111 3.5072622579219015
112 14.759449968331893
113 5.357994621421537
114 7.3658197400099015
115 10.783317757500184
116 6.064845906586171
117 9.507865746079748
118 5.525265632285064
119 6.064845906586171
120 7.228718895818581
121 6.448456648687775
122 7.265590236112084
123 10.783317757500184
124 13.645102365281673
125 12.921994355831956
126 12.123960178516434
127 10.494622787320662
128 6.6543487590317865
129 7.210838657629385
130 7.106272949887935
131 9.797746224749057
132 9.189447637703687
133 10.639450648935389
134 10.783317757500184
135 7.439040818382967
136 8.825820065493291
137 5.712073452671874
138 10.454705601330527
139 9.119400287597504
140 7.147008574215467
141 7.147008574215467
142 8.433960622120306
143 13.579386484172812
144 11.50543911910834
145 10.783317757500184
146 6.064845906586171
147 4.8777304391732645
148 10.783317757500184
149 6.064845906586171
150 9.797746224749057
151 4.656111363877891
152 6.064845906586171
153 11.041203172288025
154 13.645102365281673
155 5.875363526851046
156 12.38753522528038
157 7.728502375655256
158 6.448456648687775
159 10.783317757500184
160 4.22339023586626
161 9.126898259080065
162 7.707559875670965
163 7.106272949887935
164 9.797746224749057
165 6.064845906586171
166 8.323638920567909
167 19.454971506555516
168 7.859228979587353
169 9.199997168001827
170 9.47621771265045
171 7.321378783439322
172 6.343680796434544
173 9.37614782470345
174 11.985563756108425
175 9.797746224749057
176 8.147696557550244
177 6.661521639679063
178 10.783317757500184
179 6.064845906586171
180 6.064845906586171
181 7.106272949887935
182 6.064845906586171
183 9.61539030681984
184 7.687704354344422
185 11.670107961128164
186 12.382560150555747
187 9.425972951786036
188 10.783317757500184
189 9.797746224749057
190 7.106272949887935
191 2.9222026060231165
192 8.669172987123199
193 10.783317757500184
194 10.783317757500184
195 6.064845906586171
196 7.989071929825861
197 11.482583736541628
198 5.599506803204181
199 6.665281608950102
200 10.783317757500184
201 13.468189215900214
202 12.069512568661011
203 9.444909680368204
204 13.491101583055357
205 9.797746224749057
206 9.797746224749057
207 10.783317757500184
208 8.246494460949236
209 6.064845906586171
210 9.797746224749057
211 7.106272949887935
212 3.445844049726386
213 12.124248893462497
214 10.880040614264125
215 10.937544465993685
216 12.322845208372577
217 8.80048247159595
218 10.783317757500184
219 6.064845906586171
220 7.032883490514329
221 5.416308806228942
222 7.106272949887935
223 5.364273726914158
224 9.797746224749057
225 9.797746224749057
226 7.812716115338114
227 15.377505334456869
228 8.789128743155043
229 9.12253590727738
230 5.97383824680775
231 9.10016827112992
232 10.732484011635462
233 9.304705286293625
234 10.097048223812923
235 8.842078883346588
236 9.288650124888282
237 5.8236971750248765
238 4.850191421006778
239 6.064845906586171
240 10.783317757500184
241 7.106272949887935
242 9.797746224749057
243 11.773103529790902
244 12.17931541579722
245 9.788543446616282
246 4.9727626202695285
247 10.1633722584261
248 10.783317757500184
249 9.144577987006748
250 11.089035303281285
251 5.848985389205992
252 9.797746224749057
253 6.064845906586171
254 7.66610320196797
255 10.783317757500184
256 7.650686263603092
257 9.797746224749057
258 12.097387190715846
259 10.783317757500184
260 10.783317757500184
261 9.673242723293988
262 10.783317757500184
263 10.783317757500184
264 7.927468866682368
265 9.612168316081778
266 6.064845906586171
267 6.064845906586171
268 10.480731141684545
269 6.064845906586171
270 9.797746224749057
271 8.316034887560843
272 7.106272949887935
273 13.391598522908918
274 12.150081923588127
275 14.183143003621561
276 9.036332943187986
277 4.21302598296158
278 9.655155750568024
279 6.064845906586171
280 10.783317757500184
281 9.952713355506042
282 9.92959290231753
283 6.064845906586171
284 3.5210798800569343
285 7.492932483912463
286 4.2904011329337655
287 10.783317757500184
288 8.649412482544111
289 6.064845906586171
290 6.017472687783502
291 10.303121144952966
292 6.7598049257368755
293 5.1843940273990095
294 10.27171629525708
295 10.328005983173345
296 11.198536893084556
297 7.106272949887935
298 10.232406904150537
299 10.552330452352445
300 6.064845906586171
301 9.702179028172957
302 7.106272949887935
303 6.652266807152551
304 8.702216154809827
305 9.083356741716743
306 11.5650423504472
307 11.834477619860495
308 9.019889667001841
309 10.783317757500184
310 10.783317757500184
311 11.550875529003076
312 7.888132617360373
313 9.797746224749057
314 6.064845906586171
315 5.658667148630872
316 3.778317152249161
317 10.504162896296698
318 6.381946536330728
319 10.783317757500184
320 12.701043668644726
321 10.783317757500184
322 10.783317757500184
323 10.783317757500184
324 17.406658082241783
325 10.334657030366493
326 11.4054546653838
327 10.783317757500184
328 9.47030406111244
329 6.064845906586171
330 6.064845906586171
331 9.946473954843352
332 10.783317757500184
333 11.03077325378924
334 13.198491797026529
335 9.866763410919768
336 4.773072295240851
337 8.498322729181156
338 9.398263516356606
339 8.095460807800714
340 6.064845906586171
341 8.8739509410198
342 6.064845906586171
343 7.106272949887935
344 6.064845906586171
345 11.2129645464706
346 10.783317757500184
347 8.15792261562862
348 11.314015523717275
349 9.406052775959347
350 14.102743902846164
351 5.3345772307212265
352 10.783317757500184
353 5.045944305738514
354 10.976293796779323
355 10.783317757500184
356 3.882324459043046
357 6.916651792545622
358 9.797746224749057
359 6.064845906586171
360 6.064845906586171
361 11.718301051431366
362 9.847849944331077
363 3.1208404970116366
364 7.280676778587723
365 14.583081441418747
366 7.106272949887935
367 12.378287028807227
368 12.971717993186656
369 12.727690358399558
370 10.783317757500184
371 8.228460727645139
372 6.064845906586171
373 7.106272949887935
374 6.064845906586171
375 8.393424729623737
376 10.783317757500184
377 10.783317757500184
378 10.723288466200618
379 7.222616760191743
380 8.752689169189761
381 9.797746224749057
382 6.964161456567613
383 7.9455928401722735
384 13.43046956222379
385 10.783317757500184
386 6.064845906586171
387 3.38067744504233
388 10.783317757500184
389 6.064845906586171
390 6.064845906586171
391 10.783317757500184
392 6.534208419873719
393 9.93211480271551
394 12.944671476148006
395 12.804293676783685
396 7.106272949887935
397 11.291037481713602
398 8.473132900046862
399 9.431587802033608
400 10.367018489119664
401 7.436135076026845
402 6.064845906586171
403 7.106272949887935
404 8.06939508511317
405 10.531114014345333
406 10.783317757500184
407 10.783317757500184
408 7.106272949887935
409 9.797746224749057
410 11.743014544473
411 9.03490033278273
412 9.797746224749057
413 10.147745473638091
414 11.292514763046295
415 1.451922565118329
416 6.064845906586171
417 6.064845906586171
418 6.064845906586171
419 10.783317757500184
420 6.064845906586171
421 9.039943082368206
422 11.628871899072683
423 15.331149710264075
424 14.395012866524532
425 9.989050786730537
426 8.196124207005152
427 9.752759999374355
428 9.137477435973
429 10.43434592367019
430 7.625114473537882
431 4.1402297230341345
432 6.064845906586171
433 0.6533468110684946
434 10.783317757500184
435 9.797746224749057
436 10.783317757500184
437 9.134330567437598
438 6.064845906586171
439 10.783317757500184
440 9.923142122750118
441 10.800120517067603
442 9.031109740518946
443 11.122035255351335
444 11.318179129172535
445 6.064845906586171
446 6.064845906586171
447 10.783317757500184
448 10.783317757500184
449 9.312004347289525
450 6.064845906586171
451 7.4250260907460985
452 8.747539822629667
453 11.069065994475592
454 15.197511736427765
455 15.446061559536474
456 13.171187537750129
457 13.180257102671797
458 13.030471156303197
459 9.455035407430248
460 10.783317757500184
461 6.064845906586171
462 9.797746224749057
463 7.106272949887935
464 9.041676886374509
465 6.064845906586171
466 10.783317757500184
467 10.783317757500184
468 6.064845906586171
469 7.106272949887935
470 10.353362094798248
471 9.373727349426789
472 9.858139415301967
473 8.815337216795953
474 9.2511775141676
475 10.783317757500184
476 10.783317757500184
477 10.783317757500184
478 6.229904255318262
479 6.064845906586171
480 6.064845906586171
481 14.29410582948578
482 10.52155507280961
483 12.609285839514627
484 13.515653548654255
485 12.3884661787165
486 13.298051232921091
487 6.013425129129464
488 8.504501951791063
489 9.797746224749057
490 10.783317757500184
491 10.783317757500184
492 10.783317757500184
493 7.106272949887935
494 10.783317757500184
495 8.112889497623874
496 10.783317757500184
497 10.783317757500184
498 10.783317757500184
499 10.172258663117232
500 10.749173848024837
501 10.573092735728359
502 10.998638062777314
503 9.817531633565224
504 9.663689854542051
505 6.064845906586171
506 9.797746224749057
507 10.783317757500184
508 9.341912936362553
509 6.064845906586171
510 6.064845906586171
