evaluations raw_y
1 18.38928876917094
2 626.8364851536658
3 498.29130979965976
4 2247.914670109411
5 161.23748888178844
6 188.93930951133092
7 277.11864615516845
8 652.5987285615834
9 309.89299273350093
10 67.75405281770253
11 301.66588942880423
12 30.241991956098623
13 88.01404944633843
14 325.4022870080414
15 695.6308847313281
16 121.81137646224758
17 149.74510334927334
18 3622.860620355826
19 104.00847601146003
20 607.6291253762259
21 538.2408795001342
22 4347.393288531074
23 1181.0970730334914
24 522.02194437967
25 203.8692176152904
26 49.881602239294416
27 84.78635931139154
28 35.46634672081493
29 1345.9876148380915
30 6488.314992935245
31 113.0689840304868
32 137.3673896721974
33 5477.597048147312
34 93.93284393096042
35 1150.34781626056
36 412.5116227894542
37 3718.4789983381474
38 61.31432770086751
39 946.9307743181602
40 150.29304154223928
41 271.8586366537861
42 2656.9515775225864
43 290.673552773097
44 1393.61509981729
45 149.7238632941401
46 903.9744818445077
47 193.67508050276655
48 43.66876219959611
49 423.3478434124304
50 84.97380323981376
51 2942.6006468993946
52 275.94591527899365
53 735.5921269145944
54 6487.904647960118
55 178.0075689570018
56 188.96628497561127
57 352.9132711881128
58 445.79235980659485
59 324.6833480622032
60 321.8635091138274
61 168.86365953022704
62 191.68775310750183
63 59.615067173321336
64 814.3571353616904
65 733.9003039789442
66 110.48687267681056
67 171.66155623709648
68 94.88281064369272
69 1543.6863204641204
70 194.9385407990523
71 1051.7378298699832
72 42.11690516465047
73 1302.1572104910347
74 269.98087520103
75 882.9165451195364
76 6416.910912223138
77 69.11656551801694
78 124.10631317667264
79 1096.314667779224
80 114.21495875573217
81 98.51406691382043
82 418.47764155033803
83 459.48228897250135
84 3077.2981141730165
85 5213.491507778744
86 272.6810214350613
87 3710.510674030664
88 6754.816088648271
89 1078.0398899750026
90 298.276133773901
91 288.3266005355535
92 1137.4459254586284
93 839.7727033584744
94 1391.6664907752493
95 150.0041553356252
96 588.6423827216116
97 191.40669369740147
98 196.26414576097514
99 506.1313383368541
100 91.14040765955647
101 74.20605945815284
102 535.7803786171278
103 669.5318272615032
104 2249.4831116788437
105 186.8929405429134
106 194.32013267320983
107 507.7217065721023
108 70.56281216605235
109 406.7020585957786
110 8.693287991688965
111 128.58853410327433
112 40.549997999597146
113 14.609695139900937
114 298.0006949127024
115 256.22751865400556
116 62.75547115542003
117 102.99622764253797
118 178.28611434289706
119 101.8769232971951
120 200.5737348203447
121 2210.988153663112
122 37.63143236146345
123 1206.7113343296269
124 379.19367324349764
125 1631.3291036097062
126 45.46070011380809
127 1348.5442112098863
128 6608.060509120048
129 39.825456418130365
130 54.60049248980564
131 199.35314675832228
132 373.98408466420017
133 474.58386469981275
134 79.09579959909776
135 1047.7673713796341
136 734.6945074929877
137 70.28434207468051
138 92.40528366921879
139 464.5258166604385
140 24.74758431698782
141 393.4217157314347
142 779.7860304022405
143 276.52012520990456
144 155.5160059459604
145 18.37130467184962
146 170.87869823620912
147 274.13220849867594
148 59.11122329547151
149 411.60254334080855
150 84.64572565288503
151 891.401732453749
152 255.54732553343536
153 522.3230678555154
154 115.77197607485213
155 492.13869293045275
156 194.2587252344215
157 272.52920100679756
158 72.3363969485149
159 248.8197642618023
160 9.098472052650859
161 58.18231494988011
162 71.60546773285705
163 382.06740591720063
164 446.3718062532619
165 293.86066276041925
166 29.237173057934775
167 58.25145774345791
168 627.8988438608167
169 24.218460093546486
170 474.15524410085993
171 170.04217845764595
172 4.795200896081628
173 1197.9407640001557
174 421.5005014922307
175 6540.832272643141
176 1061.3707678593125
177 129.3258208879555
178 229.27098845693223
179 49.43708534011744
180 29.33839655658099
181 115.99496541015779
182 359.6033110396094
183 508.49486812856753
184 67.15239354472045
185 367.90611319535014
186 112.47428693293307
187 948.8751357955052
188 6613.622643742014
189 485.11733714270065
190 380.0667283720465
191 247.53262901672198
192 968.7965375051065
193 58.062191951285506
194 29.064427414387836
195 111.42005826959327
196 112.58226377018293
197 186.21276408172392
198 14.829630451169816
199 416.48212555730936
200 548.385015755088
201 73.50329008376737
202 283.78185153005506
203 509.1129786993633
204 116.73006375378968
205 148.18487538383636
206 219.04282338247882
207 400.11764293195205
208 77.31721552249563
209 57.17497524119211
210 72.59582092340253
211 445.0083439981936
212 29.70661941877317
213 15.561077729579948
214 409.9374778770897
215 88.50032615252985
216 46.31610736194221
217 188.79906645769873
218 287.76613185993426
219 30.720889992901242
220 392.4376665250995
221 340.2008576317179
222 41.467808519042194
223 1185.2200431804422
224 266.77280487457836
225 33.82854102566258
226 83.59790214941434
227 71.99008416520448
228 278.003380792522
229 33.65021690288057
230 63.89036483794566
231 74.3219738727727
232 132.37824972033852
233 46.5959700874616
234 2361.2876001445566
235 207.49191656896699
236 233.7286708561157
237 95.71993661351736
238 186.04200748017104
239 470.16030151153717
240 255.59708624970813
241 374.5855052261775
242 777.6242412368503
243 31.066384200384036
244 32.33342519623253
245 34.71191369834524
246 98.944723624672
247 195.13348523788503
248 58.48184125854415
249 231.74228666883053
250 631.5063740571695
251 18.770444132073354
252 125.02510185553207
253 544.5363673133578
254 110.57747173327985
255 58.826360075700464
256 240.40744185392387
257 176.77815563962096
258 47.52129039899029
259 422.40617701774806
260 22.945908615071207
261 153.2803825328434
262 37.0907341695728
263 43.97963402206561
264 124.05609404558635
265 549.2094884070544
266 28.80759058247321
267 11.39272225038962
268 98.73391470491754
269 25.684021583120654
270 45.81404332630929
271 768.55187458373
272 34.59635410767713
273 1167.62753851389
274 29.5519122679025
275 43.34072228098829
276 231.68053824386348
277 166.22511826980318
278 76.38977000173664
279 168.3392854112631
280 38.39293819236411
281 61.13570511213866
282 102.23547787709553
283 53.15924941459415
284 67.31001224535268
285 202.72735785019702
286 165.5666976747371
287 410.55529762351733
288 28.243928920696113
289 40.03325330416544
290 25.499259631936717
291 139.2379536181598
292 254.3759883980258
293 26.441191261040753
294 82.40041141671756
295 21.58763011975654
296 219.09412878100488
297 20.947046770297867
298 441.12290317072467
299 39.1333296551685
300 92.01020823176822
301 789.8522293663899
302 74.9154889040664
303 13.06515089893211
304 113.04390524862335
305 111.43532150255001
306 48.31368116624498
307 265.98966230401066
308 34.37230914045327
309 100.08543608424168
310 24.095704633259814
311 55.951606725086634
312 43.67877494718589
313 259.86431199675025
314 132.4238739791328
315 40.41099645436743
316 67.50702429641663
317 36.34561305287907
318 44.19579545772358
319 37.76692115962575
320 77.85666367510399
321 177.25237736954554
322 13.345361768275877
323 20.363745417677933
324 62.379878147434525
325 26.705814398818685
326 27.406373754778425
327 89.77678626042638
328 13.602926710216689
329 15.437252779867173
330 21.354234198698315
331 41.39187942978146
332 40.997028819363564
333 15.226448037614228
334 39.998111775515504
335 314.0552694392141
336 69.10795477091644
337 157.41453145650914
338 253.83839596086912
339 23.707491718265697
340 39.54858072280312
341 474.60891394413164
342 24.032711709159425
343 123.75304690005336
344 8.058066865263818
345 14.52952680295112
346 94.02144745371282
347 39.448625982789885
348 294.8738915619525
349 22.646572834540983
350 118.05053170122396
351 13.220964977549036
352 23.75416864444046
353 9.372396246689148
354 96.8444011376381
355 12.95557861090882
356 37.17125050846948
357 81.49431245859964
358 30.903420767302386
359 57.332780240041785
360 359.41343784182175
361 57.48349729542036
362 75.44060474035
363 9.706153135808187
364 128.21967519913855
365 38.47927196425261
366 41.46114239375216
367 18.00391618879027
368 17.287575273946377
369 23.87847891880144
370 372.0730632944991
371 34.936860051986095
372 10.676007680969335
373 11.374244899425005
374 39.053600372085
375 61.76024978902739
376 228.9115248192559
377 10.548325792278167
378 11.771718203968009
379 101.41385456516726
380 108.84120063016752
381 104.39847812260906
382 12.089601825563873
383 9.03762296437024
384 50.838856860465626
385 67.104532230501
386 33.57308354042935
387 82.62708533794617
388 23.502375098166297
389 303.0712190012847
390 34.27402181833365
391 16.118382517610776
392 74.64179234147645
393 14.33411191094255
394 38.10260956238445
395 39.981401709481496
396 43.224003571438864
397 42.03305666459298
398 7.189627691144024
399 17.263217645102387
400 68.24019797842259
401 192.94883766552658
402 14.819526153387878
403 102.56939651357007
404 85.51534185592182
405 219.80535716029513
406 64.03304139328434
407 139.21498293961307
408 19.857687299444713
409 55.05745242027496
410 48.50198471713155
411 55.93223120016189
412 34.01047995638956
413 9.693586332117688
414 129.27064032298478
415 18.749122813040454
416 19.175854128493462
417 55.630013620969
418 14.683479474649214
419 8.620667086289826
420 45.81146285356462
421 57.714754741017835
422 75.73706587541466
423 10.398561902574645
424 22.5133196654385
425 6.797409173869999
426 20.723517374673943
427 124.32199954402691
428 8.804630500649218
429 9.939527129598057
430 179.0148468597047
431 56.75337988842762
432 11.204102272857048
433 305.5250282543947
434 48.36213299465571
435 83.1927049648074
436 16.943832123257938
437 269.4769865948169
438 12.164462078166748
439 22.91610764287845
440 24.05495668848806
441 45.004691492312055
442 43.84261790872441
443 16.15467599224434
444 22.507845505212643
445 42.288036596787144
446 375.85108990942786
447 21.878778945161574
448 7.923046747702066
449 20.024591004260554
450 67.5677573863671
451 9.582446901998052
452 9.132175582550099
453 90.50739759888994
454 82.07380464239046
455 22.711690111114066
456 22.567004059001277
457 41.044237363338326
458 16.461513706581286
459 7.690797085580416
460 21.116729101045955
461 52.82642882128236
462 28.61333436955698
463 9.355013731595841
464 123.24198805575227
465 17.368030649217186
466 22.719918172380687
467 5.048526700985602
468 5.69463202220364
469 9.12192852426004
470 48.050354995629654
471 18.877399063501414
472 4.2276018642096345
473 13.552616750460766
474 22.383942539282376
475 5.500746738549961
476 17.12094264195478
477 16.877096799533
478 8.555640369571762
479 19.715570248513803
480 21.351252305282127
481 88.7907366581943
482 14.515502069305457
483 9.035163403813849
484 26.754934561879328
485 16.62232521333372
486 13.918712350608839
487 72.22267831008467
488 14.013894689834931
489 30.995584932813017
490 25.40177597329659
491 79.27499432293199
492 10.913397742178047
493 11.228249120725632
494 21.876653467556743
495 17.28882889656506
496 37.69283806709759
497 12.789306588424996
498 57.03922466519933
499 28.538165470632237
500 39.99857791064989
501 11.31650286515203
evaluations raw_y
1 175.30981890929584
2 35.352570425050246
3 510.277573818742
4 60.91189310908059
5 2242.560035763508
6 2379.4277943976126
7 439.73901315202437
8 815.4161793953155
9 195.5967464858231
10 62.374725654768945
11 51.175485122194964
12 337.53967271135616
13 191.71050871103668
14 479.86761335130154
15 198.72823384213024
16 488.06812118133405
17 48.82675088447317
18 297.086871514783
19 35.923179780761245
20 311.04473792339945
21 3061.8793787334107
22 6416.547168263008
23 333.90839392463823
24 242.84998197870672
25 2014.5849039875177
26 144.227661848385
27 1204.193989584019
28 753.6572940573209
29 342.97842550637426
30 329.11768978514067
31 53.71834181396829
32 2169.3294870197196
33 190.41113340738488
34 64.65592952618445
35 48.409504430387265
36 137.14407593553943
37 162.0746941544113
38 3431.109287046253
39 3061.1547076583506
40 4254.258261934505
41 169.07247212489682
42 3605.7460402967868
43 148.10646839581526
44 623.3591490696515
45 193.61162535314426
46 3162.8588323926815
47 66.2376306383352
48 1098.6009334354892
49 902.1286160824031
50 3268.34910186747
51 630.5895196811134
52 822.4046563321142
53 617.3276480961412
54 64.98175907347864
55 2208.7910637740392
56 3169.863229973783
57 600.145915680364
58 758.2222817532379
59 115.04019376342656
60 151.64227884751523
61 3346.3834265272912
62 1206.759307571971
63 390.04587062286083
64 334.87318406947463
65 168.75380298225636
66 451.34341490091015
67 178.0619636112313
68 280.43723543602556
69 356.71081347798565
70 221.3245546394386
71 3283.9251129597396
72 68.14921795637507
73 203.04967122053458
74 225.92563278519052
75 2006.497181214855
76 24.829365985607165
77 1747.8772555891649
78 6720.653645204763
79 171.44074666783874
80 42.48463574975231
81 301.6816547224252
82 2397.4321173976273
83 186.98318042390312
84 53.0814661679188
85 6448.09308868195
86 228.1200273234224
87 2799.772785406573
88 3434.188679883865
89 2969.3199961174296
90 4257.5979553774105
91 2934.172614854763
92 6728.879423481699
93 116.56952691790124
94 5589.053407815028
95 202.0837601533428
96 2540.417687049656
97 23.399248138386906
98 1094.4021103128225
99 883.8014158335219
100 3459.694130001357
101 244.48875829976606
102 686.7123494447366
103 300.21961292927585
104 31.47134603005345
105 288.81781381585955
106 2332.4818551066455
107 382.749850834615
108 441.93128813500556
109 272.06858422949216
110 237.8861791394714
111 6616.653183304756
112 2248.1106240624063
113 172.0825188717669
114 298.85819862434107
115 139.03294625671242
116 98.41208759131666
117 23.118952901532207
118 418.12801253050304
119 7024.853574254607
120 225.55391933606504
121 13.23835584698404
122 54.301533924385815
123 93.70421070621056
124 243.03263226128234
125 1998.9719397486122
126 901.1831916201971
127 1319.5904394993852
128 758.0500642166966
129 116.40425935111966
130 36.004016710387354
131 136.3044523946886
132 574.0384220138914
133 189.5711226869141
134 501.74217190415027
135 594.5302712378774
136 235.9253786397038
137 132.98337230832882
138 1383.2078147793052
139 3083.281569936553
140 1358.8053823589455
141 376.7863894150968
142 120.43580895240538
143 1845.9582194071713
144 279.83320567786603
145 191.40491334063057
146 196.66254328710622
147 951.2425978854388
148 1010.3569982545897
149 296.5383001210209
150 3265.0761632914737
151 315.5877676906498
152 372.6362338424607
153 287.6233198799318
154 46.85685776187565
155 43.82118550167508
156 2385.7380764381032
157 206.39020378570302
158 201.07993397605438
159 170.8197480475636
160 100.0330047869661
161 47.60257579070302
162 365.76282303298103
163 139.33217783349218
164 199.31174394558468
165 121.83582917968732
166 73.11795992443288
167 67.86209550680552
168 199.3711605369433
169 111.17333941456482
170 2299.62866642085
171 355.0463838787211
172 4016.1672887182085
173 77.36881660315309
174 85.17064514760837
175 1876.9103952293478
176 61.459058660847035
177 316.232394876085
178 750.8567893748678
179 40.72109534744823
180 59.376959868433204
181 1454.9267291599672
182 475.2238269964206
183 232.15266271115854
184 44.26980513054728
185 28.94992278275109
186 61.51883557595641
187 135.42617104254236
188 113.85149235507392
189 3126.703664921261
190 316.6338335373144
191 2855.0478005205937
192 131.90848044647407
193 11.731886702441514
194 189.26118073546556
195 189.2785169345582
196 174.04744059337
197 222.12240456562404
198 1005.4615616740415
199 143.58906776242821
200 29.826288529310627
201 429.20097930985537
202 82.42960224276248
203 816.3638079554662
204 25.060418372633706
205 32.28391929727641
206 2250.6491841384204
207 133.1700963993
208 175.61135785275806
209 45.06138673771422
210 57.45843188769489
211 1211.2435195255537
212 301.10996765924153
213 194.02479199778932
214 197.14092626279344
215 104.7844721425589
216 73.82755963577523
217 21.62000473914698
218 5141.246707201751
219 53.86496937477009
220 161.25918565022536
221 18.529469388456718
222 526.4559960535082
223 115.55957160462543
224 518.4707041768733
225 1944.205077699503
226 31.22886171097416
227 241.38167332424126
228 168.2455811354124
229 6.862614406915506
230 33.2403660389328
231 66.20860504290164
232 454.85306822538024
233 184.41207682110723
234 17.641977775894002
235 75.80411441482477
236 190.4057727126923
237 66.52616551963513
238 113.90787200450974
239 3040.898017004786
240 281.6945657474801
241 70.42566152333013
242 42.73147554880365
243 20.02325837164444
244 189.3273794851413
245 1581.9677269815797
246 73.35441697623853
247 13.153102974308451
248 681.74532150067
249 142.3786717042734
250 33.010567163795464
251 43.418162133191686
252 16.87530572344067
253 76.1205497977811
254 181.0543296862629
255 146.32742757014287
256 38.70314633632844
257 147.3179623866219
258 1105.2538736687434
259 95.35565634677397
260 701.4955247432555
261 27.192271283578464
262 286.42526348843916
263 164.32758838933984
264 366.66305301606525
265 1468.052211052224
266 72.05563140556677
267 13.325971766224281
268 38.649044442486456
269 37.745718327738665
270 672.0419040510861
271 52.27987701929555
272 93.47168436668557
273 72.24118185040429
274 27.17449755253427
275 1871.2599187965911
276 39.436208271623805
277 150.02003242232098
278 219.24320235910548
279 742.1266765125457
280 76.82715693826754
281 48.260368952973714
282 449.2677556839107
283 208.9927873260662
284 18.544712492245083
285 126.91524746041081
286 192.73994585838074
287 56.688797947517465
288 317.55243776374886
289 34.53378444947823
290 79.86184550963206
291 82.29168328783354
292 23.08160213966473
293 135.2615527966404
294 224.1381808921693
295 39.72178477992395
296 90.16464907160818
297 21.6535799603622
298 824.3269659351828
299 86.01006199413277
300 15.789879919957338
301 52.24257084350635
302 92.88880066479979
303 39.188521080200225
304 68.8912906583254
305 153.420363695341
306 49.614582343475746
307 30.22576548400202
308 355.56909866407506
309 11.759756253905481
310 21.041568756824883
311 33.840927061588296
312 80.07420309869185
313 42.69113549079797
314 205.454686618767
315 122.73211186827722
316 25.12767929021192
317 15.276959133732793
318 24.85382139679345
319 506.14044115679997
320 195.51642777546655
321 4290.836613690373
322 51.3042317217409
323 44.82848291547357
324 21.756862510782565
325 337.98044051166426
326 23.039294193718487
327 105.72312185320268
328 169.08728191597461
329 12.140180813815729
330 12.300512419111188
331 39.258247374470685
332 27.569239413381375
333 184.7681413073916
334 36.52665652248002
335 2076.1511544474783
336 86.29421632059805
337 236.49952378184494
338 49.97233350064689
339 35.084607227431725
340 276.2890777466371
341 36.078568701401316
342 174.32139543920655
343 480.3795721311685
344 964.140486260007
345 27.22135681536404
346 92.37050920565684
347 13.087833870887978
348 687.8710301088671
349 223.04353586272543
350 990.2991651305256
351 52.9674161691426
352 19.56342559941016
353 26.776166683730466
354 148.17486343643193
355 20.461784408068514
356 24.595103833035548
357 15.800468718021149
358 68.9930699531753
359 26.06680122326691
360 238.82455010905826
361 25.226191110607804
362 72.62648982596528
363 38.8085900130685
364 218.84764358710387
365 26.97993028434483
366 21.62176404573497
367 196.05075662095237
368 239.34471364325276
369 16.392768149899805
370 371.3215638128412
371 7.930983834917928
372 81.97231951127887
373 126.42025412773603
374 39.21986413176499
375 25.420286509203493
376 28.966130366812965
377 36.92264106215149
378 30.868984464905076
379 29.487428546663466
380 137.53520051873414
381 24.807028781663664
382 25.32169313612473
383 28.096382344357405
384 18.63936483206161
385 22.499372326019035
386 28.962785903793385
387 44.42854285046357
388 19.68680583387739
389 33.36164787262573
390 73.12073459541216
391 35.387905230242005
392 21.545489139562335
393 44.163843188961465
394 310.2903721187063
395 106.20723158054874
396 31.72856549370342
397 8.401486317412877
398 675.3607527610699
399 66.57724834821876
400 15.726122536850282
401 175.60179959552286
402 15.331099964486846
403 16.09181390971571
404 5.901516697920172
405 51.357217943567285
406 47.41617939663454
407 100.89884751540055
408 62.83533241644034
409 171.47462859364458
410 19.04180950773132
411 223.58433079931396
412 37.517392977059444
413 32.000168326935984
414 195.83567855318347
415 15.858351274207392
416 15.334123567766552
417 5.7096381763784105
418 25.126304716498666
419 17.806900568324664
420 157.48919242844767
421 124.88742472214255
422 60.60687700641792
423 41.92433909861777
424 24.339847873830287
425 53.259453320178274
426 26.90578693176561
427 4.266774797961999
428 14.56087030481561
429 7.908080886053179
430 70.06123937394275
431 22.462464232636393
432 39.29133060045735
433 209.41678526876262
434 8.44931399108807
435 27.726536557159935
436 850.457130774173
437 38.7655228992159
438 34.01259315083544
439 2.7858167389399187
440 68.8919869479397
441 33.697186161044904
442 16.698011043533764
443 227.12277897894825
444 189.15438258336238
445 39.59418276240061
446 30.08599689260679
447 15.123409039681052
448 676.7024444822956
449 29.088781748042972
450 42.165646480892654
451 110.23444920534642
452 12.087080321463665
453 30.01637268895884
454 7.085795161240366
455 16.19397961880977
456 26.028967509885515
457 15.731183664679081
458 35.460704542184885
459 8.530776221676957
460 18.1526616856591
461 70.0885239326097
462 25.639450730607145
463 21.678062283260147
464 65.39810864404974
465 21.141060732587984
466 11.33920432910682
467 51.90050918235292
468 21.411239801379075
469 17.00406867124032
470 8.621995620789331
471 4.887878331844345
472 56.988363175124185
473 28.654375927441453
474 5.932908491205642
475 10.63604186259658
476 73.8112409409838
477 44.349650678193015
478 7.2284883359799545
479 32.64568923921714
480 13.111948055773963
481 15.864330686676173
482 55.40228339214683
483 26.38564853190831
484 8.073457426791956
485 23.160594945710823
486 10.958183351328872
487 13.791122898141415
488 16.352217793610052
489 7.39735634699536
490 100.06192741122518
491 29.49015068972406
492 132.3613330028142
493 14.073910043649546
494 85.66527119957935
495 22.166062812049233
496 36.22075912699082
497 8.340535192930984
498 698.7394701423951
499 21.701959197456826
500 17.747061178619813
501 17.918221550621343
evaluations raw_y
1 27.543293052912265
2 19.88916184910055
3 68.65793347968427
4 304.2078483243048
5 139.20106549714376
6 88.8021972000743
7 25.811782265865126
8 324.8694799117232
9 155.9593123532883
10 4415.164845996424
11 212.04609566963123
12 5747.6444884008515
13 80.31223063727921
14 689.5093302676389
15 1412.1489567207386
16 249.0507594432308
17 41.59076214939072
18 597.0354073432343
19 77.82192885351755
20 2339.048360651321
21 1152.9215916911658
22 159.0372998487724
23 83.39358189734392
24 55.56063321715648
25 99.56703482883964
26 45.64320893702999
27 44.33518970654145
28 372.90487872868755
29 615.9252029843334
30 429.80897038937485
31 193.19763746919037
32 57.60579987747543
33 86.72866770652195
34 42.16082583584939
35 144.4163082706934
36 4536.622373532202
37 246.4340924263073
38 475.147649696563
39 45.27446820993251
40 652.732091715207
41 239.80699035001055
42 3653.677545436705
43 79.45700632330067
44 1063.5451596454318
45 343.1878600567628
46 650.2021113879174
47 110.60647019803315
48 1798.9072607666171
49 61.88149428815825
50 777.9284551509808
51 91.66812187084813
52 261.4564708617588
53 31.815691253827996
54 349.7940661374686
55 97.9836241446324
56 239.32132519319595
57 247.5039865775373
58 80.40004859765808
59 158.39048370512822
60 62.904221362190235
61 42.31464939680756
62 124.53595464828342
63 62.501301287947136
64 70.97449061404231
65 58.68585923423793
66 381.5485807116488
67 34.292210191087406
68 565.5938771919965
69 288.2970355239229
70 5477.3619676184235
71 1241.2838950082462
72 68.68468690046932
73 105.53468162413725
74 62.83160628016153
75 661.3589688740839
76 41.42908036694554
77 103.57222109416797
78 215.2519536801816
79 869.9455415449655
80 535.7741845940635
81 99.37346025282542
82 6385.7457621758285
83 55.47391601923772
84 53.18285487382733
85 25.42402203471474
86 4580.269984385984
87 241.16686735028478
88 365.1888947220629
89 68.69843737949947
90 334.7019647131416
91 240.56619078451033
92 3475.200721510512
93 23.035275447550845
94 1205.0836498983977
95 57.49453359534708
96 332.89165736343597
97 108.09683515897707
98 4597.602942332039
99 110.77157515355619
100 38.581719145900884
101 246.2647249747129
102 13.895174556493151
103 252.43633187346217
104 33.1302403473026
105 441.75061487863604
106 101.15458812254393
107 678.2307730199666
108 63.26409594493894
109 749.4440833070965
110 758.7647983128769
111 49.19436361903464
112 62.726915942345
113 276.5196055036098
114 3652.870699682119
115 51.007665574501715
116 146.29262524022423
117 352.2716051179483
118 157.82676471447962
119 58.573521066094635
120 202.30007601468057
121 1143.3157659255412
122 34.093579177840894
123 7.468701417720912
124 110.10043713215069
125 177.66457743226766
126 25.8804492078586
127 237.20693593201779
128 30.370415901580067
129 825.8621459179861
130 428.52986682250867
131 87.67324775345608
132 46.89877110069032
133 40.33046446466681
134 64.91746787045209
135 77.4331838926662
136 4937.61335191335
137 237.89306767860487
138 166.3348611002892
139 373.82785257783826
140 470.9027066828535
141 175.55687400303376
142 3470.9586116248292
143 164.3433523397976
144 1055.5892996906066
145 2601.5989842046033
146 97.47936985826388
147 43.75132108058374
148 2002.885646482876
149 458.069376853943
150 96.92182854828931
151 110.50839905857299
152 231.5049430020709
153 83.74257716162037
154 64.07417431602559
155 108.5112623845959
156 135.37407730236933
157 36.35198228915629
158 45.62437640089432
159 47.71069935072081
160 34.91287923069976
161 1809.6838766860367
162 33.56838424941442
163 21.519425496389516
164 235.63489444547596
165 80.37134710168533
166 158.58588247134085
167 30.784195272055456
168 90.64885940774846
169 61.35713802709972
170 96.73241918621262
171 1062.5876122591976
172 43.495614185422745
173 51.05444532366642
174 61.27661387904554
175 96.77801006854664
176 243.2181440627479
177 60.162062074046545
178 543.581594011978
179 52.55080136165792
180 378.0062159114864
181 46.993333891723864
182 377.14689870077564
183 120.27937617104776
184 41.01234829824694
185 59.76320580833244
186 982.5160693846848
187 165.9874068746329
188 169.8222956745856
189 172.2381022648382
190 146.88226983070012
191 265.72045025870835
192 484.8613162296724
193 17.409286751411308
194 78.19503775596979
195 77.28152529149239
196 255.21093850123722
197 27.656279259181442
198 154.22303462007463
199 202.89528232608373
200 165.56229726066064
201 86.99717413859801
202 54.96238824175163
203 36.173527141845014
204 95.82443106747836
205 30.922992526558996
206 87.88598346509664
207 24.656130254561266
208 289.8887365301759
209 36.51303833780654
210 27.30435192358048
211 44.14593564344262
212 38.98774973211296
213 11.857388332522964
214 381.4707102691525
215 99.86996281685751
216 24.857382430401977
217 25.14458474450275
218 46.49817106405631
219 79.50592894505318
220 48.53735485684319
221 96.96844784611872
222 34.24840116665554
223 19.607638172033827
224 45.393939084335315
225 30.29116254154667
226 20.307366727715884
227 41.10772150075406
228 35.09494174731793
229 123.64407874241064
230 163.41886566004644
231 171.0069573419604
232 38.18399840133956
233 62.890657245389974
234 38.713556007757596
235 18.634078123393714
236 980.6792322952706
237 202.7799556798023
238 169.84754283218376
239 143.6129653889359
240 172.500488437717
241 230.0188313803374
242 74.96787139619735
243 29.446628313076893
244 259.7756441899503
245 49.004407548083236
246 61.71160723057656
247 1518.032436981224
248 9.33412706437466
249 11.865378882081332
250 17.033768455102447
251 159.03191844772468
252 285.42640026227394
253 60.00193666693806
254 25.624132171440507
255 17.332962092896032
256 18.246514971279833
257 23.642579295782596
258 14.624356841479765
259 25.003421063142568
260 33.90604607547631
261 17.528417284054605
262 23.983047977644215
263 68.15531986034762
264 79.67486738278323
265 74.23539029718421
266 49.886868332466996
267 40.67292202148818
268 94.92474565937488
269 77.05729387709735
270 49.64315603586032
271 82.63258049599554
272 21.66017224817264
273 48.340371501099646
274 43.73563080884249
275 32.365403055246766
276 18.611346608496614
277 36.42789825092027
278 67.78805572411673
279 27.427112333390347
280 157.95740788137138
281 150.61379160830026
282 50.631514576153585
283 268.4148613038765
284 34.45072443619974
285 16.320793224535276
286 238.05593520150055
287 147.97213653103225
288 163.5051147937477
289 104.52083873840353
290 133.39014230359476
291 75.65315302062392
292 40.04061476641062
293 18.602419669674095
294 76.01563161685989
295 109.84080425598114
296 77.23063632680014
297 32.49456810158375
298 206.57570298639357
299 5.87944201515315
300 13.420019760978258
301 73.4900314025542
302 12.596066722934241
303 10.413286034830191
304 25.74279827643222
305 52.00680217237796
306 378.761743782811
307 127.07079993712577
308 8.011117966229142
309 39.890648838986806
310 32.70995224573273
311 14.837915765649582
312 6.848392746256834
313 31.826508893627086
314 28.267048901401914
315 15.545499114228726
316 11.62315848621317
317 360.92953422651243
318 45.737137345565095
319 60.15860489497119
320 48.262881782309314
321 53.2555508466435
322 63.39039868616493
323 23.532065884555234
324 42.0152461507286
325 73.91931316457121
326 12.209613503160227
327 67.9774763664155
328 120.8395668311359
329 25.046541669139263
330 40.63496924549164
331 27.252989298048554
332 19.704730385724126
333 39.92657788846231
334 32.7264807023763
335 17.175528016245952
336 253.5002116555078
337 140.9940707294123
338 207.22777338659452
339 21.28055722690623
340 135.4531579438512
341 20.9132760311934
342 509.8602275823507
343 33.81145395823251
344 10.921810439504643
345 34.70859238907009
346 35.8562407180977
347 14.021050372772999
348 37.43279729252602
349 24.692681441329476
350 32.78974864147856
351 60.53753831761492
352 16.876504429599596
353 11.425698228778785
354 34.016329106560114
355 29.887732073714915
356 46.36240848013383
357 7.97752224223156
358 13.118681884062214
359 15.54213375236377
360 24.70817601696058
361 58.738786922364135
362 26.235870856761935
363 157.1702239500753
364 132.54389999826418
365 19.707867066955124
366 5.206700053013006
367 31.76283828093163
368 0.7498222114345827
369 46.601594937847445
370 38.87367644135436
371 36.54768538603619
372 100.00854562022874
373 8.744111676317127
374 6.112969110097267
375 22.751076841305203
376 32.13318463764188
377 32.634478232048224
378 37.97051028070312
379 26.209535127607914
380 15.248364193252437
381 37.16766715320046
382 127.06933980955576
383 28.491713109042546
384 29.90760306665389
385 65.58407583890921
386 6.824339531282378
387 19.477124787531235
388 168.27727341384022
389 67.01774285256307
390 29.4861513875251
391 16.47915615809141
392 63.145164005456735
393 98.66779206612979
394 19.59484895414416
395 29.671535164109578
396 48.49362904115941
397 234.3172890174595
398 10.403500328557564
399 17.420081152431862
400 13.951818775238031
401 26.76092702019905
402 11.901045499345956
403 12.471606798605183
404 19.847937875275733
405 10.53549993547071
406 7.9683845496921695
407 8.844764621661826
408 21.978536520672947
409 9.779092072027739
410 12.862268075290926
411 8.836078786048187
412 26.32262785864318
413 11.998675243949103
414 10.600399541173273
415 14.131398057468617
416 36.24656015904649
417 3.4060143440061075
418 31.065916245522075
419 28.783403840899602
420 31.44224452648912
421 41.59528622526267
422 31.207838323132965
423 7.784508227096893
424 2.6976547412587895
425 7.974954067143956
426 12.040586415332621
427 31.64223344876336
428 27.27730221017747
429 21.77178625251719
430 16.219683066955188
431 22.856118823127083
432 9.960157101543711
433 79.72528721297871
434 12.62885264889057
435 15.66984508333212
436 11.977503003138214
437 7.219300248864907
438 126.5819587587729
439 22.488823647955115
440 88.32933209119223
441 49.950338708551506
442 51.460183987442434
443 17.433856997270066
444 23.138603524278103
445 26.334628527611528
446 12.010117057936037
447 10.38505349304405
448 7.5012422581896026
449 10.463136596915122
450 77.75567261344366
451 14.325751660128525
452 6.008458615226586
453 8.25016279127482
454 35.399808240881065
455 9.805731059536846
456 5.326700513587246
457 10.456242632298578
458 7.627041109429759
459 10.214675320904506
460 15.44185928752358
461 8.765705580549257
462 16.70992048108249
463 20.734481960231847
464 24.718325862127198
465 76.85132581210763
466 7.177936468007105
467 25.454094725547197
468 41.338588256457925
469 15.221337925779904
470 20.726564509322884
471 12.564345890327296
472 21.000274200459216
473 11.40308094623847
474 21.922725898904314
475 7.60358284260345
476 15.53814530252435
477 31.654631558020395
478 36.4492469431649
479 18.19388291371549
480 15.277767937353984
481 18.930629479852964
482 9.883366467693193
483 113.19578063880924
484 76.65238401809552
485 6.643448665263322
486 25.106956614769107
487 3.57546510869178
488 29.80843882194936
489 20.260514010547674
490 13.3113971521423
491 70.64669787769165
492 69.01224508964366
493 16.919883947361388
494 9.480371417194169
495 31.13115404302933
496 5.69168844265203
497 24.277990679380117
498 12.658464666797968
499 93.72835409562398
500 60.129062871567335
501 11.600121339894448
evaluations raw_y
1 2565.151788715403
2 186.191445095728
3 218.21737706025212
4 34.14757847259038
5 62.27642549617722
6 3797.3360498613642
7 331.5737896073669
8 21.785255382775873
9 18.783200186582206
10 23.63143388115525
11 111.34407911695983
12 303.92917386576175
13 13.778812746700178
14 571.2698503987054
15 84.78748853153023
16 161.99167373918883
17 710.0673613345897
18 1898.1345268959442
19 299.1250858938267
20 23.929776170933305
21 2294.4643861961063
22 1250.1972740691901
23 160.5612867979121
24 225.94837826344465
25 27.080607458956766
26 275.6372643055257
27 218.96800602466547
28 259.41529717855224
29 333.6307657823872
30 92.98826517851263
31 2408.9625265022123
32 47.15134913213997
33 49.39918705102969
34 1497.9242313858554
35 34.89529507955225
36 115.87984008450447
37 744.3448187886582
38 182.75064036168817
39 1570.4876601621916
40 367.9104653418409
41 143.1007881236961
42 16.13321441906979
43 160.62041195128216
44 452.98273473466526
45 168.48061147214827
46 110.92104771867669
47 173.44449925980695
48 355.6393233065269
49 431.0076512273639
50 5877.781668922797
51 59.08745485762519
52 175.3743952347817
53 1277.9789972748495
54 11.918216107761756
55 426.69164727644124
56 3918.266559761555
57 671.6787113566587
58 376.83931602393506
59 10.720167065044675
60 48.00538730138195
61 141.6193683742728
62 598.4056935419676
63 152.46271326979652
64 711.1858345679705
65 29.47785538940716
66 296.90586650397677
67 261.43831579080444
68 222.14145300063254
69 185.47639975099807
70 20.658082254179043
71 609.1548191951158
72 1282.428539257974
73 72.8480499344147
74 402.1984441049416
75 16.565341119227043
76 215.84633009466958
77 131.41268071465916
78 68.39048067015567
79 224.58960444005555
80 192.1875781993341
81 2320.287607785688
82 3439.3668088737977
83 41.05533608607602
84 902.9875028694195
85 1251.4047723048461
86 95.5396857243717
87 341.9275689322484
88 231.70011461337918
89 211.4432919633736
90 444.12670801066884
91 98.34318663607017
92 429.561331590225
93 434.7768266039389
94 545.2399629340296
95 65.44065744590972
96 48.0341066987341
97 2176.188369147899
98 87.06153361577279
99 200.89284243265936
100 5879.5546543001
101 84.13686082760373
102 463.64095243425896
103 19.07213395912726
104 10.401111597323707
105 84.51352468849895
106 92.55943310910278
107 232.7402649712777
108 30.00585412532664
109 7.6258444926771825
110 1191.3122472828745
111 66.65005250296794
112 296.63740272053076
113 128.11179490506387
114 588.5558665488248
115 335.04321115901917
116 171.5896084347763
117 6394.508806072985
118 117.33228744690516
119 66.1726007672076
120 278.38950700110337
121 610.3941906777451
122 462.63830690003874
123 86.97427140121201
124 73.35767467166275
125 44.57070085127633
126 136.7838942317862
127 354.7216020223735
128 28.0799878748141
129 326.1736326525131
130 113.05230380772953
131 2807.114752321985
132 31.829891688217803
133 31.31376672527593
134 839.25550894283
135 71.49827938035526
136 22.59458803028494
137 1445.9767605882525
138 120.73570525098756
139 114.40778247397827
140 325.80129335274654
141 446.56281746712557
142 68.45901148453248
143 382.1666430923177
144 1651.9376359645069
145 34.689613375934876
146 23.898962534768298
147 57.26967240929703
148 49.456868611681266
149 25.064467476458155
150 5967.7804450992835
151 792.9522240345703
152 40.22120978990376
153 13.079533985086321
154 20.215112128108338
155 60.318401775332994
156 402.87516815752934
157 721.9275867624629
158 500.26607850149253
159 6.5787221117524615
160 96.61013130198856
161 61.16818583121623
162 251.02878985041556
163 155.48304901512114
164 26.704395785888682
165 132.01751630768743
166 1146.3524101957275
167 263.27924215404335
168 17.25402105074733
169 88.66607020784656
170 20.267294213956134
171 559.8803745316591
172 463.76702130757553
173 107.11690442016214
174 1327.9625805469452
175 1376.491816894651
176 126.64672538157133
177 226.6548486850539
178 84.78136682018618
179 183.46373178333783
180 89.38854427103597
181 401.42889644435127
182 50.16366865309757
183 694.6002283960189
184 829.9361720429179
185 11.875592088531533
186 352.4526394470928
187 49.03014352482328
188 381.39042725695316
189 119.97553258649279
190 444.88233277627137
191 53.63060663337031
192 16.04518590664736
193 100.29880606603156
194 442.80821333088045
195 15.045522036002511
196 26.17910311406552
197 13.006682263144233
198 92.88174973399744
199 23.84224564181366
200 5873.351582886031
201 58.12348551677475
202 35.21801354324969
203 22.0070666006538
204 82.53514315382422
205 16.912260656764154
206 95.26008306542619
207 316.5341350681073
208 181.62332944928767
209 268.55753989964995
210 8.174037040193621
211 24.726939033575214
212 315.5384359408629
213 17.06480024792163
214 36.276511223090615
215 24.556920148992496
216 223.02221454714632
217 250.10610404705716
218 200.4746839494075
219 45.868694157610705
220 29.236119094305735
221 67.37431574471032
222 423.3626250682491
223 44.73046597345642
224 96.9131763577098
225 301.9874006336276
226 165.89961514435217
227 128.30186533970783
228 38.1384153191274
229 319.35341667191113
230 114.03989213845715
231 138.47316386743753
232 29.645010061968993
233 204.6642140179027
234 20.71236779641761
235 30.843966554012905
236 51.796835956031586
237 128.39073560609577
238 141.2503954892002
239 68.5892262287465
240 31.676892147743963
241 34.67316125840727
242 22.899765633998808
243 42.52611139473297
244 440.5566656964446
245 9.518422026184806
246 76.91935972183575
247 113.32844475779
248 104.09582554126354
249 11.504274297921768
250 269.37883601765884
251 47.37246697881931
252 77.43511979706992
253 6.231907141980125
254 8.335193911237425
255 115.52990205186035
256 91.84329914318299
257 65.63547023559214
258 579.7929296989611
259 11.32209920313663
260 77.35959109741616
261 61.374412368496316
262 980.8102708887948
263 18.590829459527516
264 33.10853541204167
265 50.48326183638978
266 113.54391165986453
267 919.2132935170047
268 8.003308837141509
269 24.87363209113001
270 10.455578161364198
271 63.14895085516329
272 422.97923092961184
273 9.490996263681243
274 39.64759829813024
275 32.453562366586794
276 126.20848897358718
277 164.93449032635618
278 35.41966468616706
279 79.22321265758865
280 127.20814246979245
281 118.76931457190284
282 21.85029382282847
283 29.937989651671497
284 93.99298578999992
285 25.586894073570626
286 125.67774107610985
287 48.23076182519483
288 356.6564298959542
289 528.3001838417907
290 31.61816305520311
291 15.580217514543403
292 13.151466068491661
293 5.503040077541324
294 223.31727874764508
295 422.0755778975551
296 20.32662155987506
297 9.105326318266126
298 38.16627281398629
299 28.41807765148961
300 283.7926909727281
301 37.358704060292666
302 163.87147498387597
303 20.762836835968074
304 15.04204525658851
305 9.508366179601019
306 14.9884094719339
307 587.1047633917957
308 324.39178442534325
309 238.8862144501212
310 3.8512616346595956
311 37.04055647305315
312 22.08738425906872
313 16.48484715218556
314 30.104471379734143
315 60.37587550178347
316 21.24366828390855
317 89.86413459609366
318 10.54383418925034
319 76.67346184639169
320 488.7674647920186
321 61.8426710102909
322 409.4734992559298
323 13.12164600106127
324 33.546140853773046
325 67.4322625233717
326 59.115094357704265
327 119.64229716084155
328 5.572440940879956
329 38.303050185396366
330 63.23038900697181
331 617.3023438497909
332 13.257961624282276
333 35.42061669829317
334 238.83910760444644
335 21.27587735285914
336 36.54230889799551
337 91.32537265819089
338 88.36615537970354
339 26.235016861829244
340 38.216472159684685
341 106.19566427880059
342 12.65060793190277
343 18.081930033779123
344 223.41750921598393
345 8.3285356331846
346 30.975189050788735
347 34.61318410653217
348 19.824289688678387
349 14.20024606447619
350 53.69394913063576
351 28.094568767210855
352 17.58992936751911
353 6.3619617859551285
354 16.37213105243855
355 8.688737129478861
356 14.753004647385044
357 21.588691353897335
358 19.20830253314043
359 16.108538026651548
360 6.9908993853666574
361 32.66759847865648
362 12.49567139203868
363 10.756834779631069
364 19.497544164394405
365 24.440747763743516
366 22.08038119272311
367 90.39216837526064
368 18.421252797557784
369 24.408829002089835
370 14.34866993338322
371 50.08732805450052
372 131.27340111958867
373 113.93222451418522
374 38.112843214028324
375 10.764802350264256
376 20.067178797943257
377 114.09248546247315
378 38.544927045450365
379 9.868061100559222
380 64.17628632937553
381 123.42952479744143
382 11.861369711737302
383 35.14718863851471
384 18.26452940802089
385 22.090052377439324
386 25.13683464103663
387 45.42962948789087
388 141.45887933617084
389 22.86492269496768
390 57.87901428208784
391 18.522393174435273
392 7.643982529850269
393 11.201524182099632
394 16.676940150013877
395 26.75279152648217
396 41.44436350186109
397 4.491211473360335
398 29.204674039163294
399 6.475402165737495
400 57.12740811592409
401 37.79584618773001
402 70.69771383477074
403 10.115846048069447
404 62.65580196297088
405 7.510052656531687
406 4.83412088660973
407 20.902093032751274
408 28.575997286178698
409 12.304571532259464
410 14.23492390930684
411 76.17717262297664
412 9.873872768148766
413 10.65967864226545
414 21.330012676894594
415 12.684165786869935
416 24.620612418689554
417 84.96023229899055
418 17.779546759486266
419 20.39255760797018
420 21.15364681619575
421 27.225197101946005
422 168.99704686252653
423 16.53204934334484
424 22.9054659521498
425 19.694832948283583
426 17.985933359060898
427 63.01027110758065
428 5.609504797107288
429 9.696733778764886
430 56.631136908810724
431 8.71868901543006
432 7.10745044912528
433 28.764253654628725
434 19.301202257138467
435 7.519839962149597
436 45.84186889788094
437 31.531458045257757
438 35.22440440633036
439 20.495304383851607
440 40.790144090283384
441 12.443998840203708
442 7.482978711099525
443 19.403930271678323
444 10.4949702434647
445 8.537009054026539
446 14.451309406452845
447 8.771152794717722
448 18.403482082816495
449 7.59035913269047
450 57.4431174648338
451 23.977800847992224
452 15.236673407858524
453 11.497485954813783
454 10.348442097928237
455 5.7134536261515265
456 5.345802261189702
457 28.011918789907718
458 13.400723040038464
459 44.40933108264079
460 8.076386552926165
461 9.233060923067734
462 7.096178942394035
463 10.545992617298394
464 29.416170365696996
465 11.214994444766598
466 15.605701207765199
467 48.77005633839623
468 8.830463923846482
469 19.05796572732204
470 8.560493032742936
471 21.824318755870678
472 131.7265961663019
473 31.31154794579728
474 22.23557054042931
475 11.739529228479771
476 18.216274927543086
477 60.445394418628936
478 18.696942116077302
479 9.6426979502753
480 7.549931249478711
481 8.601641022489774
482 136.61911721222972
483 27.535564481902526
484 18.338832610854155
485 3.1205759848781223
486 27.701945581900794
487 19.82212278643979
488 19.294660692574485
489 16.737824767699145
490 34.6619536141535
491 13.052623617715222
492 12.664818639662636
493 7.271921863141202
494 62.22889850143152
495 14.069587924018803
496 15.628933052766696
497 3.839491263551314
498 19.59856512317215
499 6.182396351257795
500 63.03325909638409
501 7.739280771127095
evaluations raw_y
1 518.9904711853213
2 172.86381543771407
3 708.8249914717228
4 4640.89168290788
5 307.8123932200833
6 105.19810924103706
7 112.56204887804469
8 137.69730066581855
9 73.43772964625455
10 105.08926315156397
11 47.5742909470042
12 185.00219596333383
13 1620.8941783376124
14 94.65297703106752
15 155.01410612609104
16 695.9020223659456
17 71.28123418064591
18 3534.028096549686
19 239.48101928653566
20 20.388958653669764
21 5708.23149741805
22 1382.2575091336191
23 694.3855897494077
24 4175.40139433753
25 5743.162936232164
26 338.4270290292751
27 4226.4821390336065
28 108.52870487858206
29 750.2618760560073
30 5984.1104576703465
31 302.21399999944606
32 36.06668444565228
33 3748.2169305056673
34 262.82461952718694
35 4581.72262915737
36 23.83582629508477
37 4212.12552068497
38 849.9225255828741
39 168.27003098600417
40 351.7462256091769
41 120.67347188062058
42 51.2712414936267
43 4563.2342592125315
44 3928.1177962899283
45 4639.845011956449
46 50.84523824767394
47 80.17651299489958
48 1657.6292146718997
49 156.73594583648705
50 2248.4094095085175
51 156.51733461472196
52 154.40038166385446
53 40.11355915943786
54 5175.907589700001
55 374.20402792236587
56 150.73952345509508
57 95.54789922390428
58 146.3204996345477
59 435.74085564820666
60 93.3353318695159
61 45.676833529475466
62 100.3291234329842
63 29.77145848078251
64 4824.383982224992
65 46.251824142807145
66 621.0256283864654
67 244.36111198067758
68 3586.855508939803
69 235.56251488715913
70 634.3799060353988
71 184.52953941897007
72 5582.7175376012765
73 3178.709374561179
74 4150.871972841769
75 5759.377202764834
76 338.3627446896563
77 4231.071944720528
78 309.5003214195799
79 401.62756396749626
80 5952.2512048819835
81 1423.0801046630384
82 6474.685910993466
83 3810.4609670981986
84 188.82302369426495
85 1018.0621775636299
86 29.778626301163467
87 490.85191498035266
88 1097.6160233140051
89 167.3871900352473
90 6481.361775033854
91 486.29821231412467
92 27.61448630221963
93 4412.48556997044
94 3441.675360373147
95 148.3748741588227
96 34.02077849949515
97 2934.5041543583307
98 406.3617857871682
99 408.7044490367553
100 264.59217834156226
101 159.0480583616572
102 407.78294952280277
103 32.38176737882003
104 2169.60962742502
105 683.7850149753034
106 93.79533136099468
107 6435.293890264663
108 6341.276511154447
109 63.62029206508396
110 110.05305453455084
111 48.2848068278571
112 104.30810970134034
113 255.95509041316512
114 357.0204164953569
115 483.6298792388138
116 276.3710390462575
117 60.8494523869249
118 3552.7161573947524
119 63.96306977650195
120 17.587249782294286
121 293.5520123250899
122 414.88765747503624
123 629.5433476224395
124 4096.6046271970845
125 6438.49623688428
126 172.18390391101903
127 3727.288699145594
128 87.38954072774405
129 65.70542448978162
130 6377.395690518743
131 550.0713145366245
132 97.42595521208695
133 1014.5260040796511
134 112.4107739246089
135 457.4242364258062
136 83.15297169811352
137 487.6719736221652
138 911.6392719492891
139 272.11409781182203
140 323.67937762424316
141 128.143872066702
142 196.0868311971004
143 2191.732925201895
144 359.9854165683734
145 78.18118374539898
146 41.3101093334296
147 120.9430985117333
148 431.89428345123736
149 126.0333653688897
150 253.42741435181705
151 161.07229606021815
152 1402.9398707147184
153 15.377107253752493
154 2302.315331704692
155 279.44981647981933
156 68.72969531862032
157 19.84699647168491
158 108.7705487757597
159 566.8581790003983
160 378.1008440589695
161 428.74512292813546
162 6430.344128842265
163 959.10913801613
164 517.9446399806031
165 20.857288957538955
166 54.103654016541334
167 63.422167580540076
168 1510.3069542174367
169 51.57380649406026
170 370.9257719423869
171 5962.852481872694
172 1245.9982045648005
173 745.8178457106296
174 4011.600132831822
175 6933.413751662036
176 185.35415245994693
177 166.2105115501113
178 93.71706373961742
179 72.51592799525318
180 699.6108294846192
181 6558.941354037421
182 30.627359310757885
183 100.2677387576203
184 71.96893140887154
185 1132.1569456798857
186 22.426800893787828
187 4362.061627477805
188 8.930601638515093
189 198.46304658707226
190 135.96665581088487
191 209.24086567643076
192 19.45707002183006
193 557.9088806549893
194 5233.076595541272
195 77.88616744495172
196 167.52644352367594
197 104.69138521867123
198 246.761787130709
199 66.03739779981863
200 754.7326514078885
201 3682.344515876507
202 583.9331301955514
203 244.36535952077907
204 251.17796920132307
205 275.6129072570626
206 187.94910873071413
207 37.17289013874876
208 111.03600983390736
209 78.5100670019441
210 37.05216101495514
211 206.31239438331693
212 136.1027667841476
213 339.5783715167809
214 17.922649191626224
215 21.055049875367946
216 17.422724168280443
217 62.455547220928075
218 896.1816428770005
219 62.699898179773044
220 56.22947945556893
221 840.7793488155079
222 415.0232254805147
223 626.3976155238789
224 1398.7438050879343
225 3548.195227193708
226 37.45100272773402
227 178.21663928451088
228 46.22094362531615
229 72.51207981712174
230 811.7835330845465
231 1639.5618228912822
232 54.49086528220125
233 68.74360479338526
234 69.151231244028
235 621.9248873884761
236 5218.806608157866
237 40.599126125584625
238 72.15774278211275
239 179.45763226099737
240 30.67147464764738
241 39.19326477883994
242 70.1988375102452
243 6437.843787030515
244 45.17766095804126
245 105.61852382928171
246 139.82910133202358
247 214.610087922576
248 18.750342141230185
249 41.03989083661985
250 233.9114056143532
251 79.67564245146606
252 428.7531753228955
253 168.4538460645543
254 53.671748885834
255 229.47924110265123
256 283.76051347622075
257 170.70641893941314
258 235.1907073720761
259 661.8534185779462
260 30.091134853749526
261 11.73599038369086
262 118.73941830614413
263 16.368989273682775
264 194.73092644319664
265 15.245465744393888
266 31.170744490964875
267 104.68996293976988
268 195.52077888518278
269 57.07400158616846
270 79.33394324854257
271 2992.517225352924
272 318.1300223105653
273 628.3093664981578
274 1392.535062977876
275 30.124253267435122
276 28.037932476586345
277 48.75857571863357
278 56.68884228643777
279 446.6423968657857
280 42.56298395669892
281 133.5148801689525
282 39.67065386051825
283 47.99612684304142
284 22.197103171283537
285 13.590589429010898
286 158.12422189059643
287 40.98371319862884
288 65.72168353672159
289 187.32437793303174
290 44.15606992182398
291 63.78744268305872
292 10.83998448640578
293 79.12250912552875
294 50.94593772720396
295 114.13496922291097
296 37.933233920345515
297 324.7614725881676
298 138.15226420449068
299 70.95210166573264
300 161.12689664254088
301 121.63116979341899
302 50.227080435652795
303 20.11804055535793
304 56.69667947319123
305 25.93498587952651
306 41.04383652513683
307 23.591800904776584
308 107.45932548102004
309 66.42949865145332
310 22.355919206099518
311 30.13078454749797
312 152.51102562589242
313 66.17293542568295
314 33.86409757821266
315 10.449061750034488
316 108.29573541681462
317 61.839218291212134
318 163.26621648780227
319 276.7803302011222
320 28.025990801783394
321 239.45310619172636
322 304.27559164693037
323 32.459328296766486
324 1386.5667487300918
325 682.9855596189622
326 235.41816446014295
327 170.26977953527904
328 107.28250378566239
329 40.55632122742309
330 62.19074597660975
331 133.48093137275825
332 31.265256531412913
333 15.234479052326167
334 16.99654056199996
335 12.818161753536927
336 18.891219248140708
337 21.840763291858977
338 11.361676595532272
339 86.1318852553413
340 27.983917054208835
341 37.76967743407966
342 43.15385582175931
343 74.38420305646272
344 60.15418132925174
345 281.0819209780176
346 43.624984148922735
347 185.8655047421744
348 17.326094490647723
349 81.45383010706165
350 57.313625617619344
351 73.10893097660839
352 39.336900318766524
353 48.76138207799408
354 16.881405570633284
355 16.54293084599147
356 60.66231449142239
357 123.84034858240034
358 108.77393644877534
359 59.132108862319164
360 23.7570991268229
361 21.286409100080686
362 38.987766915104274
363 13.628395138722594
364 86.49037773353501
365 150.7741973783059
366 32.28763301287246
367 53.26210529250675
368 162.19202570980227
369 354.6324917796243
370 89.13642813379273
371 200.88995894217751
372 195.3182755295285
373 23.0579759636969
374 47.512315538972906
375 20.59805260987269
376 172.77428659669454
377 41.35558282026236
378 54.00630564688232
379 44.888415409942276
380 52.76472802522382
381 96.08464581914669
382 45.9108845691797
383 19.558476159468487
384 48.91972700493373
385 80.94084850848276
386 36.808168674576514
387 43.84345892092109
388 20.884722624153905
389 33.76127140862091
390 20.23292069306783
391 32.30359220019815
392 23.973986729195385
393 75.8785368738578
394 12.747156707325859
395 33.51954977457461
396 44.967077633975244
397 73.11211528951057
398 12.59942124359158
399 66.95720110669306
400 48.84051179690703
401 37.888645167706414
402 39.62411288392516
403 19.203075659331144
404 23.842341199150155
405 4.923541238849607
406 28.890567454088476
407 25.834236910516218
408 174.90635147607725
409 52.11945298311645
410 51.15294209711427
411 78.10807264004448
412 26.692541129913298
413 58.660438854848
414 77.9139543447697
415 34.02908605266191
416 46.37880186859594
417 40.84136993685009
418 26.597321115308443
419 110.42119316567127
420 28.659967701590375
421 15.112994509565318
422 36.27673392674073
423 21.37118528682534
424 37.61657906411254
425 11.521359745031365
426 16.584570793335327
427 8.833490311434343
428 49.843822210521026
429 143.05956182261028
430 35.71929599887873
431 81.34731475419322
432 22.722211342908096
433 11.721292418301086
434 11.552304944707792
435 89.98392944087504
436 12.703446086761547
437 19.043069554243928
438 23.096996654445284
439 35.68462045061229
440 24.029991474526547
441 56.71805923410282
442 23.210385413005472
443 10.640276988797035
444 123.73134823544832
445 215.65069792297123
446 26.81701235224125
447 33.42891215434271
448 12.87256059932042
449 42.57040932951897
450 21.083896048478138
451 16.093067973376158
452 8.020362113904577
453 10.532370405621093
454 7.737300697115559
455 22.931385472919008
456 9.962352367848775
457 17.83564986336237
458 111.13041754353492
459 37.45983521066564
460 20.672206551003164
461 45.76727851873966
462 24.117345534669592
463 16.10694896005875
464 11.263300207807884
465 7.924991413964082
466 26.30414288211451
467 24.74808788817199
468 26.814357616369836
469 27.563437164378072
470 26.427236346761447
471 235.19837146423885
472 10.780493451009965
473 31.87703722473691
474 39.014106967802356
475 36.64930445453151
476 15.900838553879549
477 6.940017714934406
478 31.059777014428732
479 17.862203065888583
480 49.201312137438784
481 27.341987641839285
482 10.23340695809058
483 10.347079911166022
484 11.632922148331986
485 10.687895638064116
486 9.443519661053202
487 70.22966322747573
488 8.976289688494267
489 25.94246677134647
490 24.19165234235508
491 69.87644805330814
492 15.032207961792215
493 5.005925935460473
494 36.05554937314255
495 16.695149666853865
496 35.09500006878066
497 32.65038739533919
498 22.570304899477495
499 29.868988969165972
500 10.465788140789067
501 15.206388287519657
