evaluations raw_y
1 25.76187977415539
2 3421.193814810303
3 3278.465423062707
4 5404.307619537997
5 4107.136265262275
6 2434.5601891981883
7 3320.910936720334
8 1962.4973611863743
9 1848.2536683809863
10 754.1974765604551
11 4672.294390599128
12 408.2757863869874
13 1896.4084382232245
14 2750.9663772234258
15 6046.45142338144
16 3923.135626604288
17 1768.9927841862618
18 2790.144924053481
19 607.1936881833218
20 7516.817057039649
21 2567.4493498022584
22 2305.2558963597608
23 584.0422012397102
24 1504.0034186151013
25 2300.3571763885025
26 3206.4275934641305
27 549.0142435976896
28 8.909875514444614
29 2060.0869365157537
30 6529.444555573251
31 1987.6250981289893
32 2217.021614921368
33 3538.505649836086
34 4267.272240972771
35 5520.218118343127
36 4367.851163300648
37 2092.052854395174
38 37.89079957530426
39 2324.200598595376
40 2005.182465762435
41 3195.819422675638
42 2669.5098908992886
43 6892.392686694904
44 341.5006868656375
45 1011.7640203746045
46 4371.773430203541
47 3223.47453798426
48 3.3821067425270908
49 1894.9835863651185
50 661.0701391136627
51 3082.6110141284294
52 3835.0338078526916
53 6016.882402653603
54 1882.4260827575713
55 6263.359645016034
56 4791.872369218358
57 3859.022447433623
58 3639.695017692921
59 962.0461287145637
60 6985.1867731267785
61 2637.0964753291905
62 6222.975206475955
63 3164.8526254992485
64 568.1799261819738
65 2599.281976207862
66 8.46958648086953
67 2391.3015468179074
68 145.51420078804432
69 2588.1281882701423
70 3884.2947870404982
71 2565.838428411355
72 2923.349799713719
73 2071.2495231943017
74 1122.9413299968983
75 122.30060498796112
76 2860.1986609536793
77 2868.1817979917196
78 1745.938545218517
79 4837.089351514479
80 5899.567691548997
81 5231.517941817124
82 2713.115023526758
83 5142.596978048093
84 4936.01377347748
85 6854.8869313140185
86 5421.784975474976
87 119.13591621545923
88 16.52953450173023
89 4080.1135206183167
90 7449.574130866348
91 1161.1138588254819
92 277.3369269866425
93 7.052375734097474
94 9.596204240308623
95 4848.201726152502
96 508.53401915164756
97 4214.995512800492
98 117.35452147471022
99 609.5514693047056
100 1111.8660584221298
101 349.95367826998256
102 3322.437723507023
103 9.746564990013628
104 383.04838614987585
105 595.2399589253309
106 225.48813063697713
107 1272.8491563734244
108 1425.3535609332064
109 576.8454755563502
110 153.05612154504897
111 747.6449940440011
112 4345.027557762365
113 4338.921809332698
114 58.93662783689084
115 624.0271845462593
116 2173.418516403385
117 1706.4605938779512
118 4146.710267051002
119 1419.9938775083328
120 4147.31792064307
121 3183.7157594779665
122 949.5419471915011
123 6247.475361277192
124 1659.5477961119966
125 68.70513956409611
126 112.35345731850472
127 1873.6882651941528
128 6775.196575351414
129 7979.703964803522
130 8.646897135816426
131 6620.298060134097
132 3681.879317809921
133 4526.291410794152
134 3601.026799237289
135 61.844966423355565
136 962.1661753164462
137 1259.7740371124394
138 2860.3862560100456
139 2746.6636202075224
140 4066.359874677105
141 2284.0428145370893
142 273.92021015402275
143 522.7312398320765
144 2942.4105989881414
145 5691.445751083559
146 1957.4098956953655
147 3882.1158402070496
148 2213.3952502621355
149 3444.955809552144
150 769.116576648183
151 5034.2205968158605
152 717.8307829697857
153 3980.6824667625524
154 -2.7676236403300027
155 6574.618584610645
156 5989.191498852734
157 3851.520534092532
158 4564.340273649904
159 1688.9454162861666
160 9528.115610081495
161 1463.5888669457743
162 2229.460037090168
163 1988.3748487466523
164 792.2036258625743
165 4682.944033818502
166 1152.5471186265647
167 4455.574515225224
168 4361.422398292937
169 3384.620180781853
170 4636.387174698903
171 171.19066554778166
172 6329.733477870768
173 6158.381392031709
174 3700.382484652608
175 6285.108433160473
176 6851.289507920305
177 1685.274890802628
178 7607.625548288465
179 1162.270241382472
180 4235.702712326511
