evaluations raw_y
1 6.3853138218
2 5.1839876737
3 4.8272466773
5 3.2511800397
16 3.2477253603
23 1.8206402652
30 1.5876466905
43 1.5650569766
49 1.4695092542
55 1.1712601239
67 1.1492183823
80 1.1251826553
87 1.0477084985
95 1.0163412480
99 1.0135178998
107 1.0089132067
111 0.9933641439
125 0.9728625055
143 0.9727377617
145 0.9714765398
151 0.9696114994
163 0.9694364863
166 0.9689715563
170 0.9685532702
193 0.9685426409
200 0.9684164031
204 0.9683535172
209 0.9683144377
219 0.9682784533
221 0.9682299256
226 0.9681795263
233 0.9681599321
248 0.9681501827
250 0.9681464787
251 0.9681457017
255 0.9681413978
258 0.9681333594
264 0.9681297426
275 0.9681285022
280 0.9681273328
282 0.9681217065
289 0.9681187700
295 0.9681170203
306 0.9681160682
316 0.9681159473
318 0.9681158446
327 0.9681156657
341 0.9681156366
345 0.9681155869
347 0.9681155602
349 0.9681155072
356 0.9681154098
358 0.9681153578
373 0.9681153270
377 0.9681153094
378 0.9681153030
380 0.9681152858
382 0.9681152347
393 0.9681151942
394 0.9681151823
395 0.9681151442
405 0.9681151051
410 0.9681150444
417 0.9681150381
420 0.9681150362
423 0.9681149663
431 0.9681149464
434 0.9681149283
442 0.9681149117
447 0.9681149073
456 0.9681149029
460 0.9681149019
462 0.9681148962
471 0.9681148948
473 0.9681148806
475 0.9681148720
481 0.9681148685
483 0.9681148491
491 0.9681148305
498 0.9681148230
500 0.9681148763
evaluations raw_y
1 6.3853138218
4 3.0251905449
18 2.8068636653
22 2.7143304833
25 2.6559891028
28 1.9157568837
44 1.8524735224
50 1.8388504923
54 1.7964537401
67 1.7890871000
69 1.7122950665
82 1.6298617621
86 1.6293833655
92 1.5660346481
98 1.5642278896
104 1.5448261540
121 1.5372168983
135 1.5368256660
139 1.5351926771
142 1.5341873060
147 1.5323221151
153 1.5306782864
158 1.5304481926
159 1.5303496456
160 1.5259004125
166 1.5209749402
179 1.5205501428
185 1.5197704826
200 1.5184734206
204 1.5176927697
211 1.5172558039
212 1.5171418248
216 1.5169187779
221 1.5168785398
233 1.5168146435
241 1.5167288013
247 1.5166390596
252 1.5164964519
260 1.5163073221
273 1.5162976913
276 1.5162546252
277 1.5162287820
283 1.5162230681
293 1.5162009682
304 1.5161972674
311 1.5161911485
313 1.5161880185
317 1.5161848939
322 1.5161805702
325 1.5161649528
335 1.5161612944
345 1.5161560157
347 1.5161553861
350 1.5161552650
358 1.5161550663
359 1.5161550551
360 1.5161488435
379 1.5161484778
381 1.5161472704
384 1.5161423101
388 1.5161367547
390 1.5161304441
405 1.5161294872
408 1.5161291426
411 1.5161287731
413 1.5161277980
414 1.5161256923
417 1.5161204498
427 1.5161193731
431 1.5161164951
437 1.5161162154
442 1.5161154559
444 1.5161136320
450 1.5161083775
460 1.5161083213
462 1.5161063626
471 1.5161055771
476 1.5161049990
484 1.5161047837
486 1.5161044080
492 1.5161039176
498 1.5161034850
499 1.5161027169
500 1.5161065357
evaluations raw_y
1 6.3853138218
3 4.1752667313
6 3.1757321287
12 2.9391523638
22 1.8154791954
34 1.6642524367
39 1.4955201563
40 0.9326547986
42 0.9012201300
56 0.6675015427
64 0.6124636530
77 0.5961554208
85 0.5913880704
96 0.5893025155
97 0.5712555674
119 0.5705003780
123 0.5704476870
129 0.5698428472
142 0.5695553726
147 0.5692033835
152 0.5691792638
161 0.5690396328
177 0.5690301174
187 0.5690235440
188 0.5690164628
196 0.5690001753
198 0.5689381365
199 0.5689305425
207 0.5689205673
220 0.5689139374
227 0.5689087313
238 0.5689047442
242 0.5689032535
246 0.5689028258
251 0.5689027031
262 0.5689022447
267 0.5689016162
271 0.5689013103
275 0.5689009050
278 0.5688998807
280 0.5688980382
281 0.5688924683
291 0.5688905615
296 0.5688879697
305 0.5688871917
313 0.5688870088
318 0.5688869134
327 0.5688859168
328 0.5688852414
337 0.5688852247
340 0.5688846556
341 0.5688843310
345 0.5688832082
352 0.5688820720
361 0.5688818645
362 0.5688817459
369 0.5688815574
371 0.5688803026
379 0.5688802247
384 0.5688799327
386 0.5688793297
390 0.5688791407
391 0.5688783254
397 0.5688767287
400 0.5688751565
413 0.5688749102
420 0.5688743695
424 0.5688743448
433 0.5688743389
437 0.5688740169
441 0.5688738505
442 0.5688733119
449 0.5688730775
457 0.5688730261
458 0.5688725314
462 0.5688719389
465 0.5688703922
471 0.5688700612
477 0.5688699461
482 0.5688695955
484 0.5688689125
487 0.5688678373
492 0.5688664449
500 0.5688673044
evaluations raw_y
1 6.3853138218
2 3.5537897744
4 3.3411966279
16 3.0739153025
24 2.5320731396
26 1.6891671708
35 1.5516378223
48 1.3404647672
56 1.2103187667
66 1.1519509540
74 1.0876542800
77 1.0622146602
91 1.0479866885
92 1.0455027685
117 1.0428412768
124 1.0417559559
132 1.0406159666
134 1.0395024616
153 1.0393673824
161 1.0393159092
163 1.0388666169
164 1.0385754036
189 1.0385023584
190 1.0383586896
194 1.0382812090
197 1.0381490280
206 1.0380676154
224 1.0380637895
227 1.0380549615
229 1.0380444064
232 1.0380438968
247 1.0380432189
248 1.0380418392
255 1.0380403903
257 1.0380402390
264 1.0380395866
265 1.0380392270
278 1.0380386661
288 1.0380384625
290 1.0380379875
292 1.0380375691
297 1.0380368424
307 1.0380363038
312 1.0380357608
313 1.0380349788
319 1.0380349681
324 1.0380349235
325 1.0380348320
334 1.0380344532
338 1.0380341145
341 1.0380337292
345 1.0380332980
355 1.0380332496
357 1.0380331413
363 1.0380330897
368 1.0380323492
376 1.0380323470
379 1.0380319671
390 1.0380317271
400 1.0380317199
407 1.0380317175
409 1.0380317132
410 1.0380315889
416 1.0380315734
419 1.0380314382
424 1.0380313665
427 1.0380312755
428 1.0380312643
435 1.0380311570
441 1.0380310812
447 1.0380309939
449 1.0380309483
459 1.0380308851
460 1.0380307673
463 1.0380305962
467 1.0380303344
476 1.0380303049
486 1.0380302336
492 1.0380302063
495 1.0380301938
498 1.0380301631
499 1.0380298854
500 1.0380300271
evaluations raw_y
1 6.3853138218
3 6.1279984655
8 4.5403225023
11 4.2108870845
13 3.4114421245
15 2.1879186325
43 2.1647606796
51 2.0046965207
53 1.8145187272
66 1.8044604106
69 1.7583467253
73 1.7284488031
79 1.6997944746
88 1.6589667952
106 1.6412865543
109 1.6039148118
124 1.6014846305
127 1.5988801088
146 1.5979865506
148 1.5973851319
165 1.5971014835
168 1.5966965475
169 1.5965975777
187 1.5962341989
197 1.5961967936
201 1.5961814824
205 1.5961536384
211 1.5960921869
221 1.5960720331
222 1.5960498624
229 1.5960377303
234 1.5960314925
236 1.5960231765
244 1.5959995219
256 1.5959911020
258 1.5959877776
259 1.5959731727
267 1.5959568818
269 1.5959253830
274 1.5959071580
283 1.5958998739
288 1.5958923121
293 1.5958868190
301 1.5958847470
303 1.5958787876
310 1.5958784049
314 1.5958780760
319 1.5958714760
323 1.5958710273
331 1.5958695151
337 1.5958664059
350 1.5958662503
351 1.5958656539
352 1.5958647515
354 1.5958611622
373 1.5958604636
375 1.5958602998
378 1.5958598918
383 1.5958597300
388 1.5958592947
390 1.5958589588
395 1.5958585663
396 1.5958585198
399 1.5958578119
406 1.5958554620
420 1.5958543682
421 1.5958538739
425 1.5958538119
428 1.5958514901
430 1.5958508628
438 1.5958507187
445 1.5958498493
447 1.5958494153
453 1.5958479065
468 1.5958478553
473 1.5958477562
475 1.5958473737
476 1.5958469475
489 1.5958467553
491 1.5958466165
493 1.5958464765
494 1.5958463259
498 1.5958460072
500 1.5958547448
