evaluations raw_y
1 10.0
2 10.0
3 8.909297426825681
4 7.771639797990705
5 10.70927036156822
6 9.243197471805951
7 8.369973278349288
8 7.598501432411428
9 7.55597483993995
10 7.555807808557276
11 7.555604794895348
12 7.555604790819845
13 7.555604790516954
14 7.555604790516952
15 7.555604790516952
16 7.555604790516953
17 7.555604790516952
18 7.555604790516953
19 7.555604790516952
20 7.555604790516952
21 7.555604790516953
22 7.555604790516952
23 7.555604790516952
24 7.555604790516952
25 7.555604790516952
26 7.555604790516952
27 7.555604790516952
28 7.555604790516953
29 7.555604790516953
30 7.555604790516952
31 7.555604790516952
32 7.555604790516952
33 6.464902217342633
34 5.327244588507657
35 8.264875152085173
36 6.798802262322903
37 5.925578068866241
38 5.154106222928381
39 5.111579630456902
40 5.111412599074228
41 5.1112095854123
42 5.111209581336797
43 5.111209581033906
44 5.111209581033904
45 5.111209581033904
46 5.111209581033904
47 5.111209581033904
48 5.111209581033904
49 5.111209581033904
50 5.111209581033904
51 5.111209581033904
52 5.111209581033904
53 4.020507007859587
54 2.8828493790246092
55 5.820479942602069
56 4.354407052839856
57 3.481182859383225
58 2.7097110134453355
59 2.6671844209738538
60 2.6670173895911815
61 2.6668143759292517
62 2.666814371853749
63 2.6668143715508585
64 2.6668143715508568
65 2.6668143715508568
66 2.6668143715508563
67 2.6668143715508563
68 2.6668143715508568
69 2.6668143715508563
70 1.5761117983765383
71 0.43845416954156136
72 3.3760847331190496
73 1.9100118433568078
74 1.0367876499001607
75 0.26531580396228716
76 0.22278921149080544
77 0.22262218010813362
78 0.2224191664462043
79 0.22241916237070125
80 0.22241916206780976
81 0.22241916206780843
82 0.22241916206780843
83 0.22241916206780799
84 0.22241916206780843
85 0.22241916206780843
86 0.22241916206780843
87 0.22241916206780843
88 0.22241916206780843
89 0.22241916206780887
90 0.22241916206780799
91 -0.8682834111065101
92 -2.0059410399414874
93 0.9316895236359914
94 -0.5343833661262403
95 -1.4076075595828819
96 -2.1790794055207607
97 -2.221605997992242
98 -2.221773029374915
99 -2.2219760430368436
100 -2.2219760471123475
101 -2.2219760474152377
102 -2.22197604741524
103 -2.2219760474152395
104 -2.22197604741524
105 -2.2219760474152395
106 -2.22197604741524
107 -2.22197604741524
108 -2.22197604741524
109 -2.22197604741524
110 -2.2219760474152404
111 -2.2219760474152395
112 -2.22197604741524
113 -2.2219760474152404
114 -2.22197604741524
115 -2.2219760474152395
116 -2.2219760474152404
117 -2.2219760474152395
118 10.70042554357724
119 -2.2219760474152404
120 1.0598149013585596
121 -0.9072945212866479
122 -0.9441570669915345
123 -1.432638604396601
124 -2.2035642558926076
125 -2.221974509720294
126 -2.221976047259253
127 -2.2219760474152395
128 -2.2219760474152377
129 -2.2219760474152395
130 -2.2219760474152395
131 -2.2219760474152395
132 -2.2219760474152395
133 -2.2219760474152404
134 -2.2219760474152395
135 -2.2219760474152404
136 -2.2219760474152395
137 -2.2219760474152404
138 -2.2219760474152395
139 -2.2219760474152404
140 -2.2219760474152395
141 -2.2219760474152404
142 -2.2219760474152404
143 1.0598148921728328
144 -0.9072945232134382
145 -0.9441570555816703
146 -1.4326386222113525
147 -2.203564255506369
148 -2.221974509719842
149 -2.2219760472592505
150 -2.2219760474152404
151 -2.2219760474152404
152 -2.2219760474152404
153 -2.2219760474152395
154 -2.2219760474152404
155 -2.2219760474152404
156 -2.2219760474152395
157 -2.2219760474152404
158 1.0598148925261395
159 -0.9072945231393286
160 -0.9441570560205215
161 -1.432638621526154
162 -2.2035642555212247
163 -2.2219745097198595
164 -2.2219760472592514
165 -2.2219760474152404
166 -2.2219760474152404
167 -2.2219760474152412
168 -2.2219760474152404
169 -2.2219760474152395
170 -2.2219760474152395
171 -2.2219760474152404
172 -2.2219760474152412
173 1.0598148947449766
174 -0.9072945226739071
175 -0.9441570587766059
176 -1.4326386172229517
177 -2.2035642556145225
178 -2.2219745097199697
179 -2.2219760472592514
180 -2.22197604741524
181 -2.221976047415213
182 -2.221976047415236
183 -2.2219760474152395
184 -2.22197604741524
185 -2.2219760474152404
186 -2.2219760474152395
187 -2.22197604741524
188 -2.2219760474152404
189 -2.2219760474152404
190 -2.2219760474152404
191 -2.2219760474152404
192 -2.2219760474152395
193 -2.2219760474152404
194 -2.2219760474152412
195 1.0598148928287134
196 -0.9072945230758611
197 -0.9441570563963582
198 -1.4326386209393434
199 -2.203564255533948
200 -2.2219745097198746
201 -2.221976047259251
202 -2.2219760474152404
203 -2.2219760474151804
204 -2.2219760474152315
205 -2.221976047415239
206 -2.22197604741524
207 -2.2219760474152404
208 -2.2219760474152404
209 -2.2219760474152404
210 -2.2219760474152404
211 -2.2219760474152404
212 -2.2219760474152404
213 -2.2219760474152404
214 -2.2219760474152404
215 -2.2219760474152404
216 -2.2219760474152395
217 -2.2219760474152412
218 1.059814900843553
219 -0.9072945213946753
220 -0.9441570663518297
221 -1.4326386053954039
222 -2.203564255870953
223 -2.221974509720269
224 -2.221976047259253
225 -2.2219760474152404
226 -2.2219760474152386
227 -2.2219760474152404
228 -2.2219760474152404
229 -2.2219760474152395
230 -2.2219760474152404
231 -2.2219760474152404
232 -2.2219760474152395
233 -2.2219760474152404
234 -2.2219760474152404
235 -2.2219760474152404
236 -2.2219760474152404
237 -2.2219760474152404
238 -2.2219760474152412
239 1.0598148916977306
240 -0.9072945233130962
241 -0.9441570549915308
242 -1.4326386231327657
243 -2.203564255486393
244 -2.2219745097198196
245 -2.2219760472592514
246 -2.2219760474152404
247 -2.2219760474143655
248 -2.2219760474151142
249 -2.2219760474152173
250 -2.221976047415235
251 -2.2219760474152395
252 -2.2219760474152404
253 -2.2219760474152412
254 -2.2219760474152412
255 -2.2219760474152412
256 -2.2219760474152412
257 -2.2219760474152412
258 -2.2219760474152404
259 -2.2219760474152412
260 -2.2219760474152404
261 -2.2219760474152412
262 -2.2219760474152404
263 -2.2219760474152412
264 -2.2219760474152404
265 -2.2219760474152412
266 1.0598148917274797
267 -0.9072945233068559
268 -0.9441570550284817
269 -1.4326386230750723
270 -2.2035642554876436
271 -2.2219745097198214
272 -2.2219760472592514
273 -2.2219760474152404
274 -2.221976047414482
275 -2.2219760474151293
276 -2.22197604741522
277 -2.221976047415236
278 -2.2219760474152395
279 -2.2219760474152404
280 -2.2219760474152404
281 -2.2219760474152404
282 -2.2219760474152404
283 -2.2219760474152404
284 -2.2219760474152404
285 -2.2219760474152404
286 -2.2219760474152412
287 -2.2219760474152404
288 -2.2219760474152412
289 1.0598148947449766
290 -0.9072945226739071
291 -0.9441570587766059
292 -1.4326386172229517
293 -2.2035642556145225
294 -2.2219745097199697
295 -2.2219760472592514
296 -2.22197604741524
297 -2.221976047415213
298 -2.221976047415236
299 -2.2219760474152395
300 -2.22197604741524
301 -2.2219760474152404
302 -2.2219760474152395
303 -2.22197604741524
304 -2.2219760474152404
305 -2.2219760474152404
306 -2.2219760474152404
307 -2.2219760474152404
308 -2.2219760474152395
309 -2.2219760474152404
310 -2.2219760474152412
311 1.0598148928287134
312 -0.9072945230758611
313 -0.9441570563963582
314 -1.4326386209393434
315 -2.203564255533948
316 -2.2219745097198746
317 -2.221976047259251
318 -2.2219760474152404
319 -2.2219760474151804
320 -2.2219760474152315
321 -2.221976047415239
322 -2.22197604741524
323 -2.2219760474152404
324 -2.2219760474152404
325 -2.2219760474152404
326 -2.2219760474152404
327 -2.2219760474152404
328 -2.2219760474152404
329 -2.2219760474152404
330 -2.2219760474152404
331 -2.2219760474152404
332 -2.2219760474152412
333 -2.2219760474152412
334 1.0598149008435525
335 -0.9072945213946753
336 -0.9441570663518302
337 -1.4326386053954039
338 -2.203564255870953
339 -2.221974509720269
340 -2.221976047259254
341 -2.2219760474152404
342 -2.2219760474152386
343 -2.2219760474152395
344 -2.2219760474152404
345 -2.2219760474152404
346 -2.2219760474152412
347 -2.2219760474152412
348 -2.2219760474152404
349 -2.2219760474152404
350 -2.2219760474152412
351 -2.2219760474152404
352 -2.2219760474152404
353 -2.2219760474152404
354 -2.2219760474152412
355 -2.2219760474152412
356 1.0598148926915831
357 -0.9072945231046265
358 -0.9441570562260237
359 -1.4326386212052933
360 -2.203564255528182
361 -2.2219745097198684
362 -2.2219760472592505
363 -2.2219760474152395
364 -2.22197604741498
365 -2.221976047415202
366 -2.2219760474152332
367 -2.2219760474152386
368 -2.2219760474152404
369 -2.2219760474152404
370 -2.2219760474152404
371 -2.2219760474152404
372 -2.2219760474152404
373 -2.2219760474152404
374 -2.2219760474152404
375 -2.2219760474152404
376 -2.2219760474152404
377 -2.2219760474152404
378 -2.2219760474152412
379 1.0598148917073478
380 -0.9072945233110783
381 -0.9441570550034746
382 -1.4326386231141166
383 -2.203564255486797
384 -2.2219745097198196
385 -2.2219760472592514
386 -2.2219760474152404
387 -2.2219760474144046
388 -2.2219760474151187
389 -2.221976047415218
390 -2.221976047415236
391 -2.2219760474152395
392 -2.2219760474152404
393 -2.2219760474152404
394 -2.2219760474152395
395 -2.2219760474152404
396 -2.2219760474152404
397 -2.2219760474152404
398 -2.2219760474152404
399 -2.2219760474152412
400 -2.2219760474152404
401 -2.2219760474152412
402 1.0598148947449766
403 -0.9072945226739071
404 -0.9441570587766059
405 -1.4326386172229517
406 -2.2035642556145225
407 -2.2219745097199697
408 -2.2219760472592514
409 -2.22197604741524
410 -2.221976047415213
411 -2.221976047415236
412 -2.2219760474152395
413 -2.22197604741524
414 -2.2219760474152404
415 -2.2219760474152395
416 -2.22197604741524
417 -2.2219760474152404
418 -2.2219760474152404
419 -2.2219760474152404
420 -2.2219760474152404
421 -2.2219760474152395
422 -2.2219760474152404
423 -2.2219760474152412
424 1.0598148928287134
425 -0.9072945230758611
426 -0.9441570563963582
427 -1.4326386209393434
428 -2.203564255533948
429 -2.2219745097198746
430 -2.221976047259251
431 -2.2219760474152404
432 -2.2219760474151795
433 -2.2219760474152315
434 -2.221976047415239
435 -2.22197604741524
436 -2.2219760474152404
437 -2.2219760474152404
438 -2.2219760474152404
439 -2.2219760474152404
440 -2.2219760474152404
441 -2.2219760474152404
442 -2.2219760474152395
443 -2.2219760474152404
444 -2.2219760474152412
445 -2.2219760474152412
446 1.0598149008435525
447 -0.9072945213946753
448 -0.9441570663518302
449 -1.4326386053954039
450 -2.203564255870953
451 -2.221974509720269
452 -2.221976047259254
453 -2.2219760474152404
454 -2.2219760474152386
455 -2.2219760474152395
456 -2.2219760474152404
457 -2.2219760474152404
458 -2.2219760474152412
459 -2.2219760474152412
460 -2.2219760474152404
461 -2.2219760474152404
462 -2.2219760474152412
463 -2.2219760474152404
464 -2.2219760474152404
465 -2.2219760474152404
466 -2.2219760474152412
467 -2.2219760474152412
468 1.0598148926915831
469 -0.9072945231046265
470 -0.9441570562260237
471 -1.4326386212052933
472 -2.203564255528182
473 -2.2219745097198684
474 -2.2219760472592505
475 -2.2219760474152395
476 -2.22197604741498
477 -2.221976047415202
478 -2.2219760474152332
479 -2.2219760474152386
480 -2.2219760474152404
481 -2.2219760474152404
482 -2.2219760474152404
483 -2.2219760474152404
484 -2.2219760474152404
485 -2.2219760474152404
486 -2.2219760474152404
487 -2.2219760474152404
488 -2.2219760474152404
489 -2.2219760474152404
490 -2.2219760474152412
491 1.0598148917073478
492 -0.9072945233110783
493 -0.9441570550034746
494 -1.4326386231141166
495 -2.203564255486797
496 -2.2219745097198196
497 -2.2219760472592514
498 -2.2219760474152404
499 -2.2219760474144046
500 -2.2219760474151187
evaluations raw_y
1 10.0
2 10.0
3 8.909297426825681
4 7.771639797990705
5 10.70927036156822
6 9.243197471805951
7 8.369973278349288
8 7.598501432411428
9 7.55597483993995
10 7.555807808557276
11 7.555604794895348
12 7.555604790819845
13 7.555604790516954
14 7.555604790516952
15 7.555604790516952
16 7.555604790516953
17 7.555604790516952
18 7.555604790516953
19 7.555604790516952
20 7.555604790516952
21 7.555604790516953
22 7.555604790516952
23 7.555604790516952
24 7.555604790516952
25 7.555604790516952
26 7.555604790516952
27 7.555604790516952
28 7.555604790516953
29 7.555604790516953
30 7.555604790516952
31 7.555604790516952
32 7.555604790516952
33 6.464902217342633
34 5.327244588507657
35 8.264875152085173
36 6.798802262322903
37 5.925578068866241
38 5.154106222928381
39 5.111579630456902
40 5.111412599074228
41 5.1112095854123
42 5.111209581336797
43 5.111209581033906
44 5.111209581033904
45 5.111209581033904
46 5.111209581033904
47 5.111209581033904
48 5.111209581033904
49 5.111209581033904
50 5.111209581033904
51 5.111209581033904
52 5.111209581033904
53 4.020507007859587
54 2.8828493790246092
55 5.820479942602069
56 4.354407052839856
57 3.481182859383225
58 2.7097110134453355
59 2.6671844209738538
60 2.6670173895911815
61 2.6668143759292517
62 2.666814371853749
63 2.6668143715508585
64 2.6668143715508568
65 2.6668143715508568
66 2.6668143715508563
67 2.6668143715508563
68 2.6668143715508568
69 2.6668143715508563
70 1.5761117983765383
71 0.43845416954156136
72 3.3760847331190496
73 1.9100118433568078
74 1.0367876499001607
75 0.26531580396228716
76 0.22278921149080544
77 0.22262218010813362
78 0.2224191664462043
79 0.22241916237070125
80 0.22241916206780976
81 0.22241916206780843
82 0.22241916206780843
83 0.22241916206780799
84 0.22241916206780843
85 0.22241916206780843
86 0.22241916206780843
87 0.22241916206780843
88 0.22241916206780843
89 0.22241916206780887
90 0.22241916206780799
91 -0.8682834111065101
92 -2.0059410399414874
93 0.9316895236359914
94 -0.5343833661262403
95 -1.4076075595828819
96 -2.1790794055207607
97 -2.221605997992242
98 -2.221773029374915
99 -2.2219760430368436
100 -2.2219760471123475
101 -2.2219760474152377
102 -2.22197604741524
103 -2.2219760474152395
104 -2.22197604741524
105 -2.2219760474152395
106 -2.22197604741524
107 -2.22197604741524
108 -2.22197604741524
109 -2.22197604741524
110 -2.2219760474152404
111 -2.2219760474152395
112 -2.22197604741524
113 -2.2219760474152404
114 -2.22197604741524
115 -2.2219760474152395
116 -2.2219760474152404
117 -2.2219760474152395
118 10.70042554357724
119 -2.2219760474152404
120 1.0598149013585596
121 -0.9072945212866479
122 -0.9441570669915345
123 -1.432638604396601
124 -2.2035642558926076
125 -2.221974509720294
126 -2.221976047259253
127 -2.2219760474152395
128 -2.2219760474152377
129 -2.2219760474152395
130 -2.2219760474152395
131 -2.2219760474152395
132 -2.2219760474152395
133 -2.2219760474152404
134 -2.2219760474152395
135 -2.2219760474152404
136 -2.2219760474152395
137 -2.2219760474152404
138 -2.2219760474152395
139 -2.2219760474152404
140 -2.2219760474152395
141 -2.2219760474152404
142 -2.2219760474152404
143 1.0598148921728328
144 -0.9072945232134382
145 -0.9441570555816703
146 -1.4326386222113525
147 -2.203564255506369
148 -2.221974509719842
149 -2.2219760472592505
150 -2.2219760474152404
151 -2.2219760474152404
152 -2.2219760474152404
153 -2.2219760474152395
154 -2.2219760474152404
155 -2.2219760474152404
156 -2.2219760474152395
157 -2.2219760474152404
158 1.0598148925261395
159 -0.9072945231393286
160 -0.9441570560205215
161 -1.432638621526154
162 -2.2035642555212247
163 -2.2219745097198595
164 -2.2219760472592514
165 -2.2219760474152404
166 -2.2219760474152404
167 -2.2219760474152412
168 -2.2219760474152404
169 -2.2219760474152395
170 -2.2219760474152395
171 -2.2219760474152404
172 -2.2219760474152412
173 1.0598148947449766
174 -0.9072945226739071
175 -0.9441570587766059
176 -1.4326386172229517
177 -2.2035642556145225
178 -2.2219745097199697
179 -2.2219760472592514
180 -2.22197604741524
181 -2.221976047415213
182 -2.221976047415236
183 -2.2219760474152395
184 -2.22197604741524
185 -2.2219760474152404
186 -2.2219760474152395
187 -2.22197604741524
188 -2.2219760474152404
189 -2.2219760474152404
190 -2.2219760474152404
191 -2.2219760474152404
192 -2.2219760474152395
193 -2.2219760474152404
194 -2.2219760474152412
195 1.0598148928287134
196 -0.9072945230758611
197 -0.9441570563963582
198 -1.4326386209393434
199 -2.203564255533948
200 -2.2219745097198746
201 -2.221976047259251
202 -2.2219760474152404
203 -2.2219760474151804
204 -2.2219760474152315
205 -2.221976047415239
206 -2.22197604741524
207 -2.2219760474152404
208 -2.2219760474152404
209 -2.2219760474152404
210 -2.2219760474152404
211 -2.2219760474152404
212 -2.2219760474152404
213 -2.2219760474152404
214 -2.2219760474152404
215 -2.2219760474152404
216 -2.2219760474152395
217 -2.2219760474152412
218 1.059814900843553
219 -0.9072945213946753
220 -0.9441570663518297
221 -1.4326386053954039
222 -2.203564255870953
223 -2.221974509720269
224 -2.221976047259253
225 -2.2219760474152404
226 -2.2219760474152386
227 -2.2219760474152404
228 -2.2219760474152404
229 -2.2219760474152395
230 -2.2219760474152404
231 -2.2219760474152404
232 -2.2219760474152395
233 -2.2219760474152404
234 -2.2219760474152404
235 -2.2219760474152404
236 -2.2219760474152404
237 -2.2219760474152404
238 -2.2219760474152412
239 1.0598148916977306
240 -0.9072945233130962
241 -0.9441570549915308
242 -1.4326386231327657
243 -2.203564255486393
244 -2.2219745097198196
245 -2.2219760472592514
246 -2.2219760474152404
247 -2.2219760474143655
248 -2.2219760474151142
249 -2.2219760474152173
250 -2.221976047415235
251 -2.2219760474152395
252 -2.2219760474152404
253 -2.2219760474152412
254 -2.2219760474152412
255 -2.2219760474152412
256 -2.2219760474152412
257 -2.2219760474152412
258 -2.2219760474152404
259 -2.2219760474152412
260 -2.2219760474152404
261 -2.2219760474152412
262 -2.2219760474152404
263 -2.2219760474152412
264 -2.2219760474152404
265 -2.2219760474152412
266 1.0598148917274797
267 -0.9072945233068559
268 -0.9441570550284817
269 -1.4326386230750723
270 -2.2035642554876436
271 -2.2219745097198214
272 -2.2219760472592514
273 -2.2219760474152404
274 -2.221976047414482
275 -2.2219760474151293
276 -2.22197604741522
277 -2.221976047415236
278 -2.2219760474152395
279 -2.2219760474152404
280 -2.2219760474152404
281 -2.2219760474152404
282 -2.2219760474152404
283 -2.2219760474152404
284 -2.2219760474152404
285 -2.2219760474152404
286 -2.2219760474152412
287 -2.2219760474152404
288 -2.2219760474152412
289 1.0598148947449766
290 -0.9072945226739071
291 -0.9441570587766059
292 -1.4326386172229517
293 -2.2035642556145225
294 -2.2219745097199697
295 -2.2219760472592514
296 -2.22197604741524
297 -2.221976047415213
298 -2.221976047415236
299 -2.2219760474152395
300 -2.22197604741524
301 -2.2219760474152404
302 -2.2219760474152395
303 -2.22197604741524
304 -2.2219760474152404
305 -2.2219760474152404
306 -2.2219760474152404
307 -2.2219760474152404
308 -2.2219760474152395
309 -2.2219760474152404
310 -2.2219760474152412
311 1.0598148928287134
312 -0.9072945230758611
313 -0.9441570563963582
314 -1.4326386209393434
315 -2.203564255533948
316 -2.2219745097198746
317 -2.221976047259251
318 -2.2219760474152404
319 -2.2219760474151804
320 -2.2219760474152315
321 -2.221976047415239
322 -2.22197604741524
323 -2.2219760474152404
324 -2.2219760474152404
325 -2.2219760474152404
326 -2.2219760474152404
327 -2.2219760474152404
328 -2.2219760474152404
329 -2.2219760474152404
330 -2.2219760474152404
331 -2.2219760474152404
332 -2.2219760474152412
333 -2.2219760474152412
334 1.0598149008435525
335 -0.9072945213946753
336 -0.9441570663518302
337 -1.4326386053954039
338 -2.203564255870953
339 -2.221974509720269
340 -2.221976047259254
341 -2.2219760474152404
342 -2.2219760474152386
343 -2.2219760474152395
344 -2.2219760474152404
345 -2.2219760474152404
346 -2.2219760474152412
347 -2.2219760474152412
348 -2.2219760474152404
349 -2.2219760474152404
350 -2.2219760474152412
351 -2.2219760474152404
352 -2.2219760474152404
353 -2.2219760474152404
354 -2.2219760474152412
355 -2.2219760474152412
356 1.0598148926915831
357 -0.9072945231046265
358 -0.9441570562260237
359 -1.4326386212052933
360 -2.203564255528182
361 -2.2219745097198684
362 -2.2219760472592505
363 -2.2219760474152395
364 -2.22197604741498
365 -2.221976047415202
366 -2.2219760474152332
367 -2.2219760474152386
368 -2.2219760474152404
369 -2.2219760474152404
370 -2.2219760474152404
371 -2.2219760474152404
372 -2.2219760474152404
373 -2.2219760474152404
374 -2.2219760474152404
375 -2.2219760474152404
376 -2.2219760474152404
377 -2.2219760474152404
378 -2.2219760474152412
379 1.0598148917073478
380 -0.9072945233110783
381 -0.9441570550034746
382 -1.4326386231141166
383 -2.203564255486797
384 -2.2219745097198196
385 -2.2219760472592514
386 -2.2219760474152404
387 -2.2219760474144046
388 -2.2219760474151187
389 -2.221976047415218
390 -2.221976047415236
391 -2.2219760474152395
392 -2.2219760474152404
393 -2.2219760474152404
394 -2.2219760474152395
395 -2.2219760474152404
396 -2.2219760474152404
397 -2.2219760474152404
398 -2.2219760474152404
399 -2.2219760474152412
400 -2.2219760474152404
401 -2.2219760474152412
402 1.0598148947449766
403 -0.9072945226739071
404 -0.9441570587766059
405 -1.4326386172229517
406 -2.2035642556145225
407 -2.2219745097199697
408 -2.2219760472592514
409 -2.22197604741524
410 -2.221976047415213
411 -2.221976047415236
412 -2.2219760474152395
413 -2.22197604741524
414 -2.2219760474152404
415 -2.2219760474152395
416 -2.22197604741524
417 -2.2219760474152404
418 -2.2219760474152404
419 -2.2219760474152404
420 -2.2219760474152404
421 -2.2219760474152395
422 -2.2219760474152404
423 -2.2219760474152412
424 1.0598148928287134
425 -0.9072945230758611
426 -0.9441570563963582
427 -1.4326386209393434
428 -2.203564255533948
429 -2.2219745097198746
430 -2.221976047259251
431 -2.2219760474152404
432 -2.2219760474151795
433 -2.2219760474152315
434 -2.221976047415239
435 -2.22197604741524
436 -2.2219760474152404
437 -2.2219760474152404
438 -2.2219760474152404
439 -2.2219760474152404
440 -2.2219760474152404
441 -2.2219760474152404
442 -2.2219760474152395
443 -2.2219760474152404
444 -2.2219760474152412
445 -2.2219760474152412
446 1.0598149008435525
447 -0.9072945213946753
448 -0.9441570663518302
449 -1.4326386053954039
450 -2.203564255870953
451 -2.221974509720269
452 -2.221976047259254
453 -2.2219760474152404
454 -2.2219760474152386
455 -2.2219760474152395
456 -2.2219760474152404
457 -2.2219760474152404
458 -2.2219760474152412
459 -2.2219760474152412
460 -2.2219760474152404
461 -2.2219760474152404
462 -2.2219760474152412
463 -2.2219760474152404
464 -2.2219760474152404
465 -2.2219760474152404
466 -2.2219760474152412
467 -2.2219760474152412
468 1.0598148926915831
469 -0.9072945231046265
470 -0.9441570562260237
471 -1.4326386212052933
472 -2.203564255528182
473 -2.2219745097198684
474 -2.2219760472592505
475 -2.2219760474152395
476 -2.22197604741498
477 -2.221976047415202
478 -2.2219760474152332
479 -2.2219760474152386
480 -2.2219760474152404
481 -2.2219760474152404
482 -2.2219760474152404
483 -2.2219760474152404
484 -2.2219760474152404
485 -2.2219760474152404
486 -2.2219760474152404
487 -2.2219760474152404
488 -2.2219760474152404
489 -2.2219760474152404
490 -2.2219760474152412
491 1.0598148917073478
492 -0.9072945233110783
493 -0.9441570550034746
494 -1.4326386231141166
495 -2.203564255486797
496 -2.2219745097198196
497 -2.2219760472592514
498 -2.2219760474152404
499 -2.2219760474144046
500 -2.2219760474151187
evaluations raw_y
1 10.0
2 10.0
3 8.909297426825681
4 7.771639797990705
5 10.70927036156822
6 9.243197471805951
7 8.369973278349288
8 7.598501432411428
9 7.55597483993995
10 7.555807808557276
11 7.555604794895348
12 7.555604790819845
13 7.555604790516954
14 7.555604790516952
15 7.555604790516952
16 7.555604790516953
17 7.555604790516952
18 7.555604790516953
19 7.555604790516952
20 7.555604790516952
21 7.555604790516953
22 7.555604790516952
23 7.555604790516952
24 7.555604790516952
25 7.555604790516952
26 7.555604790516952
27 7.555604790516952
28 7.555604790516953
29 7.555604790516953
30 7.555604790516952
31 7.555604790516952
32 7.555604790516952
33 6.464902217342633
34 5.327244588507657
35 8.264875152085173
36 6.798802262322903
37 5.925578068866241
38 5.154106222928381
39 5.111579630456902
40 5.111412599074228
41 5.1112095854123
42 5.111209581336797
43 5.111209581033906
44 5.111209581033904
45 5.111209581033904
46 5.111209581033904
47 5.111209581033904
48 5.111209581033904
49 5.111209581033904
50 5.111209581033904
51 5.111209581033904
52 5.111209581033904
53 4.020507007859587
54 2.8828493790246092
55 5.820479942602069
56 4.354407052839856
57 3.481182859383225
58 2.7097110134453355
59 2.6671844209738538
60 2.6670173895911815
61 2.6668143759292517
62 2.666814371853749
63 2.6668143715508585
64 2.6668143715508568
65 2.6668143715508568
66 2.6668143715508563
67 2.6668143715508563
68 2.6668143715508568
69 2.6668143715508563
70 1.5761117983765383
71 0.43845416954156136
72 3.3760847331190496
73 1.9100118433568078
74 1.0367876499001607
75 0.26531580396228716
76 0.22278921149080544
77 0.22262218010813362
78 0.2224191664462043
79 0.22241916237070125
80 0.22241916206780976
81 0.22241916206780843
82 0.22241916206780843
83 0.22241916206780799
84 0.22241916206780843
85 0.22241916206780843
86 0.22241916206780843
87 0.22241916206780843
88 0.22241916206780843
89 0.22241916206780887
90 0.22241916206780799
91 -0.8682834111065101
92 -2.0059410399414874
93 0.9316895236359914
94 -0.5343833661262403
95 -1.4076075595828819
96 -2.1790794055207607
97 -2.221605997992242
98 -2.221773029374915
99 -2.2219760430368436
100 -2.2219760471123475
101 -2.2219760474152377
102 -2.22197604741524
103 -2.2219760474152395
104 -2.22197604741524
105 -2.2219760474152395
106 -2.22197604741524
107 -2.22197604741524
108 -2.22197604741524
109 -2.22197604741524
110 -2.2219760474152404
111 -2.2219760474152395
112 -2.22197604741524
113 -2.2219760474152404
114 -2.22197604741524
115 -2.2219760474152395
116 -2.2219760474152404
117 -2.2219760474152395
118 10.70042554357724
119 -2.2219760474152404
120 1.0598149013585596
121 -0.9072945212866479
122 -0.9441570669915345
123 -1.432638604396601
124 -2.2035642558926076
125 -2.221974509720294
126 -2.221976047259253
127 -2.2219760474152395
128 -2.2219760474152377
129 -2.2219760474152395
130 -2.2219760474152395
131 -2.2219760474152395
132 -2.2219760474152395
133 -2.2219760474152404
134 -2.2219760474152395
135 -2.2219760474152404
136 -2.2219760474152395
137 -2.2219760474152404
138 -2.2219760474152395
139 -2.2219760474152404
140 -2.2219760474152395
141 -2.2219760474152404
142 -2.2219760474152404
143 1.0598148921728328
144 -0.9072945232134382
145 -0.9441570555816703
146 -1.4326386222113525
147 -2.203564255506369
148 -2.221974509719842
149 -2.2219760472592505
150 -2.2219760474152404
151 -2.2219760474152404
152 -2.2219760474152404
153 -2.2219760474152395
154 -2.2219760474152404
155 -2.2219760474152404
156 -2.2219760474152395
157 -2.2219760474152404
158 1.0598148925261395
159 -0.9072945231393286
160 -0.9441570560205215
161 -1.432638621526154
162 -2.2035642555212247
163 -2.2219745097198595
164 -2.2219760472592514
165 -2.2219760474152404
166 -2.2219760474152404
167 -2.2219760474152412
168 -2.2219760474152404
169 -2.2219760474152395
170 -2.2219760474152395
171 -2.2219760474152404
172 -2.2219760474152412
173 1.0598148947449766
174 -0.9072945226739071
175 -0.9441570587766059
176 -1.4326386172229517
177 -2.2035642556145225
178 -2.2219745097199697
179 -2.2219760472592514
180 -2.22197604741524
181 -2.221976047415213
182 -2.221976047415236
183 -2.2219760474152395
184 -2.22197604741524
185 -2.2219760474152404
186 -2.2219760474152395
187 -2.22197604741524
188 -2.2219760474152404
189 -2.2219760474152404
190 -2.2219760474152404
191 -2.2219760474152404
192 -2.2219760474152395
193 -2.2219760474152404
194 -2.2219760474152412
195 1.0598148928287134
196 -0.9072945230758611
197 -0.9441570563963582
198 -1.4326386209393434
199 -2.203564255533948
200 -2.2219745097198746
201 -2.221976047259251
202 -2.2219760474152404
203 -2.2219760474151804
204 -2.2219760474152315
205 -2.221976047415239
206 -2.22197604741524
207 -2.2219760474152404
208 -2.2219760474152404
209 -2.2219760474152404
210 -2.2219760474152404
211 -2.2219760474152404
212 -2.2219760474152404
213 -2.2219760474152404
214 -2.2219760474152404
215 -2.2219760474152404
216 -2.2219760474152395
217 -2.2219760474152412
218 1.059814900843553
219 -0.9072945213946753
220 -0.9441570663518297
221 -1.4326386053954039
222 -2.203564255870953
223 -2.221974509720269
224 -2.221976047259253
225 -2.2219760474152404
226 -2.2219760474152386
227 -2.2219760474152404
228 -2.2219760474152404
229 -2.2219760474152395
230 -2.2219760474152404
231 -2.2219760474152404
232 -2.2219760474152395
233 -2.2219760474152404
234 -2.2219760474152404
235 -2.2219760474152404
236 -2.2219760474152404
237 -2.2219760474152404
238 -2.2219760474152412
239 1.0598148916977306
240 -0.9072945233130962
241 -0.9441570549915308
242 -1.4326386231327657
243 -2.203564255486393
244 -2.2219745097198196
245 -2.2219760472592514
246 -2.2219760474152404
247 -2.2219760474143655
248 -2.2219760474151142
249 -2.2219760474152173
250 -2.221976047415235
251 -2.2219760474152395
252 -2.2219760474152404
253 -2.2219760474152412
254 -2.2219760474152412
255 -2.2219760474152412
256 -2.2219760474152412
257 -2.2219760474152412
258 -2.2219760474152404
259 -2.2219760474152412
260 -2.2219760474152404
261 -2.2219760474152412
262 -2.2219760474152404
263 -2.2219760474152412
264 -2.2219760474152404
265 -2.2219760474152412
266 1.0598148917274797
267 -0.9072945233068559
268 -0.9441570550284817
269 -1.4326386230750723
270 -2.2035642554876436
271 -2.2219745097198214
272 -2.2219760472592514
273 -2.2219760474152404
274 -2.221976047414482
275 -2.2219760474151293
276 -2.22197604741522
277 -2.221976047415236
278 -2.2219760474152395
279 -2.2219760474152404
280 -2.2219760474152404
281 -2.2219760474152404
282 -2.2219760474152404
283 -2.2219760474152404
284 -2.2219760474152404
285 -2.2219760474152404
286 -2.2219760474152412
287 -2.2219760474152404
288 -2.2219760474152412
289 1.0598148947449766
290 -0.9072945226739071
291 -0.9441570587766059
292 -1.4326386172229517
293 -2.2035642556145225
294 -2.2219745097199697
295 -2.2219760472592514
296 -2.22197604741524
297 -2.221976047415213
298 -2.221976047415236
299 -2.2219760474152395
300 -2.22197604741524
301 -2.2219760474152404
302 -2.2219760474152395
303 -2.22197604741524
304 -2.2219760474152404
305 -2.2219760474152404
306 -2.2219760474152404
307 -2.2219760474152404
308 -2.2219760474152395
309 -2.2219760474152404
310 -2.2219760474152412
311 1.0598148928287134
312 -0.9072945230758611
313 -0.9441570563963582
314 -1.4326386209393434
315 -2.203564255533948
316 -2.2219745097198746
317 -2.221976047259251
318 -2.2219760474152404
319 -2.2219760474151804
320 -2.2219760474152315
321 -2.221976047415239
322 -2.22197604741524
323 -2.2219760474152404
324 -2.2219760474152404
325 -2.2219760474152404
326 -2.2219760474152404
327 -2.2219760474152404
328 -2.2219760474152404
329 -2.2219760474152404
330 -2.2219760474152404
331 -2.2219760474152404
332 -2.2219760474152412
333 -2.2219760474152412
334 1.0598149008435525
335 -0.9072945213946753
336 -0.9441570663518302
337 -1.4326386053954039
338 -2.203564255870953
339 -2.221974509720269
340 -2.221976047259254
341 -2.2219760474152404
342 -2.2219760474152386
343 -2.2219760474152395
344 -2.2219760474152404
345 -2.2219760474152404
346 -2.2219760474152412
347 -2.2219760474152412
348 -2.2219760474152404
349 -2.2219760474152404
350 -2.2219760474152412
351 -2.2219760474152404
352 -2.2219760474152404
353 -2.2219760474152404
354 -2.2219760474152412
355 -2.2219760474152412
356 1.0598148926915831
357 -0.9072945231046265
358 -0.9441570562260237
359 -1.4326386212052933
360 -2.203564255528182
361 -2.2219745097198684
362 -2.2219760472592505
363 -2.2219760474152395
364 -2.22197604741498
365 -2.221976047415202
366 -2.2219760474152332
367 -2.2219760474152386
368 -2.2219760474152404
369 -2.2219760474152404
370 -2.2219760474152404
371 -2.2219760474152404
372 -2.2219760474152404
373 -2.2219760474152404
374 -2.2219760474152404
375 -2.2219760474152404
376 -2.2219760474152404
377 -2.2219760474152404
378 -2.2219760474152412
379 1.0598148917073478
380 -0.9072945233110783
381 -0.9441570550034746
382 -1.4326386231141166
383 -2.203564255486797
384 -2.2219745097198196
385 -2.2219760472592514
386 -2.2219760474152404
387 -2.2219760474144046
388 -2.2219760474151187
389 -2.221976047415218
390 -2.221976047415236
391 -2.2219760474152395
392 -2.2219760474152404
393 -2.2219760474152404
394 -2.2219760474152395
395 -2.2219760474152404
396 -2.2219760474152404
397 -2.2219760474152404
398 -2.2219760474152404
399 -2.2219760474152412
400 -2.2219760474152404
401 -2.2219760474152412
402 1.0598148947449766
403 -0.9072945226739071
404 -0.9441570587766059
405 -1.4326386172229517
406 -2.2035642556145225
407 -2.2219745097199697
408 -2.2219760472592514
409 -2.22197604741524
410 -2.221976047415213
411 -2.221976047415236
412 -2.2219760474152395
413 -2.22197604741524
414 -2.2219760474152404
415 -2.2219760474152395
416 -2.22197604741524
417 -2.2219760474152404
418 -2.2219760474152404
419 -2.2219760474152404
420 -2.2219760474152404
421 -2.2219760474152395
422 -2.2219760474152404
423 -2.2219760474152412
424 1.0598148928287134
425 -0.9072945230758611
426 -0.9441570563963582
427 -1.4326386209393434
428 -2.203564255533948
429 -2.2219745097198746
430 -2.221976047259251
431 -2.2219760474152404
432 -2.2219760474151795
433 -2.2219760474152315
434 -2.221976047415239
435 -2.22197604741524
436 -2.2219760474152404
437 -2.2219760474152404
438 -2.2219760474152404
439 -2.2219760474152404
440 -2.2219760474152404
441 -2.2219760474152404
442 -2.2219760474152395
443 -2.2219760474152404
444 -2.2219760474152412
445 -2.2219760474152412
446 1.0598149008435525
447 -0.9072945213946753
448 -0.9441570663518302
449 -1.4326386053954039
450 -2.203564255870953
451 -2.221974509720269
452 -2.221976047259254
453 -2.2219760474152404
454 -2.2219760474152386
455 -2.2219760474152395
456 -2.2219760474152404
457 -2.2219760474152404
458 -2.2219760474152412
459 -2.2219760474152412
460 -2.2219760474152404
461 -2.2219760474152404
462 -2.2219760474152412
463 -2.2219760474152404
464 -2.2219760474152404
465 -2.2219760474152404
466 -2.2219760474152412
467 -2.2219760474152412
468 1.0598148926915831
469 -0.9072945231046265
470 -0.9441570562260237
471 -1.4326386212052933
472 -2.203564255528182
473 -2.2219745097198684
474 -2.2219760472592505
475 -2.2219760474152395
476 -2.22197604741498
477 -2.221976047415202
478 -2.2219760474152332
479 -2.2219760474152386
480 -2.2219760474152404
481 -2.2219760474152404
482 -2.2219760474152404
483 -2.2219760474152404
484 -2.2219760474152404
485 -2.2219760474152404
486 -2.2219760474152404
487 -2.2219760474152404
488 -2.2219760474152404
489 -2.2219760474152404
490 -2.2219760474152412
491 1.0598148917073478
492 -0.9072945233110783
493 -0.9441570550034746
494 -1.4326386231141166
495 -2.203564255486797
496 -2.2219745097198196
497 -2.2219760472592514
498 -2.2219760474152404
499 -2.2219760474144046
500 -2.2219760474151187
evaluations raw_y
1 10.0
2 10.0
3 8.909297426825681
4 7.771639797990705
5 10.70927036156822
6 9.243197471805951
7 8.369973278349288
8 7.598501432411428
9 7.55597483993995
10 7.555807808557276
11 7.555604794895348
12 7.555604790819845
13 7.555604790516954
14 7.555604790516952
15 7.555604790516952
16 7.555604790516953
17 7.555604790516952
18 7.555604790516953
19 7.555604790516952
20 7.555604790516952
21 7.555604790516953
22 7.555604790516952
23 7.555604790516952
24 7.555604790516952
25 7.555604790516952
26 7.555604790516952
27 7.555604790516952
28 7.555604790516953
29 7.555604790516953
30 7.555604790516952
31 7.555604790516952
32 7.555604790516952
33 6.464902217342633
34 5.327244588507657
35 8.264875152085173
36 6.798802262322903
37 5.925578068866241
38 5.154106222928381
39 5.111579630456902
40 5.111412599074228
41 5.1112095854123
42 5.111209581336797
43 5.111209581033906
44 5.111209581033904
45 5.111209581033904
46 5.111209581033904
47 5.111209581033904
48 5.111209581033904
49 5.111209581033904
50 5.111209581033904
51 5.111209581033904
52 5.111209581033904
53 4.020507007859587
54 2.8828493790246092
55 5.820479942602069
56 4.354407052839856
57 3.481182859383225
58 2.7097110134453355
59 2.6671844209738538
60 2.6670173895911815
61 2.6668143759292517
62 2.666814371853749
63 2.6668143715508585
64 2.6668143715508568
65 2.6668143715508568
66 2.6668143715508563
67 2.6668143715508563
68 2.6668143715508568
69 2.6668143715508563
70 1.5761117983765383
71 0.43845416954156136
72 3.3760847331190496
73 1.9100118433568078
74 1.0367876499001607
75 0.26531580396228716
76 0.22278921149080544
77 0.22262218010813362
78 0.2224191664462043
79 0.22241916237070125
80 0.22241916206780976
81 0.22241916206780843
82 0.22241916206780843
83 0.22241916206780799
84 0.22241916206780843
85 0.22241916206780843
86 0.22241916206780843
87 0.22241916206780843
88 0.22241916206780843
89 0.22241916206780887
90 0.22241916206780799
91 -0.8682834111065101
92 -2.0059410399414874
93 0.9316895236359914
94 -0.5343833661262403
95 -1.4076075595828819
96 -2.1790794055207607
97 -2.221605997992242
98 -2.221773029374915
99 -2.2219760430368436
100 -2.2219760471123475
101 -2.2219760474152377
102 -2.22197604741524
103 -2.2219760474152395
104 -2.22197604741524
105 -2.2219760474152395
106 -2.22197604741524
107 -2.22197604741524
108 -2.22197604741524
109 -2.22197604741524
110 -2.2219760474152404
111 -2.2219760474152395
112 -2.22197604741524
113 -2.2219760474152404
114 -2.22197604741524
115 -2.2219760474152395
116 -2.2219760474152404
117 -2.2219760474152395
118 10.70042554357724
119 -2.2219760474152404
120 1.0598149013585596
121 -0.9072945212866479
122 -0.9441570669915345
123 -1.432638604396601
124 -2.2035642558926076
125 -2.221974509720294
126 -2.221976047259253
127 -2.2219760474152395
128 -2.2219760474152377
129 -2.2219760474152395
130 -2.2219760474152395
131 -2.2219760474152395
132 -2.2219760474152395
133 -2.2219760474152404
134 -2.2219760474152395
135 -2.2219760474152404
136 -2.2219760474152395
137 -2.2219760474152404
138 -2.2219760474152395
139 -2.2219760474152404
140 -2.2219760474152395
141 -2.2219760474152404
142 -2.2219760474152404
143 1.0598148921728328
144 -0.9072945232134382
145 -0.9441570555816703
146 -1.4326386222113525
147 -2.203564255506369
148 -2.221974509719842
149 -2.2219760472592505
150 -2.2219760474152404
151 -2.2219760474152404
152 -2.2219760474152404
153 -2.2219760474152395
154 -2.2219760474152404
155 -2.2219760474152404
156 -2.2219760474152395
157 -2.2219760474152404
158 1.0598148925261395
159 -0.9072945231393286
160 -0.9441570560205215
161 -1.432638621526154
162 -2.2035642555212247
163 -2.2219745097198595
164 -2.2219760472592514
165 -2.2219760474152404
166 -2.2219760474152404
167 -2.2219760474152412
168 -2.2219760474152404
169 -2.2219760474152395
170 -2.2219760474152395
171 -2.2219760474152404
172 -2.2219760474152412
173 1.0598148947449766
174 -0.9072945226739071
175 -0.9441570587766059
176 -1.4326386172229517
177 -2.2035642556145225
178 -2.2219745097199697
179 -2.2219760472592514
180 -2.22197604741524
181 -2.221976047415213
182 -2.221976047415236
183 -2.2219760474152395
184 -2.22197604741524
185 -2.2219760474152404
186 -2.2219760474152395
187 -2.22197604741524
188 -2.2219760474152404
189 -2.2219760474152404
190 -2.2219760474152404
191 -2.2219760474152404
192 -2.2219760474152395
193 -2.2219760474152404
194 -2.2219760474152412
195 1.0598148928287134
196 -0.9072945230758611
197 -0.9441570563963582
198 -1.4326386209393434
199 -2.203564255533948
200 -2.2219745097198746
201 -2.221976047259251
202 -2.2219760474152404
203 -2.2219760474151804
204 -2.2219760474152315
205 -2.221976047415239
206 -2.22197604741524
207 -2.2219760474152404
208 -2.2219760474152404
209 -2.2219760474152404
210 -2.2219760474152404
211 -2.2219760474152404
212 -2.2219760474152404
213 -2.2219760474152404
214 -2.2219760474152404
215 -2.2219760474152404
216 -2.2219760474152395
217 -2.2219760474152412
218 1.059814900843553
219 -0.9072945213946753
220 -0.9441570663518297
221 -1.4326386053954039
222 -2.203564255870953
223 -2.221974509720269
224 -2.221976047259253
225 -2.2219760474152404
226 -2.2219760474152386
227 -2.2219760474152404
228 -2.2219760474152404
229 -2.2219760474152395
230 -2.2219760474152404
231 -2.2219760474152404
232 -2.2219760474152395
233 -2.2219760474152404
234 -2.2219760474152404
235 -2.2219760474152404
236 -2.2219760474152404
237 -2.2219760474152404
238 -2.2219760474152412
239 1.0598148916977306
240 -0.9072945233130962
241 -0.9441570549915308
242 -1.4326386231327657
243 -2.203564255486393
244 -2.2219745097198196
245 -2.2219760472592514
246 -2.2219760474152404
247 -2.2219760474143655
248 -2.2219760474151142
249 -2.2219760474152173
250 -2.221976047415235
251 -2.2219760474152395
252 -2.2219760474152404
253 -2.2219760474152412
254 -2.2219760474152412
255 -2.2219760474152412
256 -2.2219760474152412
257 -2.2219760474152412
258 -2.2219760474152404
259 -2.2219760474152412
260 -2.2219760474152404
261 -2.2219760474152412
262 -2.2219760474152404
263 -2.2219760474152412
264 -2.2219760474152404
265 -2.2219760474152412
266 1.0598148917274797
267 -0.9072945233068559
268 -0.9441570550284817
269 -1.4326386230750723
270 -2.2035642554876436
271 -2.2219745097198214
272 -2.2219760472592514
273 -2.2219760474152404
274 -2.221976047414482
275 -2.2219760474151293
276 -2.22197604741522
277 -2.221976047415236
278 -2.2219760474152395
279 -2.2219760474152404
280 -2.2219760474152404
281 -2.2219760474152404
282 -2.2219760474152404
283 -2.2219760474152404
284 -2.2219760474152404
285 -2.2219760474152404
286 -2.2219760474152412
287 -2.2219760474152404
288 -2.2219760474152412
289 1.0598148947449766
290 -0.9072945226739071
291 -0.9441570587766059
292 -1.4326386172229517
293 -2.2035642556145225
294 -2.2219745097199697
295 -2.2219760472592514
296 -2.22197604741524
297 -2.221976047415213
298 -2.221976047415236
299 -2.2219760474152395
300 -2.22197604741524
301 -2.2219760474152404
302 -2.2219760474152395
303 -2.22197604741524
304 -2.2219760474152404
305 -2.2219760474152404
306 -2.2219760474152404
307 -2.2219760474152404
308 -2.2219760474152395
309 -2.2219760474152404
310 -2.2219760474152412
311 1.0598148928287134
312 -0.9072945230758611
313 -0.9441570563963582
314 -1.4326386209393434
315 -2.203564255533948
316 -2.2219745097198746
317 -2.221976047259251
318 -2.2219760474152404
319 -2.2219760474151804
320 -2.2219760474152315
321 -2.221976047415239
322 -2.22197604741524
323 -2.2219760474152404
324 -2.2219760474152404
325 -2.2219760474152404
326 -2.2219760474152404
327 -2.2219760474152404
328 -2.2219760474152404
329 -2.2219760474152404
330 -2.2219760474152404
331 -2.2219760474152404
332 -2.2219760474152412
333 -2.2219760474152412
334 1.0598149008435525
335 -0.9072945213946753
336 -0.9441570663518302
337 -1.4326386053954039
338 -2.203564255870953
339 -2.221974509720269
340 -2.221976047259254
341 -2.2219760474152404
342 -2.2219760474152386
343 -2.2219760474152395
344 -2.2219760474152404
345 -2.2219760474152404
346 -2.2219760474152412
347 -2.2219760474152412
348 -2.2219760474152404
349 -2.2219760474152404
350 -2.2219760474152412
351 -2.2219760474152404
352 -2.2219760474152404
353 -2.2219760474152404
354 -2.2219760474152412
355 -2.2219760474152412
356 1.0598148926915831
357 -0.9072945231046265
358 -0.9441570562260237
359 -1.4326386212052933
360 -2.203564255528182
361 -2.2219745097198684
362 -2.2219760472592505
363 -2.2219760474152395
364 -2.22197604741498
365 -2.221976047415202
366 -2.2219760474152332
367 -2.2219760474152386
368 -2.2219760474152404
369 -2.2219760474152404
370 -2.2219760474152404
371 -2.2219760474152404
372 -2.2219760474152404
373 -2.2219760474152404
374 -2.2219760474152404
375 -2.2219760474152404
376 -2.2219760474152404
377 -2.2219760474152404
378 -2.2219760474152412
379 1.0598148917073478
380 -0.9072945233110783
381 -0.9441570550034746
382 -1.4326386231141166
383 -2.203564255486797
384 -2.2219745097198196
385 -2.2219760472592514
386 -2.2219760474152404
387 -2.2219760474144046
388 -2.2219760474151187
389 -2.221976047415218
390 -2.221976047415236
391 -2.2219760474152395
392 -2.2219760474152404
393 -2.2219760474152404
394 -2.2219760474152395
395 -2.2219760474152404
396 -2.2219760474152404
397 -2.2219760474152404
398 -2.2219760474152404
399 -2.2219760474152412
400 -2.2219760474152404
401 -2.2219760474152412
402 1.0598148947449766
403 -0.9072945226739071
404 -0.9441570587766059
405 -1.4326386172229517
406 -2.2035642556145225
407 -2.2219745097199697
408 -2.2219760472592514
409 -2.22197604741524
410 -2.221976047415213
411 -2.221976047415236
412 -2.2219760474152395
413 -2.22197604741524
414 -2.2219760474152404
415 -2.2219760474152395
416 -2.22197604741524
417 -2.2219760474152404
418 -2.2219760474152404
419 -2.2219760474152404
420 -2.2219760474152404
421 -2.2219760474152395
422 -2.2219760474152404
423 -2.2219760474152412
424 1.0598148928287134
425 -0.9072945230758611
426 -0.9441570563963582
427 -1.4326386209393434
428 -2.203564255533948
429 -2.2219745097198746
430 -2.221976047259251
431 -2.2219760474152404
432 -2.2219760474151795
433 -2.2219760474152315
434 -2.221976047415239
435 -2.22197604741524
436 -2.2219760474152404
437 -2.2219760474152404
438 -2.2219760474152404
439 -2.2219760474152404
440 -2.2219760474152404
441 -2.2219760474152404
442 -2.2219760474152395
443 -2.2219760474152404
444 -2.2219760474152412
445 -2.2219760474152412
446 1.0598149008435525
447 -0.9072945213946753
448 -0.9441570663518302
449 -1.4326386053954039
450 -2.203564255870953
451 -2.221974509720269
452 -2.221976047259254
453 -2.2219760474152404
454 -2.2219760474152386
455 -2.2219760474152395
456 -2.2219760474152404
457 -2.2219760474152404
458 -2.2219760474152412
459 -2.2219760474152412
460 -2.2219760474152404
461 -2.2219760474152404
462 -2.2219760474152412
463 -2.2219760474152404
464 -2.2219760474152404
465 -2.2219760474152404
466 -2.2219760474152412
467 -2.2219760474152412
468 1.0598148926915831
469 -0.9072945231046265
470 -0.9441570562260237
471 -1.4326386212052933
472 -2.203564255528182
473 -2.2219745097198684
474 -2.2219760472592505
475 -2.2219760474152395
476 -2.22197604741498
477 -2.221976047415202
478 -2.2219760474152332
479 -2.2219760474152386
480 -2.2219760474152404
481 -2.2219760474152404
482 -2.2219760474152404
483 -2.2219760474152404
484 -2.2219760474152404
485 -2.2219760474152404
486 -2.2219760474152404
487 -2.2219760474152404
488 -2.2219760474152404
489 -2.2219760474152404
490 -2.2219760474152412
491 1.0598148917073478
492 -0.9072945233110783
493 -0.9441570550034746
494 -1.4326386231141166
495 -2.203564255486797
496 -2.2219745097198196
497 -2.2219760472592514
498 -2.2219760474152404
499 -2.2219760474144046
500 -2.2219760474151187
evaluations raw_y
1 10.0
2 10.0
3 8.909297426825681
4 7.771639797990705
5 10.70927036156822
6 9.243197471805951
7 8.369973278349288
8 7.598501432411428
9 7.55597483993995
10 7.555807808557276
11 7.555604794895348
12 7.555604790819845
13 7.555604790516954
14 7.555604790516952
15 7.555604790516952
16 7.555604790516953
17 7.555604790516952
18 7.555604790516953
19 7.555604790516952
20 7.555604790516952
21 7.555604790516953
22 7.555604790516952
23 7.555604790516952
24 7.555604790516952
25 7.555604790516952
26 7.555604790516952
27 7.555604790516952
28 7.555604790516953
29 7.555604790516953
30 7.555604790516952
31 7.555604790516952
32 7.555604790516952
33 6.464902217342633
34 5.327244588507657
35 8.264875152085173
36 6.798802262322903
37 5.925578068866241
38 5.154106222928381
39 5.111579630456902
40 5.111412599074228
41 5.1112095854123
42 5.111209581336797
43 5.111209581033906
44 5.111209581033904
45 5.111209581033904
46 5.111209581033904
47 5.111209581033904
48 5.111209581033904
49 5.111209581033904
50 5.111209581033904
51 5.111209581033904
52 5.111209581033904
53 4.020507007859587
54 2.8828493790246092
55 5.820479942602069
56 4.354407052839856
57 3.481182859383225
58 2.7097110134453355
59 2.6671844209738538
60 2.6670173895911815
61 2.6668143759292517
62 2.666814371853749
63 2.6668143715508585
64 2.6668143715508568
65 2.6668143715508568
66 2.6668143715508563
67 2.6668143715508563
68 2.6668143715508568
69 2.6668143715508563
70 1.5761117983765383
71 0.43845416954156136
72 3.3760847331190496
73 1.9100118433568078
74 1.0367876499001607
75 0.26531580396228716
76 0.22278921149080544
77 0.22262218010813362
78 0.2224191664462043
79 0.22241916237070125
80 0.22241916206780976
81 0.22241916206780843
82 0.22241916206780843
83 0.22241916206780799
84 0.22241916206780843
85 0.22241916206780843
86 0.22241916206780843
87 0.22241916206780843
88 0.22241916206780843
89 0.22241916206780887
90 0.22241916206780799
91 -0.8682834111065101
92 -2.0059410399414874
93 0.9316895236359914
94 -0.5343833661262403
95 -1.4076075595828819
96 -2.1790794055207607
97 -2.221605997992242
98 -2.221773029374915
99 -2.2219760430368436
100 -2.2219760471123475
101 -2.2219760474152377
102 -2.22197604741524
103 -2.2219760474152395
104 -2.22197604741524
105 -2.2219760474152395
106 -2.22197604741524
107 -2.22197604741524
108 -2.22197604741524
109 -2.22197604741524
110 -2.2219760474152404
111 -2.2219760474152395
112 -2.22197604741524
113 -2.2219760474152404
114 -2.22197604741524
115 -2.2219760474152395
116 -2.2219760474152404
117 -2.2219760474152395
118 10.70042554357724
119 -2.2219760474152404
120 1.0598149013585596
121 -0.9072945212866479
122 -0.9441570669915345
123 -1.432638604396601
124 -2.2035642558926076
125 -2.221974509720294
126 -2.221976047259253
127 -2.2219760474152395
128 -2.2219760474152377
129 -2.2219760474152395
130 -2.2219760474152395
131 -2.2219760474152395
132 -2.2219760474152395
133 -2.2219760474152404
134 -2.2219760474152395
135 -2.2219760474152404
136 -2.2219760474152395
137 -2.2219760474152404
138 -2.2219760474152395
139 -2.2219760474152404
140 -2.2219760474152395
141 -2.2219760474152404
142 -2.2219760474152404
143 1.0598148921728328
144 -0.9072945232134382
145 -0.9441570555816703
146 -1.4326386222113525
147 -2.203564255506369
148 -2.221974509719842
149 -2.2219760472592505
150 -2.2219760474152404
151 -2.2219760474152404
152 -2.2219760474152404
153 -2.2219760474152395
154 -2.2219760474152404
155 -2.2219760474152404
156 -2.2219760474152395
157 -2.2219760474152404
158 1.0598148925261395
159 -0.9072945231393286
160 -0.9441570560205215
161 -1.432638621526154
162 -2.2035642555212247
163 -2.2219745097198595
164 -2.2219760472592514
165 -2.2219760474152404
166 -2.2219760474152404
167 -2.2219760474152412
168 -2.2219760474152404
169 -2.2219760474152395
170 -2.2219760474152395
171 -2.2219760474152404
172 -2.2219760474152412
173 1.0598148947449766
174 -0.9072945226739071
175 -0.9441570587766059
176 -1.4326386172229517
177 -2.2035642556145225
178 -2.2219745097199697
179 -2.2219760472592514
180 -2.22197604741524
181 -2.221976047415213
182 -2.221976047415236
183 -2.2219760474152395
184 -2.22197604741524
185 -2.2219760474152404
186 -2.2219760474152395
187 -2.22197604741524
188 -2.2219760474152404
189 -2.2219760474152404
190 -2.2219760474152404
191 -2.2219760474152404
192 -2.2219760474152395
193 -2.2219760474152404
194 -2.2219760474152412
195 1.0598148928287134
196 -0.9072945230758611
197 -0.9441570563963582
198 -1.4326386209393434
199 -2.203564255533948
200 -2.2219745097198746
201 -2.221976047259251
202 -2.2219760474152404
203 -2.2219760474151804
204 -2.2219760474152315
205 -2.221976047415239
206 -2.22197604741524
207 -2.2219760474152404
208 -2.2219760474152404
209 -2.2219760474152404
210 -2.2219760474152404
211 -2.2219760474152404
212 -2.2219760474152404
213 -2.2219760474152404
214 -2.2219760474152404
215 -2.2219760474152404
216 -2.2219760474152395
217 -2.2219760474152412
218 1.059814900843553
219 -0.9072945213946753
220 -0.9441570663518297
221 -1.4326386053954039
222 -2.203564255870953
223 -2.221974509720269
224 -2.221976047259253
225 -2.2219760474152404
226 -2.2219760474152386
227 -2.2219760474152404
228 -2.2219760474152404
229 -2.2219760474152395
230 -2.2219760474152404
231 -2.2219760474152404
232 -2.2219760474152395
233 -2.2219760474152404
234 -2.2219760474152404
235 -2.2219760474152404
236 -2.2219760474152404
237 -2.2219760474152404
238 -2.2219760474152412
239 1.0598148916977306
240 -0.9072945233130962
241 -0.9441570549915308
242 -1.4326386231327657
243 -2.203564255486393
244 -2.2219745097198196
245 -2.2219760472592514
246 -2.2219760474152404
247 -2.2219760474143655
248 -2.2219760474151142
249 -2.2219760474152173
250 -2.221976047415235
251 -2.2219760474152395
252 -2.2219760474152404
253 -2.2219760474152412
254 -2.2219760474152412
255 -2.2219760474152412
256 -2.2219760474152412
257 -2.2219760474152412
258 -2.2219760474152404
259 -2.2219760474152412
260 -2.2219760474152404
261 -2.2219760474152412
262 -2.2219760474152404
263 -2.2219760474152412
264 -2.2219760474152404
265 -2.2219760474152412
266 1.0598148917274797
267 -0.9072945233068559
268 -0.9441570550284817
269 -1.4326386230750723
270 -2.2035642554876436
271 -2.2219745097198214
272 -2.2219760472592514
273 -2.2219760474152404
274 -2.221976047414482
275 -2.2219760474151293
276 -2.22197604741522
277 -2.221976047415236
278 -2.2219760474152395
279 -2.2219760474152404
280 -2.2219760474152404
281 -2.2219760474152404
282 -2.2219760474152404
283 -2.2219760474152404
284 -2.2219760474152404
285 -2.2219760474152404
286 -2.2219760474152412
287 -2.2219760474152404
288 -2.2219760474152412
289 1.0598148947449766
290 -0.9072945226739071
291 -0.9441570587766059
292 -1.4326386172229517
293 -2.2035642556145225
294 -2.2219745097199697
295 -2.2219760472592514
296 -2.22197604741524
297 -2.221976047415213
298 -2.221976047415236
299 -2.2219760474152395
300 -2.22197604741524
301 -2.2219760474152404
302 -2.2219760474152395
303 -2.22197604741524
304 -2.2219760474152404
305 -2.2219760474152404
306 -2.2219760474152404
307 -2.2219760474152404
308 -2.2219760474152395
309 -2.2219760474152404
310 -2.2219760474152412
311 1.0598148928287134
312 -0.9072945230758611
313 -0.9441570563963582
314 -1.4326386209393434
315 -2.203564255533948
316 -2.2219745097198746
317 -2.221976047259251
318 -2.2219760474152404
319 -2.2219760474151804
320 -2.2219760474152315
321 -2.221976047415239
322 -2.22197604741524
323 -2.2219760474152404
324 -2.2219760474152404
325 -2.2219760474152404
326 -2.2219760474152404
327 -2.2219760474152404
328 -2.2219760474152404
329 -2.2219760474152404
330 -2.2219760474152404
331 -2.2219760474152404
332 -2.2219760474152412
333 -2.2219760474152412
334 1.0598149008435525
335 -0.9072945213946753
336 -0.9441570663518302
337 -1.4326386053954039
338 -2.203564255870953
339 -2.221974509720269
340 -2.221976047259254
341 -2.2219760474152404
342 -2.2219760474152386
343 -2.2219760474152395
344 -2.2219760474152404
345 -2.2219760474152404
346 -2.2219760474152412
347 -2.2219760474152412
348 -2.2219760474152404
349 -2.2219760474152404
350 -2.2219760474152412
351 -2.2219760474152404
352 -2.2219760474152404
353 -2.2219760474152404
354 -2.2219760474152412
355 -2.2219760474152412
356 1.0598148926915831
357 -0.9072945231046265
358 -0.9441570562260237
359 -1.4326386212052933
360 -2.203564255528182
361 -2.2219745097198684
362 -2.2219760472592505
363 -2.2219760474152395
364 -2.22197604741498
365 -2.221976047415202
366 -2.2219760474152332
367 -2.2219760474152386
368 -2.2219760474152404
369 -2.2219760474152404
370 -2.2219760474152404
371 -2.2219760474152404
372 -2.2219760474152404
373 -2.2219760474152404
374 -2.2219760474152404
375 -2.2219760474152404
376 -2.2219760474152404
377 -2.2219760474152404
378 -2.2219760474152412
379 1.0598148917073478
380 -0.9072945233110783
381 -0.9441570550034746
382 -1.4326386231141166
383 -2.203564255486797
384 -2.2219745097198196
385 -2.2219760472592514
386 -2.2219760474152404
387 -2.2219760474144046
388 -2.2219760474151187
389 -2.221976047415218
390 -2.221976047415236
391 -2.2219760474152395
392 -2.2219760474152404
393 -2.2219760474152404
394 -2.2219760474152395
395 -2.2219760474152404
396 -2.2219760474152404
397 -2.2219760474152404
398 -2.2219760474152404
399 -2.2219760474152412
400 -2.2219760474152404
401 -2.2219760474152412
402 1.0598148947449766
403 -0.9072945226739071
404 -0.9441570587766059
405 -1.4326386172229517
406 -2.2035642556145225
407 -2.2219745097199697
408 -2.2219760472592514
409 -2.22197604741524
410 -2.221976047415213
411 -2.221976047415236
412 -2.2219760474152395
413 -2.22197604741524
414 -2.2219760474152404
415 -2.2219760474152395
416 -2.22197604741524
417 -2.2219760474152404
418 -2.2219760474152404
419 -2.2219760474152404
420 -2.2219760474152404
421 -2.2219760474152395
422 -2.2219760474152404
423 -2.2219760474152412
424 1.0598148928287134
425 -0.9072945230758611
426 -0.9441570563963582
427 -1.4326386209393434
428 -2.203564255533948
429 -2.2219745097198746
430 -2.221976047259251
431 -2.2219760474152404
432 -2.2219760474151795
433 -2.2219760474152315
434 -2.221976047415239
435 -2.22197604741524
436 -2.2219760474152404
437 -2.2219760474152404
438 -2.2219760474152404
439 -2.2219760474152404
440 -2.2219760474152404
441 -2.2219760474152404
442 -2.2219760474152395
443 -2.2219760474152404
444 -2.2219760474152412
445 -2.2219760474152412
446 1.0598149008435525
447 -0.9072945213946753
448 -0.9441570663518302
449 -1.4326386053954039
450 -2.203564255870953
451 -2.221974509720269
452 -2.221976047259254
453 -2.2219760474152404
454 -2.2219760474152386
455 -2.2219760474152395
456 -2.2219760474152404
457 -2.2219760474152404
458 -2.2219760474152412
459 -2.2219760474152412
460 -2.2219760474152404
461 -2.2219760474152404
462 -2.2219760474152412
463 -2.2219760474152404
464 -2.2219760474152404
465 -2.2219760474152404
466 -2.2219760474152412
467 -2.2219760474152412
468 1.0598148926915831
469 -0.9072945231046265
470 -0.9441570562260237
471 -1.4326386212052933
472 -2.203564255528182
473 -2.2219745097198684
474 -2.2219760472592505
475 -2.2219760474152395
476 -2.22197604741498
477 -2.221976047415202
478 -2.2219760474152332
479 -2.2219760474152386
480 -2.2219760474152404
481 -2.2219760474152404
482 -2.2219760474152404
483 -2.2219760474152404
484 -2.2219760474152404
485 -2.2219760474152404
486 -2.2219760474152404
487 -2.2219760474152404
488 -2.2219760474152404
489 -2.2219760474152404
490 -2.2219760474152412
491 1.0598148917073478
492 -0.9072945233110783
493 -0.9441570550034746
494 -1.4326386231141166
495 -2.203564255486797
496 -2.2219745097198196
497 -2.2219760472592514
498 -2.2219760474152404
499 -2.2219760474144046
500 -2.2219760474151187
