evaluations raw_y
1 2.540420432327254
2 2.540420423188558
3 2.54042045704211
4 2.5404204342466667
5 2.5404204674696738
6 2.5404204229215646
7 1.7573738598762048
8 1.7573738807075987
9 1.7573738974291593
10 1.7573738666229766
11 1.7573737978144799
12 1.7573738363924876
13 1.5336989476468093
14 1.5336989672952102
15 1.5336989082157075
16 1.533698962173264
17 1.5336988834752692
18 1.5336989281307525
19 1.1020252771544445
20 1.102025294273874
21 1.1020252410942444
22 1.1020252980985559
23 1.102025213657331
24 1.1020252658152967
25 0.07340301363885171
26 0.07340301994340859
27 0.07340299223436775
28 0.0734030547723803
29 0.07340295898739191
30 0.07340304839166478
31 -1.6205813828844393
32 -1.6205813849909507
33 -1.6205813821328316
34 -1.6205813883347786
35 -1.6205813889543252
36 -1.6205813347187998
37 0.8858404195249904
38 0.8858403851457469
39 0.8858404578373215
40 0.8858404589157579
41 0.8858404651115855
42 0.8858403944585065
43 -2.0951080296804294
44 -2.0951080395578465
45 -2.0951080181944883
46 -2.0951080102270794
47 -2.095108017659163
48 -2.0951079935200654
49 -2.6080239007076496
50 -2.6080239120021287
51 -2.6080238919756105
52 -2.608023890986111
53 -2.608023893884452
54 -2.6080239019011646
55 -1.783026533183104
56 -1.783026488164179
57 -1.783026534690988
58 -1.7830265254950346
59 -1.7830265167772423
60 -1.7830265381941053
61 -2.636654259403067
62 -2.6366542602369845
63 -2.636654251977999
64 -2.6366542499456362
65 -2.6366542512856572
66 -2.6366542611061767
67 -2.6773534737359794
68 -2.677353474220989
69 -2.6773534707489755
70 -2.6773534697360253
71 -2.677353470651134
72 -2.6773534744844563
73 -2.6851983723992987
74 -2.685198372416293
75 -2.685198372396144
76 -2.6851983726815316
77 -2.685198372311376
78 -2.6851983723812918
79 -2.6852127153105743
80 -2.6852127153016125
81 -2.6852127153565095
82 -2.6852127152071947
83 -2.6852127154102785
84 -2.685212715315399
85 -2.685217735026131
86 -2.6852177350262436
87 -2.6852177350236754
88 -2.685217735024176
89 -2.685217735022828
90 -2.6852177350263187
91 -2.6852177395788313
92 -2.6852177395788317
93 -2.685217739578963
94 -2.685217739579055
95 -2.68521773957899
96 -2.6852177395788144
97 -2.685217739599481
98 -2.6852177395994805
99 -2.685217739599482
100 -2.6852177395994796
101 -2.6852177395994814
102 -2.6852177395994814
103 -2.6852177395994805
104 -2.685217739599481
105 -2.6852177395994796
106 -2.685217739599481
107 -2.68521773959948
108 -2.68521773959948
109 -2.685217739599481
110 -2.6852177395994805
111 -2.6852177395994805
112 -2.6852177395994805
113 -2.6852177395994805
114 -2.685217739599481
115 1.9018463908507022
116 1.9018464381699614
117 1.9018463558333683
118 1.901846424338932
119 1.9018463657584392
120 1.9018463916896144
121 -0.6557692500501506
122 -0.6557692645541238
123 -0.6557692166087605
124 -0.6557692127975159
125 -0.6557692533618078
126 -0.6557692510017246
127 3.3823544976614106
128 3.3823544746241883
129 3.382354467946788
130 3.3823545258099865
131 3.382354544753874
132 3.3823544990848515
133 -1.106695048997823
134 -1.106695066962053
135 -1.1066950217209577
136 -1.1066950379908
137 -1.106695044667215
138 -1.1066950496417274
139 -1.2843348206712588
140 -1.2843348339088432
141 -1.284334842926687
142 -1.284334817220556
143 -1.2843348207083047
144 -1.2843348212475263
145 -1.360198162490343
146 -1.3601981500121103
147 -1.3601981723141061
148 -1.3601981738503888
149 -1.360198165293299
150 -1.3601981616333148
151 -1.4467807317178671
152 -1.4467807272639561
153 -1.446780733370563
154 -1.4467807330587092
155 -1.4467807284986973
156 -1.4467807325586155
157 -1.1949100543503688
158 -1.1949100678133742
159 -1.1949100448332253
160 -1.194910057591863
161 -1.1949100737690115
162 -1.1949100448075276
163 -1.455326402381635
164 -1.4553264007930409
165 -1.4553264023886676
166 -1.4553264039960272
167 -1.4553264031120738
168 -1.4553264016935152
169 -1.4534230661424514
170 -1.4534230664183174
171 -1.4534230660577334
172 -1.453423066414011
173 -1.4534230669632544
174 -1.4534230700051256
175 -1.456021938566317
176 -1.456021937617054
177 -1.4560219385420607
178 -1.456021939722194
179 -1.456021939327579
180 -1.456021939423171
181 -1.4568800683534215
182 -1.4568800681405651
183 -1.4568800684217034
184 -1.4568800686042955
185 -1.4568800685376506
186 -1.456880068539324
187 -1.456926645258941
188 -1.4569266452596907
189 -1.4569266452527398
190 -1.45692664526314
191 -1.4569266452553884
192 -1.4569266452592897
193 -1.4569266611256824
194 -1.4569266611251845
195 -1.4569266611261011
196 -1.4569266611244878
197 -1.4569266611261837
198 -1.4569266611256113
199 -1.4569266616276417
200 -1.4569266616276897
201 -1.4569266616277199
202 -1.4569266616277083
203 -1.4569266616276275
204 -1.4569266616276373
205 -1.4569266616308258
206 -1.4569266616308227
207 -1.4569266616308156
208 -1.4569266616308245
209 -1.4569266616308254
210 -1.4569266616308263
211 -1.456926661630841
212 -1.456926661630841
213 -1.4569266616308414
214 -1.456926661630841
215 -1.456926661630841
216 -1.4569266616308414
217 -1.4569266616308418
218 -1.4569266616308418
219 -1.4569266616308418
220 -1.456926661630841
221 -1.4569266616308418
222 -1.4569266616308418
223 -1.456926661630841
224 -1.4569266616308414
225 -1.4569266616308405
226 -1.4569266616308423
227 -1.456926661630841
228 -1.4569266616308405
229 -1.456926661630841
230 -1.456926661630841
231 -1.4569266616308414
232 -1.4569266616308414
233 -1.456926661630841
234 -1.4569266616308414
235 -1.4569266616308414
236 -1.4569266616308418
237 -1.4569266616308418
238 -1.4569266616308418
239 -1.4569266616308418
240 -1.456926661630841
241 -1.4569266616308423
242 -1.4569266616308423
243 -1.4569266616308423
244 -1.4569266616308414
245 -1.4569266616308423
246 -1.4569266616308418
247 -1.4569266616308414
248 -1.4569266616308418
249 -1.456926661630841
250 -1.4569266616308423
251 -1.4569266616308414
252 -1.4569266616308418
253 -1.456926661630841
254 -1.456926661630841
255 -1.4569266616308414
256 -1.4569266616308405
257 -1.4569266616308414
258 -1.4569266616308405
259 -1.4569266616308414
260 -1.4569266616308414
261 -1.4569266616308414
262 -1.4569266616308405
263 -1.4569266616308414
264 -1.456926661630841
265 -1.4569266616308423
266 -1.4569266616308423
267 -1.4569266616308423
268 -1.4569266616308414
269 -1.4569266616308423
270 -1.4569266616308418
271 -1.4569266616308414
272 -1.4569266616308414
273 -1.4569266616308423
274 -1.456926661630841
275 -1.4569266616308418
276 -1.456926661630841
277 -1.4569266616308423
278 -1.4569266616308423
279 -1.4569266616308423
280 -1.4569266616308414
281 -1.4569266616308423
282 -1.4569266616308418
283 -1.456926661630841
284 -1.456926661630841
285 -1.4569266616308414
286 -1.4569266616308414
287 -1.4569266616308414
288 -1.4569266616308414
289 -1.4569266616308423
290 -1.4569266616308423
291 -1.4569266616308423
292 -1.4569266616308414
293 -1.4569266616308423
294 -1.4569266616308418
295 -1.4569266616308405
296 -1.4569266616308414
297 -1.4569266616308414
298 -1.4569266616308414
299 -1.4569266616308414
300 -1.456926661630841
301 -1.4569266616308423
302 -1.4569266616308423
303 -1.4569266616308423
304 -1.4569266616308414
305 -1.4569266616308423
306 -1.4569266616308418
307 -1.4569266616308414
308 -1.4569266616308414
309 -1.4569266616308418
310 -1.456926661630841
311 -1.4569266616308418
312 -1.456926661630841
313 -1.4569266616308423
314 -1.4569266616308423
315 -1.4569266616308423
316 -1.4569266616308414
317 -1.4569266616308423
318 -1.4569266616308418
319 -1.4569266616308405
320 -1.4569266616308414
321 -1.4569266616308414
322 -1.4569266616308414
323 -1.4569266616308405
324 -1.456926661630841
325 -1.4569266616308423
326 -1.4569266616308423
327 -1.4569266616308423
328 -1.4569266616308414
329 -1.4569266616308423
330 -1.4569266616308418
331 -1.4569266616308414
332 -1.4569266616308418
333 -1.4569266616308418
334 -1.4569266616308405
335 -1.4569266616308418
336 -1.4569266616308418
337 -1.4569266616308423
338 -1.4569266616308423
339 -1.4569266616308423
340 -1.4569266616308414
341 -1.4569266616308423
342 -1.4569266616308418
343 -1.4569266616308418
344 -1.4569266616308418
345 -1.4569266616308414
346 -1.4569266616308414
347 -1.4569266616308423
348 -1.4569266616308423
349 -1.4569266616308423
350 -1.4569266616308423
351 -1.4569266616308423
352 -1.4569266616308414
353 -1.4569266616308423
354 -1.4569266616308418
355 -1.4569266616308423
356 -1.4569266616308423
357 -1.4569266616308427
358 -1.4569266616308418
359 -1.4569266616308423
360 -1.4569266616308418
361 -1.4569266616308423
362 -1.4569266616308423
363 -1.4569266616308427
364 -1.4569266616308418
365 -1.4569266616308423
366 -1.4569266616308418
367 -1.456926661630841
368 -1.456926661630841
369 -1.4569266616308414
370 -1.4569266616308414
371 -1.4569266616308414
372 -1.4569266616308414
373 -1.4569266616308423
374 -1.4569266616308423
375 -1.4569266616308427
376 -1.4569266616308418
377 -1.4569266616308423
378 -1.4569266616308418
379 -1.4569266616308414
380 -1.4569266616308414
381 -1.4569266616308418
382 -1.4569266616308418
383 -1.4569266616308414
384 -1.4569266616308418
385 -1.4569266616308423
386 -1.4569266616308423
387 -1.4569266616308427
388 -1.4569266616308418
389 -1.4569266616308423
390 -1.4569266616308418
391 -1.4569266616308414
392 -1.4569266616308414
393 -1.4569266616308418
394 -1.4569266616308418
395 -1.4569266616308414
396 -1.4569266616308418
397 -1.4569266616308423
398 -1.4569266616308423
399 -1.4569266616308427
400 -1.4569266616308418
401 -1.4569266616308423
402 -1.4569266616308418
403 -1.4569266616308423
404 -1.4569266616308423
405 -1.4569266616308423
406 -1.4569266616308414
407 -1.4569266616308423
408 -1.4569266616308418
409 -1.4569266616308414
410 -1.4569266616308414
411 -1.4569266616308418
412 -1.4569266616308418
413 -1.4569266616308414
414 -1.4569266616308418
415 -1.4569266616308423
416 -1.4569266616308423
417 -1.4569266616308423
418 -1.4569266616308414
419 -1.4569266616308423
420 -1.4569266616308418
421 -1.4569266616308423
422 -1.4569266616308423
423 -1.4569266616308418
424 -1.4569266616308418
425 -1.4569266616308423
426 -1.4569266616308418
427 4.988038073420777
428 4.988038104097647
429 4.988038090808837
430 4.988038074178673
431 4.9880380319457105
432 4.988038118605873
433 0.820905521108567
434 0.8209055626459243
435 0.8209055013071289
436 0.8209055230553641
437 0.8209054709802617
438 0.8209055038232616
439 5.121485621992157
440 5.121485576280916
441 5.121485605407705
442 5.121485629237204
443 5.12148560499954
444 5.121485613714549
445 -0.15375648455302038
446 -0.15375646542506027
447 -0.1537565037798081
448 -0.15375648166735
449 -0.1537564946395995
450 -0.15375650724891
451 1.4024831330790342
452 1.4024830710278267
453 1.4024831596900318
454 1.4024831567536913
455 1.402483089249934
456 1.4024831094448276
457 -0.2624443408861956
458 -0.2624443383639412
459 -0.26244435128550325
460 -0.262444334249583
461 -0.2624443575124151
462 -0.2624443637671776
463 -0.5235756413939798
464 -0.5235756434153247
465 -0.5235756464327048
466 -0.5235756200590174
467 -0.5235756523673225
468 -0.5235756613154128
469 -1.915501458159178
470 -1.9155014785894542
471 -1.915501442725184
472 -1.9155014162140491
473 -1.9155014470103886
474 -1.9155014567398014
475 6.506344541397356
476 6.5063444771326875
477 6.506344582829897
478 6.50634458356034
479 6.506344582789785
480 6.506344563818725
481 -2.109727943426224
482 -2.1097279686782815
483 -2.1097279230289563
484 -2.1097279128875255
485 -2.1097279267982105
486 -2.109727934707284
487 7.22613788014034
488 7.226137825658548
489 7.226137924854356
490 7.226137861895676
491 7.226137925171652
492 7.226137884985076
493 -2.096855620416619
494 -2.096855652971276
495 -2.096855595844434
496 -2.096855622562437
497 -2.096855599225158
498 -2.096855602760129
499 -2.18178677212979
500 -2.181786800972835
evaluations raw_y
1 3.385539087686176
2 3.3855390760145556
3 3.3855390247296873
4 3.385539124588286
5 3.385539101131728
6 3.3855390328578694
7 0.0666418795705781
8 0.06664185872709139
9 0.06664187845444136
10 0.06664186336941103
11 0.06664190871704023
12 0.06664190590850727
13 4.8126904041517085
14 4.8126904423058665
15 4.812690390392106
16 4.812690420489234
17 4.812690377365814
18 4.812690365714428
19 -1.219445388679046
20 -1.2194454119971712
21 -1.2194453588356238
22 -1.2194453986120044
23 -1.2194453432088688
24 -1.2194453730242678
25 -0.5978136010496025
26 -0.597813572940121
27 -0.5978135578050874
28 -0.5978136022640679
29 -0.5978136462992314
30 -0.5978136043525488
31 -1.8940459189291934
32 -1.89404592604137
33 -1.8940458758638838
34 -1.8940459251819042
35 -1.8940458990135896
36 -1.8940459109781016
37 -2.1576144113783817
38 -2.1576144029747373
39 -2.15761437744424
40 -2.1576144002764632
41 -2.1576143886795993
42 -2.1576144233046044
43 -1.887953359169702
44 -1.887953379431491
45 -1.8879533357405425
46 -1.8879533486346403
47 -1.8879533663615318
48 -1.887953402782095
49 -2.243242972415941
50 -2.2432429749516327
51 -2.243242941524992
52 -2.2432429614945106
53 -2.243242958501689
54 -2.243242995165042
55 -2.382660712046771
56 -2.3826607164286746
57 -2.3826606869949156
58 -2.3826606955744136
59 -2.3826607014785766
60 -2.3826607272534908
61 -2.58735437024175
62 -2.587354371892501
63 -2.5873543583726133
64 -2.5873543653083697
65 -2.5873543611046563
66 -2.5873543839032176
67 -2.677168884998113
68 -2.6771688836343035
69 -2.6771688851182205
70 -2.6771688855216276
71 -2.6771688905597535
72 -2.6771688832309786
73 -2.6838037169542264
74 -2.683803717569701
75 -2.6838037186239494
76 -2.6838037168136997
77 -2.6838037152578553
78 -2.6838037164890762
79 -2.6851730676618866
80 -2.685173067638239
81 -2.6851730672544676
82 -2.685173067718343
83 -2.685173067573474
84 -2.685173067820816
85 -2.6852169739527585
86 -2.685216973944145
87 -2.685216973985642
88 -2.6852169739358547
89 -2.6852169739970186
90 -2.6852169739454346
91 -2.6852177366858476
92 -2.6852177366866474
93 -2.6852177366862486
94 -2.6852177366879766
95 -2.6852177366835486
96 -2.6852177366843017
97 -2.685217739578078
98 -2.68521773957806
99 -2.685217739577986
100 -2.6852177395778507
101 -2.685217739578068
102 -2.6852177395782695
103 -2.685217739599419
104 -2.685217739599415
105 -2.6852177395994192
106 -2.6852177395994277
107 -2.6852177395994303
108 -2.6852177395994152
109 -2.685217739599481
110 -2.685217739599481
111 -2.68521773959948
112 -2.68521773959948
113 -2.68521773959948
114 -2.68521773959948
115 -2.6852177395994783
116 -2.685217739599479
117 -2.6852177395994787
118 -2.6852177395994787
119 -2.6852177395994787
120 -2.6852177395994787
121 -2.68521773959948
122 -2.685217739599481
123 -2.6852177395994796
124 -2.6852177395994805
125 -2.685217739599479
126 -2.6852177395994805
127 -2.6852177395994796
128 -2.685217739599481
129 -2.68521773959948
130 -2.68521773959948
131 -2.68521773959948
132 -2.68521773959948
133 -2.68521773959948
134 -2.6852177395994814
135 -2.6852177395994805
136 -2.6852177395994805
137 -2.6852177395994805
138 -2.685217739599479
139 -2.685217739599481
140 -2.685217739599481
141 -2.68521773959948
142 -2.68521773959948
143 -2.68521773959948
144 -2.68521773959948
145 -2.68521773959948
146 -2.6852177395994814
147 -2.6852177395994796
148 -2.6852177395994796
149 -2.6852177395994796
150 -2.6852177395994796
151 -2.685217739599481
152 -2.685217739599481
153 -2.68521773959948
154 -2.68521773959948
155 -2.68521773959948
156 -2.68521773959948
157 -2.6852177395994805
158 -2.6852177395994814
159 -2.685217739599481
160 -2.68521773959948
161 -2.68521773959948
162 -2.68521773959948
163 -2.685217739599481
164 -2.685217739599481
165 -2.68521773959948
166 -2.68521773959948
167 -2.68521773959948
168 -2.68521773959948
169 -2.685217739599481
170 -2.685217739599482
171 -2.6852177395994805
172 -2.6852177395994805
173 -2.6852177395994805
174 -2.6852177395994805
175 1.588115663683566
176 1.5881157080524004
177 1.5881156277998092
178 1.588115656858995
179 1.5881156501835871
180 1.5881157049447459
181 -0.07872729924391964
182 -0.07872730367577363
183 -0.07872726511609462
184 -0.07872731461395555
185 -0.07872729330976247
186 -0.07872733279601674
187 2.4755267489645263
188 2.475526704401038
189 2.475526699758739
190 2.475526772211117
191 2.475526763208926
192 2.4755267799559815
193 -0.5024661446408047
194 -0.5024661811306563
195 -0.5024661275224482
196 -0.5024661695274668
197 -0.5024661367270875
198 -0.5024661620634663
199 -1.0501669218998444
200 -1.0501669622774656
201 -1.0501669225919876
202 -1.050166923390461
203 -1.0501669140802794
204 -1.0501669282364814
205 -1.1500313017141721
206 -1.1500312912010635
207 -1.1500313031142713
208 -1.1500313111838092
209 -1.1500313090221672
210 -1.1500312719124581
211 -1.2641752749314654
212 -1.2641752617054265
213 -1.2641752896869698
214 -1.2641752844864977
215 -1.2641752807475686
216 -1.26417525842963
217 -1.424511943954466
218 -1.4245119390550833
219 -1.424511951336208
220 -1.4245119456996096
221 -1.4245119460287583
222 -1.4245119363647927
223 -1.452954087636403
224 -1.452954089489479
225 -1.4529540871099922
226 -1.4529540895399142
227 -1.4529540895220467
228 -1.4529540897112598
229 -1.414307590557046
230 -1.4143075892382702
231 -1.4143075890627874
232 -1.4143075904402598
233 -1.414307578588366
234 -1.4143075899056639
235 -1.455101218833967
236 -1.4551012200937254
237 -1.4551012181269938
238 -1.455101220364508
239 -1.4551012182347058
240 -1.455101220399238
241 -1.4567272032124579
242 -1.4567272033312846
243 -1.4567272031480076
244 -1.4567272024181421
245 -1.456727203328851
246 -1.456727203221229
247 -1.4569225449406447
248 -1.4569225448944425
249 -1.4569225449911394
250 -1.4569225450142418
251 -1.4569225449479641
252 -1.4569225448603138
253 -1.4569266432808412
254 -1.4569266432850032
255 -1.4569266432798695
256 -1.4569266432820873
257 -1.4569266432787842
258 -1.4569266432884018
259 -1.4569266615809089
260 -1.456926661581111
261 -1.4569266615809333
262 -1.4569266615806917
263 -1.4569266615809644
264 -1.4569266615805674
265 -1.4569266616305083
266 -1.456926661630511
267 -1.4569266616305456
268 -1.4569266616305088
269 -1.456926661630506
270 -1.456926661630511
271 -1.4569266616308383
272 -1.456926661630841
273 -1.4569266616308387
274 -1.4569266616308396
275 -1.4569266616308387
276 -1.4569266616308387
277 -1.4569266616308418
278 -1.4569266616308414
279 -1.4569266616308432
280 -1.4569266616308423
281 -1.4569266616308423
282 -1.4569266616308418
283 -1.4569266616308423
284 -1.4569266616308423
285 -1.4569266616308418
286 -1.4569266616308414
287 -1.456926661630841
288 -1.4569266616308418
289 -1.4569266616308423
290 -1.4569266616308418
291 -1.4569266616308418
292 -1.4569266616308427
293 -1.4569266616308418
294 -1.4569266616308418
295 -1.4569266616308418
296 -1.4569266616308427
297 -1.4569266616308418
298 -1.456926661630841
299 -1.4569266616308418
300 -1.4569266616308414
301 -1.4569266616308432
302 -1.4569266616308427
303 -1.4569266616308427
304 -1.4569266616308418
305 -1.4569266616308418
306 -1.4569266616308427
307 -1.45692666163084
308 -1.456926661630841
309 -1.45692666163084
310 -1.4569266616308383
311 -1.4569266616308405
312 -1.4569266616308405
313 -1.4569266616308427
314 -1.4569266616308427
315 -1.4569266616308427
316 -1.4569266616308427
317 -1.4569266616308427
318 -1.4569266616308418
319 -1.4569266616308423
320 -1.4569266616308418
321 -1.4569266616308414
322 -1.4569266616308418
323 -1.456926661630841
324 -1.4569266616308418
325 -1.4569266616308432
326 -1.4569266616308427
327 -1.4569266616308427
328 -1.4569266616308418
329 -1.4569266616308418
330 -1.4569266616308427
331 -1.4569266616308427
332 -1.4569266616308418
333 -1.4569266616308418
334 -1.4569266616308418
335 -1.4569266616308418
336 -1.4569266616308423
337 -1.4569266616308432
338 -1.4569266616308427
339 -1.4569266616308427
340 -1.4569266616308418
341 -1.4569266616308418
342 -1.4569266616308427
343 -1.4569266616308427
344 -1.4569266616308418
345 -1.4569266616308418
346 -1.4569266616308414
347 -1.456926661630841
348 -1.4569266616308423
349 -1.4569266616308432
350 -1.4569266616308427
351 -1.4569266616308427
352 -1.4569266616308418
353 -1.4569266616308418
354 -1.4569266616308427
355 -1.4569266616308427
356 -1.4569266616308423
357 -1.4569266616308423
358 -1.4569266616308418
359 -1.4569266616308414
360 -1.4569266616308423
361 -1.4569266616308432
362 -1.4569266616308427
363 -1.4569266616308427
364 -1.4569266616308418
365 -1.4569266616308418
366 -1.4569266616308427
367 -1.4569266616308427
368 -1.4569266616308423
369 -1.4569266616308423
370 -1.4569266616308423
371 -1.4569266616308423
372 -1.4569266616308423
373 -1.4569266616308432
374 -1.4569266616308427
375 -1.4569266616308427
376 -1.4569266616308418
377 -1.4569266616308418
378 -1.4569266616308427
379 -1.4569266616308423
380 -1.4569266616308423
381 -1.4569266616308418
382 -1.4569266616308414
383 -1.4569266616308414
384 -1.4569266616308427
385 -1.4569266616308432
386 -1.4569266616308427
387 -1.4569266616308427
388 -1.4569266616308418
389 -1.4569266616308418
390 -1.4569266616308427
391 -1.4569266616308427
392 -1.4569266616308423
393 -1.4569266616308423
394 -1.4569266616308418
395 -1.4569266616308414
396 -1.4569266616308423
397 -1.4569266616308432
398 -1.4569266616308427
399 -1.4569266616308427
400 -1.4569266616308418
401 -1.4569266616308418
402 -1.4569266616308427
403 -1.4569266616308427
404 -1.4569266616308418
405 -1.4569266616308418
406 -1.4569266616308418
407 -1.456926661630841
408 -1.4569266616308432
409 -1.4569266616308432
410 -1.4569266616308427
411 -1.4569266616308427
412 -1.4569266616308418
413 -1.4569266616308418
414 -1.4569266616308427
415 -1.4569266616308432
416 -1.4569266616308427
417 -1.4569266616308427
418 -1.4569266616308418
419 -1.4569266616308418
420 -1.4569266616308427
421 -1.4569266616308427
422 -1.4569266616308418
423 -1.4569266616308418
424 -1.4569266616308418
425 -1.456926661630841
426 -1.4569266616308432
427 -1.4569266616308432
428 -1.4569266616308427
429 -1.4569266616308427
430 -1.4569266616308418
431 -1.4569266616308418
432 -1.4569266616308427
433 -1.4569266616308432
434 -1.4569266616308427
435 -1.4569266616308427
436 -1.4569266616308418
437 -1.4569266616308418
438 -1.4569266616308427
439 -1.4569266616308427
440 -1.4569266616308418
441 -1.4569266616308418
442 -1.4569266616308418
443 -1.456926661630841
444 -1.4569266616308432
445 -1.4569266616308432
446 -1.4569266616308427
447 -1.4569266616308427
448 -1.4569266616308418
449 -1.4569266616308418
450 -1.4569266616308427
451 -1.4569266616308427
452 -1.4569266616308418
453 -1.4569266616308418
454 -1.4569266616308418
455 -1.456926661630841
456 -1.4569266616308432
457 -1.4569266616308432
458 -1.4569266616308427
459 -1.4569266616308427
460 -1.4569266616308418
461 -1.4569266616308418
462 -1.4569266616308427
463 -1.4569266616308427
464 -1.4569266616308418
465 -1.4569266616308418
466 -1.4569266616308418
467 -1.456926661630841
468 -1.4569266616308432
469 -1.4569266616308432
470 -1.4569266616308427
471 -1.4569266616308427
472 -1.4569266616308418
473 -1.4569266616308418
474 -1.4569266616308427
475 -1.4569266616308427
476 -1.4569266616308418
477 -1.4569266616308418
478 -1.4569266616308418
479 -1.456926661630841
480 -1.4569266616308432
481 -1.4569266616308432
482 -1.4569266616308427
483 -1.4569266616308427
484 -1.4569266616308418
485 -1.4569266616308418
486 -1.4569266616308427
487 -1.4569266616308427
488 -1.4569266616308418
489 -1.4569266616308418
490 -1.4569266616308418
491 -1.456926661630841
492 -1.4569266616308432
493 -1.4569266616308432
494 -1.4569266616308427
495 -1.4569266616308427
496 -1.4569266616308418
497 -1.4569266616308418
498 -1.4569266616308427
499 -1.4569266616308427
500 -1.4569266616308418
evaluations raw_y
1 1.8081011992599874
2 1.8081012133512315
3 1.8081011765763644
4 1.808101140485621
5 1.8081012441972317
6 1.8081012187902203
7 -0.5749726064835348
8 -0.5749726129040158
9 -0.5749726267855082
10 -0.5749725711953646
11 -0.5749726043497594
12 -0.574972623072254
13 5.159514624234974
14 5.159514622011168
15 5.15951459880435
16 5.1595145783874585
17 5.159514595430257
18 5.159514664581759
19 -0.8529150538187267
20 -0.8529150598318695
21 -0.8529150622831541
22 -0.8529150243423964
23 -0.8529150677165402
24 -0.8529150635497449
25 -0.8907175117772086
26 -0.8907175158562848
27 -0.8907174893365175
28 -0.8907174983563344
29 -0.8907174983372683
30 -0.8907175272230368
31 -0.9609176842293503
32 -0.9609176875231582
33 -0.9609176640193886
34 -0.9609176742132397
35 -0.9609176715133376
36 -0.9609176969035209
37 -1.074308105905799
38 -1.0743081069429836
39 -1.0743080929367865
40 -1.0743081004413813
41 -1.0743080987199907
42 -1.0743081187688643
43 -1.0714989399367725
44 -1.071498944274886
45 -1.0714989371430188
46 -1.071498928828754
47 -1.0714989332763087
48 -1.0714989239130812
49 -1.1301887293065649
50 -1.1301887319674444
51 -1.1301887213582034
52 -1.1301887210530865
53 -1.1301887223776568
54 -1.130188727593918
55 -1.1624399577883815
56 -1.162439963665029
57 -1.1624399591811119
58 -1.1624399618603367
59 -1.162439959474077
60 -1.1624399586709262
61 -1.120177545979502
62 -1.1201775328640484
63 -1.1201775494568698
64 -1.1201775476391829
65 -1.120177550171701
66 -1.1201775455605856
67 -1.1724739182886004
68 -1.17247391847719
69 -1.172473920320527
70 -1.1724739216260276
71 -1.1724739207344084
72 -1.172473918775041
73 -1.1774588618277684
74 -1.177458861827707
75 -1.1774588617085673
76 -1.1774588613057149
77 -1.1774588614538115
78 -1.1774588618121458
79 -1.1775538968532184
80 -1.1775538968510992
81 -1.1775538968389565
82 -1.1775538968611987
83 -1.1775538968560615
84 -1.1775538968405392
85 -1.1775540091550325
86 -1.1775540091553336
87 -1.17755400915722
88 -1.177554009154238
89 -1.1775540091552816
90 -1.17755400915645
91 -1.177554011235261
92 -1.1775540112352565
93 -1.1775540112352667
94 -1.1775540112352791
95 -1.1775540112352227
96 -1.1775540112352574
97 -1.1775540112356593
98 -1.177554011235661
99 -1.1775540112356593
100 -1.1775540112356575
101 -1.1775540112356655
102 -1.1775540112356602
103 -1.1775540112356713
104 -1.1775540112356695
105 -1.17755401123567
106 -1.1775540112356704
107 -1.1775540112356708
108 -1.1775540112356704
109 -1.1775540112356682
110 -1.1775540112356695
111 -1.1775540112356682
112 -1.1775540112356686
113 -1.1775540112356664
114 -1.1775540112356686
115 -1.1775540112356704
116 -1.17755401123567
117 -1.1775540112356695
118 -1.17755401123567
119 -1.1775540112356695
120 -1.17755401123567
121 -1.1775540112356704
122 -1.1775540112356695
123 -1.1775540112356695
124 -1.1775540112356695
125 -1.1775540112356695
126 -1.17755401123567
127 -1.1775540112356713
128 -1.17755401123567
129 -1.17755401123567
130 -1.1775540112356708
131 -1.1775540112356704
132 -1.1775540112356708
133 6.398268043028136
134 6.398268084871597
135 6.398268015761911
136 6.398268027059473
137 6.398267979337857
138 6.39826802053922
139 2.8401496826465102
140 2.8401496732518994
141 2.840149621328882
142 2.8401496578267507
143 2.8401497088278047
144 2.8401496611789514
145 4.189288401596784
146 4.189288378123765
147 4.189288437508864
148 4.189288427012552
149 4.189288446074189
150 4.189288445580604
151 0.729626900529198
152 0.729626879230385
153 0.7296268776592258
154 0.7296268838054356
155 0.7296269412417651
156 0.7296269027228006
157 1.920222061212543
158 1.9202220406845845
159 1.920222080657152
160 1.9202221074896237
161 1.9202220795799594
162 1.9202220380209143
163 0.40536865074600303
164 0.4053686296421293
165 0.40536863925997313
166 0.4053686565540491
167 0.4053686871749389
168 0.40536864419051355
169 -0.06414115311607205
170 -0.06414116878600318
171 -0.06414115499936823
172 -0.06414114841145846
173 -0.06414113707402791
174 -0.06414114862227827
175 1.2010947802560343
176 1.2010948267856838
177 1.201094811338817
178 1.2010947637050657
179 1.2010947909573488
180 1.2010947598255175
181 -0.1637852572522922
182 -0.16378526142823002
183 -0.16378525202562244
184 -0.16378525719493453
185 -0.16378524220747792
186 -0.16378525859276927
187 -0.19201852934823105
188 -0.19201852473102132
189 -0.19201853829632132
190 -0.19201852565803357
191 -0.1920185357228572
192 -0.19201852952559584
193 -0.20098285647717073
194 -0.20098285960733708
195 -0.20098285760876688
196 -0.2009828583287403
197 -0.20098286537931376
198 -0.2009828608626929
199 -0.21578796626933006
200 -0.21578796886463536
201 -0.2157879660946902
202 -0.21578796796804323
203 -0.21578797200420485
204 -0.2157879692146265
205 -0.22861115189159698
206 -0.22861115178890667
207 -0.22861115215081185
208 -0.2286111517653362
209 -0.228611151819492
210 -0.22861115185280312
211 -0.22863536433018083
212 -0.22863536432725606
213 -0.2286353643050667
214 -0.22863536433751097
215 -0.22863536433743104
216 -0.22863536431735465
217 -0.22863557902134168
218 -0.22863557902295106
219 -0.22863557902216325
220 -0.22863557902162857
221 -0.22863557901945786
222 -0.22863557902442455
223 -0.22863558363130476
224 -0.22863558363120973
225 -0.2286355836315037
226 -0.2286355836311964
227 -0.2286355836314371
228 -0.2286355836311058
229 -0.22863558366214942
230 -0.22863558366214498
231 -0.2286355836621352
232 -0.22863558366215475
233 -0.22863558366214765
234 -0.2286355836621521
235 -0.2286355836622027
236 -0.2286355836622036
237 -0.2286355836622036
238 -0.2286355836622027
239 -0.2286355836622027
240 -0.2286355836622027
241 -0.2286355836622036
242 -0.2286355836622027
243 -0.2286355836622027
244 -0.2286355836622027
245 -0.2286355836622036
246 -0.2286355836622036
247 -0.2286355836622036
248 -0.2286355836622027
249 -0.2286355836622027
250 -0.2286355836622027
251 -0.2286355836622036
252 -0.2286355836622036
253 -0.2286355836622036
254 -0.2286355836622036
255 -0.2286355836622027
256 -0.2286355836622027
257 -0.2286355836622045
258 -0.2286355836622027
259 -0.2286355836622027
260 -0.2286355836622027
261 -0.2286355836622036
262 -0.2286355836622027
263 -0.2286355836622027
264 -0.2286355836622036
265 -0.2286355836622045
266 -0.2286355836622036
267 -0.2286355836622027
268 -0.2286355836622036
269 -0.2286355836622045
270 -0.2286355836622036
271 -0.2286355836622027
272 -0.22863558366220182
273 -0.22863558366220182
274 -0.22863558366220182
275 -0.2286355836622036
276 -0.2286355836622036
277 -0.2286355836622036
278 -0.2286355836622036
279 -0.2286355836622036
280 -0.2286355836622036
281 -0.2286355836622045
282 -0.2286355836622036
283 -0.2286355836622027
284 -0.2286355836622027
285 -0.2286355836622027
286 -0.2286355836622027
287 -0.2286355836622036
288 -0.2286355836622036
289 -0.2286355836622045
290 -0.2286355836622036
291 -0.2286355836622027
292 -0.2286355836622036
293 -0.2286355836622045
294 -0.2286355836622036
295 -0.2286355836622036
296 -0.2286355836622036
297 -0.2286355836622027
298 -0.2286355836622027
299 -0.2286355836622036
300 -0.2286355836622036
301 -0.2286355836622045
302 -0.2286355836622036
303 -0.2286355836622027
304 -0.2286355836622036
305 -0.2286355836622045
306 -0.2286355836622036
307 -0.2286355836622045
308 -0.2286355836622036
309 -0.2286355836622027
310 -0.2286355836622036
311 -0.2286355836622045
312 -0.2286355836622036
313 -0.2286355836622045
314 -0.2286355836622036
315 -0.2286355836622027
316 -0.2286355836622036
317 -0.2286355836622045
318 -0.2286355836622036
319 -0.2286355836622036
320 -0.2286355836622036
321 -0.2286355836622027
322 -0.2286355836622027
323 -0.2286355836622036
324 -0.2286355836622036
325 -0.2286355836622045
326 -0.2286355836622036
327 -0.2286355836622027
328 -0.2286355836622036
329 -0.2286355836622045
330 -0.2286355836622036
331 -0.2286355836622036
332 -0.2286355836622036
333 -0.2286355836622027
334 -0.2286355836622027
335 -0.2286355836622036
336 -0.2286355836622036
337 -0.2286355836622045
338 -0.2286355836622036
339 -0.2286355836622027
340 -0.2286355836622036
341 -0.2286355836622045
342 -0.2286355836622036
343 -0.2286355836622036
344 -0.2286355836622036
345 -0.2286355836622027
346 -0.2286355836622027
347 -0.2286355836622036
348 -0.2286355836622036
349 -0.2286355836622045
350 -0.2286355836622036
351 -0.2286355836622027
352 -0.2286355836622036
353 -0.2286355836622045
354 -0.2286355836622036
355 -0.2286355836622036
356 -0.2286355836622036
357 -0.2286355836622027
358 -0.2286355836622027
359 -0.2286355836622036
360 -0.2286355836622036
361 -0.2286355836622045
362 -0.2286355836622036
363 -0.2286355836622027
364 -0.2286355836622036
365 -0.2286355836622045
366 -0.2286355836622036
367 -0.2286355836622036
368 -0.2286355836622036
369 -0.2286355836622027
370 -0.2286355836622027
371 -0.2286355836622036
372 -0.2286355836622036
373 -0.2286355836622045
374 -0.2286355836622036
375 -0.2286355836622027
376 -0.2286355836622036
377 -0.2286355836622045
378 -0.2286355836622036
379 -0.2286355836622027
380 -0.2286355836622027
381 -0.2286355836622027
382 -0.2286355836622036
383 -0.2286355836622036
384 -0.2286355836622036
385 -0.2286355836622027
386 -0.2286355836622036
387 -0.2286355836622036
388 -0.2286355836622027
389 -0.2286355836622027
390 -0.2286355836622027
391 2.0450735050588094
392 2.04507355086504
393 2.0450735419923176
394 2.0450734417144503
395 2.0450735369662993
396 2.045073478429476
397 -2.4424431888549645
398 -2.4424431853337953
399 -2.4424431488166047
400 -2.442443171769904
401 -2.442443143704018
402 -2.4424431732693206
403 4.542550967610096
404 4.542550904116888
405 4.542550959751296
406 4.542551004485454
407 4.5425509566559175
408 4.542550958923062
409 -3.4917726718188704
410 -3.491772681703235
411 -3.4917726560101174
412 -3.4917726511820417
413 -3.4917726436371614
414 -3.491772659675155
415 -0.16410331887412966
416 -0.16410327502769073
417 -0.16410329701983506
418 -0.16410329508968857
419 -0.16410337460783442
420 -0.16410328585966139
421 -3.6592360018426606
422 -3.6592360022156214
423 -3.65923598521955
424 -3.659235980786688
425 -3.6592359908512275
426 -3.6592359865796604
427 -3.8797646518532574
428 -3.8797646574498152
429 -3.8797646466376587
430 -3.879764643823849
431 -3.8797646490607893
432 -3.8797646473053122
433 -3.4734219235665074
434 -3.473421897706449
435 -3.473421955199016
436 -3.4734219200542453
437 -3.473421910013556
438 -3.4734219201377576
439 -3.892590743558926
440 -3.892590744186451
441 -3.892590743646379
442 -3.8925907361755936
443 -3.8925907391645733
444 -3.8925907391725056
445 -3.9104641080869955
446 -3.9104641081230094
447 -3.910464107805211
448 -3.9104641053839098
449 -3.910464106203344
450 -3.910464106403504
451 -3.9135049111303024
452 -3.9135049111703797
453 -3.9135049112045164
454 -3.913504911136939
455 -3.913504911228789
456 -3.913504911160506
457 -3.913507363108369
458 -3.9135073631169037
459 -3.9135073631069757
460 -3.9135073631584354
461 -3.9135073630929673
462 -3.913507363046755
463 -3.913505830687856
464 -3.9135058306467734
465 -3.9135058306284476
466 -3.9135058306512156
467 -3.9135058306261765
468 -3.913505830744603
469 -3.9135083088189617
470 -3.9135083088085487
471 -3.9135083087954134
472 -3.913508308835915
473 -3.913508308785887
474 -3.9135083088025397
475 -3.9135088126096678
476 -3.913508812610459
477 -3.913508812611803
478 -3.913508812607505
479 -3.913508812613049
480 -3.913508812610782
481 -3.91350881756679
482 -3.9135088175668233
483 -3.913508817566815
484 -3.913508817566825
485 -3.9135088175667603
486 -3.9135088175668318
487 -3.9135088175681116
488 -3.913508817568107
489 -3.913508817568108
490 -3.9135088175681103
491 -3.9135088175681143
492 -3.913508817568108
493 -3.913508817568119
494 -3.9135088175681183
495 -3.913508817568119
496 -3.9135088175681183
497 -3.913508817568119
498 -3.9135088175681183
499 -3.9135088175681165
500 -3.9135088175681183
evaluations raw_y
1 2.741696191764769
2 2.741696234467566
3 2.741696132919062
4 2.7416962118148764
5 2.74169618364044
6 2.7416961668833335
7 1.1097839809751853
8 1.1097839568027998
9 1.1097840172231659
10 1.1097839634188689
11 1.1097839573191313
12 1.1097839761686172
13 -0.5771500277322801
14 -0.5771500416939719
15 -0.5771500180545166
16 -0.5771500009241404
17 -0.5771500035995456
18 -0.5771499847327641
19 -0.6490585861127727
20 -0.6490586061425283
21 -0.649058559098441
22 -0.649058584169862
23 -0.649058649846503
24 -0.6490585542499616
25 -1.3198511331867442
26 -1.3198511502135286
27 -1.3198511142921694
28 -1.3198511180742454
29 -1.3198511634493046
30 -1.3198510856402814
31 0.9350178873815298
32 0.9350178955488864
33 0.9350178606875352
34 0.9350178941634995
35 0.9350179274805113
36 0.9350179313538942
37 -0.28550656349698533
38 -0.2855065726972068
39 -0.28550655784667933
40 -0.2855065508805401
41 -0.285506518138563
42 -0.28550651495227
43 -1.5113868510754824
44 -1.511386866316641
45 -1.511386835069704
46 -1.5113868365293652
47 -1.5113868550595404
48 -1.5113868031404323
49 -1.8675821822868568
50 -1.8675821911953099
51 -1.8675821733467712
52 -1.8675821710733391
53 -1.867582186975289
54 -1.86758213747204
55 -2.322863884686311
56 -2.32286389544931
57 -2.32286388055736
58 -2.3228638569687456
59 -2.3228638878049197
60 -2.322863863267061
61 -2.6350926957842553
62 -2.6350926863726274
63 -2.635092691535589
64 -2.63509270326207
65 -2.635092697725018
66 -2.6350927021605006
67 -2.021001025610471
68 -2.021001063604147
69 -2.021001059403141
70 -2.021001043680591
71 -2.0210010264956795
72 -2.021001029476355
73 -2.653416317196127
74 -2.6534163144461336
75 -2.6534163183484725
76 -2.6534163261769255
77 -2.653416318987282
78 -2.6534163232232344
79 -2.679611364728215
80 -2.6796113635923247
81 -2.6796113652913194
82 -2.679611368095241
83 -2.6796113654848432
84 -2.6796113676460678
85 -2.6851923550944212
86 -2.6851923550784074
87 -2.685192355082982
88 -2.68519235523105
89 -2.68519235508477
90 -2.6851923548305825
91 -2.685216884206912
92 -2.685216884215657
93 -2.685216884211908
94 -2.6852168841640487
95 -2.685216884207649
96 -2.685216884244427
97 -2.685217739519689
98 -2.685217739519292
99 -2.685217739519918
100 -2.6852177395199974
101 -2.685217739519734
102 -2.6852177395198877
103 -2.685217739599218
104 -2.685217739599207
105 -2.685217739599245
106 -2.685217739599207
107 -2.685217739599224
108 -2.6852177395992074
109 -2.6852177395994796
110 -2.685217739599479
111 -2.6852177395994814
112 -2.685217739599478
113 -2.685217739599479
114 -2.685217739599479
115 -2.6852177395994805
116 -2.68521773959948
117 -2.68521773959948
118 -2.68521773959948
119 -2.685217739599481
120 -2.6852177395994796
121 -2.685217739599478
122 -2.6852177395994783
123 -2.6852177395994783
124 -2.685217739599479
125 -2.6852177395994783
126 -2.685217739599479
127 -2.68521773959948
128 -2.6852177395994796
129 -2.6852177395994805
130 -2.6852177395994805
131 -2.6852177395994805
132 -2.68521773959948
133 -2.68521773959948
134 -2.68521773959948
135 -2.68521773959948
136 -2.68521773959948
137 -2.68521773959948
138 -2.685217739599479
139 -2.68521773959948
140 -2.6852177395994796
141 -2.6852177395994805
142 -2.6852177395994805
143 -2.6852177395994805
144 -2.685217739599479
145 -2.6852177395994805
146 -2.68521773959948
147 -2.68521773959948
148 -2.68521773959948
149 -2.685217739599481
150 -2.6852177395994796
151 -2.6852177395994796
152 -2.68521773959948
153 -2.68521773959948
154 -2.68521773959948
155 -2.68521773959948
156 -2.68521773959948
157 -2.6852177395994805
158 -2.68521773959948
159 -2.68521773959948
160 -2.68521773959948
161 -2.685217739599481
162 -2.6852177395994796
163 -2.68521773959948
164 -2.6852177395994796
165 -2.6852177395994805
166 -2.6852177395994796
167 -2.6852177395994805
168 -2.6852177395994796
169 -2.6852177395994805
170 -2.68521773959948
171 -2.68521773959948
172 -2.68521773959948
173 -2.685217739599481
174 -2.6852177395994796
175 -2.6852177395994805
176 -2.68521773959948
177 -2.68521773959948
178 -2.68521773959948
179 -2.685217739599481
180 -2.68521773959948
181 3.135966787696151
182 3.1359667695959264
183 3.135966724315454
184 3.1359668267711758
185 3.1359668142357298
186 3.1359667674959857
187 -0.25122947384914607
188 -0.25122947141293217
189 -0.25122946076815245
190 -0.251229496693846
191 -0.25122942807722914
192 -0.2512294723077586
193 2.9061147345057066
194 2.9061147614786895
195 2.9061147758625223
196 2.906114747957136
197 2.90611477608787
198 2.9061147679664967
199 -1.0647550377115755
200 -1.064755031628247
201 -1.0647550134105135
202 -1.0647550551202074
203 -1.0647550127148655
204 -1.0647550313113587
205 1.285353281709543
206 1.2853532754240802
207 1.285353239352482
208 1.2853532229193023
209 1.2853532192729524
210 1.2853532717245177
211 -1.2381840578043626
212 -1.2381840541290523
213 -1.2381840448485737
214 -1.2381840848438808
215 -1.2381840504753567
216 -1.238184054674612
217 -1.4344948501463222
218 -1.4344948480537854
219 -1.434494841762616
220 -1.4344948532778554
221 -1.434494853181402
222 -1.4344948482359765
223 -1.4317549725883998
224 -1.431754971512973
225 -1.4317549808813541
226 -1.4317549722458063
227 -1.4317549693362173
228 -1.4317549675523518
229 -1.452170204452269
230 -1.452170202851903
231 -1.4521702039981585
232 -1.4521702059019894
233 -1.4521702044346019
234 -1.4521702010408575
235 -1.4192019162434812
236 -1.4192019209399027
237 -1.4192019171477535
238 -1.419201915124198
239 -1.4192019135399243
240 -1.4192019255307144
241 -1.4566760131532557
242 -1.456676013184822
243 -1.4566760130416396
244 -1.456676013952086
245 -1.4566760124546048
246 -1.4566760131403642
247 -1.4568860947909181
248 -1.4568860944693038
249 -1.4568860948729396
250 -1.4568860947586337
251 -1.4568860948392244
252 -1.4568860949412343
253 -1.4560633730104016
254 -1.4560633744047458
255 -1.4560633728353096
256 -1.4560633724847554
257 -1.4560633735850086
258 -1.4560633723685403
259 -1.456918937463879
260 -1.4569189374249687
261 -1.456918937503834
262 -1.4569189373508484
263 -1.4569189375981981
264 -1.4569189374850504
265 -1.4569266399015528
266 -1.4569266399031395
267 -1.4569266398982466
268 -1.456926639905114
269 -1.4569266398932115
270 -1.4569266399003045
271 -1.4569266616146974
272 -1.4569266616147294
273 -1.4569266616148226
274 -1.4569266616148924
275 -1.4569266616148262
276 -1.4569266616147134
277 -1.456926661630758
278 -1.4569266616307535
279 -1.456926661630749
280 -1.4569266616307388
281 -1.456926661630753
282 -1.4569266616307575
283 -1.4569266616308418
284 -1.4569266616308418
285 -1.4569266616308427
286 -1.4569266616308427
287 -1.4569266616308414
288 -1.4569266616308414
289 -1.456926661630841
290 -1.4569266616308418
291 -1.4569266616308414
292 -1.4569266616308414
293 -1.4569266616308414
294 -1.456926661630841
295 -1.4569266616308418
296 -1.4569266616308418
297 -1.456926661630841
298 -1.456926661630841
299 -1.456926661630841
300 -1.456926661630841
301 1.589663863504212
302 1.589663908682176
303 1.5896638415389983
304 1.5896639003408302
305 1.5896638852973157
306 1.5896638823870552
307 -0.8786713495435801
308 -0.8786713651076274
309 -0.8786713683696759
310 -0.878671386538739
311 -0.8786713044071677
312 -0.8786713721409649
313 3.0290785673716547
314 3.029078503329289
315 3.0290786158087926
316 3.0290785402426827
317 3.0290785114814005
318 3.0290785621318905
319 -1.7858757662864133
320 -1.7858758006610795
321 -1.7858757680329544
322 -1.7858758010654814
323 -1.7858757340372722
324 -1.7858757848925229
325 -0.8442237172689473
326 -0.8442237073561083
327 -0.8442237187035215
328 -0.8442237643189672
329 -0.8442237761095552
330 -0.8442237521235096
331 -2.1136742009334157
332 -2.113674221572388
333 -2.113674202580515
334 -2.1136742398822705
335 -2.113674197698236
336 -2.113674224897715
337 -2.574479427139234
338 -2.5744794418389314
339 -2.5744794260592503
340 -2.574479442819511
341 -2.574479428680326
342 -2.57447943383908
343 -2.1600652861940635
344 -2.160065263959771
345 -2.160065261600901
346 -2.1600652736418207
347 -2.1600652721128717
348 -2.1600653118441824
349 -2.620443741942904
350 -2.6204437474417044
351 -2.6204437353782626
352 -2.6204437508251783
353 -2.6204437396862095
354 -2.6204437531551275
355 -2.677362005125551
356 -2.6773620048834985
357 -2.677362003540425
358 -2.6773620100376023
359 -2.677362003181681
360 -2.6773620072548683
361 -2.4965680181318337
362 -2.4965680268370063
363 -2.496568029519501
364 -2.4965679992948155
365 -2.4965680234006924
366 -2.49656803122921
367 -2.681445756761298
368 -2.6814457576414363
369 -2.6814457569546835
370 -2.681445758501152
371 -2.68144575572129
372 -2.6814457602705377
373 -2.6851144422505433
374 -2.685114442465776
375 -2.68511444187243
376 -2.6851144420196507
377 -2.6851144425688793
378 -2.6851144419837096
379 -2.6852166630018863
380 -2.6852166629635623
381 -2.6852166630423144
382 -2.6852166630047662
383 -2.6852166629716745
384 -2.68521666298637
385 -2.6852177385719327
386 -2.6852177385725216
387 -2.6852177385716267
388 -2.685217738572775
389 -2.6852177385726472
390 -2.6852177385736566
391 -2.68521773959626
392 -2.685217739596309
393 -2.685217739596236
394 -2.6852177395962125
395 -2.685217739596183
396 -2.6852177395961996
397 -2.6852177395994534
398 -2.6852177395994477
399 -2.685217739599456
400 -2.685217739599454
401 -2.6852177395994614
402 -2.685217739599453
403 -2.6852177395994805
404 -2.68521773959948
405 -2.685217739599481
406 -2.685217739599481
407 -2.685217739599481
408 -2.68521773959948
409 -2.685217739599481
410 -2.6852177395994814
411 -2.6852177395994805
412 -2.6852177395994805
413 -2.6852177395994805
414 -2.6852177395994814
415 -2.685217739599481
416 -2.6852177395994805
417 -2.68521773959948
418 -2.6852177395994814
419 -2.6852177395994805
420 -2.6852177395994805
421 -2.68521773959948
422 -2.685217739599482
423 -2.68521773959948
424 -2.685217739599479
425 -2.685217739599479
426 -2.6852177395994805
427 -2.6852177395994805
428 -2.685217739599481
429 -2.68521773959948
430 -2.685217739599481
431 -2.6852177395994796
432 -2.685217739599481
433 -2.685217739599481
434 -2.6852177395994814
435 -2.68521773959948
436 -2.6852177395994814
437 -2.68521773959948
438 -2.685217739599481
439 -0.36641493543628
440 -0.3664149243199468
441 -0.36641492296801115
442 -0.36641494382946616
443 -0.3664148896708115
444 -0.36641497862707584
445 -1.0237968999915013
446 -1.0237969148552715
447 -1.0237969166009921
448 -1.0237969188843719
449 -1.0237969320406586
450 -1.023796857993737
451 -2.173892996729836
452 -2.173892992836528
453 -2.173892992477602
454 -2.1738930101197322
455 -2.173893032076321
456 -2.1738929716704116
457 -0.47039168467534287
458 -0.470391705867808
459 -0.4703917081450433
460 -0.470391644579387
461 -0.470391664886324
462 -0.4703917032267597
463 -2.4804242403306933
464 -2.4804242419220373
465 -2.480424242147924
466 -2.480424232217591
467 -2.4804242637594722
468 -2.4804242237955565
469 -2.5899667179125228
470 -2.589966721657353
471 -2.5899667220654283
472 -2.5899667281201912
473 -2.5899667027812905
474 -2.589966718104997
475 -2.6092016610481776
476 -2.6092016655082753
477 -2.609201665944219
478 -2.609201663622732
479 -2.6092016691351336
480 -2.6092016762683854
481 -2.640341587942628
482 -2.6403415900320946
483 -2.6403415902201544
484 -2.64034158803654
485 -2.640341596099189
486 -2.6403415993787775
487 -2.6809662986923186
488 -2.6809662997852555
489 -2.6809662999193744
490 -2.680966299220571
491 -2.680966300855343
492 -2.6809663021092502
493 -2.6851994637221517
494 -2.6851994638030035
495 -2.6851994634653416
496 -2.6851994636701857
497 -2.6851994637044476
498 -2.685199463803035
499 -2.6842258310673044
500 -2.6842258294808445
evaluations raw_y
1 4.03245724970313
2 4.032457266022599
3 4.032457279239212
4 4.0324572495546525
5 4.032457260849941
6 4.032457234501033
7 1.652422996373704
8 1.6524229508410482
9 1.6524230023401256
10 1.6524229966527022
11 1.65242297576701
12 1.6524229353479662
13 5.7479224774609055
14 5.7479224131933115
15 5.747922502438871
16 5.747922478195149
17 5.747922446072403
18 5.747922520712043
19 1.1633238809711353
20 1.1633238306110378
21 1.163323854141673
22 1.1633238813168907
23 1.163323856731418
24 1.1633238180428358
25 0.6697674263623359
26 0.6697673652463632
27 0.6697673984500714
28 0.6697674268287135
29 0.6697673962992678
30 0.6697674032817247
31 -0.20026775905428273
32 -0.2002678010098382
33 -0.20026778799875533
34 -0.20026775881415482
35 -0.20026778693073055
36 -0.20026777648936145
37 -0.5628771592881892
38 -0.5628771815031932
39 -0.5628771801583472
40 -0.5628771583348016
41 -0.5628771249214344
42 -0.562877165595312
43 -1.0441410083476814
44 -1.0441410049781483
45 -1.0441410169320609
46 -1.0441410081477667
47 -1.0441409886590955
48 -1.0441410109982114
49 -1.1540196785255685
50 -1.1540196821330797
51 -1.1540196765808868
52 -1.1540196777446705
53 -1.1540196861986924
54 -1.1540196753228025
55 -1.1733572981340452
56 -1.1733572980603966
57 -1.173357297969599
58 -1.173357301729395
59 -1.1733572983840448
60 -1.1733572988873946
61 -1.0991977087951144
62 -1.0991977054171045
63 -1.0991977103250465
64 -1.0991976941127763
65 -1.0991977026540498
66 -1.0991977119122018
67 -1.176849559063371
68 -1.1768495584106446
69 -1.176849559193605
70 -1.1768495596339301
71 -1.176849558205845
72 -1.1768495602276152
73 -1.1775308840485192
74 -1.177530884098816
75 -1.1775308840886711
76 -1.1775308840158312
77 -1.1775308840083527
78 -1.1775308837364373
79 -1.177552878306888
80 -1.1775528783133469
81 -1.1775528782913494
82 -1.1775528782918698
83 -1.177552878351559
84 -1.177552878351146
85 -1.1775540035843561
86 -1.1775540035828738
87 -1.1775540035850827
88 -1.1775540035867418
89 -1.1775540035801448
90 -1.1775540035854068
91 -1.1775540112146512
92 -1.1775540112147063
93 -1.1775540112146832
94 -1.1775540112145473
95 -1.177554011214776
96 -1.1775540112144127
97 -1.1775540112356562
98 -1.1775540112356575
99 -1.1775540112356513
100 -1.1775540112356553
101 -1.1775540112356553
102 -1.177554011235662
103 -1.1775540112356673
104 -1.1775540112356673
105 -1.1775540112356682
106 -1.1775540112356682
107 -1.1775540112356673
108 -1.1775540112356677
109 -1.1775540112356686
110 -1.1775540112356695
111 -1.17755401123567
112 -1.177554011235669
113 -1.177554011235669
114 -1.177554011235669
115 -1.1775540112356668
116 -1.1775540112356668
117 -1.1775540112356642
118 -1.1775540112356633
119 -1.1775540112356677
120 -1.1775540112356642
121 -1.17755401123567
122 -1.1775540112356704
123 -1.1775540112356695
124 -1.177554011235669
125 -1.1775540112356704
126 -1.1775540112356682
127 -1.1775540112356686
128 -1.1775540112356704
129 -1.17755401123567
130 -1.1775540112356695
131 -1.1775540112356695
132 -1.1775540112356682
133 -1.17755401123567
134 -1.1775540112356695
135 -1.1775540112356695
136 -1.1775540112356686
137 -1.17755401123567
138 -1.1775540112356686
139 -1.1775540112356695
140 -1.17755401123567
141 -1.177554011235669
142 -1.1775540112356677
143 -1.17755401123567
144 -1.177554011235669
145 -1.17755401123567
146 -1.1775540112356704
147 -1.177554011235669
148 -1.177554011235669
149 -1.1775540112356708
150 -1.1775540112356686
151 -1.1775540112356708
152 -1.1775540112356708
153 -1.17755401123567
154 -1.177554011235669
155 -1.1775540112356708
156 -1.17755401123567
157 -1.1775540112356704
158 -1.17755401123567
159 -1.17755401123567
160 -1.1775540112356682
161 -1.1775540112356708
162 -1.1775540112356686
163 -1.1775540112356704
164 -1.1775540112356695
165 -1.1775540112356695
166 -1.1775540112356686
167 -1.1775540112356704
168 -1.177554011235669
169 -1.1775540112356708
170 -1.1775540112356708
171 -1.17755401123567
172 -1.177554011235669
173 -1.1775540112356708
174 -1.17755401123567
175 -1.1775540112356695
176 -1.1775540112356704
177 -1.177554011235669
178 -1.1775540112356686
179 -1.1775540112356704
180 -1.1775540112356682
181 -1.1775540112356708
182 -1.1775540112356708
183 -1.17755401123567
184 -1.177554011235669
185 -1.1775540112356708
186 -1.17755401123567
187 -1.1775540112356686
188 -1.1775540112356695
189 -1.17755401123567
190 -1.177554011235669
191 -1.177554011235669
192 -1.177554011235669
193 -1.1775540112356695
194 -1.1775540112356695
195 -1.1775540112356695
196 -1.1775540112356686
197 -1.1775540112356704
198 -1.177554011235669
199 -1.1775540112356708
200 -1.1775540112356708
201 -1.17755401123567
202 -1.17755401123567
203 -1.17755401123567
204 -1.17755401123567
205 -1.1775540112356624
206 -1.1775540112356628
207 -1.1775540112356637
208 -1.1775540112356655
209 -1.177554011235661
210 -1.177554011235665
211 -1.17755401123567
212 -1.17755401123567
213 -1.177554011235669
214 -1.17755401123567
215 -1.17755401123567
216 -1.177554011235669
217 -1.1775540112356704
218 -1.17755401123567
219 -1.17755401123567
220 -1.1775540112356695
221 -1.1775540112356708
222 -1.17755401123567
223 -1.177554011235669
224 -1.1775540112356695
225 -1.1775540112356686
226 -1.1775540112356695
227 -1.1775540112356695
228 -1.1775540112356686
229 -1.1775540112356708
230 -1.1775540112356708
231 -1.17755401123567
232 -1.17755401123567
233 -1.17755401123567
234 -1.17755401123567
235 -1.17755401123567
236 -1.17755401123567
237 -1.17755401123567
238 -1.17755401123567
239 -1.17755401123567
240 -1.1775540112356695
241 -1.1775540112356708
242 -1.1775540112356708
243 -1.17755401123567
244 -1.17755401123567
245 -1.17755401123567
246 -1.17755401123567
247 -1.1775540112356704
248 -1.17755401123567
249 -1.17755401123567
250 -1.17755401123567
251 -1.17755401123567
252 -1.17755401123567
253 -1.1775540112356708
254 -1.1775540112356708
255 -1.17755401123567
256 -1.17755401123567
257 -1.17755401123567
258 -1.17755401123567
259 -1.17755401123567
260 -1.1775540112356704
261 -1.17755401123567
262 -1.1775540112356704
263 -1.177554011235669
264 -1.177554011235669
265 -1.1775540112356708
266 -1.1775540112356708
267 -1.17755401123567
268 -1.17755401123567
269 -1.17755401123567
270 -1.17755401123567
271 -1.17755401123567
272 -1.1775540112356704
273 -1.1775540112356704
274 -1.17755401123567
275 -1.17755401123567
276 -1.177554011235669
277 -1.1775540112356708
278 -1.1775540112356708
279 -1.17755401123567
280 -1.17755401123567
281 -1.17755401123567
282 -1.17755401123567
283 -1.1775540112356704
284 -1.1775540112356704
285 -1.1775540112356704
286 -1.1775540112356704
287 -1.17755401123567
288 -1.17755401123567
289 -1.1775540112356708
290 -1.1775540112356708
291 -1.17755401123567
292 -1.17755401123567
293 -1.17755401123567
294 -1.17755401123567
295 -1.1775540112356695
296 -1.1775540112356704
297 -1.1775540112356695
298 -1.177554011235669
299 -1.1775540112356704
300 -1.177554011235669
301 -1.1775540112356708
302 -1.1775540112356708
303 -1.17755401123567
304 -1.17755401123567
305 -1.17755401123567
306 -1.17755401123567
307 -1.1775540112356708
308 -1.17755401123567
309 -1.17755401123567
310 -1.17755401123567
311 -1.17755401123567
312 -1.1775540112356704
313 2.02457728303638
314 2.0245772732273535
315 2.0245773045878304
316 2.0245772710407373
317 2.024577279655687
318 2.0245772806893703
319 3.309906788770287
320 3.3099067319377755
321 3.3099067249445504
322 3.3099068250117787
323 3.3099067997092493
324 3.3099067996109306
325 1.769028101222054
326 1.7690280780350283
327 1.7690280946256616
328 1.7690281000150283
329 1.7690281011375624
330 1.7690281021151373
331 0.8515783165737907
332 0.8515782547398838
333 0.8515782911125562
334 0.8515783296470376
335 0.8515783201004408
336 0.8515783191893256
337 3.408683725451432
338 3.408683762654227
339 3.40868366160771
340 3.4086837738964757
341 3.4086837439240485
342 3.408683734809891
343 -0.20214289407046593
344 -0.20214294093713647
345 -0.20214293787995707
346 -0.2021428656699742
347 -0.202142886505694
348 -0.20214288959109084
349 -0.3002627617919318
350 -0.3002627926850643
351 -0.30026281043925707
352 -0.30026272909300467
353 -0.3002627529509754
354 -0.30026275673341196
355 3.1588938665211304
356 3.1588938686606878
357 3.1588938454978077
358 3.158893855550242
359 3.1588938680276675
360 3.1588938875515913
361 -0.3099822917135686
362 -0.30998228805510397
363 -0.3099823481089006
364 -0.3099822633883518
365 -0.3099822836777175
366 -0.3099822848222411
367 -0.3787477478186174
368 -0.37874776111745234
369 -0.37874780074432035
370 -0.3787477173276139
371 -0.37874773939234885
372 -0.37874774181415116
373 -0.5322693598335029
374 -0.5322693725147021
375 -0.5322694099713665
376 -0.5322693318759102
377 -0.5322693520608546
378 -0.5322693546891024
379 -1.0358806193175667
380 -1.035880629525486
381 -1.0358806559462828
382 -1.0358806022902058
383 -1.0358806141436578
384 -1.0358806176513302
385 -0.29263884231606063
386 -0.29263883327613716
387 -0.29263880521869545
388 -0.2926388186192779
389 -0.2926388415904171
390 -0.29263880077981996
391 -1.2415921281189437
392 -1.24159213253468
393 -1.2415921410937054
394 -1.2415921090942343
395 -1.241592124272647
396 -1.2415921114693704
397 -1.3882027317049364
398 -1.3882027302171274
399 -1.3882027267083208
400 -1.3882027207894536
401 -1.3882027297980302
402 -1.3882027428406176
403 -1.33805052156018
404 -1.3380505247745678
405 -1.3380505209999924
406 -1.3380505385533468
407 -1.3380505242370164
408 -1.3380505172564239
409 -1.4485564554876005
410 -1.448556455918855
411 -1.4485564522988006
412 -1.4485564574287713
413 -1.448556455485444
414 -1.4485564602345646
415 -1.4547418240248904
416 -1.4547418239789405
417 -1.454741824367158
418 -1.4547418235519611
419 -1.4547418266049563
420 -1.454741823694933
421 -1.4434874661392731
422 -1.443487465640477
423 -1.4434874678057872
424 -1.443487465727031
425 -1.4434874602685843
426 -1.443487462757175
427 -1.4564146243349296
428 -1.4564146241690268
429 -1.4564146250272398
430 -1.4564146238780693
431 -1.4564146247395384
432 -1.4564146231933246
433 -1.4569238150538526
434 -1.4569238150682864
435 -1.456923814998854
436 -1.4569238150943429
437 -1.4569238150208634
438 -1.4569238151308808
439 -1.4569266615898315
440 -1.4569266615897205
441 -1.4569266615899665
442 -1.456926661590129
443 -1.456926661589955
444 -1.4569266615897227
445 -1.456926661630805
446 -1.4569266616308107
447 -1.4569266616308005
448 -1.4569266616308103
449 -1.4569266616308032
450 -1.456926661630796
451 -1.4569266616308396
452 -1.4569266616308396
453 -1.4569266616308396
454 -1.4569266616308396
455 -1.4569266616308396
456 -1.456926661630841
457 -1.456926661630841
458 -1.4569266616308414
459 -1.4569266616308414
460 -1.456926661630841
461 -1.4569266616308418
462 -1.4569266616308405
463 -1.4569266616308418
464 -1.4569266616308418
465 -1.4569266616308418
466 -1.4569266616308427
467 -1.4569266616308414
468 -1.4569266616308414
469 -1.4569266616308427
470 -1.4569266616308418
471 -1.4569266616308427
472 -1.4569266616308418
473 -1.4569266616308427
474 -1.4569266616308423
475 -1.456926661630841
476 -1.4569266616308423
477 -1.4569266616308423
478 -1.456926661630841
479 -1.456926661630841
480 -1.4569266616308414
481 -1.4569266616308427
482 -1.4569266616308418
483 -1.4569266616308427
484 -1.4569266616308418
485 -1.4569266616308427
486 -1.4569266616308418
487 -1.4569266616308427
488 -1.4569266616308427
489 -1.4569266616308427
490 -1.4569266616308418
491 -1.4569266616308418
492 -1.4569266616308418
493 -1.4569266616308418
494 -1.4569266616308418
495 -1.4569266616308418
496 -1.4569266616308418
497 -1.4569266616308414
498 -1.4569266616308414
499 -1.4569266616308418
500 -1.4569266616308414
