evaluations raw_y
1 29.60558084026268
2 241.4674993862797
3 1193.9349906687244
4 2588.005989226278
5 967.3635992870279
6 779.5367207758916
7 1796.6308798148857
8 94.56791034144479
9 1283.214037080329
10 1287.281737734728
11 1447.9282352771224
12 1089.7187415598733
13 2505.8206787485387
14 1942.915153181811
15 301.4401717780071
16 3264.6000987076773
17 1311.050318572332
18 1241.884009915137
19 1002.2396460624527
20 3729.2139716315805
21 586.3822966173803
22 437.64292792942825
23 207.6380301536921
24 121.77706789048594
25 146.02212199070144
26 1864.4064142852192
27 866.113356226457
28 29.200296944456603
29 190.4554858601243
30 1160.7007146940357
31 1964.3317658889844
32 1189.3300523729001
33 194.36127145259908
34 2243.3430658000325
35 3214.9959237936364
36 1922.759421948944
37 918.6118107054715
38 135.9703198799148
39 966.028731791111
40 1792.5916430105074
41 2170.316552220849
42 1201.817672542556
43 2275.7469238409876
44 191.66960371943233
45 702.7922868670582
46 560.3246138227322
47 2474.764421690125
48 285.2594873777822
49 1541.433030432039
50 1159.122217341761
51 228.28141650653885
52 440.65073112539216
53 430.6714860170812
54 988.4377805464317
55 95.09784863837378
56 165.68449985834084
57 1704.7267310905065
58 167.4614553416688
59 2203.585826817449
60 976.0991405993746
61 1769.699582961053
62 544.0010755979247
63 2017.5717246017125
64 545.733707751575
65 293.14584001142265
66 1586.0454906505963
67 1443.1455063626936
68 296.2689072029208
69 504.4738198386193
70 3260.814880948019
71 951.9760447303258
72 737.8541984274896
73 1218.9590883530016
74 453.9358866203282
75 259.14199890956314
76 2470.1114884500053
77 848.0274551414856
78 29.83291779087164
79 192.15759683879247
80 3027.6718701517866
81 1510.0153293591218
82 41.701300858080565
83 159.081858795693
84 1660.1007425281846
85 613.7771248895945
86 2592.2521974372053
87 924.3099610571358
88 731.3658577647939
89 640.4492312392924
90 1602.1259145595006
91 1251.711935447272
92 1430.1494659887715
93 914.959492785985
94 191.21743472278865
95 138.1708749283917
96 1797.66079460681
97 433.92918942194746
98 657.3896774822712
99 1514.8643408671426
100 61.974747029862804
101 320.82794801899865
102 223.41900196311644
103 244.41942095755854
104 983.6510379601075
105 281.5621840816405
106 109.88485221120901
107 1811.8175801800805
108 418.82532899383006
109 1263.0222348965442
110 962.1345204795786
111 1538.373665881366
112 719.9853013073168
113 260.7729972388358
114 424.4532485507237
115 383.70542638522227
116 1657.0679032489415
117 740.2520385653078
118 273.31560473845366
119 400.58750929320365
120 3347.244335515296
121 1657.513488209765
122 24.915448818158154
123 220.25322516234888
124 118.69890216402536
125 36.55020422633165
126 822.5878339851619
127 182.39102864399692
128 47.658713425448234
129 93.01556403940421
130 1645.6846104024346
131 729.0762626091897
132 337.1953222481845
133 742.5249122823577
134 564.8653681659699
135 370.5508245439904
136 1257.8382701250198
137 685.7108845708713
138 325.294042978077
139 427.60487921125645
140 1411.1123532858103
141 1628.4622643625012
142 1201.6287935446494
143 403.4680530592379
144 179.20300317294362
145 1921.1286073183946
146 891.5393422761855
147 26.917610473276206
148 468.86519929312595
149 1735.5240031385733
150 257.9092907545082
151 207.81201020272152
152 171.60872091097602
153 876.7510079572656
154 970.1835404246117
155 99.60838267238597
156 392.12342919234163
157 1700.1657317327117
158 87.1694792111935
159 714.8632783979673
160 465.28134691118083
161 323.7285268181831
162 383.06770205570245
163 283.3832250150715
164 406.01924232502734
165 621.8834360879445
166 318.1308090526119
167 865.9308020766467
168 1557.3657483957577
169 529.7926312363802
170 2010.1064020819126
171 487.12156304689
172 67.70775771966284
173 27.549000942025827
174 101.48719044817689
175 267.30961797696074
176 800.2231264041565
177 237.5805489865464
178 1366.4715996228929
179 116.20078976336755
180 1933.5970481641523
181 285.1946543472251
182 32.14359566350773
183 306.51700034836233
184 140.14263891354642
185 42.615441244440255
186 1872.8239752094742
187 741.2085622395269
188 47.23238477618164
189 229.08660556208352
190 366.75816893885565
191 1003.6843593965987
192 1203.5580737820221
193 541.240518432772
194 107.91303794315812
195 665.8568355249256
196 648.3434014157535
197 911.4637098017171
198 423.7322577651677
199 1524.0261828770392
200 77.90168640090965
201 159.42481274283952
202 1661.8493022600585
203 232.86715997201676
204 134.01579095680978
205 136.66656504528333
206 35.309820090396514
207 330.4711036016321
208 79.15247987752139
209 616.8632778190162
210 422.19617455054635
211 278.43031269870744
212 256.0034552784459
213 150.82093949291433
214 244.05962932961071
215 156.9071074024149
216 628.5532053170431
217 481.2406041550417
218 273.90406815514837
219 164.42893384284815
220 510.26962191479
221 143.52812724578882
222 34.01742352864762
223 15.845046458811314
224 195.2795147571357
225 163.7031648153955
226 235.38485738837124
227 181.91768887319463
228 43.20782217035366
229 94.23377466017257
230 214.03143049122014
231 80.9944669929605
232 48.644538042636555
233 388.2846816509604
234 203.35800502795564
235 37.81707872731011
236 832.156993724895
237 241.4753263701029
238 443.0661585827068
239 217.2287280961438
240 474.8117322931011
241 820.0768915118435
242 194.8539628218741
243 343.86543090309465
244 144.51654420961134
245 816.9373795990316
246 297.78380934674817
247 18.52164582616212
248 415.23671466291626
249 101.89355369839598
250 203.31228149961711
251 267.1200899965182
252 252.6162843992496
253 237.1648080002045
254 107.92546696147178
255 66.80297339339486
256 42.94992360356931
257 147.64630845930333
258 24.10578900627076
259 582.9019725718858
260 364.18738278473677
261 293.00836483905067
262 373.7122823037513
263 220.1256550114502
264 775.6007158822696
265 289.5815477653612
266 456.17452536552014
267 398.40867055989406
268 359.22931631842823
269 351.0795319570136
270 218.3787478257431
271 61.70268087216579
272 20.592618522221997
273 330.7571052243039
274 218.4163545582244
275 384.5474382641146
276 15.571087888120628
277 248.73128804842773
278 1788.6221612947131
279 28.716818614166275
280 218.39998827883187
281 246.01076415013966
282 20.28999846646424
283 82.42789788157091
284 82.29697528064335
285 38.7855139774979
286 763.8230326999236
287 120.32441469730284
288 128.4243115021543
289 121.85430747668748
290 1425.1650621509868
291 486.5715388846192
292 212.4224854981517
293 231.81366031411187
294 98.84481601995596
295 61.848436508960866
296 296.4224263324288
297 14.846498708468648
298 25.078903693552444
299 14.303418818741033
300 62.98752120847445
301 113.90213230619405
302 119.55607695829116
303 401.6491311939315
304 126.86557361908976
305 21.910465014005162
306 66.36517908524533
307 273.08394439680114
308 18.768053374750437
309 621.679770272048
310 518.8484003062135
311 207.41966585854274
312 51.503985158023255
313 15.592945396090593
314 13.902659208479426
315 325.59874789568113
316 107.65995186490727
317 219.39634245187366
318 294.79087557175944
319 308.06109036292605
320 284.0861173943548
321 82.59012219696142
322 52.90000051270575
323 15.480629278957846
324 67.59509970633609
325 7.628633264877932
326 203.0916651082017
327 95.03807530966705
328 200.54769430179837
329 221.94564888574993
330 410.2132656909329
331 37.945990732359284
332 35.31058375813879
333 281.38284507654447
334 9.099905644039495
335 40.912075908059684
336 67.1440191972363
337 141.64532196494977
338 77.63816013467076
339 52.26122829373555
340 122.38605561684258
341 171.02500553212363
342 275.8329880218134
343 239.18317821665954
344 204.29990287976207
345 341.0339259291883
346 43.775557318827424
347 10.366574176850522
348 72.73571827881833
349 29.316361138723977
350 60.45591607858394
351 112.48947313160254
352 228.57536827289823
353 230.64835431510824
354 23.162922917465465
355 253.14832128699717
356 124.38603863247192
357 22.685021641709262
358 22.928272392717453
359 366.80611133134835
360 37.22797174500924
361 286.9736257829351
362 65.77462969063909
363 286.8750532724682
364 20.959404057029186
365 93.20937641041334
366 48.09537119778712
367 187.86058952127095
368 308.38229110373186
369 31.421174344175736
370 11.921578086466349
371 41.267117679148356
372 37.32404442498063
373 6.877247182988648
374 119.76519286338686
375 4.168511611944069
376 35.718516763080494
377 71.82564362625433
378 149.33997331464474
379 65.02295068674748
380 222.70324892020514
381 36.6043981769404
382 57.46188966536905
383 42.32896388434709
384 68.64134298816528
385 17.5743002456168
386 62.92641844764447
387 54.67959125042917
388 36.72071599308785
389 81.94662071649256
390 165.25630161259508
391 297.79040832741725
392 107.50723431489841
393 167.62981963290463
394 243.81858087538777
395 238.60105708545925
396 112.33146556542914
397 9.496202477089284
398 20.46393759352806
399 18.461390915003008
400 66.06581484305488
401 109.51598872499548
402 60.23172746828122
403 100.86552720219115
404 76.34322448173751
405 3.815254305264858
406 22.503984149398775
407 26.195677101017967
408 23.587664812853173
409 104.17992685676128
410 34.12528908223031
411 115.30795377336598
412 14.190474699085154
413 19.849792877429227
414 15.632597786461805
415 166.82574325958296
416 65.34391496270847
417 157.82399255642196
418 207.382719654941
419 12.129475916924402
420 110.71670974437527
421 31.92717029816751
422 11.161616881053462
423 6.78586022801143
424 14.711790501724343
425 9.491078302389631
426 296.94543031313617
427 55.19495305679237
428 188.33463923125146
429 76.63435339589749
430 47.52377244129795
431 10.800748465955998
432 218.59638570022986
433 379.7579490432946
434 16.627771370257094
435 195.83579362997511
436 67.13583990015657
437 43.23858949539169
438 30.17728424245828
439 40.73061489595542
440 64.97835308114435
441 306.4254173297169
442 97.00599263788858
443 447.1133873324627
444 101.40497938666755
445 76.15529103680679
446 127.22408487321762
447 102.75866015247244
448 23.205262184538697
449 20.47799141879738
450 57.09558066081297
451 33.38313891132933
452 119.96711315805243
453 90.50433111583564
454 94.70360124280285
455 8.203902855009826
456 62.853640908795036
457 7.623322291983072
458 12.093140268896779
459 67.10654342495259
460 33.972684249996256
461 76.26551428154403
462 8.70086990892433
463 178.93403258700351
464 135.75358466632082
465 172.8083217067329
466 44.211318619093575
467 136.07248356999855
468 11.410935483604081
469 20.127722073415654
470 115.75111437267954
471 22.2423681146359
472 15.543670238003358
473 14.340447914741446
474 12.10991498917006
475 60.4201528377301
476 8.525362755194621
477 377.63611819004905
478 39.72214627564952
479 28.03259882371473
480 56.47371877784163
481 9.93933283174943
482 34.81116935102657
483 33.258371901269385
484 55.659582041748095
485 69.28720326079093
486 71.39690578437072
487 42.513121888234494
488 328.3552644814507
489 197.07698593538709
490 62.390182035265966
491 153.43605974890045
492 153.08742620963125
493 195.2680707778809
494 51.48831998185467
495 39.750956397517314
496 24.271132511675415
497 10.875970638141201
498 35.73847607618396
499 52.58641775355039
500 53.14425835406101
501 34.3724637979058
evaluations raw_y
1 2554.587312890325
2 1535.3409129020652
3 1927.529436531814
4 1106.0060906286296
5 304.89818287418944
6 2981.005342958332
7 1054.7129634139378
8 1707.7242125417058
9 1242.1358386012716
10 1126.9052297291767
11 2136.124414227417
12 1883.1225913936144
13 2221.656575182493
14 104.90528980777975
15 1457.5907904574478
16 710.0728088090547
17 329.29658883577747
18 198.26069323430357
19 963.2093308265776
20 2061.917720690305
21 285.32822081336764
22 1847.2892341471788
23 2424.8870317984897
24 837.5544780796661
25 4788.303260399269
26 963.8392320692449
27 1701.2741885599557
28 390.5379464274123
29 3970.4179552625296
30 2794.7199163068876
31 1868.0251139120637
32 583.2517647645453
33 885.1646050642163
34 2677.8055953050907
35 342.4700266567345
36 1423.6429936290135
37 1740.951060054437
38 520.3631095553766
39 1434.7553877300152
40 2081.525681110715
41 217.1968767120452
42 152.87223860326822
43 2106.9646493273094
44 3242.7205934048475
45 1411.1961442498227
46 210.36801597489443
47 202.5431063906487
48 1622.1002513995134
49 649.0879550093035
50 1338.1633891519225
51 2083.0965724106577
52 646.2149244853483
53 605.5661653623185
54 529.2681571013384
55 931.2398392984614
56 595.8883071793638
57 934.0138826742461
58 1612.945318408631
59 813.7341399641481
60 2247.490209833049
61 2338.560132116131
62 1252.7972672343285
63 2303.1526194760577
64 175.5161711059198
65 1861.439813775874
66 1828.6603919857423
67 438.4565018054385
68 872.5517496183229
69 439.63388139582287
70 640.0833658509176
71 37.755937736939096
72 450.22600291976835
73 2025.5353814552136
74 1817.6100002325327
75 1748.8412545924357
76 1681.0242618998964
77 1731.7843882014881
78 2172.459236566346
79 5465.203373997543
80 934.4000167128835
81 1917.902913634125
82 347.0563445247701
83 954.7553110957765
84 1117.8851868377803
85 15.763110938072304
86 1203.3503051994242
87 1527.7624980914077
88 174.03194092435638
89 3075.3168822806083
90 715.0346118970186
91 591.8241279438961
92 265.45125486887474
93 1423.700181222293
94 3347.9288537300904
95 510.73327816476046
96 556.7105130536011
97 216.84932770626864
98 1900.9270626215489
99 943.98370008686
100 1455.8560085454585
101 538.5621199276832
102 513.3762241333823
103 230.8422974807928
104 567.017544197706
105 514.4786516129841
106 1080.2622656111996
107 271.46806057893286
108 18.12644052188959
109 838.2727590933181
110 1033.1515103405989
111 3417.508426468144
112 1845.0482267948992
113 2573.5967442457504
114 104.1861459790151
115 1418.4707318987382
116 748.2680127563335
117 517.9849643047302
118 1940.2394099000367
119 222.50766863801704
120 306.15103303082685
121 21.35460565594061
122 502.46136505909715
123 1829.2429975883247
124 3336.614420640163
125 320.16440862837
126 861.7854909330724
127 194.34823707603834
128 100.38404721080423
129 2944.591404198192
130 1100.81137613327
131 1695.1411324498547
132 690.463512607679
133 985.5762457742462
134 1469.9852946547985
135 62.65149093332731
136 1278.161239662391
137 1273.0127381643508
138 404.4671632627646
139 1522.5985584908585
140 823.1380630982527
141 830.443517869338
142 93.44482529004804
143 1420.520595093138
144 2283.4350946897557
145 63.739490582002944
146 111.65315318617822
147 229.4867832040021
148 1053.0295262047857
149 336.9436061412021
150 1463.2042748116264
151 859.9609467917785
152 206.52617832407566
153 219.26110177621229
154 134.75973397723055
155 20.69478431837633
156 154.911074792124
157 98.79477540528858
158 392.9212268601735
159 743.5265424777461
160 840.944965956443
161 232.08139375383155
162 1338.7917704202628
163 388.02814076541176
164 106.98077001798194
165 739.5517476321544
166 1077.2494322594196
167 428.58717813875495
168 156.77508748335634
169 243.92797440424155
170 299.7258947857588
171 178.7694650646581
172 288.5011930415843
173 2129.0268075558597
174 832.2895832728115
175 491.11782508149315
176 829.7689943973035
177 3.633217476541848
178 84.1318836412783
179 2944.272696140907
180 1688.9221643940343
181 190.32086033080367
182 509.5859795467374
183 885.6358448974529
184 1305.470075414061
185 198.787261866508
186 1191.502475613812
187 1213.5244766536105
188 1489.409948050633
189 2100.9129475252475
190 419.77780253954165
191 188.476079904181
192 884.5327456089525
193 873.2755789095578
194 3573.751181896594
195 99.29494636834649
196 255.16477168572072
197 196.23416293942066
198 888.3876622639178
199 34.78754250965744
200 1675.1862350896258
201 360.83037948888307
202 390.7035906241448
203 257.7914757547592
204 25.538577834262256
205 47.598482496775176
206 64.13641031381037
207 230.20128367413446
208 70.07627178334738
209 579.6556657351825
210 820.7713063269823
211 104.02192747248432
212 40.926579462226194
213 99.63137426182728
214 162.30666388220126
215 1391.9080519030815
216 284.079557454579
217 258.6489255377337
218 157.47467723346404
219 244.67897860404796
220 300.6804734436387
221 128.4481849342347
222 213.79037270417984
223 1044.5318905421636
224 900.5155679051646
225 413.59559731230144
226 1444.5601640889613
227 79.82629262207824
228 46.32690092952583
229 494.70358888722365
230 134.93800295111586
231 229.55138317649295
232 315.8289516534594
233 892.2522001765227
234 1122.0422528483114
235 20.379292259373052
236 55.93151772299222
237 1069.946954520424
238 114.54892910159221
239 165.53787625598943
240 582.4254833278416
241 114.0799548861864
242 99.98207114808899
243 1091.9807114254108
244 722.3346038797265
245 408.7704400073737
246 238.3452802728439
247 646.9445462078365
248 954.8938134543172
249 42.17854587344861
250 1404.9836474281972
251 160.05985697500915
252 125.24347071446425
253 309.7265132432241
254 17.732236020773396
255 16.834206655730366
256 59.63819247367769
257 212.6287077574893
258 218.76172633602079
259 1131.7297365881038
260 738.8780496311682
261 83.7597809476329
262 73.76891548915593
263 17.87060906862842
264 168.95110678028357
265 200.35207344350036
266 738.4386084788954
267 79.75837026787359
268 123.21315392874553
269 291.5213555784069
270 300.1067754295669
271 24.85926435102909
272 240.6102071676758
273 199.0766241240669
274 548.9320207712476
275 117.37830801726876
276 874.6952377912048
277 19.453100342494885
278 22.27070541264338
279 116.1578460598616
280 175.59483124385514
281 234.86153166480352
282 101.5074407924582
283 279.4145481682586
284 1120.7300415236596
285 26.632036663296226
286 284.39189611101375
287 1082.5019099313595
288 39.89077596601587
289 245.5855977568011
290 383.1750553394321
291 114.38561961377297
292 107.2700536875482
293 570.4803998291461
294 315.77561199386764
295 83.99705889856304
296 283.01371409924315
297 163.9184888139772
298 774.6410722523929
299 35.26729052101551
300 1500.806330498783
301 8.861991172801192
302 141.3555749487345
303 110.9628532631457
304 26.784844682118333
305 76.97511281783213
306 55.5652356101228
307 470.0513048379341
308 31.883241714228927
309 264.20125438147926
310 741.5342943924131
311 63.6084221670137
312 100.16392306939841
313 537.7164491831288
314 24.211365682589967
315 204.8789352032789
316 210.71942089302686
317 13.76466509568873
318 209.55455398954095
319 193.76383170172582
320 400.9930178370527
321 46.622171572171034
322 388.52748984448885
323 21.54352653956993
324 407.9449325885716
325 136.3470923081515
326 176.11120353098903
327 115.92259790932803
328 98.17806890487526
329 66.45084023924778
330 44.06599973999431
331 198.32891828241193
332 254.35346019509714
333 242.69838583281518
334 1128.2192664023626
335 178.5946521703141
336 251.79028015431038
337 190.24669941393165
338 38.97662358435916
339 90.56170598035496
340 311.61781246767066
341 180.43985556261296
342 275.0809760451129
343 307.49682176236064
344 411.34236387603335
345 37.87005568499205
346 150.81648171360573
347 158.5363462554095
348 869.8927482904375
349 58.9577763468165
350 1321.885500444808
351 569.0041582397
352 123.1793791017889
353 98.42639126709292
354 21.526054786021817
355 38.25532512536762
356 35.409701633481205
357 120.04757873592612
358 16.179964715813536
359 262.89974695085954
360 250.95755488838626
361 202.43709260000406
362 212.8617182373133
363 30.372306840188443
364 7.079884352408989
365 98.44053342919551
366 128.8345038981961
367 228.33280677200003
368 1225.4345244825947
369 193.40889545682856
370 246.60425406754345
371 309.08408981560353
372 193.3771284341047
373 9.537705582796733
374 37.53605627673091
375 114.48016537261907
376 11.907323901561208
377 3.5738217972472643
378 20.60510236991955
379 191.2799399735983
380 112.32613996430342
381 181.61893146981723
382 89.03077134253866
383 243.2173838712809
384 89.22555407946062
385 7.02802855893758
386 128.64526690239964
387 669.2545763381132
388 319.20359664127733
389 15.76656910821307
390 105.86090062162388
391 97.72047928312247
392 11.452478226386287
393 94.25400719198623
394 115.45335496310886
395 123.0287549217533
396 315.7716678969143
397 96.51578070318604
398 7.54669689183955
399 84.01937101082268
400 71.84950571585678
401 82.83405192530441
402 58.26575977360881
403 99.16435953928487
404 8.0328854795188
405 17.243217809642452
406 64.1357885390856
407 8.60693297440569
408 399.6568890260319
409 93.23056931129051
410 26.52988151284615
411 42.96262364695297
412 276.3044138303697
413 27.589355103829398
414 157.27162686252126
415 105.19335680567283
416 140.53126661575436
417 63.4414626209124
418 144.20510942504842
419 44.81458225026872
420 240.81532174055505
421 24.611234203920166
422 310.4648679220769
423 7.306976897675413
424 36.84097272094438
425 84.25915930963055
426 83.46638433273144
427 8.785170953671518
428 13.762549199889115
429 59.868550937806035
430 35.721608243259475
431 12.545785612467885
432 204.76229095363092
433 170.05998866360682
434 373.819801304987
435 49.43827490758515
436 36.68939192731979
437 28.366948959155494
438 37.57180980868105
439 18.38588043674207
440 197.17853979948998
441 225.76182756845472
442 5.872357441773582
443 137.3690015902046
444 55.01867423647265
445 16.074086041720115
446 70.2446680837476
447 42.80867678676043
448 11.251735234072285
449 34.70045405813042
450 37.332117294296744
451 7.1407703989980496
452 43.892685553503206
453 10.807090094778705
454 117.96995280619502
455 13.659219726676204
456 36.73820358101615
457 32.6746594385837
458 13.653103273970945
459 88.59683797305185
460 12.103612295974125
461 48.665622710341296
462 31.15899379102757
463 12.350680139385164
464 6.352682111767199
465 254.6231187447578
466 135.45737083837773
467 13.50426537012767
468 235.2751581832493
469 44.94479965186856
470 56.256239737928446
471 38.06801782564545
472 267.6468033208625
473 7.030541166481905
474 29.920112053059153
475 59.47576147151129
476 24.844176342262273
477 7.618636842031742
478 16.439604317687376
479 57.240768630641284
480 17.18534422426765
481 62.445493697434884
482 51.628636202128284
483 44.491010514091656
484 30.01716886106784
485 159.64609493715312
486 13.756783645652007
487 98.50420624409817
488 119.9287173998674
489 9.836411356923197
490 72.10368491693062
491 50.16776900122246
492 39.123330014998
493 120.3901201193921
494 69.23723687426447
495 9.715262034737824
496 33.922624924967224
497 5.832325396529448
498 11.055397164526816
499 91.03426200080011
500 14.001221989794907
501 278.27898382485205
evaluations raw_y
1 1556.2406132549313
2 853.145122966886
3 1167.9138443283857
4 1105.2766498529393
5 2839.308918496976
6 1592.2017935041324
7 422.5606452813879
8 619.3180548434304
9 262.6027115390365
10 160.78062325371135
11 1147.1028608855063
12 3180.785604153744
13 703.209312569857
14 1561.70975036833
15 413.6457456374967
16 1886.5815808816335
17 1547.2723349773828
18 1066.7817893051297
19 1831.2907545894893
20 593.1533491678998
21 752.624308721838
22 488.6973642518939
23 313.04722513559983
24 518.9438338079045
25 1558.284743272344
26 2447.819980087802
27 1644.714859572217
28 1774.0512508528573
29 944.6397489873312
30 1761.2511950294183
31 3757.88944489893
32 2932.115736771151
33 222.0705361873748
34 547.2209411971681
35 1912.3847295275393
36 134.46533369978368
37 168.84450736154898
38 3200.068861910321
39 1560.1016089796797
40 194.35496329853697
41 2076.550293601337
42 136.126650116736
43 1275.0570835646743
44 133.15412818912
45 1748.9810959618303
46 1253.3204899330406
47 423.3694022658766
48 193.5408493948492
49 790.402271049753
50 429.17961913866253
51 1558.909635729817
52 701.7126492959155
53 59.79020942558964
54 288.4338396500831
55 1121.1472676487413
56 1960.7085604144474
57 436.7381701737593
58 1809.455691229764
59 1120.5773819101007
60 76.23933332500353
61 316.5533576742153
62 3261.728902279435
63 572.2264481283304
64 574.733351724144
65 336.2556495341699
66 2357.1733804932683
67 538.2484287437933
68 1400.774824345687
69 493.0150415105254
70 722.0885190117201
71 1319.9734210479253
72 465.39031090160535
73 336.78831416144794
74 59.101058525849815
75 1649.648239324296
76 2049.922264269633
77 2693.2301485499734
78 2451.484321496009
79 24.343904020597854
80 2502.222988856255
81 3033.683234402532
82 145.04870256217504
83 113.53259508839835
84 2519.3252556366
85 1503.970949667454
86 126.05242415680885
87 1153.5228326379165
88 3228.2676615472774
89 1046.928269044818
90 358.326015640551
91 384.24401045912253
92 336.9670072655631
93 344.55355829637574
94 2445.859319409606
95 609.2125679054682
96 2183.6016551394864
97 1958.3127618057854
98 308.9635798039135
99 3136.7134741066125
100 546.7062074986379
101 105.84031897131126
102 1593.3410728050624
103 244.3151339043609
104 92.41436613639884
105 2182.489116848402
106 1250.625557451453
107 42.05122289387675
108 572.9057079170026
109 100.49531450192791
110 325.66373406456677
111 1964.0650321746396
112 1904.4832113773396
113 40.48134427621837
114 88.13244680174303
115 160.53893084061914
116 1887.2705296862393
117 690.8608924587026
118 1238.3904741872252
119 76.59168733824325
120 694.3017134549524
121 727.3223862871836
122 462.4727707966808
123 198.9344196290854
124 896.7942441681674
125 971.135250066448
126 2004.4821254158928
127 537.1448584703243
128 1485.476910272398
129 83.54993641967096
130 2413.4699913786853
131 2902.929185351524
132 271.50308762084865
133 85.23541250295203
134 2309.8111587355415
135 64.5901008407835
136 23.938180545643952
137 355.9984931052127
138 2344.7286813139285
139 130.78800540766207
140 502.4925440399663
141 278.3154093994836
142 138.7034681558665
143 409.48699451612515
144 54.028477536434224
145 235.16558465078475
146 583.0038061263605
147 356.5567056768773
148 265.7437068140852
149 553.9512627236601
150 584.2328285960687
151 297.98825407200076
152 1694.0504060170301
153 143.21965625320584
154 464.48256022657085
155 453.9252743192061
156 1109.5226104100454
157 71.81792879971181
158 770.3078471258125
159 376.60170174506646
160 111.01902465231859
161 635.2030531513631
162 423.53910515449564
163 37.71339339541372
164 258.67613748521177
165 65.12290549226158
166 453.901392639698
167 53.550790772458924
168 241.83555856617778
169 95.95370429917064
170 13.670010640151517
171 226.98013821780208
172 384.4736761804891
173 243.21129385740974
174 168.13268613724733
175 791.5224641801643
176 1386.57639667903
177 2179.649902242218
178 294.36048322139703
179 372.0326620606753
180 1465.1862382621914
181 242.88421178429067
182 33.62592380649265
183 112.55137453634744
184 1998.2843944209778
185 1162.1256547302767
186 23.89345988917745
187 233.9981005193699
188 354.01073065369195
189 395.6052484430694
190 128.72659166324547
191 276.60378478535176
192 192.81832660306216
193 342.3404549481853
194 240.30662340600065
195 239.89055361724292
196 454.658377725346
197 328.25444900703263
198 328.37335913787734
199 1299.4778632941134
200 282.7042748124529
201 134.78514253463953
202 338.605460920491
203 20.542918484237834
204 282.55214454478346
205 63.842432055921975
206 2086.009763775615
207 267.9061435001386
208 98.06675348369656
209 135.9065330690294
210 388.26840749631185
211 443.46703528087426
212 957.9475842030831
213 451.550820433937
214 101.97492188372861
215 49.84102416705697
216 12.886849120602076
217 88.45864162727673
218 384.1486585780678
219 1886.7811924288153
220 5.915143377615681
221 231.9656819845291
222 232.25109040471892
223 15.802747660956268
224 35.14602818416435
225 714.2801154505394
226 1253.5701244728918
227 92.70237535035473
228 142.21806071657286
229 245.31142417949917
230 1424.6600501366245
231 242.66026465116096
232 50.6205153169804
233 93.15434945041257
234 239.8633012761314
235 59.84360409384448
236 3.9245230883756035
237 254.30591692171322
238 198.84767690848423
239 223.69970654762903
240 25.960806628636682
241 277.1191899251622
242 115.37339163897632
243 346.93168707806916
244 43.92094964192039
245 247.70588607067398
246 1136.042889846468
247 367.5321538624875
248 178.1249731832227
249 6.604522624003929
250 34.291909120339
251 131.6425612830802
252 174.32052821381833
253 20.603226983130213
254 45.82669004616748
255 173.0708123622054
256 440.00555033883904
257 498.4989495878193
258 14.46950585418885
259 70.888644408767
260 277.39213930248434
261 102.60539660220141
262 234.57937610923477
263 56.05518146496103
264 83.4096606508812
265 1446.8298330549358
266 196.33960756592364
267 22.32860230457935
268 165.37798065187675
269 58.90596831151776
270 14.324463592842616
271 233.2350363241708
272 87.41125631062879
273 28.868957492108407
274 36.79138916607167
275 203.4532181432527
276 957.2487901367725
277 78.08204489223776
278 74.4456231339536
279 20.93524170431096
280 54.183703424271826
281 42.710078057408154
282 133.18695620033083
283 8.167433184623023
284 365.94700245781553
285 597.3246282311471
286 170.2516303190673
287 203.32992630684623
288 112.22848970153439
289 164.74285526559171
290 319.7528886367277
291 245.75759014712892
292 190.376712683488
293 332.30844580844337
294 390.26555088821505
295 129.15327807353867
296 582.6070277544266
297 136.4711152143328
298 278.15913336002086
299 68.09563951845426
300 348.2332044358561
301 259.5729299964103
302 360.58981340287994
303 121.45700173309666
304 42.18344284838977
305 37.6877191585993
306 201.5600866415851
307 178.83085099805217
308 31.478764981447984
309 34.39149182972708
310 18.270125773111268
311 505.89178396444345
312 398.52951504749655
313 143.1810905037969
314 93.73558216849989
315 46.921923556115466
316 337.69725072225
317 360.89195743610196
318 110.1744920567259
319 127.93931604065624
320 14.167332933526005
321 88.1261352851231
322 188.3980644050691
323 9.7266511235812
324 14.631329486467964
325 323.08847063746344
326 1022.585964988121
327 62.27242684038273
328 71.62081559959667
329 20.419890521122706
330 92.31457926753497
331 575.9014279669061
332 45.45400417148529
333 25.0594391215092
334 221.3260623037701
335 381.23772712389996
336 6.528500759722508
337 10.666465614236582
338 67.15849203212161
339 109.33520447716981
340 98.50364951052535
341 127.92688596894064
342 445.2964029195684
343 68.35843764932696
344 58.25531250887565
345 61.22604872576945
346 92.97891963104823
347 60.472020514212694
348 172.12572036114582
349 12.522541590046936
350 82.32380295056984
351 287.79758647061453
352 62.719272836039366
353 14.0163385273
354 29.34031904481982
355 36.655203534024004
356 138.25458369102023
357 40.603058338710866
358 10.93891248714868
359 3.6554095186085287
360 18.366261914697887
361 52.75794070620701
362 124.09134672268209
363 91.71947785429361
364 88.65533323793998
365 27.164650050427227
366 22.157886691565654
367 6.158423932416977
368 62.65602119860904
369 167.16139053570424
370 49.83659968948159
371 21.283709544505207
372 303.95324688154534
373 22.60241342282595
374 29.172299513513767
375 137.9546711572132
376 12.867847756288576
377 77.75795862617207
378 9.384479513579109
379 67.88392462323016
380 120.12092963809704
381 7.399571366194357
382 19.348616326040915
383 11.791316797803702
384 47.85273312057771
385 79.07735415726866
386 3.3221170687585206
387 8.963709815323462
388 64.56055539368748
389 251.16821683163147
390 13.045374335623992
391 8.344621816559544
392 82.15493579075903
393 70.88848771854005
394 26.839464985843964
395 40.236974091754725
396 33.49479052974281
397 38.89536272393627
398 78.36945454262481
399 162.4582751714005
400 28.92713070455067
401 85.82142052009696
402 24.540420512441806
403 36.61557804960882
404 29.388456619677527
405 29.20532953827749
406 152.7340408530809
407 424.1437424067357
408 11.457302154824143
409 2.4418848146302525
410 64.08673775747104
411 51.95137863448954
412 40.01689244110979
413 665.4841719222215
414 8.665285079345715
415 20.319740747897633
416 11.306096995836796
417 8.81821015744532
418 81.36897472991747
419 1025.579204345582
420 9.234903608889176
421 50.31454504176216
422 27.586923819225824
423 7.619151054220542
424 8.514085453731417
425 80.37364839393557
426 78.5316649046085
427 86.80096852328577
428 284.9139655078937
429 22.328860894914726
430 82.27892113415366
431 7.876987566906186
432 10.721992808422874
433 4.9361062506660165
434 81.15675533350161
435 133.0107233924669
436 19.021657167057935
437 7.5841772335723014
438 58.148920194416085
439 26.706547515962907
440 22.192025512435062
441 157.22551931218285
442 8.953670811660487
443 26.420349066258325
444 21.038813868003196
445 4.866587305734522
446 736.9564514442632
447 18.968376057715673
448 13.948641063341423
449 6.501532067243732
450 39.76624099871698
451 95.67122759838486
452 18.505016629472774
453 12.092944630335875
454 31.50770280486202
455 33.02580164757302
456 132.8267688114918
457 33.71823619365861
458 10.143770616088185
459 12.352160112876707
460 23.899783788711026
461 66.0244095068159
462 30.202255620677203
463 13.04980042677905
464 10.545697211947864
465 44.01687239055087
466 9.030469026234229
467 6.588268862066897
468 29.634161513728095
469 17.888915063830797
470 20.105778420757023
471 9.540688179847974
472 50.58652702206783
473 5.096532164474579
474 7.59818315290112
475 58.19498645824883
476 18.085521420509984
477 72.9279431977659
478 227.22582617908907
479 96.76301684439031
480 37.57562013119983
481 6.894193767408339
482 9.886409295187654
483 17.428972568234062
484 31.391394148802796
485 9.45928721469013
486 6.766999015404032
487 16.77729454730801
488 80.6038360898406
489 20.20032078902993
490 5.618585573237006
491 5.214363898578304
492 67.33380006444696
493 8.259498910661037
494 20.905897595123072
495 5.046870816311024
496 215.84276633507704
497 504.8412294761711
498 18.07601216757154
499 3.4439192133186034
500 37.5386141580073
501 69.87633632213583
evaluations raw_y
1 218.1432150326345
2 2456.6917988869113
3 1655.498841329505
4 1767.6063666110251
5 781.3637466967581
6 611.0446511459543
7 277.27921277870985
8 1344.197041042661
9 428.0521377806879
10 411.9378805080993
11 1783.1168943067994
12 74.6046252086227
13 261.11343077330605
14 1911.5001263781894
15 15.905541476411045
16 4146.007563482492
17 1282.9142036875612
18 321.34686413144755
19 37.12382150466824
20 549.0447606086293
21 608.7998396273871
22 1062.6222890298545
23 1943.9598186375106
24 2008.9313025322974
25 579.5519510234492
26 2456.7603294054156
27 1678.738976667249
28 1522.6638995677642
29 775.8939566255947
30 767.9281698526905
31 826.4542880007064
32 873.5451133325363
33 319.99670225374666
34 1373.102199382158
35 359.77492646997223
36 1263.6866950543013
37 317.33427230156985
38 2705.2538116111814
39 757.7580074177897
40 2322.0835254506383
41 3727.364896800816
42 86.1795458546249
43 1385.1461486239202
44 3793.047772608781
45 581.6842427389228
46 1431.57158195014
47 1243.6367505153587
48 952.7940086544982
49 3073.875905945566
50 1766.4246323543537
51 156.82432655617066
52 1492.511522665861
53 281.3291533900952
54 1968.1839404227746
55 936.8204682912686
56 241.56564726159564
57 164.80358148838565
58 1007.4374504281193
59 119.2068511781815
60 420.52210332306623
61 881.6202323522841
62 148.89560971782663
63 728.9661136612058
64 1769.3641416437029
65 13.043926842529912
66 3740.556784889663
67 111.37986825545158
68 67.04011280632626
69 247.73232599143367
70 165.5437196633082
71 548.2232934068286
72 430.1428576904999
73 506.3955080677709
74 1001.8827398107761
75 635.6491396338525
76 1693.7368458476963
77 160.32820010857355
78 969.3141298698599
79 851.9631366419547
80 811.654111153716
81 129.01658148681264
82 682.3145306603329
83 361.962955598875
84 1150.0092311692235
85 2645.9323024411237
86 1266.4386323874862
87 404.964924655372
88 1343.934535225382
89 979.7922980872704
90 3005.316989256884
91 544.1639161259725
92 845.9124973284098
93 2443.529471805485
94 945.356122219189
95 1519.2059555012681
96 712.6470301179157
97 1255.613177226054
98 753.3611820089671
99 1773.7452564755467
100 424.7559327578047
101 249.7540722352839
102 512.490880298221
103 23.527518797858644
104 1528.062655431333
105 454.1185038677976
106 172.25587609741845
107 90.43810973326637
108 34.00509937165023
109 525.1431796210999
110 120.72498230646409
111 555.7099737656812
112 426.63385398668476
113 1064.227786899415
114 1621.5175508121197
115 59.83344894322507
116 3095.888676488925
117 163.45971990171427
118 89.10921707188938
119 34.029597055309466
120 142.21794479512081
121 405.04527093776835
122 334.13022335981924
123 52.753910350840975
124 1722.4625023542146
125 515.4007242871467
126 1769.5275768302517
127 46.1161034773384
128 761.4169508990728
129 655.753221470072
130 69.60765054990391
131 168.02415487344786
132 750.8385758191915
133 1001.4026565440374
134 648.1451181938775
135 215.7193534723397
136 588.3882724229733
137 190.04271390207037
138 920.6865185176072
139 610.8549789295002
140 2307.289252521746
141 386.44578342904595
142 82.05482595183032
143 1127.5438106312092
144 1002.0497800060208
145 752.8866862716586
146 251.45127047327622
147 1150.419743361437
148 737.2022763023274
149 110.74219710478651
150 848.7208355390114
151 328.4082344105583
152 436.8005359638087
153 1677.2615755249033
154 1515.54378542336
155 438.21943052264083
156 252.3940769724048
157 55.70356614435818
158 99.45867840757693
159 337.8578908127529
160 133.7237165609853
161 375.9721755352177
162 80.51102036794546
163 296.44996986297383
164 1622.311250267158
165 67.67296039346347
166 1327.7859830147759
167 34.07552293388338
168 34.48631514926754
169 28.02540753484319
170 82.8160926890414
171 269.1621945146657
172 368.58465764826417
173 143.5457334778044
174 665.8696316095842
175 516.9646548558472
176 445.8454260825084
177 77.55940926506825
178 698.7687700437828
179 269.24261763727213
180 48.14213140763182
181 285.66708864789865
182 711.5874395646379
183 333.7313466498109
184 273.12174540972967
185 294.21051923724883
186 350.87703121458
187 175.49203656381877
188 42.45560956111105
189 197.83242493453753
190 2152.7285064481393
191 331.1725976493675
192 8.719391864033156
193 986.6575417005471
194 439.99161353028234
195 702.073734095397
196 231.63463071143872
197 25.049172789975934
198 863.0183820146198
199 47.457614591409516
200 620.5061984600876
201 156.74568607851677
202 402.7393475857946
203 44.718113080284866
204 902.6801328120667
205 73.83522446291579
206 79.8728747469805
207 65.62834792475117
208 35.41248856902688
209 1693.5514435359485
210 363.37257762916937
211 347.8311222914759
212 67.43191497317468
213 91.93728435206242
214 1427.9110804935153
215 181.78174686829615
216 295.83193596634777
217 32.717715936147364
218 25.126885709533084
219 28.250534761913862
220 78.4066328626406
221 280.10901221457453
222 336.0123033253511
223 91.0298968528942
224 52.891848984816484
225 501.4490847106962
226 495.27400828698
227 292.45921876873774
228 668.6489579151405
229 452.11567185009767
230 213.59610946065075
231 81.53908198246616
232 698.4280800872021
233 257.47543056180467
234 24.73214208441994
235 202.17500535352872
236 316.3376938953402
237 104.74914592383887
238 173.77841607517848
239 1733.914712643893
240 1244.105077123882
241 506.4193907494088
242 12.711336419934632
243 290.890559061266
244 127.73589873112354
245 725.5962061891354
246 167.2616074099154
247 82.25463057552841
248 195.74459917015776
249 103.83425003892029
250 272.49956609851114
251 60.006429926948215
252 64.81905000902763
253 21.078272158224895
254 112.5768637999506
255 406.41505900536544
256 116.5260533620726
257 59.08511487893621
258 15.479305650695729
259 134.04076266855293
260 110.63987896255566
261 24.314248654976243
262 56.66474691016617
263 168.92790944146356
264 453.13347464959736
265 129.5379023468376
266 326.37858667478685
267 42.77354394105969
268 21.019801827293
269 496.16656411027026
270 359.057636462088
271 206.83777710136093
272 274.24009756458906
273 169.2823283993461
274 14.226394433572018
275 421.4115099727502
276 390.58725913220826
277 68.06408544240655
278 1006.0417747144161
279 264.37404888789894
280 87.10721721475502
281 308.26111273765207
282 1384.3213905634384
283 100.30573871050736
284 19.74074238292701
285 194.7013885206707
286 236.87242920884825
287 104.72580258365757
288 245.46429954577803
289 53.86523320487625
290 150.59954540205408
291 306.73445148874885
292 323.2180955653495
293 524.5039728638758
294 249.78523938437377
295 699.9775223743017
296 280.4554167126918
297 197.0426070777548
298 86.61219646068909
299 224.1739607567626
300 277.7984571002665
301 100.39998951469096
302 41.256269147015566
303 50.463894301558696
304 758.1449009146982
305 55.814198906037134
306 51.73405534839462
307 259.49579007820415
308 104.95595662641463
309 271.6463087109693
310 102.83152512524178
311 50.26806014311216
312 73.4265171345869
313 166.8307365826385
314 244.3808253347281
315 127.91723997791652
316 278.50903375581134
317 53.442359901499444
318 13.057475645151545
319 38.33757106347538
320 197.6334748362317
321 233.51907800000188
322 7.794811234330324
323 8.855547881165265
324 32.18086052927646
325 59.626424871759625
326 140.1295928228149
327 141.009007991526
328 327.70707293298807
329 216.3756716971178
330 41.0741844005079
331 146.29858887461924
332 436.80150072486947
333 274.1838441708624
334 22.387913110326327
335 74.68086577003594
336 216.28139581241186
337 102.27046904813226
338 59.39020982724269
339 223.64083124007269
340 288.8724159668435
341 251.8590287061141
342 8.529876339168535
343 245.36866069640575
344 210.40289717116403
345 46.152200477945996
346 170.44609217295616
347 25.969036506189
348 10.10190838151424
349 40.10020838771996
350 269.0298466052042
351 143.7420526488246
352 46.0578084039215
353 63.30763944449057
354 66.77643346176191
355 244.52483110059165
356 75.23940500836439
357 26.995210253630407
358 19.742735916145914
359 86.12879497509559
360 103.83519207568958
361 27.826682717068387
362 38.30558283972402
363 261.9788821830717
364 300.82281643165834
365 99.00039937830998
366 21.354033762436003
367 16.733712094083906
368 21.621657061186248
369 3.7216849485089125
370 8.033908813569704
371 203.30266321629657
372 12.054524237934457
373 6.421055031152228
374 30.812776925504224
375 47.48205618116953
376 137.33031102787234
377 11.14049137375759
378 376.4248620960766
379 202.65397914696698
380 28.949847531542904
381 43.16204331329098
382 393.05010974148263
383 247.7163564299876
384 209.69806295086377
385 35.562256448350155
386 206.41072897267807
387 158.80471085951936
388 14.337608956537572
389 19.445967942744076
390 146.67890132166934
391 253.65383965661655
392 171.61296453779877
393 194.73254243001435
394 43.811974662554334
395 34.07312029391788
396 168.72755950229723
397 13.925392547057582
398 140.02702812188286
399 40.99742315620771
400 38.41298612435007
401 124.58943483844605
402 40.847449216211665
403 12.466616335143152
404 64.44745867240518
405 101.73654811363218
406 55.82896895583854
407 78.04637987528392
408 57.598078432459914
409 90.71410340482858
410 17.820049644592068
411 10.654041080220878
412 35.89434899282742
413 41.27818412292258
414 47.507684813773466
415 176.24938632627243
416 96.39294106919345
417 63.41926556824367
418 32.697561533784786
419 37.59329788796555
420 17.908917963350444
421 196.81217834181263
422 197.31141776034434
423 6.190993609253974
424 29.31986323209818
425 12.25665396559527
426 176.1924238294981
427 10.074860784690374
428 147.11875956743012
429 301.090673601451
430 26.482400374232412
431 58.420539709114585
432 19.825976442013317
433 41.197519089643606
434 270.11620277344736
435 41.11171414290108
436 90.27068645774732
437 103.04187486780901
438 169.72473065887684
439 292.9128601150972
440 321.12979322409717
441 51.407222819527796
442 27.45789395968481
443 50.44334488080377
444 43.42763372365777
445 32.534658778211835
446 14.576875471907808
447 25.130220968019568
448 29.848118983353462
449 16.738767977012238
450 192.91833849853708
451 221.36807653345826
452 41.07221702133224
453 68.9939624799243
454 36.691435167522926
455 85.93692250029956
456 7.8730138363250015
457 61.30293877866964
458 20.307019795604205
459 17.995493555568924
460 12.789357880374041
461 14.537957091852531
462 19.92708469204668
463 33.711582754799764
464 36.44908725080449
465 14.881691303022489
466 48.55954374653006
467 16.273281741132806
468 12.221342188597704
469 12.09528988647147
470 10.346136146107682
471 7.491275393679214
472 10.737670885102332
473 4.53195403288502
474 57.02639488369301
475 304.8494210761529
476 29.546090571528257
477 15.142432308491172
478 127.67527899558077
479 13.56593146819275
480 9.077311614978795
481 5.536931483617674
482 5.888731931873949
483 32.75573348964467
484 18.849445033132522
485 43.93575814382987
486 6.380281254532724
487 6.0947973743350525
488 10.178782188258072
489 102.19492548604927
490 129.30254696585502
491 36.915729356505736
492 8.790013910482195
493 76.71043583442957
494 11.160702228546107
495 47.329220152812724
496 12.23488921324342
497 11.439370616642407
498 23.942838703727453
499 24.28378487758986
500 20.229581539980824
501 49.110017648748304
evaluations raw_y
1 270.2022286826062
2 2442.506449422823
3 1158.930976041463
4 3138.8861135403463
5 673.4430895664666
6 1644.7920401434646
7 1520.855956708085
8 44.698635473839275
9 589.9459638403738
10 250.660486247015
11 559.5375585470903
12 609.4841531495656
13 218.80666587364792
14 1301.6758943609973
15 1207.5167480916577
16 798.4387348607244
17 2132.930854880984
18 121.67220081180079
19 798.6434646620424
20 520.2351150571086
21 488.4600851986873
22 1034.1332482243718
23 2042.170219258099
24 738.9360831997923
25 309.80227816366573
26 4360.118331647007
27 324.687562967344
28 2759.6292950833986
29 195.7411053966983
30 685.4132696364871
31 2777.3073703395285
32 135.356084336878
33 391.1479045004231
34 2162.271995417703
35 180.39468560344778
36 1405.4081834595402
37 2395.359145171691
38 104.59040137656444
39 665.2214338292094
40 718.9332616508303
41 1722.8027574465716
42 1273.9809197211102
43 667.6327763245291
44 1410.5889273003436
45 262.27025496013846
46 601.988580834034
47 1282.9651229232986
48 2452.703953384838
49 1761.889367218687
50 1679.2676742517206
51 2197.77324213989
52 358.6405946892809
53 188.0778503151584
54 1810.3021680979632
55 852.5058688840218
56 777.2777713075639
57 966.8403887519524
58 207.85946682861209
59 144.84497476628638
60 822.3579630477753
61 92.05935700029053
62 658.4160585294393
63 868.5923694261919
64 1645.3964059129803
65 1324.67788321426
66 600.9858963494609
67 1268.3261465446274
68 410.6033698101162
69 868.0900631712672
70 76.55052824819725
71 260.3993863718977
72 1057.9186026284292
73 1295.101351671534
74 492.663601355388
75 280.5825030744345
76 1775.9813122822727
77 1207.3879654587918
78 877.9284061624553
79 334.17243850883096
80 712.2985501858889
81 354.4195344069683
82 197.4234072539623
83 219.44631093574523
84 1289.2115535093344
85 218.41479002454946
86 1124.6395602619646
87 868.2691754802304
88 110.59461289521391
89 1197.0068827847008
90 682.4893088496252
91 426.13938099413826
92 974.4061702819083
93 645.9931121768989
94 615.8135411467833
95 245.03910359662945
96 769.7154735760087
97 1519.489264369442
98 1151.4681429188206
99 942.8339059888913
100 2013.2604546441523
101 2016.1350313343323
102 382.3777232178878
103 44.53703284942411
104 1356.9499749913757
105 869.0750975426702
106 591.119998606226
107 32.10373149308282
108 88.3696497611894
109 230.38053056185007
110 480.55890810669877
111 353.88375753074706
112 752.2777354317326
113 210.3757958670143
114 1046.7290417376228
115 1465.3291012257964
116 1808.2872094590489
117 514.7371537781775
118 54.87178009886896
119 830.5103256960641
120 65.74853369685685
121 286.11418077746947
122 257.74539258696717
123 95.93524972937058
124 127.38726889932315
125 203.76933089483163
126 329.01375867710317
127 116.4015203933489
128 1051.9690671223316
129 573.0357657691113
130 703.6002469747242
131 522.680715973475
132 638.932772354213
133 664.8510065692446
134 1223.6108377985788
135 171.10662266647236
136 406.54179183181475
137 206.27001883867322
138 67.10664844262709
139 297.35325190386294
140 748.0972499023912
141 429.0867915427556
142 380.2332241751591
143 402.12326528238657
144 17.51943354523984
145 113.18731067808086
146 584.93306823741
147 1112.2644185618278
148 605.7023092846667
149 845.7120348528741
150 824.606335046731
151 1786.6009335166814
152 250.79916012036625
153 56.63651937895547
154 1108.223742256114
155 357.99332407826864
156 97.0939981656874
157 331.37540887123043
158 93.85554406217302
159 47.26263051025414
160 1036.4778689165341
161 268.552745506997
162 220.56785046575638
163 213.90860965784074
164 792.5927636624301
165 145.78095465226502
166 71.20949493967323
167 1194.9270562323159
168 121.47544823353817
169 2277.693639247216
170 25.623377840054935
171 230.13416265149402
172 296.8486898778154
173 98.82450739481007
174 164.57294922915096
175 173.91625338604507
176 384.29374419294265
177 110.1317295179965
178 975.2011737996182
179 196.52487397841895
180 492.8937132671936
181 42.221587205304424
182 245.21752393875389
183 115.27034459141875
184 115.28691856532703
185 183.92898681803385
186 414.15762080131276
187 206.3072586747295
188 73.21727859861517
189 227.40452579577598
190 150.64315479120546
191 504.05224398998024
192 321.07749926560587
193 701.0534885165705
194 38.46556712336623
195 231.27397915706
196 693.2722839851208
197 2712.504749374926
198 538.4101380989334
199 156.22797682335343
200 1119.163325578469
201 315.1115332672234
202 229.61227016608726
203 39.92589305823881
204 224.21873990507927
205 1874.0798348147976
206 20.989062926543163
207 128.62600518656689
208 49.509620306734526
209 50.90591479950649
210 260.217352444355
211 94.55372444281993
212 231.58691680036839
213 119.85464345422746
214 726.958336175828
215 660.308318965566
216 183.8041316603306
217 302.5001761258119
218 861.5924296656727
219 739.8849337697651
220 74.13863257034353
221 60.3434759872058
222 56.93623617411765
223 222.15326772212447
224 110.2430454491922
225 38.93494426726575
226 239.14117286841739
227 220.61546418695553
228 1168.5122984073141
229 395.5319672758987
230 356.63960730577844
231 1679.5656976360974
232 82.51375159138442
233 107.05614278864861
234 42.27369712586008
235 135.35097942076294
236 269.86072588540173
237 1192.5554069761936
238 218.1924485234071
239 1602.9172365925003
240 247.13367906071474
241 547.738854753417
242 505.309413507941
243 331.95114270283545
244 576.4002147599185
245 111.82471922689244
246 181.4254249127198
247 524.9092608728458
248 759.9682643448156
249 179.5449351477549
250 820.3618235758383
251 688.6511464819391
252 328.0151011016598
253 168.45266060013208
254 149.69948064181514
255 64.47128802892587
256 75.16087493843008
257 39.238956797630024
258 47.811514851501826
259 56.20354876167595
260 242.13847629124996
261 124.15732638534509
262 38.76857809392153
263 327.582597152163
264 721.7168075546405
265 110.01558463730957
266 6.0842309839714455
267 299.3308440877778
268 52.453776990724556
269 121.33395651037083
270 16.045988530166763
271 169.8204715324738
272 24.608419888563823
273 892.6676440419459
274 611.3966331555401
275 197.44085507303234
276 95.22005696358468
277 249.51741909795376
278 377.18994519328834
279 156.9984926309711
280 275.0350567884725
281 41.33531946761859
282 49.6100447480974
283 225.21312387144206
284 10.764531152995314
285 94.8587548329796
286 242.3877719674462
287 126.8694145445266
288 11.756443352546409
289 64.13461627835835
290 146.2595317679466
291 329.69236883924435
292 219.1808133015753
293 323.91695040134715
294 127.30509079518808
295 188.66329686949098
296 53.0226528767967
297 309.91613295699295
298 722.1826159999068
299 493.21409092263053
300 266.29647308903765
301 354.89073986744756
302 170.73053379926944
303 32.50479627554396
304 150.87878432958624
305 215.079703415518
306 120.07708611308124
307 1778.8891429110124
308 27.904300776097312
309 194.58608164656462
310 250.90116029466643
311 79.65169038724109
312 20.579949914673573
313 121.86585985924417
314 77.59796885959227
315 220.40561391184505
316 13.120231609947638
317 231.24689666549327
318 209.73297947353294
319 95.6276518011661
320 333.58635920118013
321 30.397914553275502
322 16.274729781982355
323 56.885952062257445
324 57.89883614362646
325 58.2429580092061
326 22.631178877773436
327 262.8801614875653
328 94.68069508091779
329 120.3082677457599
330 595.6900583850661
331 41.07286857754701
332 139.20107023681123
333 109.4381272408595
334 59.25105418056378
335 44.31795721496084
336 180.57186870977478
337 28.817275331957454
338 155.85833769006499
339 116.09078151678236
340 223.1413381089519
341 287.6252646090681
342 160.1110543225188
343 91.874509614713
344 15.799222820395563
345 679.5270298664091
346 1048.6058316654844
347 113.2465038549637
348 64.41674101229856
349 317.8319234422972
350 56.51755933866155
351 237.7197330206171
352 73.6981746507056
353 24.52792166957712
354 134.71443150807863
355 227.96614345322155
356 71.2626519798813
357 18.302725306357686
358 50.60466765881066
359 740.6444931948994
360 288.8570350360651
361 71.71501309958938
362 437.4686493948167
363 27.784487660782652
364 23.490084274140315
365 109.0094593157204
366 16.117391004396175
367 315.25410983435376
368 183.64138754509725
369 90.50215748588359
370 8.085336254471564
371 147.28515021455405
372 5.234222853924878
373 53.55944656242038
374 49.312204925916404
375 28.62468882656951
376 80.32713527553183
377 92.03965068388737
378 61.600719197496794
379 119.7693451471952
380 232.95394110791722
381 66.1499608399346
382 75.14536145420256
383 129.07548373132516
384 5.009083418307018
385 1118.7342562399992
386 97.00066411639014
387 9.094616172205805
388 44.55161726000224
389 42.19268709779901
390 40.410724091743646
391 259.3279319311042
392 134.39079472262287
393 91.60794254442953
394 29.90073103537828
395 58.04018642794314
396 163.6074805004751
397 55.81603769176321
398 38.251106573816344
399 173.99954891832414
400 18.060919151425736
401 116.2611631650728
402 49.757445429926356
403 25.89644533099691
404 100.74013627950886
405 49.70314193623236
406 25.45076759245433
407 7.818054084231014
408 36.044525550735386
409 232.19244146693947
410 247.22015333949395
411 18.168537225071614
412 16.01892386063828
413 9.301394478336917
414 16.16678691665875
415 80.01327649215703
416 63.811488951110874
417 153.49845209554348
418 128.27280635368692
419 43.82134178259872
420 225.0656809608669
421 40.78569100889202
422 14.449127352057065
423 22.76180237837269
424 45.39323824291346
425 130.29395485867877
426 88.13252783522952
427 116.22480450548682
428 53.938242256837285
429 50.688689427146
430 138.64699755405306
431 49.49693761624244
432 17.705561959224518
433 49.99149348885146
434 4.8604374239036945
435 25.405469051743324
436 57.05713162292557
437 18.261277729420136
438 4.965852754315561
439 172.02381002746353
440 25.010695894139914
441 121.47490101168799
442 152.62006946423594
443 437.2513823784288
444 17.776004121435303
445 44.1137802619335
446 203.0305762392525
447 59.601702638574
448 28.511238605003417
449 27.149955462326076
450 41.227925206779474
451 110.23149563378708
452 120.89717377741634
453 26.87464338760086
454 6.785204265068642
455 66.23247604126821
456 15.80773004366273
457 10.535192583092806
458 12.661981748858459
459 685.673822066327
460 124.92601359976159
461 17.87427482247209
462 102.02632707775575
463 84.06120217820389
464 182.37217344431778
465 76.48719879596132
466 4.103966502774559
467 128.65009301690407
468 60.185009098926486
469 14.23989021807737
470 13.820005484472652
471 34.86202081497871
472 3.7871975326594183
473 13.080954017223425
474 41.58310620835039
475 16.216976177477665
476 21.01636770295883
477 92.97175773131887
478 81.21655471350495
479 15.460368139781405
480 151.52782791184202
481 44.0409439353982
482 5.7723355496020545
483 42.17489738304387
484 9.624276069397101
485 172.92295710638
486 38.266528635312696
487 12.74972316807266
488 53.680947728425494
489 10.38996614061587
490 53.431412014386765
491 16.942598213877396
492 133.4505478020222
493 152.8807352784191
494 41.18192920910999
495 29.74422018108365
496 54.22776412686566
497 38.574156648857205
498 26.086267014213
499 43.35418457688965
500 18.51570628435062
501 107.92939632190813
