evaluations raw_y
1 9.327924362783751
2 15.084660950905054
3 13.799051445703073
4 19.854790805216144
5 16.351421612458587
6 13.213141268850094
7 13.868682842343404
8 15.513298437835317
9 15.682641591545766
10 18.139085771565316
11 14.486935021820479
12 15.54095607245208
13 19.166994894966635
14 18.873542585131883
15 14.665516628722422
16 19.826100841084084
17 14.67716336635871
18 13.971502560052167
19 18.92583828509966
20 17.534283600921462
21 19.432352086647214
22 13.017553327815614
23 16.373783564480362
24 15.86531303800692
25 12.797966367163497
26 17.42836781787591
27 13.30866290337425
28 11.483497683998403
29 16.194757901662843
30 19.8215136416616
31 9.327924362783751
32 13.76555037472652
33 15.579391639785506
34 19.778768540418493
35 16.305235379702758
36 12.609836314255896
37 13.290935056760784
38 13.176614311011145
39 8.277790357729936
40 11.41140646416616
41 13.265789866214458
42 11.697251010388566
43 8.446367444057701
44 9.624476126297493
45 12.412413122483526
46 15.039266406818527
47 12.230018964842037
48 15.319898713460255
49 10.888110344241824
50 17.934382280316154
51 16.08832524920589
52 13.339941494294958
53 15.660338339733489
54 10.967879500036263
55 9.634312744362228
56 17.158577027320057
57 6.520506668118008
58 8.668141685708932
59 13.042488319115959
60 12.090528161898533
61 5.571131792998752
62 9.52904257343336
63 13.001196868176418
64 6.273434203667607
65 5.115178047942287
66 6.545165939351179
67 6.920793814309098
68 8.711731084924038
69 15.214600792540274
70 8.464960665332924
71 9.411946615845842
72 8.577659725818755
73 11.353871520784375
74 18.962074347448983
75 7.197293700902086
76 19.659824231275287
77 11.836581035933825
78 14.516710187086728
79 11.027106438250994
80 11.648049354748352
81 11.258950739468913
82 12.67767353993716
83 6.288648934605481
84 10.746636617584052
85 16.813182932278234
86 4.97839374027107
87 10.975437961374436
88 7.522881984918453
89 12.07986270243398
90 15.959366933252028
91 6.8094514196093625
92 8.671000720011635
93 2.8269194759237326
94 5.8322364346997215
95 10.763766627562429
96 10.822505681510698
97 7.726399729389829
98 6.909850579755346
99 12.120154922023461
100 5.363732136161407
101 12.109157356793604
102 13.796084009142614
103 10.856641217542741
104 15.548010807931789
105 6.307259909021013
106 14.988218543101642
107 11.383848507197664
108 18.404962564747827
109 9.67244940165135
110 4.912685299542897
111 15.761187788540392
112 11.531951466129005
113 12.897732807129685
114 10.467629689686298
115 6.969123610154792
116 7.77397054857333
117 11.328234438016674
118 6.729610340077995
119 11.093088858270317
120 14.117894207529442
121 7.067430980301013
122 9.581622109356605
123 9.589244990533974
124 10.023936836359171
125 12.727545500891896
126 6.066652002973736
127 6.884753247826965
128 7.4507513968523655
129 8.976573294421932
130 3.2038434179261084
131 3.9789426372828527
132 5.446594275188455
133 10.569938004595384
134 16.45166068406675
135 6.799700107881209
136 19.47044219657928
137 3.5890373292656816
138 16.86088228548393
139 6.789564369895314
140 5.5749852700353895
141 13.209115791688216
142 7.274398934676211
143 10.916100317050088
144 6.3737814857452575
145 9.506995261285576
146 10.519189136194925
147 8.752950126427532
148 10.006234072510054
149 7.85786465987979
150 10.818426817270597
151 2.7310475168272665
152 3.441441891566189
153 4.679738337247607
154 3.779536397375484
155 10.067540802213454
156 5.551428632882803
157 10.052989709775744
158 6.78355615637269
159 9.664597224130908
160 3.7929560311358195
161 2.9345739904419266
162 10.558046887048828
163 13.442061072966311
164 13.870535414213453
165 6.162551637586993
166 14.42523469869036
167 5.50318097510147
168 14.455839156458344
169 3.2594963396737002
170 5.552177210208746
171 9.894611605589436
172 12.108361008209092
173 10.842653827042078
174 9.251091004683687
175 9.78369338488231
176 16.81432163630515
177 9.675853865705497
178 5.960751715973841
179 3.570096311404591
180 15.076786948323285
181 6.409768773309549
182 6.623757830650749
183 8.38497754439904
184 8.766190147250292
185 7.110376769660759
186 4.029887861606809
187 6.173526567142751
188 2.4474288323617506
189 10.856445987430732
190 3.4952527812740883
191 3.7317040697713018
192 3.705159491498828
193 15.97322716386573
194 12.332227884377211
195 7.024387881825549
196 11.63299520739103
197 2.47809379629385
198 11.886941589362888
199 5.337902910158375
200 6.9799560025234095
201 11.926341187280421
202 5.698177585339597
203 12.592270723650298
204 3.6235127357298325
205 14.014928660893808
206 12.906635538901497
207 9.524632199275057
208 12.304972890418052
209 7.241390222272102
210 9.847232558210719
211 2.661053804987279
212 7.0477894094984705
213 7.186106379589673
214 1.1629778899936463
215 8.040583617902712
216 5.188346430244663
217 8.169636757908702
218 2.4501498091222627
219 12.807659504578252
220 1.7213254415903725
221 2.4508666062822377
222 8.712418990891072
223 7.182711633724896
224 12.698145794356858
225 6.190060907010191
226 17.381656596316663
227 4.615957256353891
228 8.713217664727523
229 5.937506077068947
230 5.042228959165576
231 8.86742271374637
232 9.328801347588971
233 12.269771321994766
234 9.433400000149353
235 10.711851436259284
236 6.77722900287642
237 6.899215126483734
238 11.46902414064743
239 2.595788277466579
240 13.63458645504625
241 4.201113568779641
242 1.386455858968188
243 7.637847288653779
244 5.399342552766806
245 5.753283066035393
246 2.8394394334350594
247 6.250001328628999
248 1.31583906435967
249 4.103326458103991
250 1.6411638805311526
251 2.598309648454976
252 9.563644359964904
253 7.19724518201154
254 15.518713315492967
255 4.779152234145903
256 8.767798324906861
257 3.722469600534745
258 6.366677543693114
259 4.75827723123116
260 4.655055032781476
261 1.9946635384126497
262 5.218300756344555
263 9.60023406673306
264 1.990369382995077
265 14.668779996810006
266 8.405013386046212
267 9.919605486139707
268 5.842357711364459
269 4.403706548749667
270 11.41352964346338
271 3.6637690045624245
272 4.535838939155395
273 10.639077162511288
274 5.966096356855892
275 8.036548287353527
276 0.9804448112078067
277 6.565817284105162
278 1.9369157489894537
279 7.742777635349533
280 1.229443919359748
281 1.783223128901373
282 0.9237858642040323
283 8.206432796396069
284 15.469071096662692
285 5.887704880744023
286 15.227487328390135
287 1.5071570477812037
288 10.542669759028012
289 1.0449387053694188
290 1.3698294224886673
291 8.558370758409115
292 1.841177729417187
293 6.439096216433644
294 2.8359952953031593
295 9.942909060866555
296 9.789416542831205
297 8.605183646048443
298 8.765434232611245
299 3.2973935288806207
300 12.20019021085833
301 1.7364411275200233
302 1.1867134836708297
303 11.961459969174538
304 4.551706586319854
305 1.337914883132619
306 1.3102751379841389
307 4.499726117667638
308 1.1185690963262658
309 6.137996922763822
310 0.9440886178672669
311 2.2435353024673184
312 7.08816724291318
313 5.519791438148841
314 14.00959510389114
315 1.9568144554121218
316 4.8146236418486765
317 2.650023752471196
318 0.9772516053883842
319 2.6405003245648713
320 1.9926822592931743
321 2.038571205991302
322 5.052008586763069
323 14.173281071774605
324 3.6477277241526136
325 12.860692059539309
326 11.354905130899372
327 8.642217815268339
328 5.294060488523885
329 3.295836845163406
330 7.503704794315615
331 3.373574939090747
332 5.93548680114221
333 3.813231571466571
334 7.097345860076947
335 4.502967389336092
336 0.960949953839748
337 5.920947631101017
338 1.6546968240863644
339 4.400910956873404
340 1.0040225867557848
341 2.042526931156503
342 4.157037815879201
343 5.100776577613289
344 11.1931665525971
345 5.495489570683564
346 15.723670328450673
347 2.186004428490979
348 4.972661267157245
349 2.3190815457076264
350 1.1095118625713514
351 5.810093334065539
352 4.656558862853568
353 10.365224528213897
354 3.1640213673632895
355 10.913509536061323
356 9.548829472310961
357 5.079623132837352
358 7.390696732952954
359 1.6511954706069134
360 10.401480087696548
361 1.0626930648494193
362 4.954690136294115
363 10.424607122094974
364 6.364666989027583
365 1.7847652550167972
366 1.5198806293132279
367 1.777224711259202
368 0.8647051320312726
369 5.906158881702188
370 0.9088214795667928
371 2.5705907526365706
372 4.1447264243394955
373 4.684706958616324
374 9.413153372771415
375 1.5584012437010926
376 15.521845661311144
377 0.75305697843066
378 0.853862459164058
379 4.242723629219475
380 1.0526705853005214
381 5.501310943102803
382 4.877429367822018
383 5.5446442284026975
384 2.8433299706593145
385 13.20822059997963
386 6.109610438842067
387 8.258783107091663
388 7.737459359463072
389 2.2483317905235847
390 9.23585399826353
391 1.988428297281589
392 6.360195964746003
393 11.25947666228561
394 7.684708741101466
395 4.983524196003261
396 1.4909311822161067
397 4.878294999075979
398 0.927986088423711
399 4.886150675647075
400 0.8073971735894502
401 1.2989394751144303
402 5.237908125918894
403 1.5332451369651117
404 8.602832275752046
405 5.018741049274388
406 13.238808486720313
407 1.283255892577396
408 1.8032168280145895
409 1.4633115921971687
410 0.752278645710208
411 6.622192690087598
412 5.14442062291953
413 10.072835758874977
414 1.2015306914171573
415 12.066812917027235
416 6.0165597069454275
417 7.9474747375872035
418 4.714488463681439
419 1.0883840873064479
420 7.50634346098396
421 0.8659678736550913
422 2.3459171643070436
423 4.510012354797264
424 2.4717735120328763
425 3.3640107599931537
426 0.8714842611627788
427 4.787275069595803
428 0.7884677827065448
429 5.226541974549809
430 0.8117621869660389
431 0.8561728210288111
432 3.6325247061245616
433 4.462657900685532
434 7.063271254227576
435 3.5892591533016036
436 5.396675861236434
437 0.9757986805701272
438 0.6436696321911577
439 2.494753194743062
440 0.74940561644946
441 4.758343378979184
442 3.1247763804895077
443 9.951433645827613
444 1.686196901697675
445 11.290368258097075
446 11.782645154205886
447 8.586825070542274
448 6.463366769240514
449 1.7377399731101577
450 6.945006496033819
451 2.1054701511874576
452 5.350653654564774
453 10.994736915844653
454 6.733659505128276
455 3.841255633909089
456 0.5914549648370888
457 4.612736938911322
458 0.8103234479545289
459 6.184245276006873
460 0.6669474309536971
461 1.400434580628008
462 5.065188724450346
463 4.57124688627504
464 4.808334041990433
465 5.440176158382888
466 11.107654661347997
467 1.176664364313626
468 0.6206305049895592
469 2.7793262666585976
470 0.6591131963445146
471 7.145467934306348
472 4.72471415623087
473 8.393900781313288
474 0.5371336170744521
475 6.804235225800922
476 10.217608532674847
477 8.219370544633263
478 4.468068255851406
479 0.8262148046421691
480 10.157594924500764
481 1.084811271587212
482 2.493845378653612
483 6.365872339170267
484 2.5095738336614497
485 1.2543250511208965
486 0.6427181037284332
487 3.4251431826403667
488 0.66266269862738
489 3.7353348267734097
490 0.6171117037304062
491 1.3717297551149
492 4.5864764208174345
493 5.113107296250932
494 4.29504660632376
495 4.681927056128598
496 9.572294701767488
497 1.1726962803145442
498 0.5907814242613931
499 1.2289236502750545
500 0.6218406197587502
501 8.143210259526105
502 1.9816290683865054
503 10.581354971355246
504 0.9876786190380838
505 12.031664122777684
506 5.486072571108785
507 8.352625088047676
508 1.3435147520774273
509 1.163170415651369
510 8.668541829946175
evaluations raw_y
1 17.34563237520898
2 14.173157454083611
3 17.304382773737878
4 14.238654618851438
5 19.368599435777774
6 20.108349262764985
7 13.998546245017058
8 19.198679355596955
9 19.731023479353276
10 16.734409276625417
11 15.540894108590523
12 15.29425415687361
13 15.60999226180138
14 10.096817797541188
15 18.17917224134892
16 19.12859330946833
17 17.934585934633347
18 15.733800935977953
19 12.625061939971951
20 16.069156685315853
21 15.198532400572212
22 18.492251226698787
23 19.831619298014203
24 19.836533503323256
25 19.85490392269742
26 13.362825883007371
27 14.849247123454044
28 18.200667395515815
29 17.157054133775205
30 16.916859697555005
31 16.783310037420218
32 9.550121776314732
33 8.974219388241774
34 7.694981869818793
35 16.74939713318392
36 16.689090467472404
37 14.39552330402343
38 11.182930914636952
39 18.647663756462364
40 12.886922493888214
41 10.970253009174915
42 16.72962643903985
43 8.303295256230376
44 10.096817797541188
45 11.509961917426931
46 10.940160784477342
47 10.525834898380877
48 15.597727313780677
49 12.515835421152829
50 9.988506406608407
51 17.697843766823357
52 13.83453714989422
53 12.97827598184311
54 10.237762690347035
55 20.014156292305262
56 12.873372830064495
57 11.228135360773347
58 13.80449821480734
59 7.907940087219604
60 18.51080721856207
61 14.634739464678077
62 15.6317891889438
63 10.08900334247332
64 7.701374633990477
65 8.938907396213843
66 19.73429628959171
67 12.473195136767323
68 15.603041782764423
69 5.802114344669183
70 15.70641231042124
71 14.522022511748442
72 10.715470138502733
73 11.766373602197277
74 6.81639004484078
75 10.370531456080514
76 16.366727449133933
77 15.071499928646485
78 11.065292211707362
79 12.817402936697357
80 11.58823853202501
81 19.899209786098638
82 13.561024716710264
83 19.135909475262935
84 11.635164788302014
85 6.455546566861333
86 12.600204093921754
87 11.484904360632568
88 11.668366648085495
89 13.736715429264889
90 17.053321168260158
91 16.185494648936626
92 17.595336810596358
93 6.850874070104236
94 6.506977022851396
95 13.611118893910515
96 10.84004590585767
97 13.452055675655105
98 9.593418193396303
99 13.14027435406923
100 13.627875296724415
101 13.959616160326442
102 9.756339701211573
103 13.377618892797482
104 11.40862844349737
105 12.019702598422425
106 17.7766338494168
107 19.448480879080822
108 15.33073267654742
109 12.77710156972606
110 14.11894121544408
111 19.459430908161632
112 16.915629371388448
113 9.30149530642462
114 11.672694997516192
115 12.569154237050462
116 4.635077624303548
117 13.255518448027434
118 12.111061485611199
119 10.700433101003057
120 17.88929911329704
121 13.143061708050318
122 15.175616426990194
123 5.0105820051224335
124 11.404762707049054
125 10.876274449785987
126 16.52969149564331
127 11.510621911168851
128 13.2471189976399
129 15.832635688190205
130 7.4642055228149315
131 14.085891313068455
132 11.409249527275989
133 11.215733699129757
134 10.54285461435135
135 5.668336696398492
136 16.097109763356947
137 19.51539496279251
138 5.350592630477364
139 15.66371552284656
140 12.50873235008961
141 14.007331489343928
142 11.472140982377473
143 15.662465248200617
144 14.058898229402018
145 8.664685481896939
146 9.22553771174799
147 11.175878560887867
148 7.044525980648776
149 13.903521538284522
150 12.940699652469906
151 10.457404016378558
152 15.566890374773372
153 8.548336366169806
154 3.905397695059729
155 16.475891704439285
156 9.649592469471164
157 3.855866657601142
158 12.059667831846344
159 7.603302558432793
160 11.683943607560876
161 6.977732339746996
162 11.48824487193101
163 10.920459371998861
164 18.258965838393166
165 8.654634373842391
166 12.322225815646334
167 19.634489406662937
168 10.9752842964989
169 7.380255664786544
170 11.740406087470607
171 19.174347253114856
172 16.36104822821428
173 8.57708916017606
174 13.013032257679122
175 11.542985309726179
176 3.951413559755113
177 12.81663317618664
178 14.463357891500626
179 11.323323552749585
180 9.222936541708636
181 3.406581971111934
182 11.586369133881647
183 4.879915655555902
184 4.001537752107725
185 11.001364549353134
186 12.259252154439626
187 7.254772318484463
188 11.06745952800575
189 9.877700153327075
190 6.310019384659075
191 12.905365222737665
192 2.704235513055866
193 11.300184896987647
194 13.537777246621395
195 5.036543420645353
196 15.111843986151616
197 12.13840500239268
198 7.346451068104856
199 11.97203919469689
200 11.109798100600308
201 16.322328640848312
202 6.670101329597269
203 17.707185661338077
204 12.290160599893666
205 10.368839421162765
206 5.895088641033793
207 10.85461625604421
208 2.8433149591011118
209 10.134229709663122
210 6.934932234423528
211 6.946257020621628
212 10.87524894409488
213 5.904349267151875
214 3.556435993753453
215 12.381182712260042
216 14.557682680593675
217 3.157133846671038
218 14.248007754491987
219 12.169458623402996
220 10.258174666852367
221 6.533773596233757
222 14.256822046059172
223 8.312826358060901
224 17.077717889997416
225 6.826642408919108
226 15.52738443852927
227 12.741806367730064
228 3.536504907288907
229 6.027574978933375
230 12.885247465542765
231 14.118672818135327
232 5.2088386092912895
233 6.911662540059958
234 12.932517114719825
235 7.260202555150938
236 3.5651077032463356
237 8.41638403743967
238 12.295537586329353
239 3.894079067219885
240 6.59510393975681
241 4.12887785570415
242 9.408981070084529
243 2.39251278097778
244 6.153096387528624
245 6.113368918830699
246 10.521552355568794
247 7.966748639875144
248 9.478896391931436
249 12.045922194441646
250 4.981037436921425
251 16.306038064007616
252 2.2844913998472753
253 7.860918784227379
254 15.795368173336662
255 3.6714128961144503
256 10.864853074667716
257 18.63280911677324
258 3.350466729625301
259 10.026479984318936
260 2.6437435440323913
261 11.638040519581192
262 8.337826303648153
263 9.788677044577206
264 10.70184904194326
265 9.266637069031674
266 2.7635529563550207
267 7.355629350851102
268 6.874718420121015
269 8.537923843714747
270 5.436742808392714
271 5.109973605797532
272 13.080908272154199
273 2.710707604681484
274 3.2292536119735784
275 13.252157833485036
276 5.646180637064116
277 3.406780306522422
278 6.565963248548418
279 11.634852619772394
280 10.262715414279716
281 3.3980728515777674
282 11.980025137509088
283 5.633859781677705
284 15.54119079474885
285 5.060880898779579
286 15.8527782708542
287 15.031455325155534
288 7.008849938101141
289 9.661440850842457
290 12.085105155074604
291 14.272431632070314
292 3.3076962671375263
293 3.8901445473655514
294 12.879790585131204
295 10.340800044393326
296 3.0477166693887416
297 12.12521790001894
298 12.176072896396963
299 6.706562912118061
300 5.464256740391021
301 2.236424031768492
302 7.955086184859713
303 1.6233865420573141
304 6.345081574425218
305 5.862350491399045
306 9.034537139809233
307 3.9948791311507454
308 8.473698179017015
309 12.380995981762226
310 7.797390993475982
311 12.061924567791271
312 1.38982022635807
313 8.162354180710281
314 15.974342633695397
315 5.601875791810535
316 16.95165350190305
317 15.651259428762014
318 4.936637031484821
319 7.083718809442116
320 7.615128567028252
321 12.034919153830439
322 3.145795274561568
323 5.589386100707878
324 11.636905689883731
325 8.156620525447561
326 3.018376234290356
327 6.356329928160578
328 3.6586980792084463
329 7.0981482497048365
330 6.310635564168503
331 1.661921227154196
332 4.761656826138423
333 2.634676823788588
334 2.126752000270766
335 3.9625987365620903
336 3.5765616425828735
337 6.7632997779875605
338 4.940740535554092
339 7.718514145191872
340 10.087341244298091
341 12.071396516488775
342 5.834461608656287
343 5.447624115674901
344 16.423802778844458
345 4.811900192197418
346 14.335039170362446
347 12.974927591013524
348 5.997522092749417
349 5.97859517597617
350 6.398715118844661
351 9.337641826092739
352 3.050933567493106
353 2.8464012424548555
354 8.614336516388201
355 6.4328237441964795
356 2.9356187415092823
357 4.257492711187597
358 13.29997568231977
359 1.0910762108173855
360 4.907253712099939
361 1.4271363583316565
362 5.705610188360373
363 2.958455591170405
364 1.7863254777560198
365 1.8666097625257203
366 6.343322016808651
367 4.514488083263383
368 6.496878181768359
369 11.304105459360093
370 8.235596951873054
371 9.057005606200667
372 2.204322883845578
373 4.580547397342168
374 9.990226218654364
375 5.527855870655178
376 18.761532244716665
377 10.881053432718186
378 6.621334419668695
379 8.080497407899342
380 9.454902695966517
381 8.437004358225115
382 1.2857307944501253
383 1.6471060262011408
384 5.244231689688101
385 5.1757587841390045
386 2.6628514256471605
387 7.600372230828962
388 12.989615602462983
389 5.170192522164614
390 4.957631866451835
391 1.3562354138777903
392 3.1348541940860013
393 1.9247517443113553
394 1.5608521778124438
395 3.0096874267213494
396 7.867171411437408
397 4.161078109944773
398 5.7573418831410645
399 11.432557662284337
400 9.913474138338069
401 1.6860887089787946
402 6.16671298952546
403 4.6195765197153715
404 8.701480052040901
405 4.446671528439194
406 8.661208678915447
407 15.627789211040866
408 2.7012206414169624
409 2.90348286751343
410 7.8536241505351265
411 11.69737520283195
412 2.4430330509802007
413 1.1257114575663576
414 2.3954865770534353
415 5.604897484748832
416 3.093489360969767
417 1.4586457771997952
418 13.201396470794103
419 1.349456083283149
420 2.6447798018676254
421 1.6916696758627674
422 9.027724289897751
423 1.417212393206748
424 1.3798462571100787
425 1.8367691944255093
426 8.224041533993903
427 1.4553761708170971
428 7.051790315713122
429 6.154955660741263
430 2.461758991651116
431 7.5274324063187255
432 7.142997178750502
433 2.8147971805646703
434 8.30051021710699
435 7.016001212369419
436 7.89647506013543
437 8.8841268268877
438 2.880861736162615
439 8.01570687333748
440 6.106034333204099
441 11.966234110589863
442 1.1258825884155872
443 1.8092872999681195
444 3.1649863927049706
445 4.817661877393838
446 1.9007029446718313
447 7.504319122393931
448 12.285216774427637
449 3.432731983019372
450 4.7991205271706985
451 1.874720857515276
452 1.1749567082472414
453 3.0128212433667136
454 1.184338625770873
455 4.077809818715877
456 4.691195714360968
457 3.8965981712399653
458 7.211975236878427
459 10.86247551560865
460 9.481916772666697
461 7.046805689353161
462 2.7605583494412462
463 5.126218522150317
464 8.550751208709006
465 5.347307116072747
466 14.677410523607094
467 12.079333069354174
468 2.4000144218077737
469 2.1689007820894664
470 4.800249681272336
471 9.87141305771356
472 1.6792225784402095
473 1.0196522407458377
474 3.3384967614367422
475 4.858696427991248
476 1.481188643208452
477 1.090447286635452
478 12.836884212481948
479 2.9384504908705136
480 4.333169982582833
481 1.3286157261176244
482 7.878257677441215
483 1.0383338187290176
484 1.6572025907490102
485 3.0709393604403106
486 8.032600440626352
487 3.063604456495906
488 1.3432906662086164
489 8.60971548108503
490 4.623231052862683
491 3.0494222719472575
492 5.816788305827801
493 4.269975340901644
494 3.5021677254429155
495 3.3500196488694285
496 1.7199226032456252
497 10.34037551594796
498 4.781937972884052
499 7.720818828583697
500 5.789405752119471
501 12.240730361496489
502 2.0881937256836367
503 3.202708929386843
504 2.92608056691415
505 4.126063475155685
506 2.0395276275304353
507 4.961211972391016
508 12.725183938586712
509 0.8108653728511945
510 4.389914826946884
evaluations raw_y
1 9.026191544628771
2 17.82344074513685
3 11.122016184948
4 15.968225757340484
5 13.753422591114685
6 17.250381141254323
7 7.718314302105067
8 15.8236631518815
9 12.889482070364693
10 11.158670608822945
11 13.779962749454251
12 19.945723749760152
13 17.790837119792055
14 12.54824823659946
15 14.07878973250438
16 18.386588655033364
17 11.815483422970749
18 14.003821156826834
19 18.933864652809184
20 16.28519470003871
21 19.676621964581305
22 14.01216012539482
23 12.767880709430267
24 12.664196926306445
25 16.468880100702755
26 18.459699818508728
27 16.120916110718365
28 16.683763615323105
29 18.87028732419975
30 18.923572001813746
31 7.897100397092896
32 15.839181384241087
33 7.3361355022075285
34 15.895511814832371
35 16.11051134565243
36 12.100530962963422
37 7.718314302105067
38 10.18307144072886
39 9.92760628667991
40 8.641636976159038
41 9.063700616685352
42 7.885972635429481
43 17.60714710228926
44 12.09414350846443
45 8.467329089608079
46 18.79390886947452
47 7.749315009182203
48 15.713012444953018
49 9.837580481645226
50 13.275800902275718
51 18.36018280271817
52 12.390833166520743
53 7.9536330320910755
54 13.38348376083359
55 8.083377687598816
56 14.9897440574559
57 12.39069954834862
58 14.80612969914439
59 9.447137530490835
60 17.080415680364826
61 6.407328750600268
62 7.746172496429802
63 8.626095627398202
64 10.61248728211177
65 16.22984093592244
66 7.189468795323993
67 9.875587281714036
68 8.085503626178516
69 16.002003549137125
70 13.656100557112294
71 7.85585264695567
72 18.87383489499691
73 15.246113143390103
74 7.603644382748193
75 11.101831708531039
76 7.859538171430698
77 6.1978465637808995
78 13.405080766875631
79 6.978916248103287
80 8.099764689389055
81 8.565598424699473
82 6.538444284924653
83 13.504670502627775
84 18.58219728447755
85 10.647199027830078
86 6.583665228266071
87 16.07918676794474
88 13.592778842120689
89 14.31555557495005
90 12.941303509585826
91 5.928356682445845
92 5.9802463029793165
93 7.009592807749373
94 13.929325501747783
95 14.210374455759386
96 9.928015427872205
97 7.5196438167342095
98 5.3354314064737896
99 12.772299238575219
100 9.670768313194587
101 5.715056004259376
102 10.340335714847008
103 11.291642839952253
104 9.333571396894026
105 9.815572108062508
106 10.380038081989833
107 4.321526766000362
108 6.315845876706051
109 5.204733662295288
110 12.71357907474029
111 7.825337922079769
112 5.814334668532732
113 3.6085338094435855
114 15.792312477792729
115 8.015598257876464
116 8.685390344113639
117 9.83135044974264
118 9.765781461600572
119 6.061316283507706
120 15.43719353217075
121 3.2647393076833895
122 6.808417343539498
123 4.378722962271204
124 8.860734790338912
125 16.529489242732225
126 7.909545392586494
127 9.639252747065434
128 4.651055787564343
129 6.607802242012851
130 11.384588647715551
131 5.366937917899569
132 17.18343846494698
133 13.314670119251048
134 5.694792252155956
135 8.25083059697753
136 6.3139786751766085
137 3.4310820862754454
138 13.453984667186086
139 5.720472337581069
140 2.869391405990814
141 9.231983227519958
142 3.86415673093431
143 7.833506333736312
144 13.525666023006668
145 7.354224113579788
146 8.366437475674061
147 16.088273637632717
148 10.38571314682197
149 11.105357732216781
150 9.090104969385965
151 3.4163316303731186
152 3.305678140245591
153 7.564759688309701
154 9.163148181515346
155 12.718031305196419
156 6.321897732200177
157 9.136048287260758
158 5.202425253226635
159 5.325003785364191
160 10.421986079487597
161 4.756251370139666
162 15.506848464335839
163 6.116096111666977
164 11.02747254803276
165 7.7924030817233065
166 9.318958124886668
167 3.959492300235599
168 7.043829438493287
169 2.7788976885271084
170 13.182274623863549
171 4.946376778564103
172 3.374949560841831
173 7.489097383236526
174 12.659131706103196
175 2.6242991656123804
176 6.252160182108196
177 15.346395898034396
178 2.8958327085741185
179 4.740235166128153
180 12.266511444212107
181 3.1317123687890236
182 5.407131596997275
183 3.633280631049963
184 1.8824897402334777
185 5.051609832871764
186 6.579675975275095
187 9.118943489448103
188 6.0701432925895045
189 7.397189677550958
190 7.286707472740687
191 2.4234371218997626
192 12.755535900878979
193 5.325652801121765
194 4.404516925722392
195 4.725217716054826
196 7.743969242804105
197 2.6287339618799095
198 9.951747504487603
199 3.7626637623035197
200 8.970197279070542
201 5.235981004675899
202 2.456298332507111
203 6.064665721711358
204 13.924036350460899
205 5.841138299790862
206 2.7604704624477296
207 11.622532556809592
208 8.33406685437041
209 10.005227802406841
210 11.664175589922804
211 1.6998626739900586
212 2.705983113636587
213 2.23496305135085
214 7.451714193891096
215 3.041404484804571
216 6.018232203736979
217 3.3285777969518193
218 1.4633625307313978
219 7.022175014953852
220 9.51580556237895
221 2.190265552541931
222 16.714945353338308
223 5.488130121363142
224 4.30122325012142
225 3.9280940384502374
226 6.99116750301315
227 1.7304538440985482
228 3.9250445106605207
229 2.1443430948618385
230 3.061066066807811
231 5.626228579075848
232 1.7183640625227852
233 1.8283558308820393
234 14.021873880121007
235 4.482879415592548
236 8.119070073747887
237 16.825888947823376
238 2.3506542920908164
239 10.693618332431997
240 8.22738911333649
241 1.8108551195124183
242 5.020232288280115
243 4.769036420530798
244 5.511582775038618
245 4.938110316415559
246 13.250268617717733
247 5.784457699852669
248 6.750401618416341
249 5.179011387598103
250 3.3568348423070216
251 2.1787731298037496
252 8.383319923575817
253 3.903034466019123
254 3.734120630359526
255 8.293142883359844
256 9.815914123195547
257 3.147517834389178
258 10.422691015282338
259 2.1028619761573326
260 7.58981881336936
261 3.742111422887277
262 1.4193822068119637
263 3.7179560419812
264 14.251483083593973
265 5.769485501809687
266 4.3419715834902775
267 9.143155082466551
268 4.778521721056797
269 4.550715865945418
270 9.349276064681481
271 4.622024939730199
272 2.4520072407370366
273 1.2641984514512652
274 2.308480745603916
275 1.6990950332360506
276 2.626013745553598
277 2.2302197267570065
278 7.104347588498277
279 5.177024202015135
280 6.264193320294687
281 1.567003821948721
282 11.984366060446813
283 5.421719871608618
284 4.8423504764542455
285 7.3330252821546535
286 12.212109131789795
287 4.741441464940182
288 10.136447565731917
289 2.647016297087185
290 5.164511109501757
291 4.473328504038852
292 1.338700878860272
293 2.363924482527903
294 13.161086774091117
295 2.5479020291989993
296 2.208327925682002
297 15.721011288194987
298 2.0978610284124857
299 10.599730161393463
300 6.269237928449683
301 2.028464472299675
302 3.1131933271744203
303 4.6692753092323365
304 2.667493475928752
305 1.6157734830781734
306 14.179428030203873
307 3.7420441637182087
308 3.9967834825795587
309 4.85756144521461
310 1.6653265619647728
311 1.5988251706380692
312 13.050395622431747
313 5.271474302078929
314 2.7099966314951653
315 3.3096848354796284
316 7.548730131250142
317 6.839549684240682
318 6.383610720101458
319 2.213142653902525
320 6.404598628342706
321 3.7137295623575515
322 1.2484051339208946
323 5.251994178669133
324 15.306843163897792
325 4.597243574514514
326 6.440605380949046
327 16.105805091395123
328 6.452396082967607
329 3.8349329323678725
330 5.573633059855468
331 2.463170085320973
332 2.1112038731197957
333 4.01474951411853
334 3.4252886471785247
335 1.4522645590871996
336 5.048269217853324
337 5.116651049216864
338 7.299549739303462
339 3.1683821574402566
340 4.474546234292436
341 1.5067044404528942
342 16.284983218327472
343 6.819796488105114
344 6.767078249012773
345 2.1498957021434544
346 5.2595452842956725
347 1.4689671894266139
348 8.96938446664502
349 1.788959620308717
350 6.294309015178794
351 1.176468778294073
352 1.257884605856248
353 2.4885522357075756
354 10.873222378580298
355 1.6261842991374058
356 1.1284468510278463
357 17.066603464291454
358 1.6835757682046903
359 4.9415288546311675
360 6.94564544827578
361 1.5722218012418985
362 1.370694985673964
363 3.1714317598201833
364 6.57049144615604
365 1.3497167745996572
366 9.819249899264946
367 2.159550226910506
368 3.381121329077347
369 5.843594041743279
370 1.0936293652235973
371 1.5917336686678398
372 13.651995875897157
373 6.710556253861186
374 3.97603108023009
375 4.463459800180971
376 4.760809616934527
377 4.077864252590176
378 2.7911830346412922
379 2.398890275498463
380 7.229550838038961
381 1.2063941663695363
382 1.1186894114142443
383 6.727673441745754
384 13.114414640265238
385 2.8518999320103378
386 7.064914234235115
387 10.602325601764848
388 3.548046282810163
389 1.809907221926794
390 6.788692861375944
391 1.1753851566021096
392 2.599509332159615
393 2.746960333547902
394 3.789330578689136
395 1.3432783259439907
396 3.549282043098362
397 3.0142474536600923
398 8.75075253687035
399 1.4797935369666373
400 3.8911843334538068
401 1.358667478302723
402 9.770967359806164
403 4.990422200206019
404 2.1251357159304165
405 1.0535957243142056
406 2.5657940409521944
407 2.414572144672235
408 8.6162746858505
409 0.9582412345837659
410 7.380978453409508
411 1.0526575208199132
412 1.0976792319949131
413 3.4705722682011664
414 4.680280638053731
415 1.3697341301828114
416 1.7911495406338884
417 16.614600751984774
418 1.6277590574558252
419 2.1332220346379485
420 5.019571311454131
421 0.8975996877469532
422 2.092634841824053
423 2.4522194831455115
424 4.233106486821594
425 0.9487312320372037
426 11.442149072485229
427 2.6137506085430964
428 5.245823346685788
429 4.312985463568983
430 0.9423005885949172
431 0.9721930307971887
432 14.195901776410608
433 6.1137656669861515
434 5.179017983645406
435 4.562874701159868
436 4.066098323125259
437 5.164561798093902
438 5.497547586183211
439 1.3340303347098443
440 9.775834144142438
441 1.038306310733102
442 1.0267045330967386
443 4.645562559366779
444 12.800912987037805
445 1.07621228763725
446 3.4244725602665937
447 15.29989341878293
448 1.66909708564557
449 1.8887026361058727
450 5.603032373666046
451 0.7878561156063548
452 0.7870109188594516
453 2.9126093726701896
454 4.132632607024811
455 1.0184655697772422
456 2.734239388234342
457 3.6364435360199896
458 7.612554591647979
459 3.880958032881721
460 2.253765542090339
461 1.0155240858140597
462 8.342509113908237
463 4.030088161140809
464 0.8946966717976401
465 1.4335788449243478
466 4.650050018844902
467 2.7885148997861977
468 9.104617027481574
469 1.0029618003601015
470 6.021651679074042
471 0.9167674889371858
472 1.016248120219142
473 7.579650251817859
474 2.159722189992812
475 1.1792913567436027
476 0.7129187654494551
477 16.053844415383793
478 1.6376927078934507
479 1.2153943424838536
480 4.924694170385885
481 0.6496451238047299
482 0.8696890508152054
483 4.324034284782246
484 5.44345260210533
485 1.0907446404258982
486 4.7243036398849325
487 2.244435383756289
488 4.391062249208822
489 6.4934625087418265
490 1.9339368294490233
491 0.979725521168471
492 12.897921719155287
493 5.982990988900027
494 4.278727383940421
495 1.1811147315771715
496 4.464529891489558
497 3.2145390521604154
498 8.689805945367524
499 0.8332123098639664
500 8.340689590921846
501 0.7421386346642599
502 1.2248449403513608
503 7.02071342225951
504 10.190772612145311
505 0.8973580104443103
506 3.6961375877389844
507 14.374184266393685
508 2.1815888959296568
509 1.7885941868931952
510 5.312941437979717
evaluations raw_y
1 12.810013585672175
2 17.130535980864604
3 15.450417977960733
4 12.824676489211836
5 13.42064007770498
6 18.146237675284617
7 18.29343122008633
8 15.425774901019137
9 10.927783651896526
10 14.376189258422945
11 12.200093896396663
12 18.317534719485703
13 14.824618436991111
14 16.89485225680276
15 13.377766533126168
16 20.0623083399263
17 16.53776338266004
18 16.42408491824478
19 15.411442550970246
20 14.844985838474065
21 19.60450388594803
22 12.907998746882964
23 12.763872184527369
24 17.01786775374231
25 15.243497968011244
26 16.75379366054748
27 16.553846563930232
28 19.24109792063885
29 19.471449804064857
30 18.825177719450416
31 12.001263485659992
32 10.844005655537302
33 11.190266793783165
34 15.34772189966409
35 10.759564202847217
36 18.149652290689865
37 17.279683472399082
38 15.391534147640318
39 10.927783651896526
40 10.488874257575691
41 12.699230309313757
42 6.816582824323329
43 10.869008456980284
44 16.211192583113274
45 15.293349883695846
46 13.363297841728741
47 16.08468474178832
48 15.944294746982914
49 14.206238650169835
50 13.424150374818282
51 15.924086261097113
52 10.758891741066966
53 11.455233354444259
54 18.284695702508273
55 13.569388699055867
56 16.422614333785326
57 11.490514273457238
58 11.581319010493715
59 19.41915163522194
60 19.3915536950337
61 6.577254956219659
62 11.09851364829711
63 10.22085987447084
64 13.660878791813918
65 6.010398866913946
66 8.097971615840095
67 11.2226206167744
68 6.7272022899356
69 8.911303069962038
70 8.818498882538758
71 7.515910808206655
72 10.693651064776605
73 9.280905770926994
74 5.363450599896513
75 13.573407167226108
76 10.644226387706313
77 15.478873075761332
78 17.573937841783284
79 11.459454975710134
80 16.746684640044265
81 18.183581154328525
82 16.22818760501029
83 10.405405610453489
84 16.427389421329007
85 11.715356624632703
86 6.902216894801261
87 15.806129691508007
88 15.08717840445216
89 4.733421456888867
90 19.607430330955097
91 11.8480554744704
92 10.373714697099944
93 9.032441784331423
94 12.768816768915677
95 4.602140339927987
96 9.450228327376353
97 15.829099271304647
98 9.667758299479285
99 5.504225282601014
100 7.7145630106058185
101 6.064390949570987
102 9.804591241954892
103 5.909533359921904
104 9.299159611405559
105 15.099843064908988
106 11.595268306910215
107 13.57614115162826
108 10.568686084914066
109 4.844224531791526
110 17.63455293762399
111 10.167183710134598
112 7.881866824424485
113 9.292504982422171
114 4.66602454031305
115 12.291653588697876
116 9.953628162629451
117 8.408027370844529
118 11.367469084565116
119 5.934024187269621
120 16.84588504983073
121 3.6625273070195297
122 17.777026559397754
123 11.634110395143185
124 12.943216234544266
125 5.698055532165685
126 8.82346905152191
127 10.202295721984333
128 9.19827989523052
129 6.551429906576767
130 6.205636035727733
131 2.6665147859838587
132 9.784391463738704
133 7.5124440234000565
134 15.369231091320948
135 5.488330197990933
136 7.417925653769114
137 8.621184377367141
138 13.790730999137999
139 6.595007746297308
140 14.828634492325355
141 16.69957385774404
142 11.512021428920018
143 6.020637644236119
144 11.169327446982823
145 12.651430104931762
146 13.786845891707145
147 15.446165828471434
148 15.239436320103597
149 12.629710818891743
150 13.356687138719852
151 3.8002151336856356
152 1.616825961256332
153 5.199787533385715
154 12.5288222569515
155 4.133701809767444
156 6.046184554820846
157 11.489289418757563
158 7.726104807649385
159 2.9931098428425025
160 4.005533220129728
161 3.903158020378896
162 11.996800433533412
163 4.530285004975809
164 9.864645296733546
165 8.604145151485033
166 6.952450703088261
167 8.326029920204641
168 2.77601190831154
169 7.481630254540246
170 14.573125694842489
171 16.058210045194798
172 8.152076445679366
173 11.523792059042735
174 4.709050052831759
175 5.732636646773403
176 13.127166053100353
177 15.566449925838949
178 15.128536362313199
179 7.415505910383491
180 11.503309973598984
181 5.615282712278399
182 12.389571786202682
183 8.695076868126108
184 5.717430173259824
185 5.787294305926531
186 13.545767897147874
187 3.806515564982623
188 8.530018407011909
189 1.7993505968321752
190 1.760184980865806
191 1.8737799761063503
192 7.200706869670056
193 7.0896855179439235
194 5.890528774025226
195 3.916884805513768
196 3.548646575937257
197 10.223704615874443
198 9.590674012269876
199 6.410414908525533
200 7.591033794999978
201 11.865889350169615
202 5.241005961137531
203 9.078166242204698
204 7.724887041600419
205 8.67174096621566
206 6.159178671057058
207 10.473320331506
208 12.55632034504715
209 8.285429551534088
210 11.73852104135509
211 2.847490072358528
212 3.4123059961722086
213 1.7541103269188785
214 8.609136422103004
215 7.289765002871871
216 3.3321920743554543
217 13.21075001419739
218 10.032836798163135
219 2.2622725747802117
220 3.9323169447304496
221 1.5311787190414672
222 5.346215030855577
223 7.279572420990151
224 10.48749273755896
225 7.833662988404728
226 3.329284056867308
227 7.489187059383847
228 3.719617261964197
229 2.3692576722399052
230 7.351405167313889
231 13.71317283136168
232 8.403369440332057
233 4.626916831858147
234 8.073847523321966
235 8.970622328088487
236 12.18089513578815
237 12.008991643230498
238 12.941519929293232
239 7.202819355924335
240 10.571743956426975
241 6.457449823329497
242 9.276506408058854
243 7.324382296424633
244 7.968108214103574
245 4.5612858276256185
246 6.1800188499580155
247 8.663375562007625
248 5.0831111329374385
249 1.757330295780206
250 2.2985411475242126
251 1.5998650356806998
252 5.192012887100212
253 8.55003941325066
254 4.625659132109654
255 2.76043781660878
256 1.5837087603979216
257 3.9011120157372936
258 9.82237344518929
259 3.9420111496298778
260 5.650037890396101
261 8.010698499186338
262 3.3243729777887046
263 5.9799352134006964
264 1.5511325347493878
265 12.606643016397472
266 6.418230472545858
267 10.210946362571786
268 14.193389411695701
269 6.1820733976051265
270 9.627123485524997
271 6.023935890029111
272 5.451897895264523
273 4.257667861540241
274 8.210283589478331
275 3.2175914994289645
276 5.897066220535043
277 1.0558135619111253
278 5.7080958993703215
279 3.0556372564614214
280 2.973587911122628
281 1.558006760378571
282 4.460956875898012
283 9.90551994992976
284 1.3973655586705405
285 4.897270411246234
286 3.3401968424614683
287 8.514831097275206
288 8.757029439310973
289 1.708717366056511
290 2.4207233075790837
291 12.486553579019832
292 5.828273539135062
293 4.199259310407731
294 6.782552847315866
295 12.116182200989194
296 7.860306753519819
297 8.714025994532781
298 10.780942004221533
299 8.40010693427005
300 9.599199852548455
301 6.32949384997316
302 8.010945264273678
303 8.93057169538286
304 6.808832260664857
305 3.7695535557280033
306 4.430208936988152
307 8.116668584188137
308 4.783705675577567
309 2.205006521000132
310 5.022050988540861
311 1.4283473564263145
312 3.6891223856670616
313 6.645559789571288
314 1.4060974642912116
315 4.6388634863877884
316 1.7267659910318973
317 0.922865541105064
318 8.744891172395572
319 1.294787398749671
320 5.262528514822327
321 12.32981524885124
322 4.290835039875532
323 6.8773317731050785
324 5.512487296224143
325 8.464005198867529
326 3.487674287491128
327 10.615071701621481
328 11.720954451753052
329 5.140675728249459
330 3.061389665036729
331 3.0964578172837727
332 3.5782826024367496
333 9.186439800857954
334 8.6170414615179
335 1.6395552915140095
336 2.5298188365489023
337 3.4538007766342007
338 4.930546501980791
339 1.3526528374328637
340 3.4548595968270783
341 1.1897970288771538
342 5.741311332040335
343 9.588352782465844
344 1.3760226063641536
345 4.4466821313711
346 1.1929181375673095
347 5.499234132249964
348 5.6562393824003845
349 1.1361335480737096
350 1.4024828614403275
351 10.057984301803556
352 8.586195651841487
353 6.373505510402237
354 5.6299695116083335
355 10.969264493157564
356 5.642931853377492
357 10.39781566260475
358 6.479682042690901
359 3.3221534523241276
360 9.092438462242352
361 8.497928590348714
362 8.387844558845542
363 3.828549199667919
364 8.286365678466067
365 3.0814047207079565
366 3.3680098402878627
367 7.214356822190223
368 4.823343300854508
369 2.577622589730207
370 3.2964198920296632
371 0.8844689331576607
372 2.418744427225831
373 2.8682678163879785
374 1.2275595347970116
375 4.919952593775392
376 1.7951097445237783
377 2.259625152986026
378 8.822939704147045
379 1.307925979140675
380 5.050715080559867
381 12.940049191854257
382 7.855600601756862
383 7.5264490031717735
384 3.802164832635218
385 7.591181234217204
386 1.1298374302549423
387 9.677970769637248
388 13.804712078385505
389 6.3480481570309095
390 8.838992700674346
391 5.317145411713126
392 4.611551372337775
393 7.684412877718658
394 8.864304523492141
395 2.6273008328147958
396 0.7863989250848753
397 3.0492381225387684
398 5.00993306089513
399 2.0801214682185503
400 4.781159273172106
401 0.9448782432634322
402 3.8562812705219485
403 3.0788775299939357
404 1.2944822236351914
405 5.282946079430062
406 1.3557397666548678
407 3.463831220660502
408 8.02714032652017
409 0.7865832283186204
410 5.21119152488764
411 8.280152848966484
412 1.7274079678484788
413 5.200762057336238
414 4.8358601252804725
415 7.541440762416713
416 3.8698743273429344
417 9.950274686632936
418 7.134018696085501
419 1.0761164411067614
420 1.5640851244020177
421 7.599473591941895
422 6.535576485523129
423 5.358257360035135
424 9.250935194021684
425 3.7753899442479226
426 1.1038513924265094
427 6.430602489265477
428 4.59417947242934
429 0.6369846608125427
430 5.145821318942262
431 0.9003412747234527
432 1.583085951989544
433 2.8285775013672545
434 2.368717556403639
435 6.802274928069227
436 1.3372381552667951
437 3.293947212225419
438 5.212793220692001
439 0.8078832299179506
440 5.994913918924359
441 11.888278562109594
442 4.311793020808894
443 8.935761717063658
444 2.092161199896934
445 10.86361005061113
446 1.031180940216616
447 12.101782963937477
448 9.961656090430989
449 4.949828759043651
450 7.165799180828575
451 8.762222775334878
452 5.14217306105747
453 7.938644427729474
454 8.62999329855219
455 1.2310712531936012
456 0.6007324165819276
457 1.2407085894164158
458 4.135281599657553
459 2.3508999711261973
460 4.095437342259869
461 1.0025998547563961
462 3.6617211333504813
463 2.25430925794627
464 1.460981722347254
465 8.2270840550375
466 2.1763074819247574
467 2.543540227729504
468 6.27197562420441
469 0.7892057002603061
470 6.173816324287667
471 9.525052092834402
472 2.005038954923299
473 4.499612617736601
474 5.162876760237538
475 9.078654566832869
476 3.3772354943430445
477 13.24240277621869
478 10.620384963602788
479 3.0150632491596534
480 7.043505193466928
481 5.508690584051209
482 7.197423666306675
483 4.996340546995642
484 8.625656207524978
485 2.706033345022236
486 0.9866032037696534
487 4.973075195513593
488 4.428070353320801
489 0.6344765629501834
490 2.9903088440051477
491 1.1186850590566313
492 0.9401663628947077
493 3.2936693516308004
494 1.5644247688956794
495 9.802957118583803
496 0.9378510385223231
497 1.6968900144067425
498 5.2772262852026754
499 0.8466817826150773
500 5.430073347244845
501 12.05718592926141
502 4.0239625627738915
503 6.577236323571221
504 3.4769212549684414
505 11.719311827640002
506 1.1124753294334582
507 8.187581106306828
508 9.529753372107498
509 3.7941898114648005
510 7.051541650698326
evaluations raw_y
1 16.480852643231138
2 17.010620199791457
3 19.602080651229624
4 16.724037536528225
5 17.051969930744864
6 16.158926339520214
7 12.68497647468108
8 9.5216320552152
9 15.640357458757789
10 11.52732547905005
11 14.11683746471764
12 14.996856496021252
13 15.102989710432725
14 16.254588350723274
15 14.567452332927314
16 14.115388782181874
17 13.432996342372775
18 12.17270235517201
19 17.682646548013004
20 10.508583013195052
21 15.60055131958649
22 18.308262243296138
23 17.817454285529614
24 17.898919517631754
25 16.294254436137397
26 16.06963444235184
27 13.067580670807624
28 18.744836397668934
29 17.099357145002195
30 14.61682177546893
31 12.482856075768746
32 15.788601437409131
33 17.089881575353655
34 9.638010635828895
35 14.220131118092956
36 13.89975967045999
37 9.938220197072802
38 9.5216320552152
39 15.010550594222321
40 7.803312652249488
41 13.699043455399883
42 19.5312283599568
43 13.587368865291213
44 15.403505691735262
45 16.37156262105779
46 11.302090225275041
47 13.55897015210906
48 12.0839410806066
49 8.44873397271756
50 5.164355390996831
51 10.259698263874098
52 11.355926386049502
53 9.547025534312027
54 5.517098269691779
55 16.370143134916162
56 15.964001076549431
57 12.210061321461419
58 10.316965926848601
59 16.781561098281948
60 7.8326379371543835
61 12.225180953018521
62 16.488931801663682
63 15.537370192644119
64 11.492064715123126
65 14.628497394434536
66 11.902363914398867
67 10.465573847803501
68 4.17040391592115
69 4.398552057462787
70 9.918141423937309
71 10.531054429725561
72 13.238670801835744
73 11.011625631278603
74 13.609283997232978
75 8.092543868885224
76 7.564290570474054
77 3.3297705882061965
78 5.415072468141587
79 14.878163207099746
80 9.314730808833842
81 8.364658399148137
82 11.925987695687914
83 11.504743823845825
84 11.336227496155232
85 6.716867504094948
86 10.920027256340653
87 9.707701980518964
88 16.78232869386629
89 4.881069985004987
90 10.533861931855663
91 11.705260245462402
92 12.997753402173856
93 13.381462199838728
94 13.240342042606864
95 12.906997798023724
96 14.731063783262108
97 15.05695541734762
98 4.361824639500451
99 8.138529465023963
100 7.624536764951837
101 3.265614194022255
102 12.375428112359176
103 3.2228722576451494
104 13.194695959170298
105 11.48671170534989
106 7.830568906080279
107 8.325992249165017
108 7.324506039323938
109 10.17868972867884
110 9.369741915984553
111 6.012373223182143
112 7.331196990932757
113 3.848855584450873
114 13.712390067739328
115 12.636167978935772
116 14.092899862899493
117 10.489040309757812
118 13.210119498925799
119 9.94453277851337
120 7.504257125549993
121 7.312914169729943
122 10.65649795059907
123 4.16297507030872
124 9.0046353256959
125 13.982096832541764
126 11.639016455293095
127 11.59235625667899
128 3.2373255952933846
129 5.1664765551586775
130 2.2121509792331757
131 3.4033525488886927
132 9.509612970536121
133 10.400883108200997
134 8.113156797990934
135 9.988940556325044
136 4.036527871178582
137 6.688313804575692
138 3.354071138234282
139 14.060300644173882
140 6.55651800197961
141 2.992506785984606
142 7.971030340759642
143 4.894207656469825
144 16.39678037577087
145 12.966085541593298
146 13.163194446516817
147 14.54560164777791
148 18.245753140849665
149 11.799267874182519
150 9.47262163001228
151 1.610729330359805
152 14.040377629842446
153 13.365948159435384
154 14.244431611676307
155 16.59108196188223
156 3.2671330416710154
157 13.19557756323929
158 4.5800419592902815
159 3.399830945083133
160 7.38451064786724
161 2.9240813388479765
162 5.5841855507613865
163 13.626610352097465
164 13.037048948915935
165 8.123504620796314
166 5.519512572470837
167 6.355514561957789
168 7.002639849243373
169 9.682693453553659
170 5.764270006084528
171 5.451819708583654
172 6.571207935615836
173 4.598478973895324
174 17.56334101524932
175 3.8696993498191743
176 5.404042457791252
177 5.392104279663673
178 13.998005619650066
179 16.384879549063452
180 2.9398716518648227
181 7.058381450626505
182 7.484029652235866
183 2.1442970882790062
184 14.210480950873512
185 16.94114569017903
186 7.524454993391241
187 17.206379293119404
188 2.809157385888197
189 5.244928070146874
190 8.069124358032305
191 2.7967869954749016
192 3.8539317755085736
193 14.59547629282157
194 10.28774243894743
195 9.617828833009634
196 4.582233349513137
197 5.547800482607181
198 3.705210488808922
199 12.79356278582031
200 8.280230004735007
201 1.0905082021560142
202 3.598472491948587
203 3.679883679894603
204 9.434940142621981
205 6.316833257533306
206 2.187679334427094
207 8.460929355407638
208 17.57372927620752
209 13.693351873283653
210 6.552956705532848
211 1.3651707044137458
212 8.005774704428962
213 10.427239715486843
214 19.08592039421172
215 16.197919259575414
216 3.2582246433572895
217 9.529751274290138
218 2.9927607248655717
219 3.0217252601078104
220 8.14219968880982
221 1.9512689742108338
222 1.824751446400285
223 9.009586171481821
224 9.961764081280101
225 6.558816685626146
226 4.31880928093134
227 3.4442952107199964
228 4.670825739586464
229 12.32686933610724
230 7.413797280624703
231 1.563155074419804
232 2.4011974080912606
233 2.8414178448605543
234 11.319899929961588
235 2.26681634597475
236 8.241647887450391
237 3.3764186078779943
238 14.100839997124261
239 7.221531613925079
240 1.4094777702368393
241 6.3818965034902195
242 2.020174607902957
243 5.68727412048038
244 14.102660082551594
245 10.099415184628956
246 1.8510974043119732
247 6.336104805843871
248 0.7138331358907922
249 5.107691991499561
250 7.353396481718381
251 1.6120416844034846
252 3.564409905397688
253 13.615424026631477
254 9.866143422232891
255 3.2378594285215523
256 2.6356547299946027
257 5.527642356629325
258 4.887862099901669
259 7.591752465940037
260 3.3036940383795805
261 1.9639979854246699
262 2.3259308475465037
263 1.723183059155542
264 5.889073989830754
265 5.4608419137655195
266 3.922328277911762
267 2.8780412838456657
268 6.09800694163662
269 10.09751735736387
270 2.0602676885528783
271 2.7859302233606806
272 4.6210040136045825
273 10.001057116700753
274 10.924743384376981
275 10.881707842522903
276 0.7883679550826801
277 7.632754727646233
278 2.08818021156431
279 5.466382799377845
280 4.6145998095545835
281 1.4371535110537246
282 5.134627651417477
283 12.980298439249797
284 13.44148926327859
285 6.581345417078083
286 2.2955516104559095
287 10.71061582578622
288 4.053740838113303
289 11.409744316617479
290 6.209076513180159
291 0.6819824960955025
292 0.967571486555143
293 0.9316738209670414
294 8.038091912174611
295 3.171113431161389
296 4.392896230024613
297 2.408096168006398
298 12.12923733836327
299 6.365710682916102
300 1.803069694752474
301 7.311335651741783
302 2.389615568669517
303 1.7628833135052144
304 16.555759271689855
305 6.095718580122585
306 0.689366793660979
307 4.8225718472656975
308 1.7092823459182303
309 2.8242577439930927
310 8.488368454833312
311 1.5400698221239157
312 3.185513049750475
313 9.406016014406958
314 12.603634573499122
315 1.073377146172245
316 1.6690473233903067
317 5.782107763796507
318 2.5538101603124232
319 6.310110779283003
320 4.343036772832718
321 0.9385409674030385
322 1.0052694812599354
323 1.298561498407983
324 3.728388675801968
325 4.095770606911923
326 2.0158255451295806
327 4.27040334961521
328 11.975479253461806
329 4.099570615633729
330 2.067180213010636
331 6.1437867859499935
332 2.4315003087560654
333 7.9964348362725275
334 13.825559657221635
335 9.884778179123234
336 0.6920435268270848
337 4.866003291064807
338 1.8040272999115374
339 2.9196735831623553
340 7.186353697624201
341 1.0289669383362712
342 1.3121185782991507
343 9.741272343977187
344 8.288383131934598
345 2.6878394272374035
346 1.2643727933750335
347 5.123129900639736
348 0.8867381138201422
349 2.7843730857586593
350 5.1224217570557835
351 0.729548312994053
352 1.306606896562299
353 1.5499443633599765
354 2.1847257083281364
355 2.2824182657221055
356 3.454730403100798
357 3.076897550470184
358 9.45561988516496
359 8.301100664686263
360 2.4495856318629285
361 2.010636823996953
362 0.8831621243460286
363 5.939100328875544
364 16.93881398586704
365 9.812328456540584
366 0.7377238936864782
367 5.072636616755689
368 0.8002793872355517
369 3.234628149931758
370 11.059051826913219
371 0.751622223519206
372 1.6826611196057493
373 8.44962465273008
374 6.16687916640699
375 1.9748260845293637
376 0.9484778295130835
377 7.115559742375148
378 1.2873754749256743
379 4.122628473114407
380 2.073259423795744
381 1.1669726661546402
382 0.9005182112483383
383 1.2431077677587044
384 2.632119563160546
385 2.7141450038380297
386 2.231650633453586
387 2.6162487088617596
388 15.073151100295473
389 2.061130416489026
390 0.8617804985272876
391 4.499845853678047
392 1.2835316639063539
393 8.133646856371275
394 8.3871594908536
395 12.56430547453414
396 0.6617023569980148
397 4.60967597506666
398 1.1990573551815553
399 5.104241713560388
400 10.736281534638744
401 0.9401536325567563
402 1.950827436194702
403 9.094994177218172
404 8.223716532339058
405 3.5546069661038873
406 1.7102641791725444
407 3.8603956227129608
408 0.7569447341232944
409 0.7178083261268307
410 3.649371459794604
411 1.0720683101795636
412 1.207726774079216
413 2.9431308261238147
414 1.285233582509293
415 2.30169029366934
416 4.5635405666521915
417 5.200299438804482
418 10.363786020407916
419 4.271267442416832
420 1.0817346666614123
421 3.5828313283681625
422 1.918412522542116
423 8.039234237782555
424 9.66705586265726
425 13.818894548480923
426 0.6752644366169109
427 4.8516033531199
428 0.8987195298712498
429 1.2853653943458818
430 10.649810132503829
431 0.7826544914147988
432 1.9673425272240954
433 8.175437578018135
434 4.133212778807399
435 4.941357100009326
436 0.9814819165241844
437 7.035109711357268
438 0.8776585817413005
439 1.6743884450329112
440 3.926391651233952
441 1.0096809199712673
442 0.8831172765138339
443 2.4535326677017117
444 1.8039068750740128
445 0.6829901588200452
446 0.9668098891430605
447 1.2775684357781802
448 8.551212221009463
449 3.367104669071867
450 0.8545954873274961
451 4.062860280606728
452 3.244187319625524
453 8.163833030084543
454 4.31392440273738
455 8.601124029235034
456 0.6591585985114085
457 4.49923363756339
458 1.3579863614862222
459 1.7270736160845594
460 8.344808539128438
461 0.8924631393972574
462 1.5087625478104365
463 8.397673906076859
464 7.761461803934018
465 3.765613122221045
466 1.1153648617083451
467 5.6904933596650125
468 0.9291403190877513
469 3.014057944187065
470 1.144015848331722
471 1.9463590849497168
472 0.9232115469168868
473 4.073466726799423
474 1.047251182193093
475 1.4267927635359174
476 4.293570610156665
477 2.953013054844649
478 10.72313923016286
479 4.620023723813302
480 0.6323083614943826
481 2.686128450855334
482 1.022198938575385
483 4.090952218998047
484 8.777613814542482
485 12.912243706119035
486 0.6208153872737544
487 4.352574132804423
488 2.7580941124270617
489 0.797834719907346
490 10.723605959282358
491 0.7315634798642254
492 0.610381763842841
493 8.404998070466444
494 1.6464643491974122
495 1.1011492771155589
496 0.9008906618256739
497 7.9743785004533825
498 1.1436477287300393
499 0.9337107554249061
500 2.3339823782229967
501 0.7246417927373073
502 0.6613292022124184
503 2.6597872238206413
504 2.3406113252057903
505 0.62147370116826
506 2.5086436469580127
507 0.7711121241524956
508 9.300799508039402
509 3.70067866375212
510 0.5760703545196334
