evaluations raw_y
1 5.3370481769375
2 5.3370498175400325
3 5.337043077142262
4 5.337042474727258
5 5.337041357970151
6 5.337054841580615
7 30.826024651263356
8 30.82602989473103
9 30.826017776069545
10 30.826024012361252
11 30.82602449478156
12 30.826025954983816
13 18.408960833646397
14 18.40895544347972
15 18.40896716803887
16 18.408967823001525
17 18.408963149149418
18 18.40896168073422
19 -59.840716851267324
20 -59.840718250208944
21 -59.840722652506415
22 -59.84072125144387
23 -59.84071683786154
24 -59.84072035452866
25 -18.51789763135776
26 -18.517894155172414
27 -18.517904366524128
28 -18.517904100971748
29 -18.517890672653813
30 -18.51789347021731
31 -70.45358138892165
32 -70.4535820149516
33 -70.45358172035759
34 -70.45358071708498
35 -70.45357954465283
36 -70.45358375158246
37 -41.83762751448103
38 -41.83762460826924
39 -41.83763313473273
40 -41.83763113088807
41 -41.83763151549185
42 -41.83762726282966
43 -57.860170447241465
44 -57.86017325567494
45 -57.8601650137234
46 -57.860174650783335
47 -57.860171385166026
48 -57.86017482430656
49 -70.4794306269597
50 -70.47943133351019
51 -70.47943072453283
52 -70.47943013966267
53 -70.47942887970532
54 -70.4794330674334
55 -70.38158570593883
56 -70.38158617627028
57 -70.38158586764435
58 -70.38158481363337
59 -70.38158470445136
60 -70.38158857148407
61 -70.48398296070604
62 -70.48398362617685
63 -70.48398306944651
64 -70.48398240273364
65 -70.48398134207324
66 -70.48398547599434
67 -70.49316508235533
68 -70.49316574557034
69 -70.49316519065309
70 -70.49316452596995
71 -70.49316346840635
72 -70.4931675902207
73 -70.52962153072649
74 -70.52962218491756
75 -70.52962163725336
76 -70.52962098068946
77 -70.52961993552043
78 -70.52962400886797
79 -70.67108486767928
80 -70.67108548576388
81 -70.67108496712254
82 -70.6710843430402
83 -70.67108334756341
84 -70.67108722642332
85 -71.16654941950416
86 -71.16654989300783
87 -71.16654949061211
88 -71.16654899652262
89 -71.16654820148672
90 -71.16655129331663
91 -21.352283766800102
92 -21.352285500505822
93 -21.352288780615726
94 -21.352277926419166
95 -21.35229076306246
96 -21.352277407065625
97 -71.11378096547749
98 -71.11378205466887
99 -71.11378111183367
100 -71.11378034184435
101 -71.11377990442334
102 -71.11378270933038
103 -71.16778423137231
104 -71.16778478595592
105 -71.16778431235204
106 -71.16778378204579
107 -71.16778303391156
108 -71.16778608817472
109 -71.17027670856285
110 -71.1702772623285
111 -71.17027678943131
112 -71.17027625990342
113 -71.1702755128627
114 -71.17027856261468
115 -71.18020974401185
116 -71.1802102945056
117 -71.18020982443528
118 -71.18020929802087
119 -71.18020855535484
120 -71.18021158705832
121 -71.21935156842255
122 -71.21935210582745
123 -71.21935164706578
124 -71.21935113310595
125 -71.2193504079503
126 -71.21935336739925
127 -71.36645244948026
128 -71.36645293451153
129 -71.36645252100269
130 -71.36645205687113
131 -71.36645140193475
132 -71.36645407143683
133 -71.70461310738652
134 -71.70461344071828
135 -71.70461315651255
136 -71.70461283747562
137 -71.70461238875914
138 -71.70461421643813
139 -72.99995242542644
140 -72.99995242500252
141 -72.99995242570421
142 -72.99995242594863
143 -72.99995243023591
144 -72.99995240842185
145 -71.99999996962136
146 -72.99999996962138
147 -71.99999996980883
148 -71.99999996982653
149 -71.99999996984702
150 -71.99999996988336
151 -72.99997890448623
152 -72.99997890420254
153 -72.99997890473414
154 -72.99997890490357
155 -72.99997890777968
156 -72.99997889319225
157 -71.99999999972782
158 -71.99999999972408
159 -71.99999999969924
160 -71.99999999969982
161 -71.99999999970754
162 -71.99999999972185
163 -72.99997890478305
164 -72.99997890449934
165 -72.99997890503096
166 -72.9999789052004
167 -72.99997890807649
168 -72.99997889348916
169 -72.99999756330436
170 -72.99999756320545
171 -72.99999756336979
172 -72.9999975634278
173 -72.99999756441075
174 -72.9999975594605
175 -71.99999999998786
176 -72.9999999999884
177 -71.99999999999157
178 -71.99999999999143
179 -71.99999999998987
180 -71.99999999998867
181 -72.9999988786641
182 -72.99999887859717
183 -72.99999887870969
184 -72.99999887874898
185 -72.99999887941539
186 -72.99999887605645
187 -71.99999999999854
188 -72.99999999999847
189 -70.99999999999804
190 -71.99999999999812
191 -71.9999999999983
192 -71.99999999999841
193 -72.99999948629838
194 -72.99999948625305
195 -72.99999948632909
196 -72.99999948635573
197 -72.99999948680691
198 -72.99999948453305
199 -71.99999999999795
200 -72.99999999999797
201 -70.99999999999798
202 -71.99999999999793
203 -71.99999999999793
204 -71.99999999999795
205 -72.99999976088276
206 -72.99999976085182
207 -72.9999997609037
208 -72.99999976092187
209 -72.99999976122979
210 -72.99999975967799
211 -71.9999999999978
212 -72.9999999999978
213 -70.99999999999788
214 -71.99999999999788
215 -71.99999999999784
216 -71.99999999999788
217 -72.9999998859578
218 -72.99999988593645
219 -72.99999988597231
220 -72.99999988598486
221 -72.99999988619759
222 -72.9999998851255
223 -71.9999999999981
224 -72.99999999999805
225 -70.99999999999802
226 -71.99999999999802
227 -71.99999999999804
228 -71.999999999998
229 -72.99999994352788
230 -72.99999994351282
231 -72.99999994353807
232 -72.99999994354691
233 -72.99999994369666
234 -72.99999994294187
235 -71.99999999999781
236 -72.99999999999787
237 -70.99999999999785
238 -71.99999999999784
239 -71.99999999999788
240 -71.99999999999788
241 -72.99999997033247
242 -72.99999997032155
243 -72.99999997033987
244 -72.99999997034627
245 -72.9999999704549
246 -72.99999996990745
247 -71.99999999975974
248 -72.99999999975874
249 -70.9999999997604
250 -71.99999999976103
251 -71.999999999771
252 -71.99999999972069
253 -72.99999998122217
254 -72.9999999812135
255 -72.99999998122807
256 -72.99999998123317
257 -72.99999998131966
258 -72.99999998088384
259 -72.9999999967487
260 -72.999999996745
261 -72.99999999675113
262 -72.99999999675325
263 -72.99999999678936
264 -72.99999999660731
265 -71.99999999999788
266 -72.99999999999791
267 -70.99999999999791
268 -71.99999999999793
269 -71.9999999999979
270 -71.9999999999979
271 -72.9999999967487
272 -72.999999996745
273 -72.99999999675113
274 -72.99999999675325
275 -72.99999999678936
276 -72.99999999660731
277 -72.9999999967487
278 -72.999999996745
279 -72.99999999675113
280 -72.99999999675325
281 -72.99999999678936
282 -72.99999999660731
283 -72.99999999919781
284 -72.999999999196
285 -71.99999999919905
286 -72.99999999920011
287 -72.99999999921816
288 -72.99999999912713
289 -72.9999999967487
290 -72.999999996745
291 -72.99999999675113
292 -72.99999999675325
293 -72.99999999678936
294 -72.99999999660731
295 -72.99999999856468
296 -72.99999999856223
297 -71.99999999856631
298 -72.99999999856772
299 -72.99999999859178
300 -72.99999999847043
301 -72.99999999907928
302 -72.99999999907732
303 -71.9999999990806
304 -72.99999999908175
305 -72.99999999910105
306 -72.99999999900362
307 -72.99999999917345
308 -72.99999999917159
309 -71.9999999991747
310 -72.99999999917578
311 -72.99999999919409
312 -72.99999999910172
313 -72.9999999991927
314 -72.99999999919086
315 -71.99999999919393
316 -72.99999999919501
317 -72.99999999921312
318 -72.9999999991218
319 -72.99999999919673
320 -72.99999999919491
321 -71.99999999919797
322 -72.99999999919905
323 -72.99999999921708
324 -72.999999999126
325 -72.99999999919757
326 -72.99999999919577
327 -71.99999999919882
328 -72.9999999991999
329 -72.99999999921793
330 -72.99999999912689
331 -72.99999999919777
332 -72.99999999919595
333 -71.999999999199
334 -72.99999999920007
335 -72.9999999992181
336 -72.99999999912707
337 -72.9999999991978
338 -72.99999999919599
339 -71.99999999919905
340 -72.9999999992001
341 -72.99999999921813
342 -72.99999999912711
343 -72.99999999919781
344 -72.999999999196
345 -71.99999999919905
346 -72.9999999992001
347 -72.99999999921815
348 -72.99999999912713
349 -72.9999999991978
350 -72.99999999919599
351 -71.99999999919905
352 -72.9999999992001
353 -72.99999999921815
354 -72.99999999912713
355 -72.99999999919781
356 -72.999999999196
357 -71.99999999919905
358 -72.9999999992001
359 -72.99999999921815
360 -72.99999999912713
361 -72.99999999919781
362 -72.999999999196
363 -71.99999999919905
364 -72.9999999992001
365 -72.99999999921815
366 -72.99999999912713
367 -72.9999999991978
368 -72.99999999919599
369 -71.99999999919905
370 -72.9999999992001
371 -72.99999999921815
372 -72.99999999912713
373 -72.99999999919781
374 -72.999999999196
375 -71.99999999919905
376 -72.9999999992001
377 -72.99999999921815
378 -72.99999999912713
379 -72.9999999991978
380 -72.99999999919599
381 -71.99999999919905
382 -72.9999999992001
383 -72.99999999921815
384 -72.99999999912713
385 -72.9999999991978
386 -72.99999999919599
387 -71.99999999919905
388 -72.9999999992001
389 -72.99999999921815
390 -72.99999999912713
391 -72.99999999919781
392 -72.999999999196
393 -71.99999999919905
394 -72.9999999992001
395 -72.99999999921815
396 -72.99999999912713
397 -72.9999999991978
398 -72.99999999919599
399 -71.99999999919905
400 -72.9999999992001
401 -72.99999999921815
402 -72.99999999912713
403 -72.99999999919781
404 -72.999999999196
405 -71.99999999919905
406 -72.9999999992001
407 -72.99999999921815
408 -72.99999999912713
409 -72.99999999919781
410 -72.999999999196
411 -71.99999999919905
412 -72.9999999992001
413 -72.99999999921815
414 -72.99999999912713
415 -72.99999999919781
416 -72.999999999196
417 -71.99999999919905
418 -72.9999999992001
419 -72.99999999921815
420 -72.99999999912713
421 -72.9999999991978
422 -72.99999999919599
423 -71.99999999919905
424 -72.9999999992001
425 -72.99999999921815
426 -72.99999999912713
427 -72.99999999919781
428 -72.999999999196
429 -71.99999999919905
430 -72.9999999992001
431 -72.99999999921815
432 -72.99999999912713
433 -72.99999999919781
434 -72.999999999196
435 -71.99999999919905
436 -72.9999999992001
437 -72.99999999921815
438 -72.99999999912713
439 -72.9999999991978
440 -72.99999999919599
441 -71.99999999919905
442 -72.9999999992001
443 -72.99999999921815
444 -72.99999999912713
445 -72.99999999919781
446 -72.999999999196
447 -71.99999999919905
448 -72.9999999992001
449 -72.99999999921815
450 -72.99999999912713
451 -72.9999999991978
452 -72.99999999919599
453 -71.99999999919905
454 -72.9999999992001
455 -72.99999999921815
456 -72.99999999912713
457 -72.99999999919781
458 -72.999999999196
459 -71.99999999919905
460 -72.9999999992001
461 -72.99999999921815
462 -72.99999999912713
463 -72.9999999991978
464 -72.99999999919599
465 -71.99999999919905
466 -72.9999999992001
467 -72.99999999921815
468 -72.99999999912713
469 -72.99999999919781
470 -72.999999999196
471 -71.99999999919905
472 -72.9999999992001
473 -72.99999999921815
474 -72.99999999912713
475 -72.9999999991978
476 -72.99999999919599
477 -71.99999999919905
478 -72.9999999992001
479 -72.99999999921815
480 -72.99999999912713
481 -72.99999999919781
482 -72.999999999196
483 -71.99999999919905
484 -72.9999999992001
485 -72.99999999921815
486 -72.99999999912713
487 -71.99999999999788
488 -72.99999999919781
489 -72.999999999196
490 -71.99999999919905
491 -72.99999999920011
492 -72.99999999921816
493 -72.99999999912713
494 -72.99999999830891
495 -72.99999999885392
496 -72.99999999905589
497 -72.99999999913761
498 -72.99999999917195
499 -72.99999999918664
500 -72.99999999919297
evaluations raw_y
1 -9.970574781017994
2 -9.970568480545072
3 -9.970579634527876
4 -9.970581252904115
5 -9.970569349858913
6 -9.970568261949014
7 -28.01062483923836
8 -28.010627743263008
9 -28.01063173811057
10 -28.010617867725408
11 -28.010621458440013
12 -28.01063083754235
13 -42.49156456840652
14 -42.49156987635942
15 -42.49156435446625
16 -42.49155756547308
17 -42.49156964158325
18 -42.49157044755794
19 3.5797412665145343
20 3.579734345331994
21 3.5797370518186487
22 3.5797456354835377
23 3.579735383750384
24 3.579739649983089
25 -42.95728376137933
26 -42.95728927578716
27 -42.95728152909298
28 -42.95727678725922
29 -42.95728742668143
30 -42.95728999501114
31 -42.02428334932449
32 -42.02428969676455
33 -42.02428178494359
34 -42.02427831691291
35 -42.02428717217915
36 -42.02429037127993
37 -43.09430112990796
38 -43.09430689472345
39 -43.094299073056405
40 -43.09429440253041
41 -43.09430483728812
42 -43.09430772522115
43 -43.35947868488782
44 -43.35948426116199
45 -43.35947659192066
46 -43.35947198061377
47 -43.359482439134226
48 -43.359485339636436
49 -44.173529597255666
50 -44.17353430795846
51 -44.17352736044315
52 -44.17352299387533
53 -44.17353353660818
54 -44.173536445949885
55 -46.32545658820358
56 -46.32546127571601
57 -46.32545433761116
58 -46.32545022390403
59 -46.3254604780545
60 -46.325463339921086
61 -54.172677039383316
62 -54.172681633213024
63 -54.1726747337684
64 -54.17267211278989
65 -54.17268072845914
66 -54.17268319760546
67 -68.88373462745619
68 -68.88373741449685
69 -68.88373310816459
70 -68.88373155267165
71 -68.88373668793243
72 -68.88373614421693
73 -70.43593768254183
74 -70.43593586537233
75 -70.43593823569753
76 -70.4359407337141
77 -70.43593664913088
78 -70.43593919722433
79 -72.5758206037103
80 -72.57581966563643
81 -72.57582092602887
82 -72.57582179197559
83 -72.57582000358444
84 -72.57582073722676
85 -72.97117976266766
86 -72.97118003979593
87 -72.97117967361785
88 -72.97117969300595
89 -72.97117995105997
90 -72.97118001632892
91 -72.99848177179696
92 -72.99848172493112
93 -72.99848178109686
94 -72.99848170274616
95 -72.99848174423087
96 -72.99848172520099
97 -72.99983578948675
98 -72.99983579924742
99 -72.99983578923091
100 -72.9998358169463
101 -72.99983579466118
102 -72.99983577522612
103 -72.99998771949056
104 -72.99998771878401
105 -72.99998771947938
106 -72.99998771739075
107 -72.9999877183703
108 -72.9999877281253
109 -72.99999983185748
110 -72.99999983164099
111 -72.99999983178353
112 -72.99999983126095
113 -72.99999983210853
114 -72.99999983105813
115 -72.99999999755705
116 -72.9999999976183
117 -72.99999999758423
118 -72.99999999762771
119 -72.99999999747776
120 -72.99999999755981
121 -72.99999999988438
122 -72.99999999987126
123 -72.99999999987824
124 -72.99999999988889
125 -72.99999999990384
126 -72.99999999989396
127 -72.99999999999845
128 -72.99999999999908
129 -72.99999999999869
130 -72.99999999999599
131 -72.99999999999743
132 -72.99999999999747
133 -72.99999999999785
134 -72.99999999999788
135 -72.99999999999788
136 -72.99999999999802
137 -72.9999999999978
138 -72.99999999999785
139 -72.99999999999856
140 -72.99999999999903
141 -72.99999999999876
142 -72.99999999999672
143 -72.99999999999775
144 -72.99999999999781
145 -72.99999999999856
146 -72.99999999999899
147 -72.99999999999872
148 -72.99999999999699
149 -72.9999999999979
150 -72.99999999999793
151 -41.211394697003584
152 -41.21138802418416
153 -41.21138927360166
154 -41.21139188384144
155 -41.21139297042268
156 -41.21138995929025
157 -1.3655125331169886
158 -1.3655104901516104
159 -1.3655123658564934
160 -1.3655191250567666
161 -1.3655058865325609
162 -1.3655190950884375
163 20.743302487852965
164 20.74330938093776
165 20.74330949021672
166 20.743298015546326
167 20.743295479277762
168 20.7433081586897
169 -67.7657145592519
170 -67.76570970579786
171 -67.76571477912647
172 -67.76571499308783
173 -67.76571485758944
174 -67.76571496454866
175 -42.71522828898308
176 -42.71522199932983
177 -42.71522510003975
178 -42.71522461560708
179 -42.715225759021614
180 -42.715224232858034
181 -71.90469459880684
182 -71.90469389810586
183 -71.90469435193614
184 -71.90469446430599
185 -71.90469451550327
186 -71.90469437887542
187 7.5699810104742955
188 7.569986632448812
189 7.569980559494579
190 7.569978378143606
191 7.5699880262608605
192 7.5699815896242
193 -70.96801926618012
194 -70.96801874592211
195 -70.96801747354785
196 -70.96802067473618
197 -70.96802037687411
198 -70.96801925315242
199 -71.90490809829018
200 -71.90490740025483
201 -71.90490782827757
202 -71.9049079867498
203 -71.90490803271396
204 -71.9049078814179
205 -71.90533887102858
206 -71.90533817452628
207 -71.90533860160573
208 -71.90533875974532
209 -71.90533880554051
210 -71.90533865484035
211 -71.90705206884377
212 -71.90705137847401
213 -71.90705180177999
214 -71.90705195858901
215 -71.90705200370823
216 -71.90705185539179
217 -71.91374655165136
218 -71.91374588581701
219 -71.9137462940241
220 -71.91374644551051
221 -71.91374648792592
222 -71.91374634914465
223 -71.93799043632613
224 -71.93798986871245
225 -71.93799021644945
226 -71.93799034664134
227 -71.93799037824114
228 -71.93799027760521
229 -70.87406956264792
230 -70.87406923317397
231 -70.87407060147592
232 -70.87406999840927
233 -70.87407077191405
234 -70.87406745539616
235 -71.93897258595712
236 -71.93897202530621
237 -71.93897240302258
238 -71.93897251166021
239 -71.93897256514626
240 -71.93897236925541
241 -71.94094006405125
242 -71.94093951255208
243 -71.94093988414934
244 -71.94093999192397
245 -71.94094004247546
246 -71.94093985045997
247 -71.94848081490727
248 -71.9484803000243
249 -71.94848064713622
250 -71.94848075145855
251 -71.94848079027182
252 -71.94848061375814
253 -71.97337449065185
254 -71.97337412236455
255 -71.97337437140891
256 -71.97337446191818
257 -71.97337445377781
258 -71.97337433927719
259 -71.12018233002122
260 -71.12018228301486
261 -71.12018211195752
262 -71.12018074139687
263 -71.12018402029749
264 -71.12018285693487
265 -71.97467744754839
266 -71.97467709125364
267 -71.9746773246132
268 -71.97467736002503
269 -71.97467747582235
270 -71.97467732152685
271 -71.97724104560875
272 -71.97724070780039
273 -71.97724092908541
274 -71.97724096264926
275 -71.97724107242603
276 -71.97724092615849
277 -71.9861280665774
278 -71.98612780273673
279 -71.98612797570235
280 -71.98612800187374
281 -71.98612808756792
282 -71.98612797341316
283 -71.99961667781876
284 -71.99961663403437
285 -71.99961666261376
286 -71.99961666699429
287 -71.99961668129333
288 -71.99961666223393
289 -71.99999999985269
290 -71.99999999985081
291 -71.99999999987028
292 -71.99999999986396
293 -71.99999999985971
294 -71.99999999986994
295 -71.99999999999807
296 -71.99999999999983
297 -71.99999999999592
298 -71.99999999999669
299 -71.99999999999717
300 -71.99999999999596
301 -71.99999999999797
302 -71.99999999999794
303 -71.99999999999797
304 -71.99999999999795
305 -71.99999999999797
306 -71.99999999999797
307 -71.99999999999854
308 -71.99999999999973
309 -71.99999999999707
310 -71.99999999999757
311 -71.99999999999793
312 -71.9999999999971
313 -71.99999999999852
314 -71.99999999999918
315 -71.99999999999771
316 -71.99999999999802
317 -71.99999999999818
318 -71.99999999999773
319 -71.99999999999856
320 -71.99999999999962
321 -71.99999999999726
322 -71.99999999999774
323 -71.99999999999802
324 -71.9999999999973
325 -71.99999999999858
326 -71.9999999999996
327 -71.99999999999733
328 -71.99999999999775
329 -71.99999999999805
330 -71.99999999999734
331 -71.9999999999986
332 -71.99999999999946
333 -71.99999999999753
334 -71.99999999999785
335 -71.99999999999814
336 -71.99999999999754
337 -71.99999999999858
338 -71.9999999999994
339 -71.99999999999757
340 -71.9999999999979
341 -71.99999999999815
342 -71.99999999999757
343 -71.99999999999858
344 -71.99999999999945
345 -71.99999999999754
346 -71.99999999999787
347 -71.99999999999814
348 -71.99999999999754
349 -71.9999999999986
350 -71.99999999999946
351 -71.99999999999753
352 -71.99999999999785
353 -71.99999999999814
354 -71.99999999999754
355 -71.9999999999986
356 -71.99999999999946
357 -71.99999999999753
358 -71.99999999999787
359 -71.99999999999814
360 -71.99999999999754
361 -71.99999999999858
362 -71.99999999999945
363 -71.99999999999754
364 -71.99999999999785
365 -71.99999999999814
366 -71.99999999999754
367 -71.9999999999986
368 -71.99999999999946
369 -71.99999999999753
370 -71.99999999999787
371 -71.99999999999814
372 -71.99999999999754
373 -71.9999999999986
374 -71.99999999999946
375 -71.99999999999753
376 -71.99999999999787
377 -71.99999999999814
378 -71.99999999999754
379 -71.99999999999858
380 -71.99999999999946
381 -71.99999999999753
382 -71.99999999999785
383 -71.99999999999814
384 -71.99999999999754
385 -71.9999999999986
386 -71.99999999999946
387 -71.99999999999753
388 -71.99999999999787
389 -71.99999999999814
390 -71.99999999999754
391 -71.9999999999986
392 -71.99999999999946
393 -71.99999999999753
394 -71.99999999999787
395 -71.99999999999814
396 -71.99999999999754
397 -71.9999999999986
398 -71.99999999999946
399 -71.99999999999753
400 -71.99999999999787
401 -71.99999999999814
402 -71.99999999999754
403 -71.9999999999986
404 -71.99999999999946
405 -71.99999999999753
406 -71.99999999999787
407 -71.99999999999814
408 -71.99999999999754
409 -71.9999999999986
410 -71.99999999999946
411 -71.99999999999753
412 -71.99999999999787
413 -71.99999999999814
414 -71.99999999999754
415 -71.9999999999986
416 -71.99999999999946
417 -71.99999999999753
418 -71.99999999999787
419 -71.99999999999814
420 -71.99999999999754
421 -71.9999999999986
422 -71.99999999999946
423 -71.99999999999753
424 -71.99999999999787
425 -71.99999999999814
426 -71.99999999999754
427 -71.9999999999986
428 -71.99999999999946
429 -71.99999999999753
430 -71.99999999999787
431 -71.99999999999814
432 -71.99999999999754
433 -71.99999999999858
434 -71.99999999999946
435 -71.99999999999753
436 -71.99999999999785
437 -71.99999999999814
438 -71.99999999999754
439 -71.9999999999986
440 -71.99999999999946
441 -71.99999999999753
442 -71.99999999999787
443 -71.99999999999814
444 -71.99999999999754
445 -71.9999999999986
446 -71.99999999999946
447 -71.99999999999753
448 -71.99999999999787
449 -71.99999999999814
450 -71.99999999999754
451 -71.9999999999986
452 -71.99999999999946
453 -71.99999999999753
454 -71.99999999999787
455 -71.99999999999814
456 -71.99999999999754
457 -71.9999999999986
458 -71.99999999999946
459 -71.99999999999753
460 -71.99999999999787
461 -71.99999999999814
462 -71.99999999999754
463 -71.9999999999986
464 -71.99999999999946
465 -71.99999999999753
466 -71.99999999999787
467 -71.99999999999814
468 -71.99999999999754
469 -71.99999999999858
470 -71.99999999999946
471 -71.99999999999753
472 -71.99999999999785
473 -71.99999999999814
474 -71.99999999999754
475 -71.9999999999986
476 -71.99999999999946
477 -71.99999999999753
478 -71.99999999999787
479 -71.99999999999814
480 -71.99999999999754
481 -71.9999999999986
482 -71.99999999999946
483 -71.99999999999753
484 -71.99999999999787
485 -71.99999999999814
486 -71.99999999999754
487 -71.9999999999986
488 -71.99999999999946
489 -71.99999999999753
490 -71.99999999999787
491 -71.99999999999814
492 -71.99999999999754
493 -71.9999999999986
494 -71.99999999999946
495 -71.99999999999753
496 -71.99999999999787
497 -71.99999999999814
498 -71.99999999999754
499 -71.9999999999986
500 -71.99999999999946
evaluations raw_y
1 -26.3186954455485
2 -26.318702100438067
3 -26.318689778319666
4 -26.318692964668557
5 -26.318688714469296
6 -26.318694833072676
7 5.493277049601054
8 5.493270983464467
9 5.493272171338863
10 5.493274927942811
11 5.49328375955605
12 5.493270039392899
13 33.053979666090676
14 33.05398120131116
15 33.053979814540895
16 33.053972709160576
17 33.0539827101842
18 33.05397721890609
19 -58.2001777310667
20 -58.20018309518099
21 -58.20017727336234
22 -58.20017788187353
23 -58.20017603505313
24 -58.20017778103637
25 -37.362791107240064
26 -37.36279812894477
27 -37.362784555659694
28 -37.36278527385856
29 -37.36279152039512
30 -37.36278931212596
31 -63.13378607193614
32 -63.133786108334036
33 -63.133784395736654
34 -63.133785138143864
35 -63.13378469658399
36 -63.13378583365885
37 -11.832275152960968
38 -11.832268202376035
39 -11.832268650204007
40 -11.832273580401356
41 -11.832281812872225
42 -11.832269006533167
43 -67.74914879473599
44 -67.74914841206208
45 -67.74914767545833
46 -67.74914884094903
47 -67.74914623007274
48 -67.74914883154246
49 -63.1367831915361
50 -63.1367831938537
51 -63.136781560245765
52 -63.13678233698012
53 -63.13678171739798
54 -63.136782975611524
55 -63.14262419233084
56 -63.14262419363479
57 -63.142622589383976
58 -63.14262331778181
59 -63.14262271302138
60 -63.14262396436838
61 -68.16172125337707
62 -68.16172125062637
63 -68.16171976407497
64 -68.1617202989295
65 -68.16171975339073
66 -68.16172097727016
67 -48.44622945293265
68 -48.44622879089108
69 -48.44623486044973
70 -48.44623467489701
71 -48.44623594536555
72 -48.44623171447329
73 -68.97764270549406
74 -68.97764260301429
75 -68.97764236388707
76 -68.97764278207893
77 -68.97764267369685
78 -68.97764281882549
79 -15.33210419393739
80 -15.332104228553135
81 -15.332098085014213
82 -15.332110710457876
83 -15.332110273033955
84 -15.332110702030526
85 -68.95566897266188
86 -68.9556688706085
87 -68.95566858660511
88 -68.95566921217308
89 -68.95566896382319
90 -68.955668699901
91 -68.97788517036525
92 -68.97788506792581
93 -68.977884824554
94 -68.97788526236133
95 -68.97788514073923
96 -68.9778852471801
97 -68.97837223332525
98 -68.9783721321611
99 -68.97837189131971
100 -68.97837232434702
101 -68.97837220397443
102 -68.97837230930793
103 -68.98026619712181
104 -68.98026610105893
105 -68.98026587034022
106 -68.98026628424644
107 -68.98026616887186
108 -68.98026626977587
109 -68.98697331907069
110 -68.98697324341342
111 -68.98697305319958
112 -68.98697339060655
113 -68.98697329522429
114 -68.98697337841014
115 -68.99886371389894
116 -68.99886369039928
117 -68.99886363557626
118 -68.99886373474568
119 -68.99886370710672
120 -68.99886373130948
121 -63.99999999311473
122 -63.99999999331375
123 -63.999999993106684
124 -63.99999999316586
125 -63.999999993073544
126 -63.99999999313772
127 -68.9988638861563
128 -68.99886386265845
129 -68.99886380783957
130 -68.99886390700148
131 -68.99886387936462
132 -68.99886390356555
133 -68.99986882618518
134 -68.99986881832724
135 -68.99986879955168
136 -68.9998688333063
137 -68.99986882384881
138 -68.99986883211949
139 -68.99999999991036
140 -68.99999999988691
141 -68.99999999991547
142 -68.99999999990398
143 -68.99999999991539
144 -68.99999999990746
145 -63.99999999999508
146 -63.999999999997954
147 -63.99999999999456
148 -63.99999999999585
149 -63.99999999999447
150 -63.999999999995424
151 -68.99999999991036
152 -68.99999999988691
153 -68.99999999991547
154 -68.99999999990398
155 -68.99999999991539
156 -68.99999999990746
157 -68.99999999998381
158 -68.99999999997351
159 -68.99999999998609
160 -68.999999999981
161 -68.99999999998602
162 -68.99999999998253
163 -63.99999999999791
164 -68.99999999999794
165 -63.99999999999794
166 -63.999999999997925
167 -63.999999999997925
168 -63.99999999999791
169 -68.99999999998512
170 -68.99999999997524
171 -68.99999999998731
172 -68.99999999998242
173 -68.99999999998724
174 -68.99999999998388
175 -68.99999999999753
176 -68.99999999999417
177 -68.99999999999828
178 -68.9999999999966
179 -68.99999999999824
180 -68.9999999999971
181 -63.99999999999791
182 -68.99999999999793
183 -63.999999999997925
184 -63.999999999997925
185 -63.99999999999794
186 -63.999999999997925
187 -68.99999999999753
188 -68.99999999999417
189 -68.99999999999828
190 -68.9999999999966
191 -68.99999999999824
192 -68.9999999999971
193 -68.99999999999822
194 -68.99999999999656
195 -68.99999999999861
196 -68.99999999999777
197 -68.99999999999861
198 -68.99999999999802
199 -63.99999999999798
200 -68.99999999999797
201 -63.99999999999798
202 -63.99999999999798
203 -63.999999999997954
204 -63.99999999999797
205 -68.99999999999822
206 -68.99999999999656
207 -68.99999999999861
208 -68.99999999999777
209 -68.99999999999861
210 -68.99999999999802
211 -63.999999999998224
212 -68.99999999999739
213 -63.99999999999841
214 -63.999999999997996
215 -63.999999999998394
216 -63.99999999999811
217 -68.99999999999822
218 -68.99999999999656
219 -68.99999999999861
220 -68.99999999999777
221 -68.99999999999861
222 -68.99999999999802
223 -63.99999999999825
224 -68.999999999997
225 -63.99999999999855
226 -63.99999999999791
227 -63.99999999999852
228 -63.999999999998096
229 -68.99999999999822
230 -68.99999999999656
231 -68.99999999999861
232 -68.99999999999777
233 -68.99999999999861
234 -68.99999999999802
235 -63.99999999999825
236 -68.99999999999679
237 -63.99999999999859
238 -63.999999999997854
239 -63.99999999999858
240 -63.99999999999807
241 -68.99999999999822
242 -68.99999999999656
243 -68.99999999999861
244 -68.99999999999777
245 -68.99999999999861
246 -68.99999999999802
247 -63.99999999999824
248 -68.99999999999669
249 -63.99999999999861
250 -63.99999999999781
251 -63.99999999999859
252 -63.99999999999804
253 -68.99999999999822
254 -68.99999999999656
255 -68.99999999999861
256 -68.99999999999777
257 -68.99999999999861
258 -68.99999999999802
259 -63.999999999998224
260 -68.99999999999662
261 -63.99999999999861
262 -63.99999999999778
263 -63.99999999999859
264 -63.999999999998025
265 -68.99999999999822
266 -68.99999999999656
267 -68.99999999999861
268 -68.99999999999777
269 -68.99999999999861
270 -68.99999999999802
271 -63.999999999998224
272 -68.99999999999659
273 -63.99999999999861
274 -63.99999999999778
275 -63.99999999999861
276 -63.999999999998025
277 -68.99999999999822
278 -68.99999999999656
279 -68.99999999999861
280 -68.99999999999777
281 -68.99999999999861
282 -68.99999999999802
283 -68.99999999999821
284 -68.99999999999656
285 -68.99999999999861
286 -68.99999999999777
287 -68.9999999999986
288 -68.99999999999801
289 -68.99999999999822
290 -68.99999999999656
291 -68.99999999999861
292 -68.99999999999777
293 -68.99999999999861
294 -68.99999999999802
295 -68.99999999999822
296 -68.99999999999656
297 -68.99999999999861
298 -68.99999999999777
299 -68.99999999999861
300 -68.99999999999802
301 -68.99999999999822
302 -68.99999999999656
303 -68.99999999999861
304 -68.99999999999777
305 -68.99999999999861
306 -68.99999999999802
307 -68.99999999999822
308 -68.99999999999656
309 -68.99999999999861
310 -68.99999999999777
311 -68.99999999999861
312 -68.99999999999802
313 -68.99999999999822
314 -68.99999999999656
315 -68.99999999999861
316 -68.99999999999777
317 -68.99999999999861
318 -68.99999999999802
319 -68.99999999999821
320 -68.99999999999656
321 -68.99999999999861
322 -68.99999999999777
323 -68.9999999999986
324 -68.99999999999801
325 -68.99999999999822
326 -68.99999999999656
327 -68.99999999999861
328 -68.99999999999777
329 -68.99999999999861
330 -68.99999999999802
331 -68.99999999999822
332 -68.99999999999656
333 -68.99999999999861
334 -68.99999999999777
335 -68.99999999999861
336 -68.99999999999802
337 -68.99999999999821
338 -68.99999999999656
339 -68.99999999999861
340 -68.99999999999777
341 -68.9999999999986
342 -68.99999999999801
343 -68.99999999999822
344 -68.99999999999656
345 -68.99999999999861
346 -68.99999999999777
347 -68.99999999999861
348 -68.99999999999802
349 -68.99999999999822
350 -68.99999999999656
351 -68.99999999999861
352 -68.99999999999777
353 -68.99999999999861
354 -68.99999999999802
355 -68.99999999999821
356 -68.99999999999656
357 -68.99999999999861
358 -68.99999999999777
359 -68.9999999999986
360 -68.99999999999801
361 -68.99999999999822
362 -68.99999999999656
363 -68.99999999999861
364 -68.99999999999777
365 -68.99999999999861
366 -68.99999999999802
367 -68.99999999999822
368 -68.99999999999656
369 -68.99999999999861
370 -68.99999999999777
371 -68.99999999999861
372 -68.99999999999802
373 -68.99999999999822
374 -68.99999999999656
375 -68.99999999999861
376 -68.99999999999777
377 -68.99999999999861
378 -68.99999999999802
379 -68.99999999999822
380 -68.99999999999656
381 -68.99999999999861
382 -68.99999999999777
383 -68.99999999999861
384 -68.99999999999802
385 -68.99999999999822
386 -68.99999999999656
387 -68.99999999999861
388 -68.99999999999777
389 -68.99999999999861
390 -68.99999999999802
391 -68.99999999999821
392 -68.99999999999656
393 -68.99999999999861
394 -68.99999999999777
395 -68.9999999999986
396 -68.99999999999801
397 -68.99999999999822
398 -68.99999999999656
399 -68.99999999999861
400 -68.99999999999777
401 -68.99999999999861
402 -68.99999999999802
403 -68.99999999999822
404 -68.99999999999656
405 -68.99999999999861
406 -68.99999999999777
407 -68.99999999999861
408 -68.99999999999802
409 -68.99999999999821
410 -68.99999999999656
411 -68.99999999999861
412 -68.99999999999777
413 -68.9999999999986
414 -68.99999999999801
415 -68.99999999999822
416 -68.99999999999656
417 -68.99999999999861
418 -68.99999999999777
419 -68.99999999999861
420 -68.99999999999802
421 -68.99999999999822
422 -68.99999999999656
423 -68.99999999999861
424 -68.99999999999777
425 -68.99999999999861
426 -68.99999999999802
427 -68.99999999999821
428 -68.99999999999656
429 -68.99999999999861
430 -68.99999999999777
431 -68.9999999999986
432 -68.99999999999801
433 -68.99999999999822
434 -68.99999999999656
435 -68.99999999999861
436 -68.99999999999777
437 -68.99999999999861
438 -68.99999999999802
439 -68.99999999999821
440 -68.99999999999656
441 -68.99999999999861
442 -68.99999999999777
443 -68.9999999999986
444 -68.99999999999801
445 -68.99999999999822
446 -68.99999999999656
447 -68.99999999999861
448 -68.99999999999777
449 -68.99999999999861
450 -68.99999999999802
451 -68.99999999999822
452 -68.99999999999656
453 -68.99999999999861
454 -68.99999999999777
455 -68.99999999999861
456 -68.99999999999802
457 -68.99999999999821
458 -68.99999999999656
459 -68.99999999999861
460 -68.99999999999777
461 -68.9999999999986
462 -68.99999999999801
463 -68.99999999999822
464 -68.99999999999656
465 -68.99999999999861
466 -68.99999999999777
467 -68.99999999999861
468 -68.99999999999802
469 -68.99999999999822
470 -68.99999999999656
471 -68.99999999999861
472 -68.99999999999777
473 -68.99999999999861
474 -68.99999999999802
475 -68.99999999999822
476 -68.99999999999656
477 -68.99999999999861
478 -68.99999999999777
479 -68.99999999999861
480 -68.99999999999802
481 -68.99999999999822
482 -68.99999999999656
483 -68.99999999999861
484 -68.99999999999777
485 -68.99999999999861
486 -68.99999999999802
487 -68.99999999999822
488 -68.99999999999656
489 -68.99999999999861
490 -68.99999999999777
491 -68.99999999999861
492 -68.99999999999802
493 -68.99999999999821
494 -68.99999999999656
495 -68.99999999999861
496 -68.99999999999777
497 -68.9999999999986
498 -68.99999999999801
499 -68.99999999999822
500 -68.99999999999656
evaluations raw_y
1 -22.45907157210524
2 -22.4590645502407
3 -22.459069309435638
4 -22.45907009189407
5 -22.45906887170389
6 -22.45907477643656
7 -22.459524212198776
8 -22.459519041618332
9 -22.459531151179053
10 -22.45951814833664
11 -22.459529793005707
12 -22.459530842083286
13 -4.168753157389482
14 -4.168747154261181
15 -4.168759866861134
16 -4.168759765503724
17 -4.168752294315967
18 -4.1687497772276885
19 -45.133940585232175
20 -45.133941854802984
21 -45.13394221760616
22 -45.13394167426171
23 -45.133934438100525
24 -45.13393835632297
25 -32.17136449524741
26 -32.17137129751961
27 -32.17136575523595
28 -32.17136526741121
29 -32.17137144385305
30 -32.17136251631177
31 -60.57280997200343
32 -60.57281519347305
33 -60.57281145578099
34 -60.57281093438755
35 -60.57280625757623
36 -60.57280784283574
37 49.9652853440316
38 49.96529233613356
39 49.965283251980885
40 49.965278771299246
41 49.965288466185754
42 49.96528133452377
43 -61.36011114456841
44 -61.36011587568257
45 -61.36011338863244
46 -61.36011263724731
47 -61.360108543930934
48 -61.360108056684595
49 6.6111408125824624
50 6.611137176851262
51 6.611146570908849
52 6.611137668279233
53 6.6111424706098365
54 6.611134381538644
55 -61.362625942619204
56 -61.36263067058739
57 -61.3626281348114
58 -61.36262735374042
59 -61.36262334484046
60 -61.362622779623834
61 -61.367702134152054
62 -61.367706861447004
63 -61.36770432253694
64 -61.36770354741252
65 -61.3676995381914
66 -61.367698971610466
67 -61.38793287343397
68 -61.38793759803518
69 -61.3879350465826
70 -61.38793429525005
71 -61.38793028474775
72 -61.38792971270777
73 -61.467670378933036
74 -61.46767509274659
75 -61.46767249102409
76 -61.46767183494953
77 -61.46766781937663
78 -61.46766722547082
79 -61.767590418481646
80 -61.76759508894216
81 -61.76759228463273
82 -61.767592010930684
83 -61.76758797594741
84 -61.76758729411772
85 -62.54567795783237
86 -62.54568251850458
87 -62.54567987545005
88 -62.54567927593321
89 -62.5456758129461
90 -62.54567509179088
91 -64.84218785973967
92 -64.84219196211299
93 -64.84218998208333
94 -64.84218806384612
95 -64.84218694247902
96 -64.84218607001834
97 -68.62510518422495
98 -68.62510566346711
99 -68.62510618049845
100 -68.62510532822887
101 -68.62510443839355
102 -68.62510437403448
103 -68.9886732256666
104 -68.98867327607257
105 -68.98867306925585
106 -68.98867321284486
107 -68.98867337840254
108 -68.98867338045842
109 -68.99995961772426
110 -68.99995960230423
111 -68.99995961855286
112 -68.99995961707069
113 -68.99995961481412
114 -68.99995961345749
115 -68.99999961335071
116 -68.99999961486118
117 -68.99999961375292
118 -68.99999961343764
119 -68.99999961306483
120 -68.99999961341025
121 -68.99999999990852
122 -68.99999999990553
123 -68.99999999989797
124 -68.99999999990865
125 -68.99999999992961
126 -68.99999999990644
127 -68.9999999999978
128 -68.99999999999747
129 -68.999999999998
130 -68.99999999999775
131 -68.9999999999966
132 -68.99999999999872
133 -68.99999999999797
134 -68.99999999999798
135 -68.99999999999798
136 -68.99999999999797
137 -68.99999999999797
138 -68.99999999999791
139 -68.99999999999795
140 -68.99999999999795
141 -68.99999999999795
142 -68.99999999999795
143 -68.99999999999795
144 -68.99999999999795
145 -68.99999999999797
146 -68.99999999999798
147 -68.99999999999798
148 -68.99999999999797
149 -68.99999999999797
150 -68.99999999999791
151 -68.99999999999797
152 -68.99999999999798
153 -68.99999999999798
154 -68.99999999999797
155 -68.99999999999797
156 -68.99999999999791
157 -68.99999999999797
158 -68.99999999999797
159 -68.99999999999797
160 -68.99999999999795
161 -68.99999999999797
162 -68.99999999999794
163 3.541739523808731
164 3.541732519875744
165 3.541737233961612
166 3.5417374871985405
167 3.5417377269563275
168 3.541736463872278
169 19.092152742494584
170 19.092149957023945
171 19.0921591125026
172 19.092158967397562
173 19.0921480070446
174 19.092156683461535
175 4.730946431419427
176 4.730952626991086
177 4.730949976467661
178 4.730951550839707
179 4.730942629006339
180 4.730953082068965
181 -5.663936022564078
182 -5.663934078177027
183 -5.6639296414888065
184 -5.663930056408114
185 -5.663942958602252
186 -5.663940669329509
187 -25.0241491792869
188 -25.024152764096506
189 -25.024143264057187
190 -25.0241438050564
191 -25.024155062796428
192 -25.024149029380606
193 -12.418752961388186
194 -12.418748658505883
195 -12.41874992233403
196 -12.41875090859168
197 -12.418746419979456
198 -12.41875196567771
199 -42.416994172560884
200 -42.417001073191344
201 -42.41698916245021
202 -42.416989886335585
203 -42.41699343817615
204 -42.416987806640286
205 27.393623001359707
206 27.393622495084173
207 27.393617996642554
208 27.393617981646386
209 27.393625862839652
210 27.39362670387669
211 -49.90969816956847
212 -49.909702969824664
213 -49.90969434332836
214 -49.909695071720414
215 -49.909695024382174
216 -49.90969134270215
217 -2.3260169351043984
218 -2.3260124186527182
219 -2.326023746987488
220 -2.3260210974391153
221 -2.326018897549245
222 -2.3260236366013487
223 -50.34026705952036
224 -50.34027145745528
225 -50.340263836658075
226 -50.34026432608926
227 -50.34026504685856
228 -50.34026005754778
229 -50.186763755247405
230 -50.18676816233183
231 -50.18675924617141
232 -50.1867631581982
233 -50.18676189301643
234 -50.186756773371926
235 -50.52592193808955
236 -50.52592633991715
237 -50.525918145329925
238 -50.525920092225626
239 -50.52591998928633
240 -50.52591494382104
241 -50.89897277220267
242 -50.89897719511489
243 -50.8989690532103
244 -50.89897098139686
245 -50.89897079303384
246 -50.898965791726766
247 -52.349511103996136
248 -52.34951561058473
249 -52.349507685706456
250 -52.34950953456643
251 -52.349509003772596
252 -52.349504206262615
253 -57.34039876333057
254 -57.340403593686766
255 -57.3403966246437
256 -57.3403980935926
257 -57.34039618609468
258 -57.34039262404367
259 -66.49568331287564
260 -66.49568676324398
261 -66.49568359103046
262 -66.49568411412832
263 -66.49567999885922
264 -66.4956812176658
265 -66.70933585368996
266 -66.70933561913901
267 -66.70933748491464
268 -66.70933713698612
269 -66.70933412204427
270 -66.7093348433343
271 -67.09481568041821
272 -67.09481559383877
273 -67.09481714208394
274 -67.09481683047058
275 -67.09481426190885
276 -67.09481503399347
277 -67.70649211497381
278 -67.7064920576608
279 -67.70649295699512
280 -67.70649278977325
281 -67.70649133724197
282 -67.70649172568243
283 -67.99988097989788
284 -67.99988097676622
285 -67.99988096179415
286 -67.99988097201259
287 -67.99988097146995
288 -67.9998809975557
289 -71.99999143573675
290 -71.99999143734989
291 -71.99999143852837
292 -71.99999143560527
293 -71.99999144090066
294 -71.99999143135382
295 -67.99999999226804
296 -67.99999999220206
297 -67.99999999234436
298 -67.9999999923896
299 -67.99999999210694
300 -67.9999999922696
301 -71.99999143574928
302 -71.99999143736243
303 -71.99999143854093
304 -71.99999143561782
305 -71.99999144091319
306 -71.99999143136635
307 -71.99999143576183
308 -71.99999143737499
309 -71.99999143855347
310 -71.99999143563036
311 -71.99999144092574
312 -71.9999914313789
313 -71.9999979132692
314 -71.99999791404278
315 -71.99999791470317
316 -71.99999791326424
317 -71.99999791577059
318 -71.99999791107851
319 -71.99999999997976
320 -71.99999999998326
321 -71.99999999997472
322 -71.9999999999723
323 -71.99999999998388
324 -71.9999999999834
325 -71.99999999999788
326 -68.99999999999761
327 -71.99999999999804
328 -71.99999999999841
329 -70.99999999999768
330 -71.99999999999767
331 -71.99999999997976
332 -71.99999999998326
333 -71.99999999997472
334 -71.9999999999723
335 -71.99999999998388
336 -71.9999999999834
337 -71.99999999999653
338 -68.99999999999753
339 -71.99999999999496
340 -71.99999999999439
341 -70.99999999999775
342 -71.9999999999976
343 -71.99999999999798
344 -68.99999999999798
345 -71.99999999999777
346 -71.99999999999795
347 -70.99999999999808
348 -71.99999999999804
349 -71.99999999999734
350 -68.999999999998
351 -71.99999999999625
352 -71.99999999999592
353 -70.9999999999982
354 -71.99999999999807
355 -71.99999999999795
356 -68.9999999999981
357 -71.99999999999756
358 -71.99999999999763
359 -70.99999999999821
360 -71.99999999999815
361 -71.99999999999798
362 -68.99999999999801
363 -71.99999999999774
364 -71.99999999999788
365 -70.99999999999812
366 -71.99999999999807
367 -71.99999999999797
368 -68.99999999999807
369 -71.99999999999761
370 -71.99999999999771
371 -70.99999999999818
372 -71.99999999999812
373 -71.99999999999798
374 -68.99999999999802
375 -71.99999999999771
376 -71.99999999999785
377 -70.99999999999814
378 -71.99999999999808
379 -71.99999999999798
380 -68.99999999999804
381 -71.9999999999977
382 -71.99999999999783
383 -70.99999999999815
384 -71.9999999999981
385 -71.99999999999798
386 -68.99999999999805
387 -71.99999999999766
388 -71.99999999999775
389 -70.99999999999817
390 -71.99999999999812
391 -71.99999999999798
392 -68.99999999999805
393 -71.99999999999764
394 -71.99999999999774
395 -70.99999999999818
396 -71.99999999999812
397 -71.99999999999798
398 -68.99999999999807
399 -71.99999999999763
400 -71.99999999999774
401 -70.99999999999818
402 -71.99999999999814
403 -71.99999999999798
404 -68.99999999999807
405 -71.99999999999763
406 -71.99999999999773
407 -70.99999999999818
408 -71.99999999999814
409 -71.99999999999798
410 -68.99999999999807
411 -71.99999999999763
412 -71.99999999999771
413 -70.99999999999818
414 -71.99999999999812
415 -71.99999999999797
416 -68.99999999999807
417 -71.99999999999761
418 -71.99999999999771
419 -70.99999999999818
420 -71.99999999999812
421 -71.99999999999797
422 -68.99999999999807
423 -71.99999999999761
424 -71.99999999999771
425 -70.99999999999818
426 -71.99999999999812
427 -71.99999999999797
428 -68.99999999999807
429 -71.99999999999761
430 -71.99999999999771
431 -70.99999999999818
432 -71.99999999999812
433 -71.99999999999798
434 -68.99999999999807
435 -71.99999999999763
436 -71.99999999999771
437 -70.99999999999818
438 -71.99999999999812
439 -71.99999999999798
440 -68.99999999999807
441 -71.99999999999763
442 -71.99999999999771
443 -70.99999999999818
444 -71.99999999999812
445 -71.99999999999797
446 -68.99999999999807
447 -71.99999999999761
448 -71.99999999999771
449 -70.99999999999818
450 -71.99999999999812
451 -71.99999999999798
452 -68.99999999999807
453 -71.99999999999763
454 -71.99999999999771
455 -70.99999999999818
456 -71.99999999999812
457 -71.99999999999797
458 -68.99999999999807
459 -71.99999999999761
460 -71.99999999999771
461 -70.99999999999818
462 -71.99999999999812
463 -71.99999999999798
464 -68.99999999999807
465 -71.99999999999763
466 -71.99999999999771
467 -70.99999999999818
468 -71.99999999999812
469 -71.99999999999798
470 -68.99999999999807
471 -71.99999999999763
472 -71.99999999999771
473 -70.99999999999818
474 -71.99999999999812
475 -71.99999999999798
476 -68.99999999999807
477 -71.99999999999763
478 -71.99999999999771
479 -70.99999999999818
480 -71.99999999999812
481 -71.99999999999798
482 -68.99999999999807
483 -71.99999999999763
484 -71.99999999999771
485 -70.99999999999818
486 -71.99999999999812
487 -71.99999999999797
488 -68.99999999999807
489 -71.99999999999761
490 -71.99999999999771
491 -70.99999999999818
492 -71.99999999999812
493 -71.99999999999798
494 -68.99999999999807
495 -71.99999999999763
496 -71.99999999999771
497 -70.99999999999818
498 -71.99999999999812
499 -71.99999999999798
500 -68.99999999999807
evaluations raw_y
1 37.71011275166174
2 37.71010840879414
3 37.71011720956093
4 37.71010588755898
5 37.71010970204788
6 37.71010659995918
7 18.59936181962593
8 18.599355084232627
9 18.599364469803653
10 18.599354906080862
11 18.599357943532837
12 18.5993671228344
13 -13.907438387797619
14 -13.907440631881762
15 -13.907432390147374
16 -13.907441970179036
17 -13.907438254383663
18 -13.907433825846084
19 -17.062043601203353
20 -17.062039507594868
21 -17.06205014589181
22 -17.062036602193714
23 -17.062043699080366
24 -17.06203759551239
25 -37.111679497480004
26 -37.11167880068631
27 -37.11167535502759
28 -37.11167694388232
29 -37.11167946771218
30 -37.111674221691345
31 37.056377538530015
32 37.05638430039357
33 37.05638058273559
34 37.05637062187614
35 37.05637427908055
36 37.05638351158481
37 -39.26487655991141
38 -39.26487522079135
39 -39.264874449874426
40 -39.26487492063665
41 -39.26487459490019
42 -39.26487122480141
43 -43.89868606000822
44 -43.89868432390803
45 -43.898684542941304
46 -43.89868448991878
47 -43.898684777270695
48 -43.89867955503395
49 -60.314620658024054
50 -60.314617405294555
51 -60.3146215823363
52 -60.31461936621277
53 -60.314622162780395
54 -60.31461629664108
55 -7.192131886260896
56 -7.192138738863548
57 -7.192137338102231
58 -7.192125060510602
59 -7.192129762881123
60 -7.19213392198996
61 -63.87001869443344
62 -63.87001705343533
63 -63.87002031941921
64 -63.87001635867185
65 -63.87001971461757
66 -63.87001731060883
67 -62.97308382335075
68 -62.97308132323779
69 -62.973082465326115
70 -62.97308589253791
71 -62.973084142568595
72 -62.97308643875071
73 -65.22157859381623
74 -65.22157657428117
75 -65.22157892337385
76 -65.22157816590422
77 -65.22157930938019
78 -65.22157897559492
79 -65.48931375150437
80 -65.48931516415107
81 -65.48931332418415
82 -65.48931381726865
83 -65.4893127115776
84 -65.48931349313929
85 -65.88715760451943
86 -65.88715825182574
87 -65.88715738607094
88 -65.88715761289681
89 -65.8871570942004
90 -65.88715748872515
91 -65.99994294559367
92 -65.99994293154151
93 -65.99994293887038
94 -65.99994293657994
95 -65.99994293872749
96 -65.9999429476331
97 -65.99999753304249
98 -65.99999753117791
99 -65.99999753145016
100 -65.99999753068366
101 -65.99999753099854
102 -65.9999975337416
103 -65.9999999991564
104 -65.99999999916633
105 -65.9999999991351
106 -65.9999999991823
107 -65.9999999991058
108 -65.9999999991115
109 -65.99999999998923
110 -65.99999999999207
111 -65.99999999998988
112 -65.99999999998617
113 -65.99999999999118
114 -65.99999999999311
115 -65.99999999999793
116 -65.99999999999793
117 -65.99999999999795
118 -65.99999999999794
119 -65.99999999999793
120 -65.99999999999793
121 -65.99999999999795
122 -65.99999999999795
123 -65.99999999999795
124 -65.99999999999795
125 -65.99999999999795
126 -65.99999999999795
127 12.297846553300943
128 12.297846879362819
129 12.29785039435254
130 12.297851562901933
131 12.29784370293047
132 12.297853568225808
133 13.971118988968337
134 13.971125232183086
135 13.97112397150839
136 13.971116339155925
137 13.971120125449325
138 13.971112931184017
139 1.2334691145960885
140 1.2334722729334544
141 1.2334757281593696
142 1.233473215677309
143 1.2334748203427406
144 1.2334627388278427
145 -15.191815307275974
146 -15.191810407469358
147 -15.191809827705374
148 -15.19181753161406
149 -15.191810231976273
150 -15.191822268933144
151 -15.568306664682005
152 -15.568301964979767
153 -15.568313682447375
154 -15.568308471738757
155 -15.5683015203326
156 -15.568311979734002
157 -16.266170310118614
158 -16.26616618129666
159 -16.266177328871404
160 -16.266172264108004
161 -16.266165298115432
162 -16.266175442624775
163 -16.8581646729987
164 -16.85816061693199
165 -16.85817169459399
166 -16.858166077804952
167 -16.85816245231818
168 -16.85816805047642
169 -18.124665045081382
170 -18.12466089398131
171 -18.124672061066143
172 -18.12466656602617
173 -18.12466226072804
174 -18.124669252599002
175 -24.18691619727914
176 -24.18691167785213
177 -24.18692300030841
178 -24.186918178098608
179 -24.18691140296947
180 -24.186922755548558
181 -29.883142557778193
182 -29.883136781117813
183 -29.88314582845618
184 -29.88314626714476
185 -29.88313659329824
186 -29.88314038136756
187 -34.22816065447943
188 -34.228155480392125
189 -34.228166223139645
190 -34.22816349817587
191 -34.2281537150957
192 -34.22816591329394
193 -23.907944907627552
194 -23.907941703992044
195 -23.907940388615856
196 -23.907948220854145
197 -23.90793915935606
198 -23.907938204500567
199 -41.32534059496656
200 -41.325336101488666
201 -41.32534270752312
202 -41.32534361806718
203 -41.325333637455536
204 -41.325340927533475
205 -50.8185399581359
206 -50.81853858292795
207 -50.81853801402007
208 -50.818542296393154
209 -50.818533263406835
210 -50.81854344058331
211 -57.40957677902193
212 -57.40957658886775
213 -57.40957475342326
214 -57.40957748307602
215 -57.409571858679385
216 -57.40958071195432
217 -66.71037370864995
218 -66.71037433734489
219 -66.71037259178021
220 -66.71037277986342
221 -66.71037487765994
222 -66.71037582477155
223 -64.84500669184986
224 -64.8450072511262
225 -64.8450066708336
226 -64.8450059376371
227 -64.84500634777912
228 -64.8450065640659
229 -67.01547624297025
230 -67.01547686233711
231 -67.01547527240388
232 -67.01547533761918
233 -67.01547721021504
234 -67.01547806527704
235 -67.53593019102354
236 -67.53593060463501
237 -67.53592951668075
238 -67.53592957166582
239 -67.5359308459591
240 -67.53593145460158
241 -63.99986041951827
242 -63.99986042532531
243 -63.99986042525484
244 -63.99986042033473
245 -63.999860418763916
246 -63.99986039036597
247 -67.571893551913
248 -67.57189394960061
249 -67.571892904077
250 -67.57189295673851
251 -67.57189418128786
252 -67.57189476548415
253 -67.95296700990068
254 -67.9529671490104
255 -67.95296679314335
256 -67.95296680786501
257 -67.95296722364478
258 -67.95296740514739
259 -63.99999867758504
260 -63.99999867584437
261 -63.99999867855175
262 -63.99999867877344
263 -63.999998676157475
264 -63.999998676450815
265 -67.9533382800069
266 -67.95333841856217
267 -67.95333806410648
268 -67.95333807877111
269 -67.95333849290414
270 -67.95333867369472
271 -67.99470278390947
272 -67.99470282987214
273 -67.99470271113108
274 -67.99470271626532
275 -67.99470285536219
276 -67.99470291707698
277 -66.999999988768
278 -66.99999998892896
279 -66.9999999887788
280 -66.99999998874583
281 -66.99999998882241
282 -66.99999998855735
283 -67.99472149059218
284 -67.99472153647395
285 -67.99472141794239
286 -67.99472142306749
287 -67.9947215619188
288 -67.99472162352411
289 -67.99718930666563
290 -67.99718934019518
291 -67.99718925364601
292 -67.99718925737766
293 -67.99718935873713
294 -67.99718940362932
295 -67.99996813633415
296 -67.99996813988108
297 -67.99996813069185
298 -67.9999681310915
299 -67.99996814186835
300 -67.99996814667485
301 -66.99999999999307
302 -66.9999999999969
303 -67.99999999999251
304 -66.99999999999226
305 -63.999999999994685
306 -66.99999999998968
307 -67.99998583633781
308 -67.99998583870382
309 -67.99998583257593
310 -67.99998583284228
311 -67.99998584002802
312 -67.99998584323083
313 -66.99999999999793
314 -66.99999999999734
315 -67.999999999998
316 -66.99999999999804
317 -63.99999999999763
318 -66.99999999999841
319 -67.99999370312479
320 -67.9999937047021
321 -67.99999370061664
322 -67.99999370079425
323 -67.99999370558508
324 -67.99999370772076
325 -66.99999999999798
326 -66.99999999999804
327 -67.99999999999797
328 -66.99999999999795
329 -63.999999999997996
330 -66.99999999999791
331 -67.99999720007
332 -67.99999720112173
333 -67.99999719839761
334 -67.99999719851603
335 -67.99999720171044
336 -67.99999720313443
337 -66.99999999999781
338 -66.99999999999781
339 -67.99999999999787
340 -66.99999999999787
341 -63.99999999999787
342 -66.9999999999979
343 -67.99999875467707
344 -67.99999875537839
345 -67.99999875356188
346 -67.99999875364085
347 -67.99999875577099
348 -67.99999875672056
349 -66.99999999999798
350 -66.999999999998
351 -67.99999999999797
352 -66.99999999999795
353 -63.99999999999797
354 -66.99999999999794
355 -67.99999944592221
356 -67.99999944638995
357 -67.99999944517847
358 -67.99999944523114
359 -67.99999944665177
360 -67.99999944728505
361 -66.99999999999798
362 -66.99999999999795
363 -67.99999999999798
364 -66.99999999999798
365 -63.99999999999797
366 -66.99999999999797
367 -67.99999975334454
368 -67.99999975365654
369 -67.99999975284845
370 -67.99999975288357
371 -67.99999975383118
372 -67.99999975425361
373 -66.999999999998
374 -66.99999999999798
375 -67.99999999999795
376 -66.99999999999798
377 -63.999999999997996
378 -66.99999999999798
379 -67.99999989010615
380 -67.99999989031431
381 -67.99999988977511
382 -67.99999988979856
383 -67.99999989043084
384 -67.99999989071269
385 -66.99999999999783
386 -66.99999999999785
387 -67.99999999999791
388 -66.99999999999787
389 -63.999999999997854
390 -66.99999999999788
391 -67.99999995097781
392 -67.99999995111676
393 -67.99999995075687
394 -67.9999999507725
395 -67.99999995119455
396 -67.9999999513827
397 -66.99999999999798
398 -66.999999999998
399 -67.99999999999795
400 -66.99999999999798
401 -63.99999999999798
402 -66.99999999999794
403 -67.99999997809168
404 -67.9999999781845
405 -67.9999999779441
406 -67.99999997795457
407 -67.99999997823646
408 -67.99999997836211
409 -66.99999999999804
410 -66.999999999998
411 -67.99999999999801
412 -66.99999999999797
413 -63.999999999997996
414 -66.99999999999802
415 -67.99999999018127
416 -67.99999999024331
417 -67.99999999008259
418 -67.99999999008955
419 -67.99999999027806
420 -67.99999999036206
421 -66.99999999999787
422 -66.9999999999979
423 -67.9999999999979
424 -66.99999999999797
425 -63.999999999997854
426 -66.99999999999791
427 -67.9999999955812
428 -67.99999999562274
429 -67.99999999551514
430 -67.99999999551983
431 -67.999999995646
432 -67.99999999570225
433 -66.9999999999979
434 -66.99999999999793
435 -67.99999999999793
436 -66.9999999999979
437 -63.999999999997954
438 -66.99999999999793
439 -67.99999999799803
440 -67.99999999802591
441 -67.99999999795371
442 -67.99999999795683
443 -67.99999999804152
444 -67.99999999807926
445 -66.99999999999795
446 -66.99999999999794
447 -67.99999999999794
448 -66.99999999999798
449 -63.99999999999794
450 -66.99999999999795
451 -67.99999999908438
452 -67.99999999910315
453 -67.99999999905454
454 -67.99999999905667
455 -67.99999999911365
456 -67.99999999913908
457 -66.999999999998
458 -66.99999999999798
459 -67.99999999999801
460 -66.99999999999797
461 -63.999999999997996
462 -66.99999999999795
463 -67.99999999957507
464 -67.99999999958777
465 -67.99999999955489
466 -67.99999999955631
467 -67.99999999959488
468 -67.99999999961206
469 -66.999999999998
470 -66.99999999999797
471 -67.99999999999798
472 -66.99999999999798
473 -63.99999999999798
474 -66.99999999999798
475 -67.99999999979822
476 -67.99999999980685
477 -67.99999999978444
478 -67.99999999978543
479 -67.99999999981169
480 -67.99999999982342
481 -66.99999999999778
482 -66.99999999999788
483 -67.99999999999787
484 -66.99999999999778
485 -63.99999999999787
486 -66.99999999999784
487 -67.99999999990054
488 -67.99999999990652
489 -67.99999999989107
490 -67.99999999989171
491 -67.99999999990986
492 -67.99999999991793
493 -66.999999999998
494 -66.99999999999797
495 -67.99999999999793
496 -66.99999999999802
497 -63.99999999999798
498 -66.999999999998
499 -67.99999999994843
500 -67.9999999999526
