evaluations raw_y
1 5.8498159888
4 5.8498159646
6 5.8498159133
7 2.7122782516
8 2.7122782304
9 2.7122781973
19 0.4434747092
22 0.4434745088
24 0.4434744094
37 0.4149961005
38 0.4149960615
39 0.4149959294
43 0.3123759013
46 0.3123758105
48 0.3123757644
55 0.3061050402
56 0.3061050402
58 0.3061050396
59 0.3061050377
60 0.3061050376
73 0.3060558519
74 0.3060558493
75 0.3060558449
79 0.3059565032
80 0.3059565006
81 0.3059564962
85 0.3055593430
86 0.3055593404
87 0.3055593360
91 0.3039746013
92 0.3039745987
93 0.3039745944
97 0.2977066131
98 0.2977066106
99 0.2977066065
103 0.2739824681
104 0.2739824666
105 0.2739824656
109 0.1973241889
110 0.1973241879
113 0.1973241879
121 0.1837452531
124 0.1837452514
126 0.1837452482
127 0.1613795221
130 0.1613795209
132 0.1613795175
133 0.0568744873
135 0.0568744872
138 0.0568744861
145 0.0481986391
146 0.0481986381
147 0.0481986363
151 0.0349110675
152 0.0349110675
154 0.0349110672
155 0.0349110663
157 0.0312425675
158 0.0312425609
159 0.0312425378
163 0.0248041102
166 0.0248041064
168 0.0248041056
169 0.0164412041
170 0.0164411802
171 0.0164410959
175 0.0138878923
176 0.0138878860
177 0.0138878620
181 0.0079292315
184 0.0079292225
186 0.0079292178
193 0.0078627177
196 0.0078627055
198 0.0078626997
199 0.0077283028
202 0.0077282928
204 0.0077282880
205 0.0072054061
208 0.0072053937
210 0.0072053878
211 0.0052830576
214 0.0052830483
216 0.0052830438
217 0.0026496114
218 0.0026496084
219 0.0026495960
223 0.0008835074
224 0.0008834978
225 0.0008834631
235 0.0007048531
238 0.0007048165
240 0.0007047990
241 0.0004781940
244 0.0004781614
246 0.0004781452
247 0.0001958224
250 0.0001957996
252 0.0001957881
259 0.0000940080
260 0.0000940042
261 0.0000939921
277 0.0000753266
278 0.0000753256
279 0.0000753236
289 0.0000710362
290 0.0000710358
291 0.0000710351
301 0.0000603066
302 0.0000603048
303 0.0000602980
307 0.0000480206
308 0.0000480193
309 0.0000480151
313 0.0000286081
316 0.0000285998
318 0.0000285957
319 0.0000281552
322 0.0000281532
324 0.0000281522
325 0.0000278901
328 0.0000278887
330 0.0000278881
331 0.0000274740
333 0.0000274740
334 0.0000274739
337 0.0000270719
338 0.0000270707
339 0.0000270663
343 0.0000267321
346 0.0000267319
348 0.0000267318
349 0.0000261635
352 0.0000261614
354 0.0000261603
355 0.0000259296
358 0.0000259294
360 0.0000259293
361 0.0000257867
362 0.0000257863
363 0.0000257844
367 0.0000254847
368 0.0000254839
369 0.0000254810
373 0.0000246122
374 0.0000246108
375 0.0000246060
379 0.0000244092
380 0.0000244070
381 0.0000243988
385 0.0000239413
386 0.0000239396
387 0.0000239336
391 0.0000235804
392 0.0000235802
393 0.0000235792
397 0.0000233252
400 0.0000233245
402 0.0000233241
409 0.0000231726
412 0.0000231723
414 0.0000231721
421 0.0000231114
422 0.0000231114
423 0.0000231112
427 0.0000229791
428 0.0000229790
429 0.0000229787
433 0.0000227240
434 0.0000227238
435 0.0000227231
439 0.0000226444
440 0.0000226443
441 0.0000226439
445 0.0000223472
448 0.0000223471
450 0.0000223470
451 0.0000220108
454 0.0000220089
456 0.0000220080
457 0.0000218501
460 0.0000218498
462 0.0000218496
500 0.0000218503
evaluations raw_y
1 13.2629011213
4 13.2629010593
6 13.2629009695
7 0.9521660867
10 0.9521657172
12 0.9521655313
31 0.8788956155
32 0.8788956047
33 0.8788955578
43 0.2891244495
44 0.2891244153
45 0.2891242895
55 0.1982613274
58 0.1982611475
60 0.1982610568
67 0.1515811745
70 0.1515811207
72 0.1515810918
73 0.1500215462
74 0.1500215248
75 0.1500214463
79 0.1477890161
82 0.1477890150
84 0.1477890120
91 0.1475843881
92 0.1475843834
93 0.1475843641
97 0.1475748480
102 0.1475748461
103 0.1471435834
108 0.1471435815
109 0.1454793107
111 0.1454793087
115 0.1397761059
116 0.1397761042
117 0.1397760964
121 0.1278670230
124 0.1278669730
126 0.1278669465
127 0.1097148945
130 0.1097148665
132 0.1097148511
133 0.0967782656
134 0.0967782639
135 0.0967782594
139 0.0897915988
140 0.0897915924
141 0.0897915715
145 0.0814692203
146 0.0814692060
147 0.0814691565
151 0.0738020329
152 0.0738020295
153 0.0738020176
157 0.0670601261
158 0.0670601244
159 0.0670601182
163 0.0664085069
166 0.0664085038
168 0.0664085020
169 0.0653153036
172 0.0653153023
174 0.0653153013
175 0.0636289428
178 0.0636289398
180 0.0636289382
181 0.0602327205
184 0.0602327197
186 0.0602327190
187 0.0569071219
188 0.0569071197
189 0.0569071136
193 0.0523619178
194 0.0523619174
195 0.0523619162
199 0.0478149494
202 0.0478149444
204 0.0478149417
205 0.0438231802
208 0.0438231762
210 0.0438231740
211 0.0432958006
214 0.0432957961
216 0.0432957936
217 0.0423565274
218 0.0423565265
219 0.0423565250
223 0.0413069271
224 0.0413069242
225 0.0413069150
229 0.0383305171
230 0.0383305110
231 0.0383304911
235 0.0329811108
236 0.0329810872
237 0.0329810049
247 0.0287346948
248 0.0287346785
249 0.0287346213
253 0.0259522378
254 0.0259522240
255 0.0259521728
259 0.0255773571
260 0.0255773437
261 0.0255772967
265 0.0234531023
266 0.0234530901
267 0.0234530464
277 0.0214705312
278 0.0214705191
279 0.0214704742
283 0.0192722933
284 0.0192722767
285 0.0192722175
289 0.0154669064
290 0.0154668923
291 0.0154668432
295 0.0092075219
298 0.0092075026
300 0.0092074936
301 0.0072693537
304 0.0072693148
306 0.0072692970
307 0.0055348179
310 0.0055347859
312 0.0055347706
319 0.0029966186
322 0.0029965838
324 0.0029965668
331 0.0022141214
334 0.0022140977
336 0.0022140861
337 0.0022019437
340 0.0022019209
342 0.0022019101
343 0.0021591540
346 0.0021591111
348 0.0021590906
349 0.0020675233
352 0.0020674704
354 0.0020674450
355 0.0016926006
358 0.0016925582
360 0.0016925378
361 0.0011625722
364 0.0011625356
366 0.0011625180
373 0.0009408099
374 0.0009408079
375 0.0009407990
379 0.0006364013
380 0.0006363934
381 0.0006363643
385 0.0002361294
388 0.0002361162
390 0.0002361096
397 0.0002041201
400 0.0002041008
402 0.0002040913
403 0.0001474402
406 0.0001474268
408 0.0001474202
409 0.0001076011
412 0.0001075887
414 0.0001075823
415 0.0000563577
418 0.0000563415
420 0.0000563334
427 0.0000355790
430 0.0000355763
432 0.0000355747
433 0.0000141764
436 0.0000141683
438 0.0000141644
439 0.0000102141
440 0.0000102129
441 0.0000102079
445 0.0000059721
448 0.0000059673
450 0.0000059652
457 0.0000039113
460 0.0000039099
462 0.0000039094
469 0.0000031908
472 0.0000031885
474 0.0000031875
481 0.0000028485
484 0.0000028473
486 0.0000028468
487 0.0000025834
488 0.0000025833
489 0.0000025830
493 0.0000021350
494 0.0000021343
495 0.0000021319
500 0.0000022195
evaluations raw_y
1 12.2614306353
4 12.2614306142
6 12.2614305367
7 4.8693209410
10 4.8693209207
12 4.8693208692
19 1.3891861241
22 1.3891861055
23 1.3891861050
24 1.3891860944
31 1.3544452925
32 1.3544452691
33 1.3544452228
37 0.6597526946
40 0.6597526838
42 0.6597526772
49 0.4960317636
52 0.4960317078
54 0.4960316793
55 0.4006213380
56 0.4006212893
57 0.4006211274
61 0.3755541207
64 0.3755540056
66 0.3755539483
67 0.2537373427
68 0.2537373328
69 0.2537373051
73 0.2535018457
76 0.2535018220
78 0.2535018094
79 0.2517483347
80 0.2517483328
83 0.2517483314
97 0.2515840081
100 0.2515839978
102 0.2515839917
103 0.2512520655
106 0.2512520554
108 0.2512520494
109 0.2499217501
112 0.2499217408
114 0.2499217351
115 0.2445717452
118 0.2445717394
120 0.2445717356
121 0.2229158249
122 0.2229158236
125 0.2229158201
127 0.1343202270
128 0.1343202239
129 0.1343202235
131 0.1343202218
145 0.1223059623
146 0.1223059608
147 0.1223059584
151 0.1177260121
152 0.1177260115
153 0.1177260087
157 0.1102524665
158 0.1102524663
159 0.1102524631
163 0.0983018325
165 0.0983018285
169 0.0717755678
171 0.0717755670
172 0.0717755669
174 0.0717755650
175 0.0186434959
178 0.0186434633
180 0.0186434466
181 0.0180020743
182 0.0180020653
183 0.0180020308
187 0.0169783317
188 0.0169783272
189 0.0169783089
193 0.0151215540
196 0.0151215527
198 0.0151215515
199 0.0118708707
202 0.0118708635
204 0.0118708587
205 0.0110501175
208 0.0110500840
210 0.0110500668
211 0.0096844955
214 0.0096844657
216 0.0096844502
217 0.0079831665
220 0.0079831611
222 0.0079831578
223 0.0067132840
224 0.0067132770
225 0.0067132503
229 0.0048521855
230 0.0048521772
231 0.0048521455
235 0.0026725476
238 0.0026725352
240 0.0026725290
241 0.0004894807
242 0.0004894715
243 0.0004894395
253 0.0004510331
256 0.0004509897
258 0.0004509682
259 0.0003933883
262 0.0003933338
264 0.0003933069
265 0.0003045431
268 0.0003045373
270 0.0003045342
271 0.0002368089
274 0.0002367664
276 0.0002367458
500 0.0002414084
evaluations raw_y
1 2.0644673909
2 2.0644673686
3 2.0644673000
19 0.5931342133
22 0.5931340728
24 0.5931340038
31 0.5785340380
32 0.5785339731
33 0.5785337474
37 0.3339030065
40 0.3339029782
42 0.3339029634
55 0.3246057815
58 0.3246057478
60 0.3246057304
61 0.3222339546
62 0.3222339506
63 0.3222339386
67 0.2956899750
68 0.2956899690
69 0.2956899518
73 0.1604421671
74 0.1604421572
75 0.1604421246
91 0.1383167643
92 0.1383167573
93 0.1383167282
103 0.1359987673
104 0.1359987624
105 0.1359987314
109 0.1356739341
110 0.1356739273
111 0.1356738966
115 0.1305045997
116 0.1305045959
117 0.1305045744
121 0.1140020796
124 0.1140020692
126 0.1140020636
127 0.0907815466
130 0.0907815464
132 0.0907815441
133 0.0869744937
136 0.0869744905
138 0.0869744896
139 0.0826092582
142 0.0826092574
144 0.0826092558
145 0.0763150239
148 0.0763150233
149 0.0763150228
150 0.0763150223
151 0.0667423379
154 0.0667423306
156 0.0667423254
163 0.0639759320
166 0.0639759310
168 0.0639759280
169 0.0512120581
170 0.0512120565
173 0.0512120541
175 0.0380427801
176 0.0380427714
179 0.0380427622
187 0.0340642244
188 0.0340642204
189 0.0340642156
191 0.0340642120
193 0.0319477946
194 0.0319477857
197 0.0319477732
199 0.0318294899
200 0.0318294823
203 0.0318294705
217 0.0316826122
218 0.0316826067
219 0.0316826050
221 0.0316825971
223 0.0313862054
224 0.0313861998
225 0.0313861980
227 0.0313861901
229 0.0302127379
230 0.0302127321
231 0.0302127313
233 0.0302127224
235 0.0292278434
237 0.0292278424
238 0.0292278420
240 0.0292278367
241 0.0287808660
242 0.0287808621
243 0.0287808610
245 0.0287808604
247 0.0286502585
249 0.0286502559
259 0.0284596964
261 0.0284596935
265 0.0280869834
266 0.0280869827
267 0.0280869800
271 0.0267460838
272 0.0267460801
273 0.0267460787
275 0.0267460767
277 0.0232903518
278 0.0232903471
279 0.0232903463
281 0.0232903394
283 0.0137461615
284 0.0137461568
287 0.0137461451
295 0.0027822559
298 0.0027822271
300 0.0027822130
307 0.0016678406
310 0.0016678243
312 0.0016678164
319 0.0015504352
322 0.0015504200
324 0.0015504132
337 0.0015368696
340 0.0015368526
342 0.0015368451
343 0.0015082269
346 0.0015082084
348 0.0015082001
349 0.0013791728
352 0.0013791526
354 0.0013791436
355 0.0009552076
358 0.0009551911
360 0.0009551836
367 0.0005993790
370 0.0005993533
372 0.0005993411
379 0.0005457148
380 0.0005457148
382 0.0005457146
385 0.0005102105
388 0.0005101920
390 0.0005101833
391 0.0004600182
394 0.0004600045
396 0.0004599981
397 0.0004574868
398 0.0004574838
399 0.0004574737
403 0.0004525066
404 0.0004525036
405 0.0004524937
409 0.0004373247
410 0.0004373222
411 0.0004373137
415 0.0004202829
418 0.0004202807
420 0.0004202798
421 0.0003856277
424 0.0003856246
426 0.0003856233
427 0.0003313701
430 0.0003313290
432 0.0003313093
439 0.0003214780
442 0.0003214749
444 0.0003214738
445 0.0002990614
448 0.0002990581
450 0.0002990570
451 0.0002299021
454 0.0002298920
456 0.0002298875
463 0.0002216002
466 0.0002215963
468 0.0002215945
469 0.0002131600
472 0.0002131538
474 0.0002131509
481 0.0002105029
484 0.0002104879
486 0.0002104805
500 0.0002105714
evaluations raw_y
1 5.9381577920
2 5.9381577719
5 5.9381577379
19 5.8232963588
24 5.8232963400
25 5.6524878082
30 5.6524877977
31 4.6505456599
32 4.6505456535
37 4.4569553670
38 4.4569553605
39 4.4569553232
41 4.4569553058
43 3.0165614012
44 3.0165613672
47 3.0165612728
61 2.9725141249
62 2.9725140983
65 2.9725140023
67 2.8885691171
68 2.8885691054
69 2.8885691026
71 2.8885690381
73 2.7422854984
74 2.7422854550
77 2.7422853455
79 2.4414373849
80 2.4414373663
83 2.4414372920
85 1.3555011696
86 1.3555011624
90 1.3555011529
91 0.2438796834
93 0.2438796686
103 0.1867859413
106 0.1867859162
108 0.1867858991
115 0.0479691245
116 0.0479691175
117 0.0479690903
127 0.0471097240
130 0.0471097084
132 0.0471096993
133 0.0463305184
134 0.0463305178
135 0.0463305134
151 0.0463251497
153 0.0463251493
156 0.0463251480
157 0.0463143055
159 0.0463143051
162 0.0463143038
163 0.0462709204
165 0.0462709201
168 0.0462709187
169 0.0460972818
171 0.0460972814
174 0.0460972801
175 0.0454031859
177 0.0454031856
180 0.0454031841
181 0.0426517966
184 0.0426517962
186 0.0426517944
187 0.0334491009
190 0.0334490999
192 0.0334490982
193 0.0296835519
196 0.0296835501
198 0.0296835491
199 0.0283978816
202 0.0283978805
204 0.0283978791
211 0.0270105063
214 0.0270105054
216 0.0270105043
217 0.0269445196
220 0.0269445182
222 0.0269445170
223 0.0268300851
226 0.0268300846
228 0.0268300838
229 0.0266298698
232 0.0266298686
234 0.0266298673
235 0.0262773497
237 0.0262773492
241 0.0256429368
242 0.0256429363
243 0.0256429336
247 0.0243794615
248 0.0243794608
249 0.0243794575
253 0.0179753553
254 0.0179753529
255 0.0179753429
265 0.0146182175
266 0.0146182043
267 0.0146181547
271 0.0130506353
274 0.0130506323
276 0.0130506295
277 0.0114874882
280 0.0114874733
282 0.0114874649
283 0.0084025041
286 0.0084024865
288 0.0084024769
295 0.0068033005
298 0.0068032838
300 0.0068032750
307 0.0052329819
310 0.0052329786
312 0.0052329770
313 0.0026863856
316 0.0026863458
318 0.0026863266
325 0.0011694478
328 0.0011694366
330 0.0011694315
337 0.0008302096
340 0.0008302094
342 0.0008302091
349 0.0006238033
350 0.0006238002
351 0.0006237885
361 0.0006155577
364 0.0006155532
366 0.0006155508
367 0.0006120097
368 0.0006120025
369 0.0006119765
373 0.0006090682
374 0.0006090660
375 0.0006090578
385 0.0006065349
386 0.0006065335
387 0.0006065281
391 0.0006036492
392 0.0006036438
393 0.0006036242
409 0.0006002890
410 0.0006002818
411 0.0006002561
415 0.0005856461
416 0.0005856392
417 0.0005856145
421 0.0005477939
422 0.0005477895
423 0.0005477737
427 0.0005411296
428 0.0005411273
429 0.0005411186
433 0.0005272751
434 0.0005272733
435 0.0005272664
445 0.0005166078
448 0.0005166039
450 0.0005166019
500 0.0005192768
