evaluations raw_y
1 2.232168513682421
2 0.9113836131152899
3 1.5782309946693587
4 0.9152730100041431
5 -1.7444834823865818
6 2.328446170393372
7 -0.6619075077396167
8 1.3419099195104507
9 -0.8624533068052278
10 -1.8952895232324596
11 0.7387970524383087
12 -0.5165034894241605
13 0.1371369176585663
14 0.8097382710047178
15 -0.8246857218488934
16 1.3502746328284825
17 0.0044377956856876954
18 0.6049006727452438
19 0.3285544657049202
20 1.3378727285538783
21 -0.6262204210424132
22 1.57356557840956
23 0.5834025443442016
24 0.5376319087583357
25 1.3909057362249946
26 3.3164504287150116
27 0.9657872343527969
28 2.701333802509772
29 -0.9305923713614596
30 -0.8738154433536687
31 0.9460761327771935
32 -1.223473994061945
33 0.4475958474687149
34 -0.3602418066165429
35 2.448205657264732
36 -1.4047061460752805
37 0.45109201094492146
38 3.268915873446857
39 -1.2968633132197354
40 1.2652427214411803
41 0.5770539444943403
42 -0.6853747888592677
43 0.9603583779055901
44 1.062475480648832
45 0.016427078372843185
46 0.6232602362857336
47 -0.26880913094407943
48 -0.2979035950693709
49 0.6490133781096756
50 -0.35206463007431765
51 -0.9919907287382292
52 0.9571649740389517
53 0.9877343684005767
54 -0.6757568577284138
55 -0.12396290819858286
56 0.161942206880195
57 -1.3991052733037006
58 1.9428866770015638
59 -2.0492642002087527
60 -1.6656217482978926
61 1.5919920412084334
62 0.461853748312351
63 0.2520244906997274
64 0.20633885732293017
65 0.48314484925569445
66 1.6943386971731293
67 0.68991224403735
68 0.3742146053705222
69 1.4193465164591317
70 0.6849558389848656
71 -0.047092166539034974
72 0.9231524100369213
73 1.0609405309505413
74 2.1569204730918203
75 2.533252814222457
76 -1.0887420289458758
77 2.014579939089325
78 0.8697806685847489
79 0.9059780500383483
80 -1.0107530804745712
81 0.7859111830005852
82 -0.9686145981321193
83 0.4063328080610321
84 0.2887864562406798
85 1.2538402801456487
86 0.7555472949293242
87 0.6948683916460072
88 0.6405196396228958
89 -0.045078015448081044
90 0.7303740456177433
91 -0.72467074757306
92 0.9422558784960884
93 1.6762097759348933
94 -0.11867260741630403
95 0.6067312612890973
96 -0.25210076897061245
97 -1.8962609414831957
98 0.8495221920935803
99 -0.2506483682907985
100 -0.268065074581757
101 -0.27303519380777724
102 -0.19300943152978178
103 -0.20914698248619373
104 -0.22600939861817199
105 0.9642897969051218
106 0.8651499649323687
107 -0.7968937120365169
108 1.1081647343412522
109 -0.9263772214350947
110 -1.7013579172413036
111 0.5838328933256762
112 -1.5360435287072463
113 1.4469816060396672
114 0.7540496948397422
115 -2.3565797395897174
116 1.3668669002905176
117 -0.1533494440280304
118 0.0626685352867038
119 -0.7322204000306816
120 -1.9192765965000165
121 0.9042404760320044
122 1.985623216380339
123 0.6178998284041131
124 -0.5763050728258703
125 1.0327830378735645
126 -0.81428938178322
127 3.3879574008495874
128 0.18038811608004518
129 -0.36635993279893486
130 -0.4337075430016938
131 1.615752942858397
132 0.7181287754556842
133 0.009696057826766413
134 0.7737606217273917
135 0.791765407645092
136 -0.7264325340953335
137 -0.16674836452954023
138 1.1014895116628765
139 -0.7773069418621807
140 2.17562764413981
141 -0.6439690190757301
142 0.43779961100250764
143 1.531055218161801
144 0.0575338850688788
145 -0.9373026484191704
146 -1.2019664829146954
147 -1.0131234828548883
148 -0.7433506695752454
149 -1.2600176380370618
150 0.8595817026951604
151 -0.5337430048038387
152 0.5152908168211636
153 0.2638666316757228
154 -1.263417915821712
155 -1.2672975530117503
156 0.8247831250830202
157 0.5681820588850682
158 1.6987112065535337
159 -2.302063426856731
160 0.3207459479393221
161 -1.3645936613466616
162 -0.5433106861866881
163 1.0213787303747075
164 0.11385719426871266
165 -1.465317200483328
166 1.6180891339600714
167 -0.9437445491128398
168 0.07628478787316659
169 0.24250458298764577
170 -0.9240810505140817
171 -0.053135317565154994
172 1.508940069763299
173 0.8596152435474216
174 0.14970771694721624
175 1.0171047695317887
176 1.808872926050856
177 0.732578414417262
178 -0.6713597884509774
179 -0.44695495427921783
180 -0.8555942651850164
181 1.037663536512166
182 -0.16478067728855483
183 0.5809035653993158
184 2.0152222276219676
185 -0.6172690813253114
186 0.3881267794167987
187 -1.0632957070390785
188 -0.9372222906808989
189 -1.025750014508186
190 -0.10235817775336775
191 -0.1091945369756554
192 -1.0849150937431946
193 -0.8780521507238203
194 0.6934224948451102
195 0.7080300705232441
196 -0.3740882169737476
197 -0.22797389419117464
198 -0.490952009923152
199 -1.2041114110789726
200 -1.0042509484842914
201 -1.127411605858285
202 -0.19085472761989553
203 -0.03253696913003906
204 -2.1977239698448887
205 -0.6495951694998567
206 0.09768751893544653
207 0.0825048318686678
208 -0.34057007645456067
209 0.6211640269114928
210 -1.7622371355859372
211 0.17180858750433636
212 -0.2944911819792037
213 0.05878228037259328
214 0.5174046524221012
215 -0.7442968924097472
216 0.9558488022092468
217 0.7161562294726204
218 -0.370486917336099
219 -0.24445703944512048
220 0.9446131473084126
221 0.619719351602783
222 -0.011138006879652385
223 0.4730326953067564
224 -0.05452992795384079
225 1.511234687853399
226 -0.2637752208263505
227 -0.48308300369996665
228 -0.41970116438777305
229 -0.9244720824314762
230 0.4258870107239137
231 0.28708071773444693
232 -0.46184143088769747
233 0.19972075834369069
234 -0.7935150326936067
235 0.47436902377098966
236 0.44635286267803853
237 0.8768970634740377
238 -0.7001000767814907
239 -0.5047689009182297
240 0.4114527453328013
241 -1.9704750787554015
242 -0.44338538900098423
243 1.2147628581606147
244 -0.707391745304695
245 1.1833850280606848
246 -0.2657974655013408
247 -0.3508411708001357
248 -0.378516495308462
249 -0.08172063391499784
250 -1.0785214882833514
251 1.404349987652122
252 0.3999959157561347
253 1.1191736134882748
254 -1.6455404225289256
255 1.558103391708043
256 0.5884232512491254
257 0.9324706475816968
258 2.4586995168141716
259 -0.11418919275771033
260 -0.2783126894478232
261 0.2981427033934072
262 -0.1910721618608222
263 -2.067843488336963
264 1.5854197317163343
265 -0.7741948837217882
266 1.764656577177745
267 0.8147008919659995
268 0.649279573374546
269 -0.08938267839274638
270 1.019727607851719
271 -0.7789321034007579
272 0.48203905563143346
273 0.25566337473503276
274 -2.4173193969010165
275 1.0171047695317887
276 -0.3693581303898017
277 0.04804811828629929
278 0.19221593264258513
279 -1.6596899340714515
280 1.7095721598401725
281 -1.202419737099592
282 -0.15944102179333108
283 0.7450392039705737
284 0.25584058036852914
285 1.8350660613978256
286 1.315044002508194
287 0.132803768749922
288 0.6861691091583088
289 -0.9590328834634273
290 -1.0637101866950385
291 -1.6801029547856192
292 0.28491547137729745
293 -0.03568708474512533
294 -0.16754233606887659
295 1.7628364651236936
296 -0.7615568230460089
297 -1.3255274338285519
298 1.1773867119447894
299 0.1741503264624899
300 -0.4898991743759457
301 -0.04424097603095023
302 0.4335601638664557
303 -1.043374512964761
304 -2.0459530199595934
305 -0.8176041331441941
306 0.8375760375592003
307 -0.3638503573825833
308 2.085786959141837
309 -0.2660219390313876
310 -0.6435092226829124
311 -0.5718974289287302
312 -1.2397261515312628
313 -2.834931113776483
314 0.5392523305213103
315 -0.3662590612405431
316 0.7522612600120571
317 1.0128732998377996
318 0.5028801698959646
319 -0.4156880158480526
320 0.46695202530661495
321 -0.6181020290781905
322 -0.500537986606155
323 -0.29335966364913735
324 -0.11743466908674899
325 2.109552060752061
326 0.2050149899505867
327 0.781709408619926
328 -1.0137105764414571
329 0.30507821574539873
330 -1.127913320171026
331 0.09681250000959857
332 -0.9876943634730164
333 0.8477312596605509
334 -1.8352510452541342
335 -0.6016005621664523
336 -0.07247967403558947
337 0.8968522591591119
338 0.3671744540727307
339 -0.03138464665466434
340 1.8999537993012594
341 -0.15511729127894558
342 0.3628674817668235
343 -0.550363138953545
344 -0.34820807231139694
345 0.11447417815489103
346 0.9859397834186929
347 -1.712425086204274
348 0.4400541841979323
349 0.2554081006829951
350 0.5305391245674294
351 -0.9582073490600058
352 1.1557260862177703
353 0.814970560922657
354 0.20791915100003022
355 0.3678985259338905
356 0.05084084791981569
357 -1.6018342320458043
358 0.6924143964302473
359 -1.5663393691584893
360 -0.326470499080489
361 1.424378680994864
362 -0.3052899394255676
363 0.6353287911114066
364 -0.1054979259844182
365 0.2535208373887523
366 1.1472827990843282
367 -0.10865483926833441
368 0.9774499692825793
369 -0.2545082018791678
370 -1.0588894503053972
371 -0.6680739464483519
372 0.24150626982147172
373 0.030913350651707805
374 -1.172422382693874
375 -1.2465835349027419
376 -0.581397686255609
377 -0.5072217836040425
378 -1.682472558373168
379 -0.33460508645920517
380 -1.0140917895937163
381 -0.906761126667578
382 0.5976556585833471
383 -0.3253740226190502
384 -1.7171774423884296
385 -2.178047438389499
386 0.9935478143198616
387 0.013159954255234918
388 0.2258493270963099
389 -0.10277838969802078
390 -1.5608792232585753
391 -1.0199504542288564
392 -1.51947327208231
393 -0.07145515981192396
394 1.434463225036998
395 -0.022232287431638076
396 0.39060340145266187
397 -0.9917944501150548
398 0.17410624388736073
399 -1.60393373490236
400 -0.8141509578431951
401 -1.5446065809865708
402 -0.1807319428592189
403 0.03356928784350022
404 -1.8943993116616307
405 -0.3155390265249791
406 0.13568806467108663
407 -1.5942560290499685
408 -0.7266883790414543
409 -0.49864512582299647
410 -1.5415955525889085
411 -2.8873554186665236
412 -1.0978264085189469
413 -0.6155270490317757
414 -0.2863784605343678
415 1.4493324161287862
416 1.1253137445859274
417 -0.9491366392239412
418 1.2224088198877177
419 -0.9273065467379751
420 -1.7161690074600262
421 -0.9343817764881165
422 -0.28878820663561167
423 0.125742717290935
424 -0.9590597316181714
425 -0.6753768275537315
426 2.8367898286685986
427 0.4993671304932911
428 -1.2203069731020189
429 -0.7972033744948761
430 -1.4636878353318032
431 -0.021095804818799135
432 -0.7748767270131462
433 -0.0611762324586983
434 -2.2482219256130844
435 -0.09229722722880479
436 0.445765195061807
437 0.08491243043679891
438 0.45279277921527855
439 0.88922401143162
440 -0.4384158763160283
441 0.6581056629066551
442 -1.052939450552319
443 0.5611062404887958
444 -0.4236938400891641
445 0.1594490866715308
446 -1.134984484344306
447 -0.8967264465678237
448 0.6709644653944908
449 -0.9969250021565826
450 -1.1537236204914265
451 0.23640835368104363
452 0.23791694526870522
453 1.8024648681905555
454 -1.3360383438450658
455 0.791682314802106
456 1.0950667835792867
457 -2.326753962470178
458 -0.5967307368409577
459 -0.45727624896784397
460 1.8030985825501955
461 -1.4510092938173291
462 -1.46929792159921
463 -0.6167811394203844
464 -0.1851782728249498
465 -2.3792851088246345
466 0.4378280176415071
467 -0.6876787305455566
468 -0.053868488770893674
469 2.9743383798258147
470 -1.4467086609295294
471 -0.7004742917416822
472 1.2152233132049912
473 0.9427474868797707
474 -1.445565813539854
475 -1.8726967526677858
476 -0.25313167882554455
477 1.0054723951495252
478 -1.4836542031803983
479 -0.6429920349996445
480 -1.3750761811314314
481 -0.620309595374085
482 -1.1334620519448104
483 1.5999218286863737
484 -1.735096396989967
485 -1.2944878543456264
486 -0.46526342163608086
487 -0.39149342994884606
488 -2.3706793626679783
489 0.3159797248144247
490 0.25215450747023294
491 -0.13019359390946067
492 -0.41954193111177673
493 -0.07112595544193023
494 -1.3217149868591629
495 -1.2405235268866979
496 -2.445250041373761
497 -1.1180757707109732
498 -0.5165586006139766
499 -0.09172695968976269
500 1.4482084530567607
501 -0.14692726697638314
evaluations raw_y
1 1.8207662827267665
2 -1.185838205754684
3 -0.6851938917072955
4 0.1642200656751876
5 1.1410719140253835
6 0.6492570694341702
7 0.8517359230321635
8 1.4617628669636613
9 2.2178542826231
10 2.244975219908789
11 -1.0937269907277543
12 1.1918043505152949
13 0.09563415027666489
14 2.405522183200092
15 -0.8953522777595964
16 -0.2527405331375922
17 -0.768830278497723
18 0.09878276569326905
19 -0.6084227847215729
20 1.1136551583674552
21 2.5568560565514566
22 0.7142526896197949
23 0.48612241583996657
24 -0.8595000488885058
25 -0.016068660741505092
26 1.8514529613531832
27 2.216128222793955
28 0.227440380103835
29 0.6138932777695056
30 0.7009310276986995
31 1.208916289448648
32 1.7906996368779429
33 -0.9166451771454782
34 1.0654651540747517
35 1.4823756873935159
36 -1.1513209625611724
37 -0.6387667628629576
38 1.20820788489629
39 0.47247947096574294
40 1.625483371740014
41 0.7089925904969896
42 0.16923976328654328
43 -0.6236972437757226
44 1.2662750898947162
45 -0.1297477602397619
46 1.9336008145219017
47 0.044493593501532924
48 2.167713356658539
49 1.225910558877483
50 -0.4790151711899855
51 0.9212182841097672
52 -0.21737373147352856
53 -0.770984384118665
54 1.3628877372539496
55 2.331100671337385
56 -0.028421897255343276
57 -1.8625878561603966
58 0.29590271457265377
59 2.51806883512588
60 1.525054355082278
61 1.1055960304832495
62 -0.40292498517687647
63 0.41078236369777005
64 1.9005913911680836
65 1.6470258074995683
66 1.8156744882532732
67 -0.8295196072233182
68 1.0295876201629481
69 -0.9328778425166316
70 1.1969146298374196
71 2.952162149676323
72 -0.6077346214919599
73 0.7942069295351725
74 0.18242425611420215
75 -1.5349323599263842
76 2.1314185095387694
77 0.5238578935247321
78 1.8998914284338184
79 -0.5620748029496514
80 1.3583863830075296
81 0.4608918714813669
82 1.3678046970155417
83 0.010831490006301125
84 2.414577758031819
85 0.5686192266683145
86 0.4912086984420289
87 -0.2873582806915358
88 -0.0288827049162253
89 2.945723040030203
90 0.8277168023592067
91 0.4799102197190119
92 0.9862461175908062
93 -1.4743907297465682
94 -0.6822375788522969
95 -1.027773120562594
96 0.5521401485459315
97 0.16661779255299736
98 -0.08980811082406559
99 1.414889231383624
100 0.08329387137308258
101 0.23522355793883754
102 0.3840646951743873
103 -0.820061866469694
104 1.280235737965344
105 1.064914403032474
106 0.6349848866888433
107 -1.7127217545136273
108 1.9200122916078861
109 -1.189799169578932
110 1.381744939919001
111 -1.492283931162954
112 -0.22038607065591298
113 -0.5027634548189474
114 0.23872716276993777
115 0.9182647651195417
116 1.2889045208366352
117 -0.9107945040417945
118 1.677681068662447
119 -0.474847913644176
120 1.4659664610308105
121 0.7141029785964954
122 0.11193087751334502
123 -0.07634593511266163
124 -0.8567323961222405
125 -0.24172743767703841
126 1.571226528235179
127 0.9497034622656022
128 0.9571216661534513
129 0.7958091476075072
130 0.42419714664442015
131 0.6375463941420207
132 1.8169249296753702
133 -0.8090095040707439
134 1.7397093541620996
135 -1.0946768354320864
136 -0.3578875133894878
137 0.5342031895850747
138 -0.013618046590910649
139 0.7402075360228337
140 -0.9606226173416552
141 -0.18306478900173873
142 1.5447560928246653
143 0.5033911351156528
144 0.22809506442628452
145 -0.5328602133904735
146 0.9320203776924629
147 0.13826550679659627
148 1.0107500381605257
149 -1.191912242459553
150 -0.3743295936276452
151 0.13200910334791116
152 -0.20768783790630102
153 0.2729805847867478
154 0.45841872112857146
155 0.08075687150815025
156 1.4478921786618968
157 -2.207976993703231
158 1.239730171831356
159 -0.8031378182861396
160 1.7248427507598545
161 -2.258922969007312
162 -0.9355282059868046
163 2.9970803369162695
164 0.018979707827579184
165 -0.8420851985980324
166 2.09994745466651
167 2.3714471783528257
168 0.5431194650229633
169 -0.15099383896804414
170 -0.6006920092015022
171 1.9100803876612282
172 1.5479225053737529
173 -1.8454996660833616
174 -0.8500231113451457
175 -0.2984038164144036
176 2.0603651760399617
177 -0.022641111005691494
178 -0.448223081285791
179 -0.2911062869695529
180 0.32148431479785067
181 -1.1070479421417625
182 0.011240297837174562
183 0.009516277192192557
184 1.035886160217217
185 0.08936845250265013
186 -0.37449563041158485
187 -0.17985555085794858
188 2.1502932434379254
189 0.9998622191688225
190 1.531804529413952
191 -1.3457738991935901
192 2.2189200101826554
193 0.013802738673559412
194 0.24660222299473822
195 2.4221839949297226
196 1.131836568087301
197 0.2766078952670779
198 0.588936705642055
199 -1.6027015077680757
200 0.7993147843868615
201 1.4113921371922444
202 -0.2904524727065969
203 -1.6979441906915047
204 0.7310271322594206
205 -0.012294690375162232
206 0.7380470005058911
207 0.7595514383178847
208 0.8688686167417654
209 2.4859944566194447
210 0.4633374365267908
211 -1.7316558685053391
212 -0.9812924921558236
213 -1.2244489429926633
214 0.9936398152917896
215 -1.4548446003043454
216 1.1617450229092676
217 -0.63016941516095
218 -0.006297775426316099
219 0.6785746240742749
220 0.22128622330301748
221 -2.025019463038747
222 0.6960673332757706
223 2.0745634981544
224 -0.5839718590327718
225 0.7076146226046818
226 1.9178068983555143
227 -2.0463130737613686
228 -1.1133082111274017
229 0.43946559351089126
230 -0.2187069445104901
231 0.36453144820967875
232 1.63739923312829
233 -0.34160269178055647
234 2.909979446640618
235 1.2739551036146914
236 -0.5903402251289975
237 0.8034253265504252
238 -0.26364990159149626
239 -0.048550937717834586
240 0.21805714679989607
241 -0.5946218400953748
242 0.6345841468344766
243 0.9802709485533679
244 -1.931565185793398
245 0.23520052535226543
246 -1.0113391056807393
247 -0.586850717802164
248 0.5497374935741204
249 2.803489959230845
250 0.7252189170879777
251 -1.6956979971098438
252 -0.6842296086349203
253 0.1368192666436644
254 0.5507320067853557
255 -0.8588329126026799
256 -0.6365069923544124
257 -0.8698151869152577
258 1.1312237505081468
259 -0.32704755474445024
260 0.324021745787127
261 0.6813546373746526
262 0.05367257042925469
263 -1.6559335987662647
264 1.5034819822833378
265 0.46200166352491295
266 1.1163155904332736
267 -0.2876440266597837
268 0.17207976777057715
269 0.22895813947856936
270 0.78187791746002
271 -0.7554353247765415
272 -0.4283488377464591
273 0.7783627304457761
274 -0.9279712244303054
275 0.6210249523779876
276 0.4958785806599344
277 0.18417204663612957
278 -0.7998191596878831
279 -0.6293230460939561
280 0.4336783745383694
281 -0.03165961634205394
282 -1.8758533019476438
283 -0.48714061741928927
284 1.2298388513974354
285 -0.8099001944530368
286 1.00742894219211
287 -0.2645430719423535
288 0.4128864982926024
289 1.4851615369851436
290 -0.3960495682688764
291 -0.7275524581994605
292 -0.1172030816269996
293 1.664131036822331
294 -0.2319869881503357
295 1.9805645665117235
296 0.4168492387992112
297 0.11436930368851131
298 -1.059078615891356
299 0.16963404476749583
300 0.09873046409452829
301 0.004612455892995193
302 0.8489108256710147
303 1.6102493886752787
304 1.6851752781561689
305 0.04189497852658974
306 0.8218126243531674
307 -0.8552740906816041
308 1.07244507708787
309 -1.0701208744995665
310 0.6845166725156158
311 -1.5406476670554854
312 0.17271123707466723
313 -0.8856574337008795
314 -0.025470142634313797
315 0.059441271561389286
316 1.3869315419952746
317 -0.21518757618159418
318 1.6707499946474398
319 -0.24768586416919292
320 -0.27953744314805423
321 -1.5162103666083142
322 0.41553313667795694
323 2.7954291443295194
324 0.4829785534599339
325 -1.6240582641372399
326 0.013495505843058891
327 -0.33581044086067646
328 1.519030263253983
329 0.49188968151645673
330 -1.1417241747855615
331 0.7172425587790989
332 -1.5505049119362584
333 -1.1436005637053424
334 -0.7160501413700326
335 -0.06063294255689017
336 1.6257263252686203
337 0.4894001374370562
338 -0.13019626865132822
339 1.290365855635227
340 -1.356206451432152
341 0.08695083361852934
342 0.265280505717446
343 -0.9884765542121945
344 -1.5192886278633226
345 -1.0359489386848402
346 -1.5915202314297265
347 -1.375943228429293
348 -0.9992438868249509
349 -2.048697167028121
350 1.7051477638518928
351 -1.765430755516311
352 0.059303630111033234
353 -1.117176368918795
354 -0.022345442177380548
355 -0.9866834820998346
356 -0.6260434294444276
357 -0.5454278307077316
358 0.6422685173134467
359 0.4609537952848435
360 2.0447676283423446
361 -2.07698292863855
362 -0.16544224410125064
363 -0.45551752357753506
364 -0.7247142304905243
365 0.831624994463573
366 0.009865018503682932
367 0.7675319002637182
368 0.09025575820765164
369 0.048792300848115644
370 0.18837387946247275
371 -1.2789151359037083
372 -0.6815971794505897
373 0.35211320315790445
374 -1.0950053825743824
375 -0.006784054970016995
376 0.2612379708482771
377 -0.815500437621115
378 -0.15276127838421483
379 0.36879689670277493
380 -1.0706646393765162
381 -1.378302699829798
382 -1.635686508969037
383 -0.8602702921490708
384 -0.33320813850710973
385 1.1294918108534149
386 -0.18384011159233105
387 -0.1796021997583245
388 1.519849102798043
389 -0.336272985562596
390 0.40817041243777485
391 -1.527418975277639
392 -1.2533736445418442
393 0.2461879901315125
394 1.7390832289861484
395 -0.6862781607187047
396 -0.42842519900355236
397 -0.755882233911177
398 -0.13068716885969128
399 -1.2398670513245775
400 -0.3620621485582657
401 -0.4710042984658327
402 2.832717523245724
403 -0.15340305932348325
404 -0.1305401015644881
405 2.3593080488895604
406 -1.2046667070978225
407 -2.4654105310575023
408 -0.36449749571084017
409 -0.41137177822886617
410 -1.5879093742719512
411 -0.262851244348107
412 -0.6863289259620181
413 -1.7773144845318507
414 1.0438759890712812
415 2.150539459369598
416 -0.2666495225351986
417 -0.5293691378182876
418 -2.3795538087082853
419 -0.10819334669030217
420 0.7617937262616561
421 0.358737596118284
422 0.9663562619249477
423 0.5719159210873532
424 -1.0629980305149234
425 0.4971566382804513
426 -0.35641645284169
427 -0.7619501480197038
428 -1.1795796064882982
429 -1.3791507018862545
430 0.4753782644934972
431 1.5304278511598421
432 -0.5021880073876481
433 -0.6924707462574476
434 0.9092802639443274
435 0.10780717570078935
436 -0.2623511803160009
437 -1.4942682648417411
438 -1.502151835797805
439 -2.2422472933985693
440 -1.8794860999391734
441 0.12284478923186559
442 0.668618286808097
443 -0.5429224789154621
444 -1.0766985062284835
445 0.29025744204463566
446 -0.3274774171738981
447 0.12198009745775412
448 0.6244274038669354
449 1.0511998908706812
450 0.9484570569991224
451 -1.1469577177863246
452 -2.144735347349417
453 1.3784100035618383
454 0.9439576932194138
455 0.18449897328731008
456 -0.29454286399301455
457 -2.6179614743510036
458 -0.34137567901656624
459 0.13048781626392514
460 -0.12998477463149882
461 0.4169657660707936
462 0.13377005994301738
463 -0.1712262897240029
464 1.0397424300266855
465 -1.0600794626783183
466 -1.5166769740619441
467 0.5135927973182589
468 -0.13222729793595112
469 -1.302732611097076
470 0.6726876264831276
471 0.22676424386479688
472 -0.4669967756525225
473 1.021124697523065
474 -0.7010777429631936
475 0.17472354974353543
476 1.2002643257093533
477 2.6017932291257457
478 1.741520090784011
479 0.03360153246725639
480 -1.299240701118585
481 -0.06547499334935492
482 -0.8132178427544243
483 -0.7030506347585715
484 -1.7418583096743279
485 2.0347172785951635
486 -0.3420850465749646
487 1.106353140547932
488 0.05469015320378917
489 -1.6415985476644748
490 1.2234626547556606
491 -0.7287410768003072
492 -1.1546451978786478
493 0.2125109761195364
494 -1.6326127009900715
495 1.2612880877348265
496 0.0222733881648704
497 0.27514078697879596
498 0.008349308900517438
499 -1.628836122653901
500 0.08430015154105841
501 -0.3712774414792589
evaluations raw_y
1 0.8508090756689857
2 0.6858677616132521
3 1.5820141689740705
4 0.8614752375464876
5 0.43393607909784476
6 1.8563589007641528
7 -0.5665196425642627
8 -0.6074562579859434
9 0.32721646936223986
10 0.5875888692748942
11 -0.08882307258462074
12 0.6790325678133905
13 1.6877104013756097
14 0.2627140982895554
15 0.8763140195618422
16 -0.3508770487716453
17 -0.1504847761407811
18 -0.5121684058143108
19 0.7922467700788323
20 1.4784544134706104
21 -0.22963147770643882
22 0.7362814313392212
23 2.0595278566079678
24 0.5212109252691877
25 0.44214232941990184
26 -0.03787259082292371
27 -0.866070503471479
28 2.211924287478023
29 0.05102134707656236
30 0.0683714545226109
31 -1.7046268845254475
32 -0.27024544032620346
33 2.1122053889760553
34 -0.9391365632466142
35 1.3959050524277183
36 -2.0138105113310423
37 -1.134396462690438
38 -0.7221390726873645
39 1.2926898844716936
40 -1.3763426569854067
41 0.3388252650235592
42 0.41544587003962563
43 -1.846210822768451
44 0.22776126207093733
45 1.0083288830128772
46 1.8853207323503474
47 0.4621281268978547
48 -0.46269026878329045
49 0.0269395609252282
50 0.17155202822361143
51 1.0266642364735323
52 1.596512282283912
53 0.5812160841746962
54 2.5298586799230427
55 -0.4894016802165886
56 -1.9495876060126214
57 1.7428103245437834
58 -1.544528098461055
59 -0.03907842311702958
60 0.06514126873918485
61 1.1484146890076519
62 -1.0928887470465498
63 0.447617271889002
64 -0.9019369562179573
65 0.3137488908997917
66 -1.4600828558521923
67 -0.49966991182538495
68 -1.0003999804425767
69 1.9131458503286343
70 0.20079380630917176
71 -0.763039931715888
72 1.5501734684117234
73 0.4013423702966858
74 1.0882148418075117
75 -1.0401323590029874
76 3.1795633096423814
77 0.24562566488684667
78 -0.3487343134372886
79 2.3411978119801504
80 -0.8426730932581785
81 1.7046301578423493
82 -0.07554847295180322
83 0.6498330612815486
84 -0.7372008374316993
85 -1.0443642939060944
86 -0.468622028073359
87 1.0571416347840046
88 1.0493911635991628
89 -0.2666096457842514
90 0.5362413095047736
91 0.02639096304787447
92 -0.5313285690154657
93 -0.9273344558917911
94 0.6513416883193303
95 0.8056801944376819
96 2.0475424745313813
97 -0.9633290171973423
98 -0.9340065614083275
99 1.7167772908767773
100 1.8056962280265636
101 0.41697682251990753
102 -0.5574206003508926
103 1.6106909941994667
104 -0.901095213805892
105 0.4826034116806564
106 -1.1450179782284398
107 -0.3857476446359542
108 0.4786884468703556
109 0.29057991195165694
110 -0.2413694949073763
111 0.9123813964399008
112 -0.5386044616824643
113 -0.31004464516559205
114 1.8686815934596166
115 1.4550221290182797
116 -0.005076397089164297
117 -0.9943433418472756
118 -1.766387717271619
119 1.2357867494145924
120 -0.8985844288023284
121 -0.04103992048723304
122 -0.47642885161703924
123 1.0946133707155563
124 -0.8111978055763418
125 -1.9487336097049148
126 0.9863858493312172
127 -0.3507300351486504
128 0.49355945152438047
129 0.8595131682422275
130 -0.375341425833598
131 -1.212897648485044
132 0.7991007067710034
133 -0.26216770935704325
134 -0.22482594807606382
135 0.8562909685641708
136 -0.11190624929462001
137 -2.1583409687061255
138 0.9679402414494461
139 -0.7666317032616669
140 1.1707636125578111
141 1.0912568208858238
142 0.06473653288173414
143 1.4523050545810794
144 -0.19231226934090118
145 -0.2274205526246142
146 0.4746661976850037
147 1.8528162546896185
148 -1.4240781232008568
149 0.2923681393897109
150 0.6358888758691746
151 -0.7230042371484968
152 -0.8764227973605843
153 0.16134199501605628
154 -0.676915469940844
155 -1.4850135663272765
156 -0.029708948751265618
157 1.2268063350071565
158 -0.5522307449824206
159 0.02787166353346543
160 1.9193080396198126
161 -0.296310517329337
162 1.5336570902522406
163 0.4111428787867998
164 -0.2738319708500049
165 0.8825654597737682
166 0.09429824262501907
167 -0.14989615162873365
168 -1.327924282002807
169 -1.0095395591550371
170 0.07104594605454545
171 -0.763039931715888
172 0.21004431505074495
173 2.3146005530358185
174 -0.37163687499810105
175 -1.9321570668499415
176 1.0153800086347882
177 0.6569757084477444
178 1.3485328616204895
179 -0.15083219563160355
180 1.6051036630903137
181 -0.1555062399141109
182 -0.24325662377943919
183 0.6793588460016198
184 0.6019586010884428
185 1.0571176141155827
186 0.011076713673454669
187 1.5728294072616396
188 -0.9839164746828459
189 -0.8850380058731762
190 0.6706822875515672
191 1.4310757818544977
192 0.13831799486828267
193 -1.0176471639381062
194 2.158871907685853
195 -0.8652308264929314
196 0.6707857725652546
197 -0.9471051027200539
198 1.2052766137144717
199 0.6308449337186289
200 1.043258097255853
201 0.019962017511407026
202 0.998566805807632
203 -0.43603729166789673
204 1.9263101763106572
205 -1.2420000799603297
206 -1.3688226339157221
207 -0.01988072489634435
208 -0.029099657441816473
209 -0.7916235374409752
210 1.180267963008033
211 0.16142426633716267
212 -1.2507218317385733
213 -0.1364092756830239
214 0.20626212305427521
215 -0.8218151577488451
216 0.024296054292068048
217 -1.0299821036523342
218 -2.321257280685572
219 -1.6981534315232085
220 0.8944950355695769
221 -1.5714035604659626
222 -0.7891840708841278
223 0.6946599671349916
224 0.01074977492316187
225 -2.9121040208644984
226 -0.28784906382344044
227 0.2428770197076795
228 0.2635975335668937
229 -0.24548729558377835
230 -1.0419482087424399
231 0.38878666294610387
232 -0.15458526778407242
233 0.43082087198463304
234 -1.0716181918483598
235 0.5514444010885313
236 -0.40730134503488963
237 1.338119974479846
238 -1.261122280842791
239 1.9718218340208709
240 -1.839204035440327
241 0.9402681837125144
242 -1.2745384623615323
243 -1.8158789814848377
244 0.6645545268847437
245 0.1704614186633041
246 -0.02122547243240025
247 0.438909377739313
248 0.7236471872150713
249 -0.9563563794116917
250 0.23944984395389646
251 1.0732979165817058
252 1.0710996419852754
253 -1.4021270016275846
254 -0.220077117426014
255 1.3329062713602542
256 -1.5769609613554139
257 2.759965201893119
258 -0.23835122837192008
259 -0.623084960950571
260 1.3608913680788604
261 -0.11246868004540278
262 1.4179169624773336
263 -0.5634950895432785
264 0.33636476735230253
265 -0.4048593072932991
266 -0.09062760260892289
267 0.3313322169232848
268 -0.33499245901798236
269 0.6429933659283062
270 1.2821929778940766
271 -1.1457843295920056
272 -0.24191489990478254
273 0.38339232904650083
274 1.8753758559508813
275 -2.627937995571731
276 0.3841822314482047
277 -1.0141591929211233
278 -0.5444448892198903
279 0.4935538306418766
280 -0.48555489359133086
281 -0.4963495887348474
282 -0.5692877242535324
283 0.48301873167684756
284 -2.123052910395929
285 -0.30569877596862083
286 -0.4774691320501884
287 -1.7211043731517033
288 -1.6012747949423982
289 0.9929045516003061
290 -0.18530590959526316
291 0.03848108117530821
292 -1.3694981353293103
293 0.18655069402457408
294 -0.7510868050959265
295 0.3368465364162727
296 0.5786957669655608
297 -0.2150819570698962
298 1.926151624824572
299 -1.777497322883814
300 1.680886984064693
301 0.47256023337264247
302 0.4651338148037212
303 0.1885584507549838
304 -0.9781478344043686
305 -0.36523360302646024
306 -0.8336365467692048
307 0.09915518797217848
308 0.0929893332302737
309 1.3456469103316033
310 0.9174422322377488
311 -1.4345808799537814
312 -0.1551357510699004
313 -1.1028316871694999
314 1.5816516444337012
315 -1.3626772665086695
316 0.5084959445126086
317 -0.266752340166884
318 -1.582196874649454
319 -0.10583042991383496
320 0.8735466098747977
321 -1.0524420573082374
322 -1.3631259877510438
323 0.3990353150212762
324 -0.8655965416495393
325 -3.0043658673974942
326 1.6482664836867431
327 -2.0541099957489366
328 0.1228180512315834
329 1.8825875597298567
330 3.736666124726396
331 -0.15058333015985337
332 0.2970450991769952
333 -0.31383186361209026
334 -2.642425062470198
335 -0.9921079238946956
336 -0.3187486472996724
337 -0.44807765513443987
338 -0.22331594262311932
339 0.5883627430201278
340 -0.8921280677328987
341 -0.1208597198194204
342 0.31138341740507947
343 0.6612361080545789
344 0.7594940410745447
345 0.3166519202111569
346 -0.030384605937810893
347 -0.7272062510850519
348 -0.4629857323735179
349 0.5450857318410136
350 -0.6214699581129685
351 -0.9320661976116296
352 -0.665324201659519
353 -0.041885920920439745
354 -0.06911074080483515
355 -0.9971534334341907
356 -1.0588543844443792
357 1.2375943679969224
358 -0.41165221699522686
359 -0.42566728342693455
360 -0.17794490713931332
361 0.06414745731703214
362 -1.9000925513044078
363 -1.190499230875603
364 0.7822217368379666
365 -1.4505252221451195
366 -0.40503390650313986
367 -0.7552731433853916
368 -1.6350421551064158
369 -2.2790084188366775
370 -0.6671519478877191
371 -0.945602071064733
372 0.7373343810503714
373 0.5962771086919801
374 -0.30395345588955136
375 0.5906376450734684
376 -1.1363738439236781
377 -2.419941353983141
378 0.9643790489677759
379 1.5040772541574232
380 0.1211323793185767
381 -2.05752401403537
382 0.3026232593686234
383 -1.486702903615177
384 -2.580999702991918
385 -0.3520012810946631
386 -1.3739865117232044
387 -1.1349910717960896
388 0.859584695153925
389 0.8881339983772194
390 -0.6627422785382358
391 0.5454053796089757
392 0.07755976525611974
393 -0.013806091742269044
394 -1.8979759197420747
395 -1.0545716774371587
396 0.4340813364608619
397 0.7758043945830319
398 -1.4103954808761365
399 -0.5217765002581796
400 0.0877131224972717
401 -0.4888392158423046
402 -2.0431150631715824
403 -1.2026578530387728
404 -2.08724843619231
405 -0.6071568049427497
406 0.7342195218536971
407 1.408919674982967
408 -1.4475048948748652
409 0.411402100473854
410 0.6319416747270861
411 1.0683392773184068
412 -1.0971088606388384
413 -0.3426094810552084
414 -0.5607597337215765
415 0.7136231185392723
416 1.0496618271024643
417 -1.229616675520931
418 -0.8382502190297068
419 0.2628389314742441
420 0.5989133424957854
421 -0.8029646741576238
422 -1.3403289379367154
423 0.5017529395691785
424 0.20203108053959634
425 -0.5519679850410804
426 1.4405593351815147
427 -1.2000561547600506
428 -0.023915878088214493
429 0.4122011569359952
430 0.2326110562779583
431 -1.1058635585866718
432 0.29765749429218413
433 -0.2301935731582389
434 -1.4286849996254065
435 -0.6532799625354935
436 -1.925272245765962
437 0.21776112550749793
438 0.9446244139971876
439 -0.1442353610083159
440 -2.2320926768847635
441 0.8873837441037553
442 0.15220181999743587
443 -0.9246111108416465
444 0.9266093514468308
445 1.0517218739011127
446 0.642939022205894
447 -2.1070157497250928
448 0.014072432344327201
449 -0.02765063418048952
450 0.007693516162183056
451 -0.19257786051742776
452 -0.002844232738065222
453 -1.5060905952672843
454 -1.6134096556767308
455 -0.3545064372442359
456 0.38230490445512194
457 -0.9958048208551993
458 0.9865908717056217
459 -0.7931831266805578
460 0.026722138071055612
461 -1.3332820028699042
462 1.001629357158684
463 0.6720228653858946
464 -0.4091910883602681
465 -0.3451869093266652
466 -0.3793323050933374
467 0.974525623556379
468 -1.3414710941408243
469 0.8731053863082946
470 -1.674015001335801
471 -0.11170496991396006
472 -1.2098531770185261
473 2.374733050027021
474 0.13732145320004718
475 -1.8889831723073767
476 -1.056208100146303
477 -1.7055968053465878
478 0.46118655381151
479 -0.8158230149630021
480 1.6767852334995528
481 2.7258270405056626
482 1.029286387082925
483 -0.24487531987180022
484 -2.14384663811832
485 1.1342714720078555
486 -0.14132620885590064
487 -0.6665040024569306
488 -0.10010747616970447
489 1.0738941291586104
490 0.983715175213506
491 -0.031754502709588905
492 -0.8511880841199344
493 -0.7905987445007855
494 0.2867331304189987
495 0.2159054495833973
496 0.12823587374780065
497 0.2647046419288043
498 -1.731506502473649
499 -1.1934463175833172
500 -1.1445098181094298
501 -1.2544864505673734
evaluations raw_y
1 1.003938417130172
2 -1.4637867424455464
3 -1.5005544234381598
4 1.4157289458545508
5 0.4710548994722671
6 0.4161097062617144
7 -0.5758005664746899
8 0.48865724561783064
9 -1.7484296214352661
10 0.04008250697462712
11 -0.8378479474889695
12 -1.0918472215196267
13 0.09328279273881682
14 1.7234027988306528
15 1.9234800396664193
16 1.32097446243313
17 -0.08800027307830385
18 0.8804643127988663
19 1.0362218324492216
20 1.3610864564449057
21 2.110369943605179
22 0.45708260992349925
23 -0.44133801959036
24 0.841224469044523
25 -0.586412086344314
26 0.27266480016358946
27 1.810756745617914
28 -0.56451029325505
29 0.5180817449603491
30 2.480814754459721
31 0.549924171816407
32 0.29049639070469596
33 -0.21570593227425938
34 -0.40939283982370234
35 0.8777515230207843
36 1.8717469986653836
37 -0.00021931515567358284
38 1.4174817061673595
39 -0.649902928572197
40 0.20910458086925665
41 2.336003928097031
42 0.8526354022791628
43 -0.9916200726310109
44 -0.8747362761590751
45 -1.180772309063625
46 -0.05351463594206651
47 1.4435573546904221
48 -0.41990204801670905
49 1.3437031588280095
50 0.9217239834355809
51 -0.0904741851859881
52 -1.3353804588591272
53 -0.17618804116277526
54 -0.41877636908952987
55 -0.24837530424356374
56 2.4768490740885167
57 0.07563469478817003
58 -1.0175511014381735
59 -1.8079284430189604
60 0.44954821900798814
61 -1.4707882232109886
62 0.015564029640888322
63 1.2658585718926814
64 -0.9378969173339798
65 -0.3372942542956453
66 -0.30458895761631744
67 -0.09641145739528073
68 1.2801291172688831
69 1.027021253665891
70 0.3063176931655059
71 2.487055847227429
72 1.2327251912411468
73 -0.30404227076499335
74 0.412657738455913
75 1.2868022274825732
76 -0.11444400533706761
77 0.41149594194337075
78 -0.04575683257024543
79 1.954076412023837
80 1.0350164216715343
81 -1.4709025573880037
82 -0.35600941887949433
83 0.1451013948270201
84 -1.0376375868523398
85 2.248119293129311
86 0.023985882707296624
87 0.767629329151619
88 1.8979037371246816
89 0.331305692699398
90 0.4022327075323559
91 2.057742810542896
92 0.23131840173745166
93 1.3922759699890705
94 -0.21315823487855598
95 -1.5292975316940924
96 1.688582270535683
97 0.9659664526848151
98 -0.6052592358447255
99 0.5028105480844817
100 0.14581465911145863
101 0.41312454458043496
102 1.3498185757064571
103 -0.07784606523444035
104 -0.2745036397185412
105 -0.1945656476815012
106 0.964567498606062
107 0.7407007432238061
108 -0.7079244675464131
109 -0.9185934290427482
110 2.22514634642119
111 -1.7840616743765814
112 -1.31987349097926
113 0.10358390604132967
114 -0.47884223137264964
115 0.021916936685451638
116 0.27969789923479726
117 1.2741825408926926
118 0.4213145913240535
119 2.128700450315021
120 1.2525729775155772
121 1.0010431869461742
122 0.17920297684121939
123 1.1268715214577671
124 2.039503838257221
125 1.6812970991754148
126 0.7496700987863003
127 0.4550492393050763
128 0.5994519341402667
129 0.49409138651497
130 -0.1223427919273557
131 -0.1562531683503125
132 0.25339148518043303
133 -2.3966337351672617
134 -0.2592768268513461
135 1.6348051469028464
136 -0.4457552242281957
137 1.4798953070938095
138 0.8079446760511579
139 -1.4489993011378994
140 -0.5023047654758143
141 1.054094463811106
142 0.009314963029217527
143 0.5421906910244442
144 2.526102070624094
145 -0.27880233110999597
146 -1.0815181611583924
147 -0.08372530706468073
148 -1.0880933282140917
149 0.7187019789416292
150 -0.1121198517523217
151 0.2837826496525985
152 0.44949091213288916
153 0.34387811415303493
154 0.6793449137874057
155 0.47599783127380324
156 -0.05138230816025208
157 0.5727677856287885
158 -1.4014828840547384
159 -0.7368883011231191
160 -0.5438871184849423
161 -1.3541464001236312
162 -1.4142687378571583
163 0.7811175985535845
164 -0.15122919724911144
165 -0.9917851046957227
166 0.21977414768620707
167 -0.39176662748467417
168 1.293747036989487
169 1.4584824844453457
170 1.61090652658457
171 2.13563983869302
172 -0.1035404304274517
173 -0.20759020002771889
174 1.3358304589243728
175 0.9634936779845327
176 1.0780408706336408
177 -0.22466409691646794
178 0.6929498167810384
179 1.6115974607816952
180 0.7050865779084046
181 -2.62031205308663
182 0.8543612362918129
183 0.20588897063501366
184 -0.46132856766562974
185 0.5943857483430277
186 -0.7430159015527447
187 1.1062898670234629
188 0.9754773750694489
189 1.1888590107242645
190 -0.8954048526425865
191 0.958680669263197
192 0.47996182889793915
193 1.4500378330606816
194 -0.4303926401234127
195 1.0561807326955346
196 0.5738077736309125
197 -0.7673244022718563
198 0.11470338879845426
199 1.141054794090544
200 0.7814068437268863
201 1.3574071099245018
202 -1.1500281814701765
203 -2.1678425597287356
204 -0.3118191944712366
205 -1.7791172995376143
206 -0.8516389607195727
207 -2.046609005471032
208 0.6279182197839248
209 -0.7640543528150975
210 0.6586738516333576
211 -1.637018944890523
212 -0.446161923149627
213 -0.543064876266069
214 -1.6546214031520419
215 -0.35234344322810696
216 -0.6528294781756316
217 0.06577961909666147
218 0.5081595497844484
219 -0.8533547066779489
220 1.7710472446920082
221 -0.011856170860207127
222 1.067429426240007
223 -0.2992671354874483
224 -0.029044971991515678
225 -0.09349785823045043
226 -0.4125567850962041
227 -0.038776390283450035
228 0.6556548335721575
229 -0.13339145930517046
230 -1.1567560044368657
231 -0.2580447268693741
232 2.210475157253115
233 -1.8884430134260182
234 0.40531575087890487
235 0.025870512592709505
236 -0.09254421498124138
237 1.3371232760971723
238 0.20044375884361554
239 0.17215336861335262
240 1.0896697115563216
241 -0.007037520173163975
242 0.6406692381249482
243 2.2539053890638336
244 -2.3191424422159708
245 -1.6906669722005019
246 0.3311442847306187
247 -0.3685815173742959
248 -1.0581901109336482
249 2.0286403595275195
250 -1.078034097735433
251 0.06555750048396225
252 -0.09155600704394673
253 -0.5663192254649317
254 -0.2251827428090808
255 -0.18732099919497774
256 0.5960984183958968
257 0.31899699063730125
258 0.19822181299621294
259 -1.3270037797928658
260 -0.4559501203467332
261 -0.42146646986901465
262 0.0709473313994099
263 0.8473137827101646
264 -2.0857843951309425
265 -0.2630711289521123
266 0.028806864835790036
267 -1.2434459103838
268 0.23735603964625163
269 -1.6948873314524289
270 -1.7532226636928074
271 -0.21961231860019567
272 0.053594804053445244
273 -0.4474848595800663
274 2.571945628592164
275 0.18128898050220585
276 -0.33155147676804814
277 -1.0163087437199034
278 -1.292851874832764
279 0.629031448954504
280 -0.7807437294091912
281 1.4774411523898916
282 2.6757049087772975
283 -0.06105510987633078
284 1.7319952514393122
285 0.28932725866798215
286 1.2510223473152564
287 1.5878296736224882
288 0.7398556136040233
289 -2.6724807446403775
290 -0.11052381275536072
291 0.9098933599523573
292 0.0706457265721892
293 0.29691727417182845
294 -0.615153363760323
295 -1.2268100812748681
296 -0.4689789322305252
297 -0.2137289306050151
298 0.9051739808832959
299 -0.39931997951005593
300 -0.5157923708047494
301 -0.9395760947988154
302 -0.9857571002533396
303 0.2502963283135003
304 0.2955033400532971
305 -0.6063281815144179
306 -1.18867940320522
307 0.36282444217762844
308 0.3666171377062833
309 -1.55858181246718
310 2.670351753084726
311 -0.36554574375999027
312 1.1790320277093485
313 -2.4070711493367645
314 -0.35967233946483435
315 0.1647310707053805
316 -1.1758400722811646
317 0.17655640048781862
318 0.4882597509530927
319 0.09716438716787607
320 -1.0915327273241673
321 0.5302951379444486
322 0.8143306533483629
323 0.5634156722726638
324 -0.28112355360842334
325 0.9833636104179687
326 0.1736294542282215
327 -0.05321892640861994
328 -0.3388544892115957
329 0.531447252092801
330 -1.2976155830661145
331 -0.8685925108900392
332 0.4845005984836811
333 -1.6808401002129085
334 0.5351765085433513
335 0.11133012209338394
336 -0.1851304983737076
337 -1.5206065379112008
338 0.5184533575841408
339 -0.41162718298281215
340 -1.3978142586814064
341 0.3666178059999651
342 0.7966448377228093
343 0.31977188381926214
344 -0.9645462630199235
345 -1.3943300217572987
346 -1.0345312239901303
347 -0.9348561504058108
348 1.614901411198936
349 0.6511804907953417
350 0.7407045710457586
351 1.5122371361973364
352 0.5188383218240646
353 0.0242121721243439
354 -0.5397804816745809
355 -1.3334265424163454
356 -1.2383198877838766
357 0.4443557979545296
358 -0.031774658442282666
359 -0.9234319450317867
360 -0.9933648054790636
361 -1.776777782067757
362 -0.217249235083961
363 -2.1581399271355264
364 -0.6944471276461294
365 -0.0778679573442298
366 -0.4065213230933134
367 -1.75997307401985
368 0.7655049084291433
369 0.24115939412647802
370 -1.5682109043361523
371 -1.2449962694746142
372 1.1108374653146527
373 -0.461411844331912
374 -0.11880629026577072
375 0.2231645443094601
376 0.5078736920976001
377 -1.2604458927545614
378 -0.5884518102454243
379 -0.8338243816783695
380 -1.6361339429972281
381 -0.5034317887636587
382 0.8926880203512273
383 -1.028464833620037
384 -0.10068724299842835
385 -0.19822255845241754
386 1.1281524993917373
387 -0.3373027668244728
388 1.4360952870442023
389 0.6944012561124921
390 0.33509613027639734
391 0.11179222442043446
392 -1.004025007013758
393 -0.8378070099630279
394 -0.8171092347274919
395 -0.22911935230572034
396 -1.5770431372229574
397 0.3416371612061393
398 0.619198059923735
399 1.5577964569401543
400 -1.9218088952200658
401 0.2923485035184607
402 -1.3374719028313178
403 0.6442530329102562
404 -1.1871166001647977
405 -0.974950592058986
406 0.1965028409792563
407 -0.03220867881811096
408 0.9833486818170422
409 -1.1032245312820756
410 -1.4388012012352294
411 -1.1759677360138026
412 1.7462199174260273
413 -1.5923714640978608
414 -1.1273527238222767
415 1.3625186576677422
416 -0.09372580743972037
417 -1.1958240402437228
418 0.3676270773437896
419 -0.8724370340838256
420 -0.44916837919288477
421 0.7328363004276274
422 -0.1340550944099561
423 -1.247982115791324
424 1.1671125137143745
425 1.0862378235233303
426 0.08019951670684242
427 0.7406634349082093
428 -0.7439889815599354
429 -1.340424586371321
430 -1.49653431870377
431 -1.2253198871114959
432 -0.9847053522900127
433 -1.2181434241737987
434 -0.5213218744044695
435 0.22317223285961063
436 -0.3525596532617513
437 -1.4070443230892704
438 -0.08123596511449241
439 -0.04689979622514601
440 -2.0010360716301947
441 -0.5238158382405461
442 -0.016996271909255234
443 -1.173205988395441
444 -0.2652452833108957
445 -0.653939424864726
446 -0.3944052113353093
447 0.9190924260196198
448 1.147906569682727
449 2.517706948624628
450 1.4596566796387358
451 -0.8828065110200782
452 0.4265345823779555
453 -0.19335178524983748
454 -1.4402880447105848
455 -0.9008177364812519
456 -1.2837715180468852
457 -0.44762356404663073
458 0.832519781711393
459 0.8902528244885445
460 1.4698825112137643
461 2.0583942715310473
462 1.412284021940381
463 -1.211161568647198
464 -1.0101455222316833
465 0.4341470333443738
466 -0.29977225285157993
467 -0.022264081110347472
468 1.6647702756705367
469 -0.5486200428338216
470 2.7255927824529307
471 1.3384159956926547
472 -0.5548914742661087
473 1.4444078065630195
474 -0.8639923419280543
475 0.8478998262947117
476 1.5301001490622173
477 -2.1985991701326415
478 0.5283552197735837
479 -0.2645990925812591
480 -0.17384624370344515
481 -1.440370399367093
482 0.6368788118246349
483 0.6446155209436966
484 -1.29986353023699
485 1.6848273841489805
486 -1.5708951141148693
487 -1.0659131527334482
488 -0.6283683289592863
489 -0.9416359769247188
490 -0.9297562603046289
491 1.1398930302854737
492 0.5079200323986821
493 -0.799909748637274
494 -0.921669802098064
495 0.5268981890611107
496 0.3398547908657959
497 0.0019108166678346583
498 -0.42862312477710673
499 1.7388350745713672
500 0.701382892717388
501 3.2952131344787152
evaluations raw_y
1 1.5277064196659635
2 -0.5041936195078947
3 -0.4282347028874548
4 0.1229424010507571
5 2.643902023227116
6 1.8906678344722267
7 1.6049479613213988
8 2.216533201891518
9 -0.8843742049483994
10 1.0192268105471576
11 -0.20144086503770753
12 -0.3576538310048778
13 0.7764188036515932
14 2.2794441933892124
15 1.989390957122348
16 0.04602134517115569
17 0.7415897127898821
18 0.4322025333995664
19 -0.20486913513822572
20 -0.8475042057841926
21 -1.2061407238665938
22 0.37295439409554376
23 0.08877994377879805
24 0.9555061975281245
25 -1.4030630803916146
26 1.459794126749291
27 0.28513139267852244
28 2.414657629157345
29 -0.952049818459518
30 0.49747809103661267
31 -0.2061849012120237
32 0.5491606620131819
33 2.288909033349619
34 -1.1250864433337604
35 -0.08146433599436842
36 1.6144824558020172
37 0.14423106646346573
38 1.692394312793865
39 0.20996899018083082
40 0.7603569237598972
41 -0.5081571050711917
42 -0.6023087922164561
43 0.5297303329186815
44 0.7685925885818855
45 0.3498199622074898
46 0.0518565650189875
47 1.422269538940593
48 2.22692863652973
49 -0.20897570587433267
50 0.7355955580429875
51 1.2920215648901814
52 -0.35127587075378097
53 -1.3112767333904831
54 0.08473011104960393
55 1.3790836098525106
56 0.08240094717534463
57 1.4527865529791644
58 3.3055877243457212
59 -0.9184281664461074
60 -0.741055846975282
61 -0.06843405970543065
62 -1.0375793093685184
63 2.38019278467161
64 -1.8606618035408418
65 1.3692308382388354
66 0.19252735563594475
67 0.3652534216927197
68 2.21523822921673
69 -1.7715981713376332
70 -0.313941574391312
71 -0.44898212504232304
72 2.050985268312814
73 0.7056305526391026
74 -1.059552839932934
75 -0.5218962556386159
76 1.5863373921656863
77 -0.29121585888653345
78 0.7116253165200451
79 -0.1652654891742455
80 0.46671524394314007
81 -0.3818069287063495
82 0.07719711514923322
83 0.1832676183954292
84 -1.7564340431543655
85 -1.3985512693101412
86 1.029883620707601
87 -0.048881884271610804
88 0.6966211988086043
89 1.6570910148856366
90 0.5547411889555496
91 0.12010259721069313
92 -1.0056259340008737
93 2.5505457088805845
94 0.6075156616107847
95 -0.11145928896650692
96 2.2107024985292587
97 0.5406861296055032
98 2.633345317427354
99 0.4328086046921494
100 -0.7603356607982162
101 0.4791985199244731
102 0.033475709547510724
103 -0.40003746716587785
104 0.7349619413428808
105 -2.388286837451669
106 -1.362918700226928
107 2.445108119664395
108 2.845129257605019
109 -1.2247520494087967
110 -1.2245504343937932
111 -0.24864183880341711
112 -1.2969853421040738
113 2.2015565509078963
114 0.2487051407883495
115 0.8285598188009873
116 -1.321834389667864
117 -0.12623333657775404
118 -0.13500313612598436
119 -1.1443255344624075
120 0.09695959637108087
121 -0.685353059802156
122 1.5037547153060307
123 2.0650134237633777
124 0.8152112627024384
125 0.8213875807715006
126 1.4292585403157059
127 -0.26338318395229665
128 -0.296564453374246
129 -0.055340285892182206
130 0.9555002336873446
131 0.5835775565504531
132 0.9914212077776285
133 -0.8249140018825368
134 -0.7044924793032308
135 0.7073376108687935
136 -0.37878482919386947
137 0.29474064422641444
138 0.5235206101601418
139 -0.8342558555205006
140 -1.0172317023917141
141 -1.2234260502092384
142 1.3812366292023481
143 0.7978377536841398
144 0.06173926862346091
145 0.761998853290802
146 0.3390815163516354
147 -0.9671869391419992
148 2.7352790830082556
149 -1.2114570571662702
150 0.3069982430267796
151 1.259576737378507
152 -0.8193288977703899
153 0.7870943667758025
154 -0.42895391067609984
155 -0.7939973293400605
156 0.9490009694636798
157 0.4146091378613296
158 0.6066717344292698
159 1.2854266195798498
160 0.18920185939475181
161 1.4019257855818492
162 -0.46335839982728055
163 0.307837164355819
164 -0.6527561698581672
165 1.1726529778070716
166 -1.6897462533286887
167 0.6363968696989726
168 0.006614940306501019
169 0.4009242977073958
170 -0.05647105396119256
171 -0.291753399520445
172 0.5911337352018828
173 -0.984430214294882
174 0.8363293889188727
175 -0.9222744102126254
176 2.8786384442567954
177 -0.6424118961170452
178 0.2935869944967189
179 -1.2419947005097156
180 2.673539613384115
181 1.3896822969615708
182 -0.49267382271117266
183 0.6148631184009229
184 1.0393811494967748
185 -1.1618269999780837
186 0.14521305094189718
187 0.3684393693941382
188 -0.14022189748810465
189 -0.019829823583156492
190 -0.05472341429794536
191 -0.7823369117197103
192 0.6030147811105933
193 1.5135347840966307
194 0.8786333310025767
195 -0.1903258877081071
196 -0.1971169219220542
197 -0.05975522449947382
198 2.6748582790277853
199 -1.957886787366002
200 -0.39197733254077993
201 -1.1462113157340026
202 -0.5810953307054382
203 -0.2987722384027971
204 -0.8534619974948987
205 -2.317710860313025
206 0.5543015811557077
207 -0.041831869329194415
208 -1.316680904052544
209 -0.3365180072654904
210 -0.08255968989758322
211 -0.7860201497787889
212 -0.3291683528997149
213 0.8579232271313515
214 -1.7768188675930707
215 1.0053074973885852
216 -1.3467625835911468
217 -1.0466254882015984
218 -0.37470811368182255
219 -2.99911300835243
220 0.08339409793600927
221 -1.005251993106644
222 2.8346542188324113
223 -0.4170966126072408
224 -0.07482693274622237
225 -2.465928659464163
226 -0.5523297573143641
227 0.6739844110448474
228 -1.2396868628078686
229 -1.3742632182824048
230 0.4490013547362013
231 -0.8341797793115426
232 0.3850128733825149
233 0.6226545107571373
234 -0.638341959154049
235 -1.5305933958009073
236 -0.4322952352439861
237 0.08294901174299235
238 0.8935468519281039
239 -1.0737178263938343
240 -0.9109147391993837
241 -2.6123670190171584
242 -1.21886289400817
243 1.995946606495671
244 0.9441003579479016
245 1.228808956102303
246 -0.4835406859994039
247 0.13961994165341385
248 -0.7913786786895489
249 0.31716937937951045
250 -1.5358552420788971
251 -0.8434216634351639
252 -1.792888159755083
253 -2.729514463968432
254 -1.44303155723691
255 -0.6728254279925658
256 -0.9670331434247289
257 0.3441693210302088
258 -1.2207413156311444
259 1.4114248484788563
260 -1.5180009538859385
261 -0.7344339047740458
262 -0.7180703704749352
263 0.5534522273253037
264 -1.6909565023695132
265 2.624762091589246
266 -0.4858281311705497
267 1.8311836415124998
268 -1.3515069666564667
269 -0.1465230885040122
270 1.4707867790140954
271 0.9837204040923379
272 1.711926381526877
273 -0.6204244826342892
274 0.847309437115493
275 0.6953171208788587
276 -0.8698888673436339
277 0.8508659173422319
278 1.2304761309379717
279 -0.7035375957632976
280 -0.22195697211728016
281 -1.3163237315429894
282 -0.876143843217051
283 1.059092863946776
284 -1.164295794230156
285 -1.9916237582340572
286 -0.6953047171249572
287 0.2052577526339484
288 -1.317943399072953
289 -0.06623632132680812
290 -0.7881075202588346
291 -1.4608718476715847
292 -1.249566749309905
293 1.6409221762546402
294 -0.17258344280138405
295 0.23181638008038175
296 -0.44388761190247605
297 0.26616618536762354
298 -1.4915929305827773
299 -0.9497127723466561
300 1.5880560542383981
301 -0.07781119627606636
302 0.22024905532905004
303 -1.0553261265756289
304 -1.121698455795043
305 -0.6535580693835907
306 -1.5051911130914744
307 0.2582910054695793
308 -0.6574928479304323
309 -0.8344142968831827
310 1.8751449207932103
311 0.11412185528721266
312 -0.5504777612014844
313 1.7564112040701487
314 0.17782457300673749
315 -0.5090634316517886
316 -0.5819898882053075
317 0.34317692322253585
318 -0.9309412007822299
319 -0.3423283465893656
320 0.46015789656861805
321 0.48735143931785796
322 -0.8186701091962051
323 -0.5275950998663537
324 0.15707110344519903
325 0.45451935390331755
326 -0.26713337798482756
327 0.5065871029847034
328 -0.7728818366044836
329 -0.1797842416315926
330 0.5495134602333342
331 -0.02296154225537178
332 -1.9338520502892984
333 0.3716781333498091
334 -0.34056379017160476
335 -1.5291971403019762
336 0.06073892275787418
337 0.24420960601915365
338 -1.5037186893308858
339 0.38652117066868835
340 -1.7570699688593718
341 -0.5855127118359562
342 0.32160279799926395
343 1.2039646181325456
344 0.9286402753627354
345 0.2701935498113061
346 0.38417945686443405
347 -0.2855479881852726
348 1.7141041206635914
349 -1.0431329432310381
350 -0.9818932360069572
351 -1.5991338814041482
352 -1.84185003263898
353 -0.9549738222509522
354 -1.1429627897281838
355 -2.7705672853232635
356 -0.8814882303106293
357 0.3337225437500203
358 -1.43698393972213
359 -0.16008878073533095
360 -1.6595841363362034
361 0.05226870641459541
362 -0.9806270622503761
363 0.9412521811834255
364 1.348888896646359
365 -2.579279939971119
366 -1.3830878164002605
367 0.6516421039499011
368 -0.5661199607710719
369 -1.371428153190661
370 -0.43932419604305967
371 -0.1966420107450243
372 -1.5613559314373138
373 -0.21938988068226875
374 -0.5663799342919749
375 -0.899030412024864
376 -0.9502453009454179
377 -0.3563635053896297
378 -0.770408265189067
379 -2.4207747947416864
380 -0.4599506623361723
381 -0.8466524849898893
382 -1.06578337505676
383 -0.43645139164625335
384 -1.3527048066879332
385 0.7432789801558952
386 -0.8250074144777584
387 0.4656707025248393
388 -0.43722991652089427
389 0.546583323078378
390 0.4291987422679534
391 -1.9662274663185966
392 0.0745207256083667
393 2.112222494378185
394 0.4396631368402343
395 -1.0561004010259216
396 0.31484738102873056
397 0.15020013158170503
398 -1.4581247708944516
399 -1.0922747122989385
400 -0.3518475673610587
401 -0.5759282009730637
402 -0.6342282074586856
403 -2.3960955834274666
404 -0.5360374537164508
405 -3.0537925787200924
406 -1.1590738684818658
407 -0.19539004425103668
408 -0.9780242421506526
409 0.512507516154987
410 -1.0061832040950724
411 0.318683879861233
412 0.5798456074584293
413 1.3414263235223711
414 -2.0183480989672766
415 0.49634594443880004
416 -1.7758627267075953
417 -2.3715940122734183
418 1.4085766454161701
419 -1.043029952525054
420 -0.36549784879886155
421 -1.6306597187617193
422 -1.0145746032279823
423 -0.6844788534494514
424 1.7363168785663872
425 -0.4060683722080278
426 -1.6061100472673007
427 -1.5712365893381526
428 0.794893109998537
429 -1.132531817655574
430 1.0225017082005745
431 2.755776324371256
432 0.054980278323823795
433 0.12179548511722516
434 -0.35730256703399976
435 -0.820744764589662
436 -0.20192138617913125
437 0.4981530069668706
438 -0.7697738542080916
439 -0.15701267551290676
440 0.40600560582723316
441 0.8855753298328572
442 -1.9031804318616738
443 0.9615578059213108
444 1.2408656424549975
445 1.1636952154460085
446 -0.10103792999439826
447 0.9875880239973582
448 -2.471608437507931
449 -2.2846667328422035
450 -0.24365269067304962
451 -0.9872911056469735
452 0.28942928819747754
453 1.3811758618200636
454 -0.4217834593957255
455 -2.013149219057852
456 -0.8178008169686786
457 -0.7301926086454154
458 -0.2498256881967763
459 0.3015536658684229
460 0.21385516366642077
461 -0.866648869390718
462 -0.984984733431178
463 0.2321413142442868
464 1.3614489806457484
465 -1.1435765682314525
466 -1.851226788826422
467 -0.9846641002293846
468 -0.5629174348036601
469 -0.532148964802861
470 0.05885557908555472
471 -2.2964726729356757
472 1.4009650861875977
473 0.1847480824560503
474 0.9343543753202836
475 -1.4779638236363324
476 -0.6327009316705265
477 0.8131102465863773
478 0.43934990126003665
479 1.3057066057077602
480 -0.32168089508905023
481 -0.07910366599951618
482 -1.7058618069386624
483 -1.0092531805352225
484 -2.093620441076883
485 -0.259156471779661
486 1.6151913008778076
487 0.7094010603642502
488 -2.329165702192556
489 0.39008337503501284
490 -0.10147416138814502
491 -2.140206391166803
492 -0.6361493708469266
493 1.7817571598790987
494 -0.5743598012277027
495 1.3291030907139287
496 0.04532212130511526
497 -0.2987040569072734
498 1.5244436122439304
499 1.2295255327944599
500 -1.173703980825722
501 -0.49764420758728223
