evaluations raw_y
1 81.6306623427
4 79.8010586419
7 75.4746971077
15 74.1900199071
28 65.9053227206
57 60.3496781311
211 58.8240070414
220 57.7532025832
222 42.6707182193
288 28.0840962727
362 18.0592062665
550 15.5425496439
694 11.2256619959
732 9.5957257927
745 9.1900506856
785 7.1298783594
865 6.9607331363
894 6.0220091384
944 4.9749655423
955 2.8279717790
1102 2.7025222269
1111 2.5869692713
1154 2.5609624666
1158 2.3023508672
1299 2.1173318013
1547 2.1116815013
1549 2.0579647595
1587 2.0486224664
1689 2.0432620141
1695 2.0339795960
1701 2.0330943934
1761 2.0230179670
1774 2.0220788677
1851 2.0205953691
1920 2.0139230993
1928 2.0044430779
2144 1.9995131677
2282 1.9961404717
2357 1.9930300689
2447 1.9901747498
2453 1.9845848995
2549 1.9836603840
2587 1.9836273017
2610 1.9820132510
2658 1.9815684006
2659 1.9808557480
2661 1.9764656355
2776 1.9752650668
2816 1.9726267165
2847 1.9721247750
2893 1.9702337881
2895 1.9696831728
2962 1.9681726345
3043 1.9676892781
3104 1.9653069285
3217 1.9652874197
3238 1.9644980626
3332 1.9642789692
3352 1.9641366422
3416 1.9631270858
3425 1.9626519731
3498 1.9624137496
3515 1.9603795801
3652 1.9595574684
3663 1.9591874873
3665 1.9591851046
3848 1.9590091791
3877 1.9579094325
3879 1.9571503897
3886 1.9570402469
3931 1.9568104721
4082 1.9566034171
4117 1.9562156887
4240 1.9560973670
4283 1.9557921294
4308 1.9557871554
4539 1.9557600232
4609 1.9556696820
4611 1.9556441878
4649 1.9554580254
4793 1.9553649535
4832 1.9553089622
4859 1.9553054741
4861 1.9552830345
4880 1.9552366328
4980 1.9554394904
evaluations raw_y
1 1.9557596295
2 1.9554024273
8 1.9552830345
11 1.9552366328
49 1.9552303112
75 1.9552012308
112 1.9551989112
194 1.9551877065
415 1.9551873363
509 1.9551825522
511 1.9551790311
545 1.9551609061
729 1.9551594154
794 1.9551506960
806 1.9551283102
937 1.9551273952
964 1.9551132269
1085 1.9551075341
1087 1.9551035084
1235 1.9551029650
1245 1.9550997391
1387 1.9550984257
1403 1.9550963902
1446 1.9550932738
1611 1.9550915527
1694 1.9550910465
1737 1.9550900730
1795 1.9550896265
1844 1.9550895190
1859 1.9550874289
1861 1.9550871603
2021 1.9550857279
2029 1.9550849002
2046 1.9550836667
2062 1.9550834057
2148 1.9550820330
2173 1.9550819555
2179 1.9550818965
2321 1.9550814368
2327 1.9550807840
2371 1.9550804917
2378 1.9550802733
2440 1.9550773240
2533 1.9550772921
2594 1.9550755008
2607 1.9550746878
2614 1.9550746540
2743 1.9550746438
2755 1.9550740464
2757 1.9550725384
2902 1.9550723988
2915 1.9550711855
2946 1.9550702995
3052 1.9550702154
3088 1.9550701135
3091 1.9550683334
3093 1.9550675786
3117 1.9550650610
3183 1.9550637287
3211 1.9550621582
3282 1.9550620682
3361 1.9550616158
3364 1.9550611342
3380 1.9550607875
3387 1.9550602138
3421 1.9550599900
3511 1.9550580415
3550 1.9550576246
3587 1.9550562907
3641 1.9550540956
3689 1.9550523240
3806 1.9550508309
3839 1.9550508048
3933 1.9550504928
3937 1.9550496675
4083 1.9550495968
4115 1.9550495821
4231 1.9550494885
4245 1.9550494863
4329 1.9550493224
4381 1.9550492689
4395 1.9550490968
4459 1.9550488118
4560 1.9550487717
4577 1.9550487369
4609 1.9550484458
4644 1.9550483845
4717 1.9550481979
4719 1.9550481413
4731 1.9550481177
4763 1.9550480888
4853 1.9550480313
4869 1.9550479777
4879 1.9550479434
4888 1.9550479426
4917 1.9550476023
4980 1.9550484439
evaluations raw_y
1 1.9550484883
2 1.9550481293
6 1.9550478157
22 1.9550476023
33 1.9550475660
72 1.9550474889
191 1.9550474605
249 1.9550474144
251 1.9550474010
401 1.9550473866
412 1.9550473355
417 1.9550473334
489 1.9550472429
491 1.9550471475
639 1.9550471103
782 1.9550470994
786 1.9550470988
809 1.9550470135
936 1.9550469745
989 1.9550469402
1081 1.9550469072
1103 1.9550468536
1236 1.9550468064
1264 1.9550467947
1319 1.9550467933
1383 1.9550467850
1386 1.9550466846
1541 1.9550466594
1564 1.9550466222
1577 1.9550466173
1633 1.9550465971
1725 1.9550465636
1738 1.9550465557
1771 1.9550465498
1783 1.9550465270
1859 1.9550464679
1861 1.9550464561
2025 1.9550464467
2027 1.9550464118
2089 1.9550464080
2148 1.9550464054
2156 1.9550463939
2160 1.9550463925
2175 1.9550463311
2177 1.9550463018
2325 1.9550463016
2330 1.9550462847
2338 1.9550462351
2365 1.9550462330
2367 1.9550462323
2464 1.9550462299
2472 1.9550462274
2524 1.9550462001
2537 1.9550461776
2607 1.9550461415
2733 1.9550460995
2901 1.9550460872
2929 1.9550460863
2967 1.9550460548
3053 1.9550460033
3085 1.9550459960
3201 1.9550459895
3211 1.9550459046
3345 1.9550458909
3356 1.9550458830
3369 1.9550458711
3384 1.9550458501
3490 1.9550458323
3495 1.9550458052
3517 1.9550458004
3519 1.9550457802
3643 1.9550457793
3648 1.9550457734
3667 1.9550457600
3672 1.9550457492
3677 1.9550457428
3801 1.9550457422
3803 1.9550457416
3807 1.9550457348
3957 1.9550457329
3983 1.9550457315
4133 1.9550457314
4135 1.9550457300
4146 1.9550457281
4175 1.9550457280
4280 1.9550457258
4287 1.9550457255
4289 1.9550457193
4394 1.9550457186
4398 1.9550457171
4411 1.9550457131
4430 1.9550457084
4442 1.9550457081
4467 1.9550457068
4540 1.9550457051
4580 1.9550457038
4587 1.9550457016
4589 1.9550456972
4633 1.9550456969
4683 1.9550456890
4685 1.9550456885
4706 1.9550456831
4831 1.9550456792
4833 1.9550456791
4924 1.9550456788
4945 1.9550456759
4980 1.9550456985
evaluations raw_y
1 1.9550456788
29 1.9550456759
52 1.9550456711
92 1.9550456687
117 1.9550456618
145 1.9550456607
183 1.9550456402
333 1.9550456249
483 1.9550456169
499 1.9550456099
503 1.9550456048
645 1.9550456030
692 1.9550455981
801 1.9550455967
839 1.9550455966
869 1.9550455872
879 1.9550455846
935 1.9550455825
979 1.9550455785
992 1.9550455770
1087 1.9550455760
1099 1.9550455698
1131 1.9550455680
1138 1.9550455679
1240 1.9550455637
1247 1.9550455622
1381 1.9550455589
1491 1.9550455493
1576 1.9550455491
1597 1.9550455466
1600 1.9550455458
1607 1.9550455453
1609 1.9550455447
1613 1.9550455436
1648 1.9550455411
1699 1.9550455357
1722 1.9550455347
1849 1.9550455244
1987 1.9550455242
2002 1.9550455226
2009 1.9550455224
2011 1.9550455216
2070 1.9550455215
2159 1.9550455210
2161 1.9550455210
2169 1.9550455204
2172 1.9550455199
2330 1.9550455193
2431 1.9550455189
2433 1.9550455186
2440 1.9550455184
2583 1.9550455183
2586 1.9550455182
2595 1.9550455180
2731 1.9550455180
2745 1.9550455177
2825 1.9550455170
2895 1.9550455167
2959 1.9550455162
2963 1.9550455160
3033 1.9550455160
3051 1.9550455155
3053 1.9550455150
3210 1.9550455145
3349 1.9550455141
3365 1.9550455141
3389 1.9550455137
3506 1.9550455134
3507 1.9550455134
3542 1.9550455133
3579 1.9550455131
3598 1.9550455129
3688 1.9550455129
3692 1.9550455127
3782 1.9550455124
3823 1.9550455123
3842 1.9550455123
3971 1.9550455122
3975 1.9550455120
4091 1.9550455120
4115 1.9550455118
4233 1.9550455117
4307 1.9550455117
4309 1.9550455113
4385 1.9550455111
4482 1.9550455111
4531 1.9550455108
4533 1.9550455107
4565 1.9550455104
4713 1.9550455103
4715 1.9550455103
4738 1.9550455101
4754 1.9550455100
4836 1.9550455100
4837 1.9550455100
4857 1.9550455099
4871 1.9550455097
4873 1.9550455095
4980 1.9550455103
evaluations raw_y
1 1.9550455104
2 1.9550455100
7 1.9550455099
11 1.9550455095
40 1.9550455091
45 1.9550455089
92 1.9550455089
132 1.9550455089
226 1.9550455088
235 1.9550455087
243 1.9550455085
299 1.9550455085
340 1.9550455083
373 1.9550455080
482 1.9550455079
490 1.9550455076
507 1.9550455073
669 1.9550455072
689 1.9550455067
700 1.9550455066
744 1.9550455066
814 1.9550455065
833 1.9550455065
843 1.9550455054
933 1.9550455054
945 1.9550455053
957 1.9550455047
965 1.9550455045
993 1.9550455033
1082 1.9550455031
1098 1.9550455030
1118 1.9550455025
1130 1.9550455021
1241 1.9550455018
1276 1.9550455016
1289 1.9550455011
1340 1.9550455010
1386 1.9550455009
1394 1.9550455006
1427 1.9550455004
1450 1.9550455003
1463 1.9550455000
1533 1.9550454998
1541 1.9550454997
1834 1.9550434896
1899 1.9550423645
1901 1.9550423635
1985 1.9550420482
1991 1.9550420390
2139 1.9550420375
2221 1.9550420327
2314 1.9550420299
2371 1.9550420293
2501 1.9550420231
2625 1.9550420221
2651 1.9550420198
2737 1.9550420174
2784 1.9550420151
2887 1.9550420092
2951 1.9550420035
2994 1.9550420024
3035 1.9550419977
3037 1.9550419843
3187 1.9550419816
3218 1.9550419749
3356 1.9550419747
3363 1.9550419739
3365 1.9550419697
3381 1.9550419656
3392 1.9550419601
3397 1.9550419547
3436 1.9550419545
3490 1.9550419536
3510 1.9550419488
3523 1.9550419445
3555 1.9550419321
3580 1.9550233395
3631 1.9550184744
3661 1.9550182043
3795 1.9550180715
3961 1.9550180523
4004 1.9550180267
4095 1.9550179802
4191 1.9550179684
4245 1.9550178972
4300 1.9550178926
4422 1.9550178894
4482 1.9550178669
4540 1.9550178652
4701 1.9550178470
4706 1.9550178422
4737 1.9550178334
4739 1.9550178238
4833 1.9550178097
4873 1.9550178060
4887 1.9550178002
4889 1.9550177757
4980 1.9550179000
