evaluations raw_y
1 1.5188894639510273
2 3.1262837577714673
3 2.674251938844715
4 2.1780023378889615
5 3.1155599503810714
6 1.0318633508918904
7 1.4003041806804326
8 3.557362537046285
9 2.101486392781253
10 1.6042423467408973
11 3.349349499770021
12 2.263545784419379
13 1.0108341770988143
14 1.4543474895708437
15 2.686458836515016
16 1.551069223996281
17 3.4669492203810215
18 0.8648848086909688
19 1.3988918807373372
20 2.0315742260884533
21 1.1464477187277042
22 0.7076085304216635
23 2.4538051340290163
24 2.5319533579300857
25 0.7999756673052888
26 1.6459731909109847
27 0.9733064761674675
28 1.6094050231057346
29 1.5704671257888245
30 1.5094363734237666
31 0.9124519448990097
32 1.3769015558419209
33 1.1645187566636153
34 1.1234894181133315
35 0.7352942891364265
36 1.3369081657790831
37 1.3358155699745065
38 0.7225410331536372
39 2.2694847772245668
40 1.571750604283501
41 0.9204305519923616
42 0.9664958845315561
43 2.0909710318511756
44 2.466522876057638
45 1.062070030627116
46 0.8242384802526911
47 0.9054960341967472
48 0.7246399905219376
49 0.6318171053697672
50 0.6892108565376018
51 0.8504590653168684
52 0.6697599982921406
53 1.0778607552554011
54 0.7252847075724433
55 1.2668329789000108
56 0.6794926606049446
57 0.7778618571745674
58 0.6579194854463235
59 1.0597455331081855
60 0.7164490159093151
61 1.0227637229432087
62 1.3091152505944723
63 0.6721924428022397
64 1.0690983185106335
65 0.631827198060827
66 0.6935738978249362
67 0.8511050449862152
68 0.9190201720793669
69 0.6718418123969137
70 0.809775091547521
71 0.6345556293211307
72 0.750405734488952
73 0.5523266313412285
74 0.7278781821622697
75 0.7823508113649061
76 0.7812366993488606
77 0.578555359544446
78 0.7737875324850063
79 0.7287156130856005
80 0.5762671534124482
81 0.5973156859224028
82 0.5616968181571603
83 0.9579218938457859
84 0.6571561439639577
85 0.6026538193398734
86 0.8222846840701337
87 0.6910230582938254
88 0.8151976159016454
89 0.6797559201745866
90 0.6419590743123424
91 0.5333714946832949
92 0.9951774979419853
93 0.5701134275388953
94 0.6582290725522302
95 0.5362296169308385
96 0.6452298024121508
97 0.5535399182175537
98 0.8968433379691376
99 0.6712535180388299
100 0.6657394663327754
101 0.4999191448970021
102 0.5272283781191627
103 0.6384235879249351
104 0.5388377856812854
105 0.6932612226700092
106 0.592108920750541
107 0.5222296524709557
108 0.5450677160494524
109 0.4788680907994167
110 0.5484924657160095
111 0.49883118655769465
112 0.6445967266270862
113 0.5112872813842271
114 0.5143297289267748
115 0.761956139261575
116 0.5297146961873411
117 0.6284460588374213
118 0.508527887916077
119 0.7686708129858447
120 0.6673609217438764
121 0.4758722616442964
122 0.5462954827634284
123 0.5536933600640188
124 0.5153094126045196
125 0.5224631017904171
126 0.489405788019621
127 0.5482638720843649
128 0.49205583388463714
129 0.5132935444554174
130 0.5070274620105669
131 0.5077255114420072
132 0.4926637213125189
133 0.4693722957946195
134 0.4685520017726182
135 0.5369362354086352
136 0.5090367263020371
137 0.46680085823758705
138 0.47066535057933495
139 0.5000483245127005
140 0.48004666856032396
141 0.47597606054034003
142 0.5030465898653758
143 0.4882270093443438
144 0.5158852321257259
145 0.4722668687991623
146 0.47945771816457233
147 0.47558545575235023
148 0.4694513436626103
149 0.4804206580634745
150 0.46997029908112997
151 0.4974994286739044
152 0.4800671186933043
153 0.4744279672214707
154 0.46575415777590157
155 0.4710912021843009
156 0.4604171023249231
157 0.4736980133779669
158 0.4732472424856472
159 0.4962024288178669
160 0.48695850410382174
161 0.4628918538852933
162 0.46203613643831465
163 0.47578064172288415
164 0.4660784973229141
165 0.49754036455192435
166 0.4675852172813403
167 0.47564403011658957
168 0.4651850219665141
169 0.46246464687372757
170 0.46520789321695605
171 0.4732954589298791
172 0.46125806507140593
173 0.4640450481285384
174 0.4643636021492723
175 0.46986759450297333
176 0.4706568145888502
177 0.4676923777561685
178 0.4681074713192371
179 0.46695378585932396
180 0.4642553062494532
181 0.4613494321589613
182 0.4627964568476505
183 0.4633085677971387
184 0.4622597747346859
185 0.462077812254574
186 0.46159106467589445
187 0.4646662997835163
188 0.4660457813111726
189 0.4645367228284734
190 0.46436937312834375
191 0.46189071415582417
192 0.4612020662754686
193 0.4608179857307985
194 0.45995223232489924
195 0.4611012922365381
196 0.46182796400487025
197 0.46532684118528483
198 0.4628007823840375
199 0.460037452764823
200 0.4600309077680263
201 0.46153472348568936
202 0.46106986772575126
203 0.45954441611670516
204 0.4613512201724064
205 0.46293334317710366
206 0.46027053485184133
207 0.45928003433418263
208 0.46187933407891424
209 0.45990071502040697
210 0.46408813992315
211 0.45973480578155895
212 0.46031711984274093
213 0.46054611965099324
214 0.4597151305371122
215 0.4594773710215425
216 0.45987187964869936
217 0.46041825623980726
218 0.4596988912438208
219 0.460127883843239
220 0.46017401176595196
221 0.4610055843297673
222 0.45940595816191265
223 0.4602620529363967
224 0.460488258483522
225 0.459425298158299
226 0.4595642560791932
227 0.45940465513714773
228 0.45984730397877327
229 0.45933313695387745
230 0.4593770505870294
231 0.4593810854787044
232 0.4596667828224703
233 0.4595659231016136
234 0.45957386940364164
235 0.4601444990041833
236 0.4594923889042115
237 0.4593089237653084
238 0.45945075670981095
239 0.45959237180718876
240 0.4592356467906761
241 0.45946721376684335
242 0.4594809251238613
243 0.4593715343702588
244 0.4594789786505452
245 0.45952011347232413
246 0.4595116771411897
247 0.4592386658100065
248 0.4596427573355176
249 0.45944810686828197
250 0.45938015984094943
251 0.4593638104055131
252 0.45955022674895085
253 0.45941189113117853
254 0.4595302527555971
255 0.45931747829244296
256 0.4593962411284703
257 0.45923364102180575
258 0.45925921158450167
259 0.4592889874490289
260 0.45917381285987585
261 0.45961661417787364
262 0.45927509670655486
263 0.45932538529784983
264 0.45932671434818245
265 0.4593368908653517
266 0.4593366796728309
267 0.45918043492338545
268 0.45926626543610866
269 0.45916935503990886
270 0.4592581904270274
271 0.4592388236768685
272 0.4593891973638699
273 0.45925465743370186
274 0.4592055841083067
275 0.45914340115972724
276 0.4592335871385851
277 0.45942063783088316
278 0.4593240675391933
279 0.4592154023842735
280 0.4592175781391207
281 0.4591924854685456
282 0.45915195671696934
283 0.4591742355466494
284 0.4592460835187169
285 0.4591521246746453
286 0.4591892060588225
287 0.45914741017816085
288 0.4591847660387536
289 0.45920144098634635
290 0.4591898495315259
291 0.45926169615964774
292 0.45916205267701143
293 0.4591184793257337
294 0.4591148673093015
295 0.45912945081217105
296 0.4591799422005099
297 0.4591094433888163
298 0.4592061369925461
299 0.4592542078870526
300 0.4591605072630077
301 0.4591273509454283
302 0.4591309417463818
303 0.45914866974858703
304 0.45915848931170045
305 0.45912245679196506
306 0.45916089028533513
307 0.45913446828706733
308 0.45915723320376667
309 0.4591292432191293
310 0.45915542173331475
311 0.4591036819804861
312 0.4591549196127005
313 0.45913868601298763
314 0.4591176652620387
315 0.459096867682863
316 0.45911444181910277
317 0.4590904663371498
318 0.4591086264398627
319 0.45910403859137494
320 0.4590971579144605
321 0.45910256746019057
322 0.4591140282717422
323 0.4590966825143051
324 0.459092456335382
325 0.45910474169188736
326 0.4591022367382286
327 0.45911114879239534
328 0.4590995281834212
329 0.45910724787863755
330 0.45909934124043106
331 0.45910416746952193
332 0.4591057830426198
333 0.4591008563170253
334 0.45907830593487303
335 0.4591180748658612
336 0.45909941853951786
337 0.45911694046469487
338 0.45912547365959805
339 0.4591531741027028
340 0.45910573375320163
341 0.45911539607185486
342 0.4591188432327007
343 0.45916552025442636
344 0.45909514157147074
345 0.45911666421927644
346 0.45910482933335006
347 0.45910577164528465
348 0.4591062215774021
349 0.4591413060232069
350 0.45910488705480423
351 0.4590761592320022
352 0.4591318708730735
353 0.45911928723456324
354 0.4590768479262468
355 0.4591370298148554
356 0.4590776303968993
357 0.4591077534525066
358 0.4590981363570227
359 0.459080229265857
360 0.45908159549486305
361 0.4590872582752251
362 0.4590763672097527
363 0.45907773542090424
364 0.4590864369386975
365 0.4590841562246879
366 0.45908562945477016
367 0.45909358728346206
368 0.459084728714984
369 0.45908117136223986
370 0.459093968848983
371 0.4590964441615484
372 0.45911847588716087
373 0.45908381190639325
374 0.45908379571901253
375 0.4591038179683681
376 0.4590822704947757
377 0.4590852620765121
378 0.45908003872243874
379 0.4590830872986902
380 0.4590839654903883
381 0.4590870109065304
382 0.45907910926449097
383 0.459080688189467
384 0.45908178003262995
385 0.4590813037247361
386 0.45909193397538905
387 0.4590969334464299
388 0.4590785454509774
389 0.45910475101589865
390 0.45908302850529314
391 0.4590858678325007
392 0.45907432982454566
393 0.4590745751998181
394 0.45907862262006915
395 0.4590749940893313
396 0.459082144360783
397 0.45908489293143356
398 0.4590749908003766
399 0.4590815454149899
400 0.4590787041061212
401 0.45907461011627504
402 0.459079041951478
403 0.4590764291029917
404 0.45907547877730415
405 0.4590757328605087
406 0.4590743370413725
407 0.45907603684611165
408 0.45907799901869417
409 0.4590743961472995
410 0.4590771749919814
411 0.4590759246327041
412 0.4590757476685412
413 0.4590749743108129
414 0.45908082880783857
415 0.45907451227850615
416 0.4590736343526095
417 0.4590736833595696
418 0.4590740165187718
419 0.459075435431023
420 0.45907710697620085
421 0.4590735984085614
422 0.45907400454662683
423 0.4590778434105512
424 0.45907412763089595
425 0.4590749793922871
426 0.45907527940308995
427 0.4590761790827346
428 0.45907396509650994
429 0.4590742431713899
430 0.45907420786040243
431 0.45907491935708566
432 0.45907399284068595
433 0.45907400483131966
434 0.45907522614143037
435 0.4590738982355228
436 0.45907484873870763
437 0.45907475548460647
438 0.4590748332883828
439 0.4590736830350606
440 0.4590738079814801
441 0.459073560740607
442 0.4590749581984605
443 0.4590747954936977
444 0.4590742288939361
445 0.4590736187546281
446 0.4590747998087573
447 0.4590745066937828
448 0.45907443914246004
449 0.4590739348339026
450 0.45907410236552576
451 0.45907401446483975
452 0.4590746384850928
453 0.4590739911289494
454 0.45907372709955807
455 0.4590743039311225
456 0.45907393112346884
457 0.459074331689147
458 0.4590741139718534
459 0.45907352417032093
460 0.4590736406025808
461 0.459073433035219
462 0.45907412732859004
463 0.45907382701571503
464 0.4590735261915977
465 0.45907415559971715
466 0.4590736954728539
467 0.45907367546811884
468 0.4590735290885154
469 0.45907387094598695
470 0.4590736578787932
471 0.45907366101860914
472 0.4590735202208811
473 0.4590735477406936
474 0.4590736689219753
475 0.45907345573643005
476 0.459073837357868
477 0.45907354180876936
478 0.459073517782808
479 0.4590736324489414
480 0.4590735193329303
481 0.4590737775420239
482 0.4590734797812964
483 0.45907355424450985
484 0.45907361554777637
485 0.459073493120822
486 0.45907345606517014
487 0.45907362164573035
488 0.4590735146970548
489 0.45907355154139917
490 0.45907361059375884
491 0.45907346407167504
492 0.4590734852069194
493 0.4590735466295984
494 0.4590734447870308
495 0.4590735013415584
496 0.4590735076803396
497 0.45907347637561335
498 0.4590735825109067
499 0.45907347622105354
500 0.459073623956041
evaluations raw_y
1 3.2350480642199715
2 2.066569629142863
3 2.235567993941963
4 4.239959205776895
5 4.071174070326299
6 2.065344235448541
7 1.8029486202934097
8 2.121060782267312
9 3.4987982414596295
10 2.3907029439097642
11 2.7946525636842714
12 2.5305332355041834
13 2.2364246102898733
14 1.4020518472010064
15 2.5418147304936047
16 2.901315109355532
17 2.70790831513978
18 3.5368986625300076
19 1.2710148576695628
20 3.2485679037685564
21 2.7030766288798382
22 2.2486112588680305
23 5.106083221650168
24 1.4269176574979636
25 1.3751551859417155
26 3.553867347081151
27 1.464016357203345
28 1.5397219270712637
29 1.4768333672394134
30 1.3837603452765592
31 2.8819049625147963
32 2.1168490469619883
33 2.037880164193778
34 1.0848052138640019
35 2.6288997520074298
36 1.2689459026155074
37 2.0428080368479713
38 1.6210564362169255
39 1.075386526482222
40 1.9054864752114837
41 0.8609310067046374
42 1.3501063914002187
43 0.8125416946354728
44 1.8361792981158864
45 2.1843946417539226
46 1.573436834229149
47 1.8472190960881072
48 0.8620444234944851
49 1.046746817760662
50 0.6944643766989635
51 1.8621493230515538
52 1.8580670612727253
53 1.3063329333050948
54 1.6159216900814735
55 0.7278986269080124
56 0.9358842653826532
57 1.0618912958749822
58 1.1520530810704486
59 1.1854429718100128
60 1.2604951802143947
61 1.307644186716739
62 1.1264598540024515
63 0.8569728779021091
64 0.7783938035542032
65 1.2208151401819065
66 1.2802789832906147
67 1.636757886907278
68 1.2329106542237012
69 0.9625356106227058
70 1.0039368566917393
71 0.8063616487310075
72 1.2839097378066666
73 0.6488706567647947
74 0.6830831832035654
75 0.5389727015993714
76 1.1863728423397628
77 1.4095902815805557
78 0.6772990828869729
79 1.3448409798441185
80 0.8047974656896132
81 0.6193041288192946
82 0.843034202771426
83 0.6771707039514177
84 0.5575783956135345
85 0.6529987252532905
86 0.7787754520149408
87 0.6878186761216551
88 0.6454488158340382
89 0.7375486139353234
90 0.8232231557424008
91 0.580787659733075
92 0.5719261345096802
93 0.7894773545399094
94 0.6209702365224157
95 0.9931516446651865
96 0.7795799663583924
97 0.5953433997304391
98 0.707623210101173
99 0.9239295605339749
100 0.6681426798150953
101 0.8019831164868578
102 0.6935125203331993
103 0.6214818608398508
104 0.9881854801724355
105 0.8075003133725644
106 0.5574301527986874
107 0.9254705979514735
108 0.7063728124099695
109 0.6387583747284236
110 0.7858407865082466
111 0.518705723500312
112 0.614052510411756
113 0.5614185467076647
114 0.6023988881114244
115 0.5571075755053506
116 0.6681101126447613
117 0.6058581481739085
118 0.5085161586439686
119 0.5152109830189552
120 0.7075615723606188
121 0.5733042722637287
122 0.49628259417256293
123 0.6006055724786918
124 0.5948179035394356
125 0.5420926870924929
126 0.5627552713319162
127 0.48730989463902746
128 0.5293494478044901
129 0.5165558780826376
130 0.5404165748082876
131 0.5139607761067735
132 0.6054637784151482
133 0.5318289079892677
134 0.6242247818340465
135 0.5367603212144829
136 0.6478152763476628
137 0.5263913425450759
138 0.5019615258870784
139 0.6074177810957707
140 0.5211110766667806
141 0.5415189795893851
142 0.5015834318254054
143 0.4944482563418875
144 0.5202397675129098
145 0.6216378290058188
146 0.5299914992947203
147 0.5329585499310213
148 0.521020419366655
149 0.5005480912436403
150 0.4710801031211379
151 0.5100751881810722
152 0.4932746330188212
153 0.5258112311210928
154 0.46553300361066385
155 0.5012712282232124
156 0.4677156690401084
157 0.5117392100333076
158 0.4962831692288409
159 0.4887583643575337
160 0.47829684748480483
161 0.47541061689368
162 0.4734401954554834
163 0.47754779044930606
164 0.47249074675080194
165 0.4681230340917144
166 0.4877607274397864
167 0.46929313587192245
168 0.4610285438251548
169 0.47300889615541675
170 0.46863239494658504
171 0.46458522551741555
172 0.4681003112717491
173 0.4677676558800966
174 0.4632420051477182
175 0.4731040168298223
176 0.4765505255367306
177 0.4638205193833412
178 0.46858645278952005
179 0.4746058789118451
180 0.4911671554568262
181 0.4718206979255125
182 0.47418882924509587
183 0.47591309575836743
184 0.49086421668626595
185 0.4600483256630265
186 0.471287507057319
187 0.4690168397347484
188 0.4813067045731544
189 0.4693617595471219
190 0.4821944264613802
191 0.46358651162670417
192 0.46417630009255617
193 0.4663200833158424
194 0.47037581691774905
195 0.46980143205732
196 0.463607002325505
197 0.4645888095911836
198 0.47448530451529364
199 0.4697232274757314
200 0.4679460134185093
201 0.47152664900271746
202 0.46151651221317047
203 0.466235784525319
204 0.4634825433143708
205 0.4660985933067464
206 0.4631175707108398
207 0.4613534433418345
208 0.46201847490668135
209 0.4668217333981879
210 0.46715282979045686
211 0.45997566266235723
212 0.46064047699845667
213 0.46624237403046065
214 0.46528563178747895
215 0.462994377964876
216 0.4682488056709466
217 0.4628981335880794
218 0.4640719266491592
219 0.4606205034052444
220 0.4651967525642706
221 0.46305966260856046
222 0.46980632004213096
223 0.46069343552149067
224 0.468193464019171
225 0.459501184724537
226 0.46098602715876774
227 0.4596345054048512
228 0.46079548167620066
229 0.4598510022193678
230 0.4642093962873648
231 0.46004484304264737
232 0.46036313626244174
233 0.4601740002529768
234 0.4600171801586677
235 0.4615239244392315
236 0.4612794300631903
237 0.46028383615433466
238 0.46257891042874205
239 0.46200435215058194
240 0.46023817568051273
241 0.4621635031390354
242 0.4609361342639846
243 0.4600608362315864
244 0.4625649832497033
245 0.46008214954153365
246 0.4618680088309897
247 0.46050751960601277
248 0.4610587917189133
249 0.4606423839234496
250 0.45968972954952764
251 0.459643451109891
252 0.46024222959870065
253 0.45993992644912796
254 0.46006395123362487
255 0.46049605825931506
256 0.4600300786257516
257 0.45949433321278194
258 0.46050982670099805
259 0.45963353884243663
260 0.4623919906114211
261 0.45981067287379923
262 0.4602945961839683
263 0.4607806874027864
264 0.4608834879234619
265 0.4594847718163755
266 0.45980061903012415
267 0.45934212878866093
268 0.4597227282176264
269 0.461785895697178
270 0.4596525877313338
271 0.45944880265863
272 0.4595599669052123
273 0.4594253869673943
274 0.4596803787596147
275 0.4591957910888773
276 0.45973886168022227
277 0.4600754551713816
278 0.459981227031947
279 0.459221048920037
280 0.45935850081555846
281 0.4592162073102306
282 0.4591476039861766
283 0.4594418306105005
284 0.4593544515248257
285 0.4592025182805622
286 0.4592049090378389
287 0.45949009050186584
288 0.4592715602099158
289 0.4591908773278157
290 0.4592257026648961
291 0.45921733277433313
292 0.4591102145634244
293 0.45920405793630836
294 0.45936273979115105
295 0.459145807645692
296 0.45919537423627865
297 0.45917743920744214
298 0.45921078986576025
299 0.4591096116951173
300 0.45924945068309175
301 0.4591391496371021
302 0.459188521183593
303 0.45929928163362116
304 0.4591335349883991
305 0.4591422512825367
306 0.4591446190016384
307 0.4591813306342037
308 0.4591273978901519
309 0.45917711000891637
310 0.45910351808928485
311 0.45916632263493384
312 0.4591064258319203
313 0.45912305463359304
314 0.45915480917840445
315 0.45909701830051436
316 0.45912071171318836
317 0.4591589151071428
318 0.4591211998109395
319 0.4591347728904136
320 0.45909797675245995
321 0.45908307136618354
322 0.4591194767157778
323 0.4591414870938769
324 0.4590907567663153
325 0.4591348773794106
326 0.4591647459600469
327 0.4591490968298505
328 0.45909573903766504
329 0.4590905649860404
330 0.45912404755808434
331 0.45910819250770674
332 0.4590854317631297
333 0.4591106387676639
334 0.4590947748203092
335 0.45909373889952687
336 0.45910941674444716
337 0.45907773746817215
338 0.4590830704442683
339 0.45909692188370865
340 0.45908237806884056
341 0.45908576328561496
342 0.45908322925724077
343 0.45910448020116634
344 0.4591164640828964
345 0.4590886765885178
346 0.4590747880694331
347 0.4590756648378521
348 0.4590884711426019
349 0.45910705750892883
350 0.45908057909131816
351 0.45908853401604366
352 0.459090062042269
353 0.45908548831313994
354 0.4590893974917406
355 0.45908077438410644
356 0.45907552973089566
357 0.45908738659888054
358 0.4590767667888205
359 0.4590849190950048
360 0.4590850313927636
361 0.4590864209767798
362 0.4590794955564334
363 0.45908346004265865
364 0.45908301818024544
365 0.4590798551821669
366 0.45908225478464676
367 0.4590823781692026
368 0.4590812838920838
369 0.4590746773219434
370 0.45907632542197674
371 0.45907735411883577
372 0.45907901921946737
373 0.4590753201636858
374 0.4590766891935074
375 0.45907809949671563
376 0.45908842008264317
377 0.4590789560891273
378 0.4590810066574992
379 0.4590743610260564
380 0.4590781058517688
381 0.4590765179173709
382 0.459075883259418
383 0.45908788463845085
384 0.45908208985258514
385 0.4590743032329929
386 0.45907812622128036
387 0.45907834862809715
388 0.45907708859719215
389 0.4590754842714616
390 0.45907510170936944
391 0.4590768079305708
392 0.45907592763231625
393 0.45907513815652345
394 0.4590744566091436
395 0.4590752562903033
396 0.4590748712296261
397 0.4590740954353072
398 0.4590751702928054
399 0.4590749277564399
400 0.459074115411824
401 0.4590742817161254
402 0.45907458953778923
403 0.4590740914282234
404 0.459074856260657
405 0.45907444105596884
406 0.4590741716614844
407 0.45907353173970694
408 0.4590749053988213
409 0.459073760572399
410 0.4590742179562054
411 0.4590751556409032
412 0.4590740347669253
413 0.4590737386719931
414 0.4590742193461946
415 0.4590738505412811
416 0.45907387873051164
417 0.45907390073672827
418 0.4590738137775022
419 0.4590744815715938
420 0.4590742081722181
421 0.45907359284924365
422 0.459073740725994
423 0.45907450203642663
424 0.4590738692084573
425 0.4590737973656429
426 0.4590736658519663
427 0.45907378806796706
428 0.4590739881773509
429 0.4590736858580269
430 0.4590737184094914
431 0.45907378014250766
432 0.4590742684975494
433 0.4590739113660969
434 0.45907359271774134
435 0.4590739474716705
436 0.45907362950667535
437 0.45907418878574024
438 0.4590739314419277
439 0.4590735805272933
440 0.4590738409866366
441 0.4590739273359339
442 0.45907365525280686
443 0.4590735425272544
444 0.45907364579781174
445 0.45907382615403436
446 0.4590736110854212
447 0.4590735481746506
448 0.4590735375541465
449 0.4590734716427204
450 0.45907380429442113
451 0.4590735607325853
452 0.45907365603341177
453 0.45907375230577874
454 0.45907357168247837
455 0.4590736504227335
456 0.45907371713851775
457 0.4590735045366342
458 0.4590735910519378
459 0.45907358321446873
460 0.4590734718413728
461 0.4590734323058728
462 0.45907347870378334
463 0.45907381187375806
464 0.45907348372115864
465 0.45907346999055354
466 0.4590735080381791
467 0.459073487278683
468 0.4590735175868288
469 0.4590734750142227
470 0.45907345252161635
471 0.45907350251940715
472 0.45907359878188514
473 0.4590735022535569
474 0.4590734434505875
475 0.45907347312683067
476 0.4590734688517746
477 0.4590735109764483
478 0.4590734369863395
479 0.4590734465145967
480 0.4590734340841796
481 0.4590734624227377
482 0.4590734481841065
483 0.45907345094597374
484 0.45907343269159
485 0.4590734479805624
486 0.4590734475251818
487 0.45907346122298764
488 0.45907345646307396
489 0.459073447172245
490 0.45907348751859833
491 0.45907344692588514
492 0.4590734808585809
493 0.45907350005416636
494 0.45907344609400424
495 0.4590735050482433
496 0.4590734326961823
497 0.4590734341354411
498 0.45907344321876675
499 0.45907344542716205
500 0.45907343583657034
evaluations raw_y
1 2.7487173047559006
2 3.9705315512747577
3 2.7453795558144036
4 2.7608449196955145
5 1.3019022585110658
6 2.6501408943745144
7 1.4282710980955802
8 3.322082505304407
9 1.3107903301520634
10 1.3897139660012163
11 2.0437057505935994
12 1.892375834617322
13 2.153236971933949
14 1.5989816748688546
15 1.6904356983323106
16 2.00727959828773
17 1.120258956468395
18 1.624941814439804
19 4.26849993639552
20 2.0055618942642357
21 1.9484921592191302
22 2.5115181784169582
23 3.088770218016303
24 1.1685760289388147
25 1.2737421865806586
26 3.8989378347397823
27 1.3323373963882437
28 1.672811034799906
29 1.9649854383510672
30 2.5562881449990438
31 1.4372537900698077
32 0.737360000782721
33 1.6193407727099924
34 0.7289641504251515
35 0.771578667566649
36 0.9776599220573954
37 0.857862272528422
38 1.1414249928509237
39 2.333947109792485
40 0.8447709306412073
41 0.5396467597008271
42 2.0468639917043587
43 0.5555476139721214
44 1.272984066761071
45 0.8068044159537222
46 1.332601941781757
47 0.6672927762594645
48 2.8394488419819006
49 0.7100723495995489
50 0.6017159374872986
51 0.8661877085796058
52 1.168622808863628
53 0.603013208384966
54 0.7916255209668424
55 1.0172573114247203
56 0.8488232521802794
57 0.5996495646983772
58 0.7269766440821563
59 0.5577293630304532
60 0.8336584590239328
61 0.965813820805822
62 0.7303250908809396
63 0.7562349539527164
64 0.7201687277118265
65 0.8345247114224589
66 0.5772080736484374
67 0.7504868027769256
68 0.6193642468717739
69 0.6028897994110326
70 0.5257369938969159
71 0.5448961371108734
72 0.623803399972363
73 0.6312378267456155
74 0.5032353887379682
75 0.8529652446028267
76 0.6280956674055174
77 0.6669349414070842
78 0.6472478322054903
79 0.6410847517595912
80 0.5545765753972398
81 0.5670777340314008
82 0.5117496553741084
83 0.6852638727309097
84 0.5983562336144095
85 0.5637328437302788
86 0.6094486524977737
87 0.6228663295415692
88 0.9108118404444102
89 0.47016978872774867
90 0.49245359500269276
91 0.631061159649122
92 0.5297084151443174
93 0.5629264568195478
94 0.5757278094379216
95 0.48142641709144063
96 0.5126066755917711
97 0.5371779072522184
98 0.47752131148877597
99 0.47502337359511226
100 0.4817131401675548
101 0.5192150070799453
102 0.5403325716318624
103 0.4849883322980244
104 0.5754986376694888
105 0.49097580819496045
106 0.5165193262877981
107 0.49535553545041233
108 0.5028075998624031
109 0.4838552241478015
110 0.6198809903784315
111 0.49059479702801395
112 0.4647951021305792
113 0.4774758261865424
114 0.4904126071689422
115 0.49378874176174853
116 0.4984422866616451
117 0.49941430234708606
118 0.5701647512537267
119 0.49986892183344744
120 0.4915382811044184
121 0.47417950217099303
122 0.4742428657046254
123 0.49732914461256145
124 0.46871900575835057
125 0.505290440448624
126 0.4728617299172342
127 0.4836150296300824
128 0.46824647539415176
129 0.46353832338639384
130 0.471421112920402
131 0.4719087043711223
132 0.48114052318219874
133 0.4819601457479241
134 0.4687534097279381
135 0.46930265512997116
136 0.49552244091265324
137 0.47614295106472576
138 0.4735204472962399
139 0.47177217205394917
140 0.48169163323559405
141 0.4705433105253701
142 0.4668885040878235
143 0.46752817986661577
144 0.46935825253098473
145 0.47608381336731026
146 0.4789518141533986
147 0.46415320592438686
148 0.46867129470005203
149 0.474858242740514
150 0.46156537625635796
151 0.468707195885744
152 0.4808454226688604
153 0.4702877414327139
154 0.4672635159456104
155 0.46202071815896817
156 0.4713804847084514
157 0.46199051519388823
158 0.46625146288842007
159 0.46533404720460103
160 0.46446289497430715
161 0.4656878138235486
162 0.4717863301149233
163 0.4732551182151725
164 0.46363302019906794
165 0.4668166884453294
166 0.46000936483393173
167 0.4636531414474542
168 0.46570334269346503
169 0.4622423259437001
170 0.4606248805965595
171 0.4600216520820565
172 0.4663948872765044
173 0.45996043846143164
174 0.4616536976324291
175 0.46843629437717005
176 0.4605545757298418
177 0.4641935575040962
178 0.4618798519921742
179 0.46403366138922675
180 0.46349969657635015
181 0.46219424409939935
182 0.46455811986790485
183 0.4614649453023056
184 0.46768649155796865
185 0.4605545047638431
186 0.46103027499099225
187 0.46207244364441946
188 0.4607815605710367
189 0.461038148492956
190 0.46186475312053216
191 0.4615901431822443
192 0.46176026111002133
193 0.4625531907998526
194 0.4637177695542659
195 0.463245899181753
196 0.4643405474013465
197 0.46008020427433577
198 0.4617454505783193
199 0.46138441550573084
200 0.46321976323228575
201 0.46130362615719056
202 0.4608503172243363
203 0.4662429778489063
204 0.46159789165313564
205 0.4626272058739711
206 0.46049038992516567
207 0.46067142125822486
208 0.4641942209037853
209 0.4621507225976269
210 0.4608110551837733
211 0.46139280778967673
212 0.46176509303505964
213 0.4611545409651037
214 0.460444447511277
215 0.46159736211375246
216 0.4598404790755368
217 0.4618406317338803
218 0.4607641053604234
219 0.45965135173421817
220 0.4598148333712768
221 0.46021366505657424
222 0.4605282004632113
223 0.4613981592274159
224 0.4608494456643941
225 0.46093421199559087
226 0.4598824028090527
227 0.4608274039950257
228 0.4599241045557224
229 0.46116393091105856
230 0.45984390019116816
231 0.4600528600736148
232 0.46030708464815306
233 0.46037428491402405
234 0.4611574802665106
235 0.46012215575868076
236 0.4615609084051708
237 0.46020518486616824
238 0.4600298210979832
239 0.4595939543526665
240 0.4593718486619663
241 0.4591918881205216
242 0.4600114580056265
243 0.4598455726967316
244 0.45959068413785853
245 0.4593139017794205
246 0.45932991927109945
247 0.4593741483826702
248 0.4597343114318272
249 0.45974331410688507
250 0.4595287540296682
251 0.4594048241947303
252 0.4598002622325059
253 0.459296908996331
254 0.45969486715286395
255 0.4599256591393834
256 0.4596883345491663
257 0.4595615533820069
258 0.4596064496599822
259 0.45957394682803576
260 0.4596687453823936
261 0.4607549730919325
262 0.45968150568666843
263 0.4597126312873675
264 0.4600252462609836
265 0.4596673782212536
266 0.4594396958408504
267 0.4596727953825822
268 0.4597891081913277
269 0.4604866422253512
270 0.45922602878097274
271 0.4607761074362272
272 0.4603826539141127
273 0.45987502094939625
274 0.45999440966584615
275 0.4600519873961936
276 0.4594777394719748
277 0.4595421747860242
278 0.4596016559070503
279 0.45953441814546614
280 0.4591904823010909
281 0.4595196983386278
282 0.4596298483020482
283 0.45951774364567916
284 0.4595326416760125
285 0.45944166524821506
286 0.45925318238534374
287 0.45947491528315476
288 0.459851162695347
289 0.45919667304695355
290 0.4600180865891283
291 0.4594330399191606
292 0.4592909808989055
293 0.45914812448061465
294 0.45966686638167653
295 0.4592356079839006
296 0.4598400416612201
297 0.45948527144128387
298 0.45927125028419935
299 0.45925912346624975
300 0.45958436794470126
301 0.45913669824814246
302 0.4592453679472357
303 0.45919549806002
304 0.4593167080648498
305 0.45918855068134806
306 0.45926127779592135
307 0.4594083879522441
308 0.459286574015048
309 0.4591210419083429
310 0.45916066873466344
311 0.4593865290302278
312 0.45944878099025227
313 0.4591306002034997
314 0.4591133015052185
315 0.45915638672490355
316 0.45940307726932816
317 0.45910433062297096
318 0.4591753607656544
319 0.4592490614611622
320 0.4591773685246139
321 0.4591845256306248
322 0.4592003102305787
323 0.4591176039149991
324 0.4592457568697142
325 0.4591386643376024
326 0.4593504883845576
327 0.45923188892867317
328 0.45914092738150636
329 0.45916266445801673
330 0.4591523943587179
331 0.4590918708826234
332 0.4591868840331105
333 0.45925138610001015
334 0.45915437602274556
335 0.45913278063581686
336 0.459164234767788
337 0.45913980127080034
338 0.4591931164053148
339 0.459107567774016
340 0.4591354537158979
341 0.459144553860169
342 0.45913871976081444
343 0.4590914015793447
344 0.4591055559184408
345 0.45911800584773255
346 0.4591047411670126
347 0.4591484600464647
348 0.4590816854960099
349 0.4591355594625415
350 0.4590812865154511
351 0.45921092508751393
352 0.4591888667506161
353 0.4590880723325852
354 0.45912191678597597
355 0.45914021837397073
356 0.45909003432336326
357 0.45910527495544057
358 0.4591099258639933
359 0.45910555888017696
360 0.4590824657885696
361 0.45908126207690847
362 0.4591081126895542
363 0.4590785566129685
364 0.4590829906159419
365 0.4590901587657267
366 0.4590827655843615
367 0.4590892426939181
368 0.4590918264720907
369 0.4590771522007572
370 0.4591030634260729
371 0.4590808350106678
372 0.4590801166396151
373 0.4590984924796438
374 0.45907591188577124
375 0.45910125783878214
376 0.4590769116758505
377 0.45909182056104547
378 0.4590810318801942
379 0.4590983614093556
380 0.45908259365907267
381 0.4590775165301515
382 0.45908215165000654
383 0.45907892240661075
384 0.45907951239096395
385 0.45907618508047665
386 0.4590762174935832
387 0.45907617155124325
388 0.4590762581674536
389 0.45907879231934284
390 0.4590746718974306
391 0.4590753528840629
392 0.4590849059307711
393 0.45907655773584655
394 0.4590753971172606
395 0.45907570842099643
396 0.4590771437129115
397 0.4590783832299011
398 0.45907676891390214
399 0.45907918239429213
400 0.45907910729196155
401 0.45908310751354997
402 0.45907519373881983
403 0.4590797099801921
404 0.4590749146778183
405 0.4590739510819508
406 0.4590777121461981
407 0.45907479397493134
408 0.4590769914437195
409 0.45907749462831693
410 0.4590748157315735
411 0.4590746866737141
412 0.45907393475086195
413 0.45907502143456663
414 0.45907408711542136
415 0.4590779444718863
416 0.4590756272179331
417 0.45907386899043645
418 0.45907411873564014
419 0.4590744671578308
420 0.45907646844191397
421 0.45907493943444516
422 0.45907468468632706
423 0.45907494828808915
424 0.45907633180378477
425 0.45907846585253476
426 0.45907374252104044
427 0.45907530632804505
428 0.4590746469940217
429 0.45907470077773427
430 0.4590760254513422
431 0.4590754358291226
432 0.459073879194662
433 0.45907362531081
434 0.45907407076562745
435 0.4590738415935788
436 0.4590744521241712
437 0.45907379149548383
438 0.459074236355023
439 0.45907417720755234
440 0.4590762051855901
441 0.4590738369990185
442 0.45907366685699336
443 0.4590735357994032
444 0.4590737088942671
445 0.45907383638915134
446 0.4590737428884411
447 0.4590738623374561
448 0.45907358366212936
449 0.4590736704506668
450 0.45907401834901806
451 0.45907390580015484
452 0.4590737606828858
453 0.45907371896038784
454 0.4590736199263564
455 0.45907362170717103
456 0.4590737654914746
457 0.45907389472944815
458 0.45907352426925596
459 0.459073900245234
460 0.4590739452683542
461 0.4590734633498824
462 0.4590741584547589
463 0.45907373643993066
464 0.4590738205990895
465 0.45907369017148536
466 0.4590735275659379
467 0.4590734623184014
468 0.45907359471454917
469 0.4590736266529065
470 0.4590734673933704
471 0.45907347211438265
472 0.4590735460448714
473 0.45907360083869697
474 0.4590737113501271
475 0.4590734447353323
476 0.4590735781528225
477 0.45907356558178863
478 0.459073550978658
479 0.45907347429722817
480 0.4590736883646036
481 0.4590734433420933
482 0.45907361153759463
483 0.4590734690359731
484 0.4590735713668278
485 0.45907350618885995
486 0.45907347115812597
487 0.4590735223721606
488 0.45907350720830786
489 0.4590735405297722
490 0.45907348907143847
491 0.4590735280523437
492 0.45907347230314977
493 0.4590735515277984
494 0.45907349310344847
495 0.459073606065422
496 0.45907351558383813
497 0.4590735214904885
498 0.4590734925125119
499 0.4590734781267002
500 0.4590734886069848
evaluations raw_y
1 3.957392891286522
2 3.4995792265042844
3 1.8785295736514898
4 1.7891566435534516
5 3.1450919720388795
6 3.9662421578540292
7 2.6752233514660593
8 3.2788163538100714
9 1.714389118584571
10 1.5377575506040109
11 1.9689579170109308
12 2.19878429836288
13 3.3950793692536254
14 2.1392820702473556
15 2.3328730408170966
16 1.779690901427107
17 1.1302744720775288
18 1.4742401468700514
19 2.4903383093958675
20 1.996305198378466
21 2.494601632141121
22 1.3206789500912044
23 1.8782780685834186
24 0.8449361082183617
25 1.3782828995227678
26 1.645049123300277
27 0.7271870435071254
28 1.1576898165571634
29 1.106074111428717
30 0.6919833924323786
31 2.0475487410765574
32 2.066726394998012
33 0.9658590488874947
34 0.6327552788892319
35 1.542367087526037
36 1.5239080519519732
37 2.020859586052061
38 1.074337623516792
39 1.1840762153368514
40 0.7841792303009227
41 0.6350795192692064
42 2.807843289409231
43 2.8183076417791306
44 1.2283037096507121
45 1.064660152832439
46 0.8327390082515291
47 1.5832631549285896
48 0.8843763023228229
49 0.7804122445361902
50 1.1472125369993558
51 1.3423585104466436
52 0.9208351742394725
53 0.9915560440908314
54 0.8666119799147409
55 1.1763708173220837
56 0.6839701859561873
57 0.6938337967977671
58 0.7336755204356789
59 0.6304499166292687
60 0.7225512552360784
61 0.8796107152819124
62 0.7242039997749816
63 0.8404916695111061
64 0.6685141741985389
65 0.8609739818294107
66 0.7744179901321813
67 0.7258013396834999
68 0.7143054431452546
69 0.9399320852133785
70 0.5940565975033673
71 0.7609699857020158
72 1.2275094252255447
73 0.7854919038730619
74 0.6406221065260572
75 0.678496404496713
76 0.5986045409303965
77 0.745024810283894
78 0.9025446375797703
79 0.7094740744158023
80 0.7875690170545191
81 0.6321831153181041
82 0.7233552379913583
83 0.7207698818817037
84 0.6988548765866948
85 0.5582650095342793
86 0.6889249613988911
87 0.6073193558449264
88 0.6305753575083686
89 0.6155953114328903
90 0.559587699342545
91 0.5590804709778203
92 0.608637094150686
93 0.6724165754421925
94 0.6936557651546585
95 0.6680450330922356
96 0.5586440435913749
97 0.5548611207560141
98 0.5442587257018656
99 0.6296891823883123
100 0.5994426483538844
101 0.607484132292649
102 0.6960091876519288
103 0.5630923901904314
104 0.6717595569245641
105 0.5542649534291134
106 0.5947970652574461
107 0.5930271127155723
108 0.7411717143302647
109 0.6049938197725591
110 0.5270122811636242
111 0.6561968924626456
112 0.5749272265510202
113 0.5439250044150703
114 0.5463212973632292
115 0.5566907886866068
116 0.5395279147836946
117 0.5959924054583629
118 0.5730702644979901
119 0.5188017831074948
120 0.5980886058799734
121 0.5187045492608238
122 0.6122827187269269
123 0.5599126315551055
124 0.5213417655884132
125 0.5014171174137502
126 0.5232235712954748
127 0.5223040620213876
128 0.5438401816598472
129 0.47229246572133177
130 0.4970934879675166
131 0.4907604105808086
132 0.523189845447923
133 0.4998705899623197
134 0.5153426293556139
135 0.5201749142825434
136 0.55245111055171
137 0.48882590378619506
138 0.5092076305127053
139 0.47555167027063816
140 0.49535585625609624
141 0.5423816156198
142 0.48268101972988786
143 0.5405357511589911
144 0.5302599291085949
145 0.5146590725944697
146 0.4909141659496732
147 0.46323826647202604
148 0.4633185153152983
149 0.4934663150869435
150 0.48107538097139596
151 0.48970028512394403
152 0.5026653026563107
153 0.4728798248776142
154 0.49274559406221474
155 0.47769046985778396
156 0.5008591992513107
157 0.5111089094728977
158 0.47439697369291267
159 0.46503701039469225
160 0.5155676806832697
161 0.49574679930325627
162 0.48451899393066583
163 0.49280502858849107
164 0.4746283058196926
165 0.5168494208355198
166 0.49216970129392856
167 0.47528073211061417
168 0.4785203295530076
169 0.47948738760162457
170 0.47302792541495026
171 0.490689282817395
172 0.4820204997299602
173 0.49231912262314814
174 0.48109741335751666
175 0.4715188410521777
176 0.47505429052033765
177 0.48006167406133576
178 0.46627829803473053
179 0.4742484416441137
180 0.47505223887006076
181 0.4976156243785631
182 0.47333477530929763
183 0.47965370979676275
184 0.49208930846189763
185 0.4702607182521824
186 0.47061121980718745
187 0.47796272838470344
188 0.4748441338379578
189 0.47575775958068284
190 0.46518353188365974
191 0.470273084408522
192 0.4684241564827368
193 0.46689996179394905
194 0.4900423138249952
195 0.48261084113143593
196 0.47522893748606765
197 0.4682091595014851
198 0.4615973197555295
199 0.4748361272846613
200 0.4629045393940109
201 0.4715742538393608
202 0.4644417478518996
203 0.47348656593571414
204 0.4636323348834959
205 0.46517679484059116
206 0.46170854675938366
207 0.4761700535376514
208 0.4617474236710616
209 0.461316402838008
210 0.4596658742927022
211 0.4709009628923228
212 0.4683958405157415
213 0.4652067096455621
214 0.4625714765807736
215 0.46526021403480844
216 0.4614331236120746
217 0.4653197220695075
218 0.4600068568376754
219 0.4606760958744625
220 0.4610463947714437
221 0.46326194781518704
222 0.4644059407350142
223 0.4606343368222934
224 0.46148710117760045
225 0.4617802506259339
226 0.46157686945395826
227 0.46115603062717725
228 0.4622139416249954
229 0.46051760843797374
230 0.46049824262428246
231 0.46560405677702377
232 0.4634468124879033
233 0.46096837151620096
234 0.4602754993687876
235 0.46049114418440085
236 0.46065460022389726
237 0.4602407985852247
238 0.4619929009054613
239 0.46023644185669565
240 0.46223297902082217
241 0.4594050019800665
242 0.4594820281540719
243 0.46095340472197144
244 0.4602822349939012
245 0.46295203463273715
246 0.4612155721657214
247 0.4612954075424595
248 0.46028702872145977
249 0.45997116082348555
250 0.4598795272737122
251 0.4599340822647139
252 0.45964447243638096
253 0.46160723091108036
254 0.46007728201671133
255 0.4598522048834107
256 0.46154968341411506
257 0.45998838555497734
258 0.45977144478711307
259 0.4601912581220068
260 0.45979626580578903
261 0.4601040077945183
262 0.45930661017560814
263 0.46061326755418747
264 0.4595056756797159
265 0.45943578170469523
266 0.45985461490151514
267 0.45970468498621964
268 0.4595598295511844
269 0.45928120576458176
270 0.4593852737125612
271 0.45936623746968747
272 0.4596263640626015
273 0.45983623448012445
274 0.4601247997457287
275 0.45916328043911925
276 0.459871524902676
277 0.4595748783643393
278 0.4593871969452868
279 0.45920577360227227
280 0.4596993307362703
281 0.459450399399963
282 0.459214076219379
283 0.45936832878998174
284 0.45948087375031277
285 0.4598256881795836
286 0.459764466830175
287 0.45921495443007276
288 0.45929902281848023
289 0.45921574039189195
290 0.4593532391608204
291 0.45953679984242873
292 0.4591067522489165
293 0.45915457843194635
294 0.4593432315016126
295 0.45928330116680494
296 0.4592126631243919
297 0.45911801394726637
298 0.4591980125646032
299 0.45935887290141053
300 0.45928982440767707
301 0.45918898645266293
302 0.45911993008858554
303 0.45925744277706493
304 0.4592302068146737
305 0.4591254490421991
306 0.45923468605912254
307 0.45920112148593456
308 0.4592111073835298
309 0.45910829898943273
310 0.459089588661327
311 0.45929589901533574
312 0.4592048756156083
313 0.4591610349197851
314 0.4591456961658177
315 0.45916289389973663
316 0.4591346163068353
317 0.45910163584695035
318 0.45916476732401723
319 0.4591253529602821
320 0.45914199085660956
321 0.45912789662023396
322 0.45908813133124765
323 0.4590779800978824
324 0.4590959753988165
325 0.45910430422699733
326 0.4591587600809628
327 0.459094689762805
328 0.45913234238729556
329 0.4590942076247183
330 0.4590804151006142
331 0.4590777965129994
332 0.4591164368982962
333 0.45908993554020805
334 0.45911135035921746
335 0.4590888711129665
336 0.45909937468304973
337 0.45907758823754186
338 0.45908668084863147
339 0.4590871747543688
340 0.4590918867894491
341 0.4590875040790347
342 0.4590964229680372
343 0.4590933924583829
344 0.45907942726572754
345 0.45908087883986426
346 0.4590834273965932
347 0.45909532977095
348 0.45907801867977727
349 0.45908528332298393
350 0.459078115827197
351 0.45910975292472556
352 0.4590943937634173
353 0.45908570465247933
354 0.45909031195240335
355 0.4591137412166143
356 0.4590941295777766
357 0.45908003147299076
358 0.45908235969196454
359 0.4590764961527922
360 0.4591059716474994
361 0.4590834486541232
362 0.45907645081526777
363 0.4590858951434065
364 0.4590874220505047
365 0.4590861378978969
366 0.4590843826144191
367 0.459074336197273
368 0.4590840917162291
369 0.4590774543753132
370 0.45907522397396805
371 0.45907840541865175
372 0.4590759114503362
373 0.45908047101342153
374 0.4590757998229177
375 0.4590822508518058
376 0.4590821829095534
377 0.45907934995847727
378 0.4590746366577406
379 0.459079576668276
380 0.45907656331889873
381 0.4590771364812596
382 0.4590758588002356
383 0.4590790946539174
384 0.4590775952495627
385 0.45907615970198445
386 0.45907665895381
387 0.4590785368748608
388 0.45907507840196937
389 0.45907648823389013
390 0.459074512414976
391 0.4590773296419399
392 0.45907748042493396
393 0.4590763790518333
394 0.4590739333697147
395 0.45907458980520555
396 0.45907742267813656
397 0.45907569209478477
398 0.45907457165934207
399 0.45907383613273667
400 0.459077837138534
401 0.4590745375928094
402 0.4590753905013273
403 0.459074006038282
404 0.4590748154860822
405 0.45907476756314397
406 0.4590744893298194
407 0.4590738324778188
408 0.4590741013417994
409 0.45907455591483504
410 0.4590738042550741
411 0.459076248678159
412 0.4590739629486391
413 0.4590762467141864
414 0.4590740104574347
415 0.4590746881850042
416 0.45907549080852506
417 0.45907413972262767
418 0.4590742541530514
419 0.45907452395599246
420 0.4590747009498717
421 0.4590752780701858
422 0.45907384813686836
423 0.45907395417621144
424 0.45907449274921314
425 0.4590736725569366
426 0.45907370235055517
427 0.459073809640288
428 0.45907436605385865
429 0.4590746169903651
430 0.45907399170690266
431 0.45907386916409226
432 0.45907410318982306
433 0.45907422886125204
434 0.4590740342099108
435 0.4590737152316825
436 0.45907400581030566
437 0.459073643730329
438 0.45907478478301034
439 0.4590738137076551
440 0.45907416423177416
441 0.45907357864277876
442 0.4590736357150401
443 0.45907388736214483
444 0.45907352560138304
445 0.4590734901532599
446 0.45907347461720427
447 0.45907376331371386
448 0.4590741190968288
449 0.45907357510889063
450 0.45907382516327255
451 0.45907363615944885
452 0.459073512487727
453 0.45907378496556156
454 0.4590735491639403
455 0.4590736309356347
456 0.4590737100311817
457 0.459073680725152
458 0.45907394291044334
459 0.4590735389777539
460 0.45907362036188704
461 0.45907370082602167
462 0.4590736159238187
463 0.4590735927684978
464 0.45907345712016084
465 0.4590737193296978
466 0.4590735945277138
467 0.45907346574871166
468 0.4590735120431685
469 0.4590735998127914
470 0.4590736069025807
471 0.4590734824906272
472 0.45907347375173757
473 0.4590734544473505
474 0.45907358797593967
475 0.45907346045606034
476 0.4590734862500256
477 0.45907365354885954
478 0.4590735395302793
479 0.459073640692912
480 0.45907343120903926
481 0.45907351256312134
482 0.4590734792626362
483 0.4590735062096428
484 0.45907349654330154
485 0.45907357760857315
486 0.4590735494409731
487 0.4590735039434629
488 0.45907347769680396
489 0.45907356909652747
490 0.4590735439377105
491 0.4590734747904812
492 0.45907345023725527
493 0.4590734453966721
494 0.4590735157193311
495 0.4590736394224053
496 0.4590735404780659
497 0.4590735130029565
498 0.4590734708625159
499 0.4590734499887732
500 0.4590734401179293
evaluations raw_y
1 2.5104691520964226
2 1.3421674515925264
3 2.7661609894001264
4 3.227382922213231
5 3.1193155888679653
6 1.8020623054316394
7 3.9263652469069763
8 1.1435247900766408
9 2.065571582573336
10 1.4680126322848275
11 2.096307503287856
12 0.7973252825201536
13 0.8833835635138954
14 1.6046946599154541
15 1.035311235212263
16 2.127194540327336
17 1.2959734081513672
18 2.8222089290388594
19 0.9385939731772355
20 0.9475931785745721
21 1.1425937020364123
22 0.6099747927204863
23 2.150894046819109
24 2.3870590373003693
25 2.557749178707234
26 0.9600896856627243
27 1.5407596580944407
28 1.2495043835252009
29 1.1685010293328078
30 0.741009811023011
31 2.283838520043739
32 0.6552436309415162
33 1.252246136668957
34 0.980482369807046
35 2.002273944707924
36 2.2332765120607148
37 0.40837441010830405
38 0.8697862950204149
39 1.4569488829370776
40 1.0925905793500932
41 0.6492744390236704
42 1.1262633137027993
43 2.183592246257131
44 0.6610745556290876
45 1.0859256892663243
46 0.7582255399032689
47 1.1265059199564653
48 0.44071227027690085
49 1.1697209251666651
50 1.53728616465516
51 0.4201630267278498
52 0.39419486368612894
53 0.6019909776012137
54 0.49124233182664057
55 0.9155193238256095
56 1.3040566952097163
57 0.5272523536461706
58 1.195954352062162
59 0.7848308667193524
60 0.5697221348921561
61 0.5149650525437198
62 0.4474392122250944
63 2.56308005700993
64 0.9910502377440984
65 0.5306760007746216
66 0.39110840436701344
67 0.6877421915323259
68 0.33592621190976363
69 0.5218791476333002
70 0.312143332032373
71 0.9115189853478369
72 0.48150284237871555
73 0.38523552958876284
74 0.3602254546087148
75 0.35074013227046197
76 0.3654232517733608
77 0.6003322699549252
78 0.34570040799789037
79 0.5186537063895367
80 0.5185324129123617
81 0.37360336437249064
82 0.4560961925551805
83 0.37274357683585146
84 0.44642547721964354
85 0.3731077299412884
86 0.34115039916631873
87 0.33498631771752496
88 0.4358590753927838
89 0.48782608085874196
90 0.35959921558571195
91 0.38019174025009267
92 0.37354100732991286
93 0.3758545508764691
94 0.3381825419577826
95 0.4072343120528473
96 0.3957331654510253
97 0.404660139010972
98 0.35794873224637946
99 0.37312111380993934
100 0.3731694015539219
101 0.33023299218606306
102 0.35721118321254675
103 0.36213406659336644
104 0.3761251532475492
105 0.33279793092519827
106 0.34968417863115125
107 0.36221554292727054
108 0.32784058566613705
109 0.3593050366843831
110 0.3112525348989629
111 0.3716948127854229
112 0.36538047169638177
113 0.4033274919571237
114 0.35619407336127323
115 0.3202376219186205
116 0.3146063501305737
117 0.3122646960307565
118 0.33097233900697787
119 0.30498816771461656
120 0.3196258080263857
121 0.3227278579127574
122 0.3291286276326485
123 0.35203718551727764
124 0.30522048278615865
125 0.31999309132293213
126 0.3303986426116807
127 0.3086825983700746
128 0.311274535522278
129 0.30526586104398945
130 0.3307862554263178
131 0.3051291609517185
132 0.3180158592234835
133 0.3054626675695972
134 0.31990836660590594
135 0.30884994636521135
136 0.3203705609001575
137 0.3093843214721286
138 0.3259788042686268
139 0.30668049928262964
140 0.30169547472696423
141 0.3219145257684888
142 0.3226087301938009
143 0.317842901289599
144 0.3070677025660485
145 0.2994854133838086
146 0.3021311484638034
147 0.2980597688745394
148 0.30158043670666845
149 0.30659729911067873
150 0.3070589507368907
151 0.3041729349626918
152 0.3049452838846797
153 0.3051855028066799
154 0.3016150057404785
155 0.3078863097797585
156 0.302662316455908
157 0.29922590363653034
158 0.3009254580490948
159 0.3014981037489721
160 0.3075428759729618
161 0.30541178779238876
162 0.31196971685232455
163 0.3031056681631473
164 0.30353137718102163
165 0.31172483414768803
166 0.3004770091762522
167 0.302308764404683
168 0.3025616299017879
169 0.3029115654123835
170 0.3011703535107546
171 0.3036952358064689
172 0.304126988943442
173 0.30459588464480614
174 0.30485580566526926
175 0.29847102353679006
176 0.3020097916500257
177 0.3054732487682501
178 0.2999852638150651
179 0.30096485710803705
180 0.30292756143466887
181 0.2996781057101344
182 0.301799446489893
183 0.2987945531388321
184 0.30195694018163227
185 0.3038784266684788
186 0.3012085416728415
187 0.3002124552679307
188 0.30541284065852425
189 0.2988036178556669
190 0.2999123913518573
191 0.30172164002122753
192 0.3119600575865339
193 0.2993494004840499
194 0.2981495441507851
195 0.300345344075082
196 0.3000725426057738
197 0.30021692642788267
198 0.2997509008218406
199 0.2998085397766864
200 0.301460900227425
201 0.29801661853405725
202 0.29890985219739064
203 0.3001395681977921
204 0.298867987085536
205 0.3005269820802655
206 0.30060350160947424
207 0.29885975966497835
208 0.29824808521044277
209 0.29862490627998184
210 0.29804894787166925
211 0.29853872532313735
212 0.30000374910057037
213 0.30039909531708314
214 0.29838825903900723
215 0.29797512087366695
216 0.2986560539595752
217 0.2977017001167116
218 0.29874078509727264
219 0.2981781267139434
220 0.2976701652956215
221 0.2976472538842354
222 0.297846070534355
223 0.2977116374919262
224 0.2986998441486148
225 0.29793025228180436
226 0.29795593006250565
227 0.29785294757127073
228 0.2979155731048438
229 0.29771139668331625
230 0.2980009270311582
231 0.29790188076361346
232 0.29798977929629045
233 0.2977443884666315
234 0.2977586620762928
235 0.297699356751613
236 0.29790133467057267
237 0.29779153670469155
238 0.2979885206449274
239 0.29780743213267463
240 0.2976925194595509
241 0.2976476109536239
242 0.29834150851549823
243 0.297722227713817
244 0.2980255122509142
245 0.29825346973741834
246 0.2979620432541116
247 0.2977825023655452
248 0.2979807860197782
249 0.29777013741542907
250 0.297805718739932
251 0.2979948992971384
252 0.2976044459986227
253 0.29766719111157613
254 0.2978714722629566
255 0.29769281040160867
256 0.29787084432211275
257 0.2975696426376342
258 0.2977356291553831
259 0.2978308655244899
260 0.2977233017485614
261 0.29818520445251134
262 0.29777670925075406
263 0.2977340854502416
264 0.2979055750624157
265 0.2976788366875186
266 0.29760396588906013
267 0.2975798353598823
268 0.2980082790892895
269 0.29770146622185445
270 0.29755064268203585
271 0.2978310698680521
272 0.2976697586858636
273 0.29766059976758263
274 0.2975731085612112
275 0.29765279287538515
276 0.29761870788678
277 0.29777756444558856
278 0.297547583771452
279 0.29770275049500305
280 0.297637490295371
281 0.2975500760484864
282 0.2975641322900874
283 0.29757844341123907
284 0.2976378239143842
285 0.2976430510672933
286 0.2975989838424445
287 0.2975591985462691
288 0.2976858611479073
289 0.29754702838994107
290 0.2975602502801561
291 0.2975646832790555
292 0.2975668956280003
293 0.29764845339797935
294 0.29756287036256773
295 0.29756792329557946
296 0.29754313100208185
297 0.2976004321536378
298 0.29754947152786926
299 0.2975543143150584
300 0.29754936526558884
301 0.2975565386274358
302 0.29753939752960645
303 0.2975619513723643
304 0.2975700380466859
305 0.2975502973031106
306 0.29757501322097296
307 0.29761321860583584
308 0.29755645715968393
309 0.29755949462435083
310 0.29755797353197816
311 0.2975627362585035
312 0.29756414427482253
313 0.2975595554787391
314 0.2975643674284774
315 0.2975416628489713
316 0.29754575943055583
317 0.29754729480770004
318 0.29753006079132066
319 0.2975543401584473
320 0.2975543274436374
321 0.2975459840633368
322 0.297531470690292
323 0.2975450044647241
324 0.29754075187310974
325 0.29753364406203486
326 0.2975354280408713
327 0.2975325535003618
328 0.2975519972770322
329 0.297530170464973
330 0.29752875599712536
331 0.29753892340015364
332 0.297555783143463
333 0.29756973098254075
334 0.29753081222103994
335 0.29753662273161197
336 0.2975413248634571
337 0.29753001550699454
338 0.2975520031354041
339 0.2975399648376372
340 0.29752815789939324
341 0.29753477391186456
342 0.2975322512713381
343 0.2975283731967572
344 0.2975364829631325
345 0.29753058142611855
346 0.29752933449596825
347 0.29752938314977184
348 0.2975327421177949
349 0.29752623013255697
350 0.2975258245625019
351 0.2975273159309527
352 0.2975366138322534
353 0.2975295967261358
354 0.2975305031803989
355 0.29753140463616945
356 0.2975298833623064
357 0.29753523966085904
358 0.2975345925282368
359 0.29752668172576846
360 0.2975258657040388
361 0.2975278709774696
362 0.297528298277587
363 0.29752735944900754
364 0.29752715934287405
365 0.29752756719316376
366 0.2975295839349362
367 0.2975272758934131
368 0.2975296291737539
369 0.29752811654960737
370 0.2975285200368082
371 0.29753224107949605
372 0.2975280483008082
373 0.2975293328262375
374 0.2975282429768461
375 0.29752731057336546
376 0.29753164684063116
377 0.29752667092307383
378 0.29752634294080527
379 0.29752974597900983
380 0.29752818783687374
381 0.2975276510335646
382 0.2975260012895703
383 0.29752576773391687
384 0.29752706841484805
385 0.2975274880511071
386 0.29752627499655515
387 0.2975260995334497
388 0.2975259664068911
389 0.29752627133248344
390 0.2975266024085567
391 0.2975292160510019
392 0.29752682913223827
393 0.29752570841506365
394 0.2975267460248461
395 0.29752603240209075
396 0.29752667601647786
397 0.2975264092581734
398 0.297525917173744
399 0.29752730727264165
400 0.2975259917907828
401 0.2975257986315868
402 0.29752657728078935
403 0.29752884588899176
404 0.29752589681330177
405 0.2975263441765435
406 0.2975273128504492
407 0.2975258726249379
408 0.2975266346963964
409 0.2975276786484172
410 0.29752553035992646
411 0.2975268353405326
412 0.2975269461438026
413 0.2975265664698378
414 0.2975262410086146
415 0.29752570257679056
416 0.297527133373074
417 0.2975262349695693
418 0.2975265204921118
419 0.2975258453076043
420 0.29752624253277066
421 0.29752555008026016
422 0.2975262726252499
423 0.2975264376755996
424 0.29752571112714465
425 0.29752577499932553
426 0.2975258935271501
427 0.2975256599230578
428 0.29752572267268934
429 0.29752558233857646
430 0.2975258540389568
431 0.29752554400680364
432 0.2975257974814214
433 0.29752627503206597
434 0.2975257759473005
435 0.297526189446665
436 0.29752569172304977
437 0.29752568268272794
438 0.29752616570464474
439 0.2975256515263366
440 0.2975258342462641
441 0.2975256207511833
442 0.29752578150430237
443 0.29752576946720105
444 0.29752553905569623
445 0.2975257826493426
446 0.2975255908379374
447 0.29752613539433737
448 0.29752574678142607
449 0.29752578608747565
450 0.29752561464523386
451 0.29752578313159306
452 0.2975255566543695
453 0.2975254807391463
454 0.29752554224809347
455 0.2975254547882835
456 0.29752546850438866
457 0.29752544209990645
458 0.2975254484004694
459 0.2975254783950291
460 0.29752568192310064
461 0.2975256204590006
462 0.2975255794358295
463 0.29752569553126396
464 0.2975256356862441
465 0.29752541874089333
466 0.2975254961185101
467 0.29752563265526166
468 0.29752543577872476
469 0.2975255017613605
470 0.29752548573513804
471 0.2975255138740073
472 0.29752543203549503
473 0.29752547697119064
474 0.2975254303006354
475 0.29752545333623004
476 0.2975254563185886
477 0.29752563222794554
478 0.2975254190163322
479 0.29752544800222835
480 0.2975254680894243
481 0.2975254767711072
482 0.2975254311299085
483 0.29752544614087795
484 0.29752544478174997
485 0.2975254884805497
486 0.29752542310656854
487 0.29752545377645834
488 0.29752542945281574
489 0.2975254381905692
490 0.2975254217947657
491 0.2975254417956741
492 0.2975254127970988
493 0.2975254162804208
494 0.2975254148770189
495 0.29752542835380213
496 0.2975254272456628
497 0.2975254154098842
498 0.2975254124607398
499 0.29752541094708573
500 0.2975254247831688
