evaluations raw_y
1 -3.3802226300235274
2 9.077644657036387
3 -8.11688147016098
4 2.7915295856924844
5 -5.089620215726559
6 3.23354093960619
7 5.782237576239023
8 -2.2723110424039903
9 -0.3669482587456864
10 4.34821624255909
11 -10.563170294630439
12 3.996098557133369
13 0.7473327694456822
14 -4.93983393887636
15 0.6467534610863472
16 7.923908383656839
17 -2.1225995463351364
18 -3.6532507799123914
19 -0.28117101254209675
20 -0.26826106592582377
21 2.188297178407695
22 -2.0500810254629362
23 3.530287327947744
24 3.2935053735002766
25 4.994673958176933
26 1.8856545290340199
27 1.5242796507267546
28 -1.6512302173787445
29 4.44104303854943
30 5.07395334237494
31 10.088348165658557
32 -7.955498565045033
33 2.252023575315823
34 1.0718514289288257
35 6.158294470939103
36 4.655670580084757
37 4.406999156510134
38 2.793601290190274
39 4.967339510921017
40 1.5561218826199597
41 1.307902958460899
42 -0.4518724736331867
43 -5.455887710247298
44 5.22168280168632
45 -0.3334486265402419
46 14.067235246566703
47 -3.514462265314684
48 8.078003553052337
49 10.392610880481268
50 6.464192067532762
51 7.787651193875043
52 -9.152751395083538
53 -7.1065432578494585
54 -4.411075323527413
55 -6.923459352767525
56 0.4270511822457308
57 -2.2565774015687383
58 -5.100045604352111
59 -3.596405468238814
60 -0.7623229205795656
61 -3.6084652231949055
62 -1.4675463751726736
63 -3.8042307840893717
64 0.7008670960089622
65 -2.576232572080877
66 2.164170657394734
67 -1.1938233755974954
68 -0.33167565467575644
69 -0.34717819667365446
70 0.6612635350993568
71 2.455823659982914
72 1.9883741106282888
73 3.565609164183931
74 6.997688843651727
75 1.3036173789042111
76 2.3423556701219392
77 -0.05731225578499366
78 -0.49250788165342885
79 3.530517315859264
80 3.909308016245097
81 4.176670118132096
82 2.019505923148251
83 1.5104518858172624
84 -0.05809517275710152
85 2.9191129364113646
86 6.452029070370045
87 7.7609476303928835
88 3.313292603383241
89 -10.562022642013225
90 -7.2816687628947365
91 -7.947520081063128
92 -5.4234794626833285
93 -5.083769100520676
94 -4.962073816583921
95 -3.6357924577944614
96 -3.5904361124962643
97 -2.2101969152533587
98 -2.134607165629178
99 -2.009794200699579
100 -1.651292155986011
101 -0.47658786799226593
102 -0.3533782294607677
103 -0.3347224943516879
104 -0.27061965158387746
105 -0.3240066414329408
106 0.5402702440020158
107 0.7614612537604755
108 1.071782537916803
109 1.2201345757556923
110 1.5196449140675317
111 1.6179316344763965
112 1.8603924643231107
113 2.142789104570288
114 2.2580073711047577
115 2.8085369485741185
116 2.7533633612643613
117 3.235229404542728
118 3.289881678825765
119 3.438326822074268
120 3.9413440723601862
121 4.47534418536557
122 4.406035320150233
123 4.437367827256958
124 4.627165535777805
125 4.941546938259218
126 -9.303977168443854
127 -2.4699989578018693
128 -5.898591045820718
129 -2.8814025489614488
130 -7.062319498506582
131 -0.9043058772070722
132 1.3880396188558506
133 -6.079987471805104
134 -3.9593515872529172
135 -6.823273564860894
136 -7.7385831709943185
137 -3.8760097308658565
138 -1.6201951871436109
139 9.87306801850925
140 -6.837256567939777
141 -4.10215074624066
142 2.1580933735464187
143 0.6741040569797749
144 -5.14566701013117
145 -8.018728061522907
146 0.3915957520604644
147 -1.039274741994583
148 1.5812228128851347
149 -2.968423144382875
150 -8.104358285514774
151 -5.1064441065061805
152 4.295009398024835
153 6.213398517817168
154 2.6244114953823816
155 -3.580932196000365
156 -4.237866005148658
157 -1.5366098447073515
158 -10.834223622598923
159 0.7518379389941974
160 1.5223974994293412
161 7.209448345562107
162 -4.874283159146742
163 -10.610968276397339
164 -10.574402193906607
165 -9.158978679435192
166 -8.351452892576729
167 -7.946787525964496
168 -7.928361533262282
169 -7.157562050811595
170 -7.156578650238278
171 -7.147718904503117
172 -5.46325950404684
173 -5.467160042385435
174 -5.051311718215775
175 -5.085474206482639
176 -5.086336034425159
177 -5.015335743247544
178 -4.9829470600379615
179 -4.401249338459267
180 -3.05323944398361
181 -3.6517816030425334
182 -3.592093465859291
183 -3.755570297322699
184 -3.622786926133182
185 -3.5789526955024753
186 -3.5470750041889145
187 -2.776562979814025
188 -2.257265943553997
189 -2.268523213972249
190 -2.206564733478195
191 -2.1065540420768203
192 -2.055490459141358
193 -2.0452161868689633
194 -2.043811969001874
195 -1.660220269504582
196 -1.6466071994284732
197 -1.5001728030766865
198 -0.6749842443599556
199 -0.8546048242447806
200 -5.995360981089252
201 -14.933591132508813
202 -9.884118278555974
203 -12.07301561266574
204 0.678130223610738
205 -21.811702825658053
206 -8.182702848967608
207 -9.532619531562808
208 -7.492842154758593
209 -12.126187517610104
210 -8.056537832243343
211 -5.165918136767811
212 -6.634633537841055
213 -4.491776202852092
214 -14.892449440958941
215 -6.939218402460037
216 -6.802222471301959
217 2.462694370658797
218 -7.923116786236974
219 -9.904069876399408
220 -6.6554078676717925
221 -3.1735748845506366
222 1.9891379497674797
223 -4.374758489112603
224 -5.682715575781154
225 -13.934457270943422
226 -3.5975092514223337
227 -7.155661745970945
228 -4.845700355202056
229 -9.02927876204853
230 -5.8222490167412815
231 -0.6789670297657215
232 -2.405432862565953
233 -4.469769951609276
234 5.37570319349311
235 -1.0389648800255786
236 -6.147440640112302
237 -10.930474651485646
238 -10.600672317564378
239 -10.535253782847754
240 -10.550833887310503
241 -10.569163862604729
242 -9.400953201025487
243 -9.085890082325097
244 -9.172731225422774
245 -8.408731106282481
246 -8.166036746868642
247 -8.094055567541055
248 -8.0154127743984
249 -7.318258081980713
250 -7.998796324752257
251 -7.993481595173425
252 -7.972128578253029
253 -7.772980388720822
254 -7.259272060018825
255 -7.181483208365753
256 -7.086420622308632
257 -7.12123636470444
258 -7.1593049359109635
259 -7.061982076869183
260 -6.96517998108062
261 -6.840585411585527
262 -6.864536295753824
263 -6.064601515442627
264 -5.833935110217565
265 -5.461540089027826
266 -5.621510060629654
267 -5.409093396674685
268 -5.430224386695852
269 -5.136326507407542
270 -5.066383970220615
271 -5.085525111256681
272 -5.072976191630168
273 -5.053931729410284
274 -13.574051600855883
275 -9.615733984293822
276 -4.503091520945802
277 -13.19901819479018
278 -9.928812155054894
279 -21.69021551429392
280 1.2430396811316902
281 -4.703723657025058
282 -11.102609621756342
283 -9.272546239445294
284 -14.490976133367141
285 -1.864076417927127
286 -9.300515316100272
287 -10.980666745483916
288 -11.226280048850565
289 -15.837969918863521
290 -3.616780523193026
291 -11.145287022028473
292 -1.0078157867974773
293 -7.294666143257253
294 -10.51042396673201
295 -8.543847082648634
296 -6.600534816791424
297 0.566989002618763
298 -10.407584691556817
299 -5.379889882640861
300 -2.441326663993281
301 -2.689235177674923
302 -1.5003540681991119
303 2.857969267649668
304 -7.920140941288563
305 -18.87364373855021
306 -4.0773289420601095
307 -4.355689229361495
308 -3.4307306277273906
309 -1.5744415390142583
310 -11.833927729478585
311 -21.782209658574118
312 -14.949778554143412
313 -14.88642360686536
314 -13.894656798686375
315 -12.117479491721188
316 -12.143280310797591
317 -10.792075735916498
318 -10.835842738724
319 -10.671006216877997
320 -10.627152273140636
321 -10.54296305488808
322 -10.55749012240691
323 -10.700309769570035
324 -10.5268165338072
325 -10.536037174331653
326 -10.526552024529618
327 -9.9104606688636
328 -9.873834200219298
329 -7.1791384461265295
330 -9.403603653019243
331 -9.30183050765963
332 -9.161977994939138
333 -9.167435589177261
334 -9.167485739762423
335 -9.087143609262418
336 -9.015029368975037
337 -7.992028105711808
338 -8.42986331614707
339 -7.960078820769125
340 -8.230673672437709
341 -8.122825346535933
342 -8.159077051261038
343 -8.166386026003732
344 -8.130426023046343
345 -7.9834226283707785
346 -8.00989937181083
347 -8.05684172131267
348 -4.53088481703005
349 -16.47653284442862
350 -9.851834273112212
351 -10.750870375222066
352 -6.7125161837948015
353 -10.54970783017392
354 -16.37788847908122
355 -14.807545145175236
356 -8.491941872613221
357 -2.4017029655368534
358 -2.316638406448643
359 -3.2157501082550635
360 -9.674343752084017
361 -6.535414730837432
362 3.312618379446382
363 -12.021061105125721
364 5.282869757194793
365 -8.370702148805139
366 0.7086490962584241
367 -10.336556066549434
368 -10.886897703844683
369 0.7711878229512485
370 -2.6260184072900152
371 -1.8688634835636653
372 -3.1713751964463786
373 -6.630360066906432
374 -11.06774112600446
375 -8.042720542439067
376 -5.459797587873241
377 -13.813979393137252
378 -8.916589434823445
379 -2.720791321692901
380 -10.662232882113052
381 -7.769451779134911
382 -11.95964569290317
383 -5.188210716954407
384 -16.623937605260462
385 -21.753750122323492
386 -21.79245463483169
387 -21.6880216555371
388 -18.888874275609673
389 -15.971870763771907
390 -14.927032540875775
391 -14.871738339222578
392 -14.89679396548965
393 -14.851785526776231
394 -14.500899668619557
395 -12.776431252575351
396 -13.893069867075116
397 -13.57568573218099
398 -13.235810931303071
399 -12.358428909359784
400 -12.10602990138513
401 -11.809552563588166
402 -12.0416424144181
403 -11.972510607380919
404 -11.280180783365182
405 -11.1530268654002
406 -11.084233695104245
407 -11.249697046766528
408 -10.953079449489413
409 -10.835560973835516
410 -10.827014687750632
411 -10.773332499431415
412 -10.6430454315939
413 -10.795508662563645
414 -10.494206185941348
415 -10.6072253705583
416 -10.628416648061759
417 -10.600543839700354
418 -10.590328431530729
419 -10.621255121677704
420 -9.041823592891618
421 -10.58307605641113
422 -12.953329915601778
423 -4.821160718506498
424 -8.576883370318729
425 -18.062931532572836
426 -14.328793961329803
427 -19.11107280748561
428 -10.632277437819
429 -14.58548825231687
430 -9.374966069194329
431 -17.3547046064509
432 -13.890668405765458
433 -15.87829352228093
434 -12.193041804790678
435 -12.941763365507741
436 -4.8114206439899565
437 -11.047658594781872
438 -10.877418190191847
439 -16.16760723185929
440 -10.735436065168962
441 -15.177035577515246
442 -12.032974012146338
443 -14.086879449486212
444 -3.256539875243288
445 4.587223966869243
446 -12.079699839964341
447 -7.134991922294619
448 -20.335968191243
449 2.382519874451926
450 -10.765730894568893
451 -10.248231681243588
452 -12.06292386699724
453 -8.347757298306425
454 -12.91434850610174
455 -8.7050643081258
456 -11.562348807961776
457 -2.486780888349926
458 -8.652636229883878
459 -21.881634952927545
460 -21.78327380286091
461 -21.733003177102894
462 -21.732199145252558
463 -21.681828297441047
464 -21.69146207999582
465 -19.027004530710727
466 -18.933747821160402
467 -16.214732989823016
468 -16.580986280847235
469 -16.30801941544605
470 -15.88855352204714
471 -15.86228080120268
472 -14.963621470553045
473 -15.7592340277755
474 -14.966283205186125
475 -14.979644624613996
476 -14.902775929133792
477 -14.885582526230323
478 -14.855409002668729
479 -14.857144523352067
480 -14.765498540691112
481 -15.312743576199146
482 -14.479099256577218
483 -13.925430267225957
484 -14.285749172257486
485 -13.942637943263716
486 -13.821990693205121
487 -13.616339577915873
488 -13.613048493303637
489 -13.491800530470142
490 -13.187226284320896
491 -12.77486885768096
492 -12.24953944265622
493 -12.153040437078912
494 -12.184125258300787
495 -12.075407538118323
496 -19.200770297218714
497 -17.081320711134023
498 -1.8614430553323844
499 -9.631969174066217
500 -12.168968393063514
501 -14.855060726570192
502 1.804114160196908
503 -16.792515407717264
504 -9.002326890532697
505 -17.089129492027897
506 -20.698886763313574
507 -19.737374020408563
508 -20.73447398365492
509 -19.35092230107829
510 -16.35899103720167
511 -11.245241684687258
512 -17.62220370666391
513 -9.755107119675532
514 -10.190411949727245
515 -9.195380745465837
516 -12.069327142928307
517 -8.658045989729303
518 -17.683041820384247
519 -16.967034626884995
520 -8.517336093011261
521 -13.197701407852687
522 -9.22576342010495
523 -4.013500369383381
524 0.31277794195054454
525 -16.498165646620702
526 -9.285387021634932
527 -10.005758456551352
528 -10.914361440962718
529 -13.282889925921555
530 -8.199017152893166
531 -12.392415780233332
532 -9.639634131764161
533 -21.91168718136417
534 -21.810467005183344
535 -21.796583166713926
536 -21.86259403257564
537 -21.92913757673694
538 -21.803080116816126
539 -21.712775124668063
540 -21.71056897627191
541 -21.68965008329667
542 -21.714619473963097
543 -21.690276649732926
544 -21.701967524392963
545 -20.300227819969113
546 -19.159525433794776
547 -19.432577120113148
548 -18.93294426943563
549 -18.882738326046653
550 -18.944922018236564
551 -18.046189817436133
552 -17.367331968829028
553 -16.595178093276694
554 -16.58099073638787
555 -16.424422372450056
556 -16.3925233824728
557 -16.32773044540288
558 -16.187737396694757
559 -16.105551912020218
560 -15.941440342800636
561 -15.881253205073566
562 -15.873478270309715
563 -15.872923444898543
564 -15.884140075053255
565 -15.77299955397374
566 -15.37862457376222
567 -15.005741679091289
568 -14.973444481274566
569 -14.970071583614969
evaluations raw_y
1 -5.002398448998879
2 1.6408668759513754
3 -1.7332035440784481
4 -3.8356151482699916
5 -7.434260453257085
6 7.124770406107849
7 -4.202585819784174
8 2.9439402423716996
9 1.9966785106034592
10 3.826807761037245
11 -3.847485993527852
12 0.21836937924172783
13 -0.5419773012957603
14 0.19862124737453535
15 1.7846431889584462
16 -7.230218856006965
17 6.51556400040199
18 -11.06842645556979
19 -2.23632693306929
20 4.483865430814148
21 -0.27557635210312004
22 4.133133804308695
23 -9.089758538698597
24 7.313789357065834
25 -7.148425914138612
26 -2.4390353334540213
27 -0.6909191242599699
28 5.950011132812706
29 0.3006120819569846
30 -0.11081931988123972
31 5.358395759999343
32 5.102679853838401
33 4.192580661394594
34 -4.140810894872493
35 -2.139279829734612
36 -7.511958804222069
37 9.575401623355374
38 5.232422035874525
39 0.6705758916022009
40 0.31353789958347034
41 1.6638675720621103
42 2.9908044871256347
43 0.3818988727136674
44 -7.156190734115652
45 -0.1634531446917738
46 4.605303303058553
47 7.298396512659236
48 14.036383645134308
49 -8.278646270437346
50 -3.777927445813198
51 12.17257621490012
52 -4.762688040159792
53 -8.65961893344133
54 -8.764500286289364
55 -6.5892516760707736
56 -7.597053455993864
57 -8.455712998357061
58 -3.459682074591546
59 -8.236865112108248
60 -5.234574335957155
61 -3.667501737498454
62 -3.1480834720944357
63 -2.929359908434985
64 -2.6777298415841795
65 -2.0448620105555335
66 -4.598411972805534
67 -5.541419747184009
68 2.8025274622877006
69 -1.2913986889482805
70 -0.3432343044031687
71 3.5788739688637445
72 1.252789782954304
73 -0.6035564980184739
74 -1.3479929508017678
75 2.5589609133768985
76 0.5645247281488689
77 -0.278066279860834
78 0.998777400556456
79 1.1923883850592643
80 3.724856991275982
81 0.8888738425974
82 1.4444496862265308
83 3.6797981743154295
84 -0.31565614818859844
85 4.134373679732691
86 6.59771618116412
87 6.256843902627072
88 4.8576600540658745
89 -11.04063005914076
90 -9.083995575619724
91 -8.45121696960797
92 -7.558864430656694
93 -7.43942040344408
94 -7.176913349522744
95 -6.598784818117696
96 -7.034942874267046
97 -4.229145369456606
98 -4.146273568349573
99 -3.894175434092154
100 -3.765050690061526
101 -3.800065212496672
102 -2.270925232545503
103 -2.16964439925808
104 -2.0899121319447698
105 -1.751253745824924
106 -0.6551489731014886
107 -0.5670421994099573
108 -0.248656630487889
109 0.015171714827324378
110 -0.14398298024860812
111 0.04192525743874165
112 0.22869212738844702
113 0.2605520863259927
114 0.30554455511127865
115 0.45053685293041035
116 0.6742392583795982
117 1.6501996932326626
118 1.6638247292381114
119 2.0147055378551117
120 2.022207566557549
121 2.908572886695864
122 2.9617741079441955
123 3.812471751199381
124 4.147009076597909
125 4.24873496648694
126 -5.52461941146785
127 -2.8312500985976716
128 -5.53547764522756
129 -2.8069404767625334
130 8.86354961486185
131 -5.296806543829323
132 -13.346677561444487
133 -10.625163805965997
134 -3.6918768548151273
135 -4.267958308862562
136 -5.0135516173107
137 2.3222445315036353
138 -8.541533855407222
139 8.890727039805903
140 -7.132399795463079
141 -8.765816975199872
142 -7.300518417345497
143 -8.370371027490112
144 -4.434630613963434
145 -7.189118513881731
146 -2.887702596863831
147 0.5233987740102679
148 -1.0314575162916149
149 -4.87477811865935
150 -12.302437416147256
151 -3.285431887746288
152 -6.823438099334703
153 -6.318361734584442
154 -1.6489915354439968
155 -2.6580366884372224
156 0.042862015871812265
157 -2.4077337624904915
158 -6.994717477571944
159 -3.7264932303886447
160 -0.9284659954871355
161 -5.226176443210548
162 8.151614317731884
163 -11.112876346635074
164 -11.02848653480892
165 -9.073374447980239
166 -8.965998261182438
167 -8.789250766259006
168 -8.693266494720604
169 -8.442866381816131
170 -8.406404384309608
171 -8.284990703664295
172 -8.254956274147402
173 -7.603342493941337
174 -7.533148405497773
175 -7.473503364833851
176 -7.433146671954546
177 -7.439885872669942
178 -7.274387889331869
179 -7.1678515104251295
180 -7.139835653816855
181 -7.127392459901398
182 -7.0651244915900175
183 -6.721167905582833
184 -6.594149830490538
185 -5.567538247057596
186 -5.240624131673541
187 -4.847673237423779
188 -3.8582610365217938
189 -4.134328148831569
190 -4.210471295491021
191 -4.126260603651849
192 -10.668739734207643
193 -3.1157004195463225
194 -5.288059899742464
195 -3.824879561137596
196 -3.8250228478012795
197 -3.7114665203297417
198 -3.9833650562911957
199 -3.651830649779386
200 -13.98822328881992
201 -12.495039304341683
202 -8.664941694599788
203 -6.878998369168912
204 -1.9179576094610662
205 -13.816174694509254
206 -5.90016811891507
207 -5.804895255995597
208 -5.9096232025704625
209 -2.6984132766988735
210 -2.586055947498378
211 -1.0963017902894068
212 1.3027706572945221
213 -11.775815850681333
214 -10.474229110672566
215 -3.6438005972312126
216 -9.155880677352306
217 -7.358105258030779
218 -5.094655753872403
219 6.968185159704039
220 3.921976864645657
221 -10.735982982829535
222 -6.685644432101679
223 -4.3148463142178555
224 -11.20034805258501
225 -5.579689955243462
226 0.112772875577406
227 -7.01583907027752
228 2.7264802425311156
229 -2.486488017374865
230 -10.346574258851
231 -6.972427713710761
232 -7.309682325734097
233 -4.6614691676973505
234 0.9930810255531712
235 -10.57407656275906
236 4.902758633236066
237 -13.357155577011703
238 -12.31859267974861
239 -11.288344694769423
240 -11.111520201808563
241 -10.92709594997947
242 -11.028863112874172
243 -10.63347186389305
244 -10.624383724084911
245 -9.071988814419356
246 -8.997079827818721
247 -9.06776837990924
248 -8.965398086209444
249 -8.800193111532742
250 -8.716562072313089
251 -9.077588649835459
252 -8.692672344391191
253 -8.653275188174899
254 -9.026102094806289
255 -8.450918179148516
256 -8.281643553526793
257 -8.306787599162044
258 -8.406133768317723
259 -8.267751566481282
260 -8.305112604213384
261 -8.367235823145041
262 -8.271648214793549
263 -8.205865280431706
264 -7.539326579786126
265 -7.531308438936739
266 -7.573002688686827
267 -7.515375599967852
268 -7.52420346872172
269 -7.460394010216246
270 -9.627369728575022
271 -7.36576467803814
272 -7.603294682735367
273 -7.387458306349123
274 -9.432304985930628
275 -2.396662682787089
276 -13.087276830736384
277 -9.768890521831306
278 -9.819455288567408
279 -11.425278252227285
280 -11.884555725582139
281 4.170390250497862
282 -5.1304883301064965
283 -10.107166947741499
284 -13.70264215987806
285 -3.8205413864930433
286 -14.452392491363792
287 -3.210496442766381
288 -7.868946763242587
289 -1.475968418485782
290 -7.644979713837101
291 -4.082642231512087
292 -6.672830311389519
293 -4.989166528327043
294 -12.921411830438398
295 -1.1925283811068708
296 3.1221382907375705
297 -10.839263344239706
298 -5.121022672398461
299 -9.255021554494348
300 -9.342451728464038
301 -7.0746221884254235
302 1.6864926444963464
303 -0.7313823577642862
304 -0.09020664038077797
305 -1.4618300384489942
306 -8.018551734258475
307 2.319718486889936
308 -2.7361696256461285
309 -11.325456301168543
310 7.291310427553154
311 -14.086289975308116
312 -13.823034321576621
313 -13.350402671788814
314 -13.05596097869366
315 -12.430546414884065
316 -12.305412758129561
317 -12.22806056655212
318 -11.6277916899434
319 -11.28458015339621
320 -11.199576126819792
321 -11.077607440181463
322 -11.038083301916977
323 -11.094452951117695
324 -11.042655868675098
325 -10.999982409534885
326 -11.052753704014826
327 -11.068199814011686
328 -10.765592845672362
329 -10.698883907082163
330 -10.623236645286893
331 -10.611256054297609
332 -10.637597804415655
333 -10.561148191798928
334 -10.508818104752784
335 -10.306447307388524
336 -9.628235114670433
337 -9.143414001258016
338 -9.091083052145814
339 -9.081410412804786
340 -9.115978622113012
341 -9.133634068899635
342 -9.385353337863261
343 -9.039705858994056
344 -8.994002305343509
345 -8.90225158364634
346 -8.944548250354785
347 -8.98419080967828
348 -9.372868006166913
349 -15.555026093764226
350 -14.008005583528561
351 -11.424959216229738
352 -6.069705427753773
353 -7.62624010138541
354 -16.263223603417558
355 -4.080070480435659
356 -15.680560490792057
357 5.138067826150149
358 -8.31522077574901
359 -9.39417666486119
360 -1.2709370144593721
361 -7.138694712922796
362 -11.28351730686517
363 0.9927754757743228
364 -7.27149436378523
365 -11.732713262969794
366 -6.640374618575624
367 -10.31107928836346
368 1.7995766285671233
369 -3.09704144062212
370 -3.41141653316144
371 -13.264635596926215
372 -16.154621930699804
373 -5.0305034520205405
374 -1.03760394822427
375 -9.843115435814553
376 -11.960193823743287
377 -16.896904612060478
378 -6.526575179627864
379 -9.68355799679952
380 -8.96528241623717
381 -10.884197495567212
382 -3.9462638387372575
383 -10.90092881634188
384 -7.530358901001254
385 -14.48554017077175
386 -14.18262224254535
387 -13.994477797219282
388 -13.81928986043978
389 -13.805649339014096
390 -13.741845664562112
391 -13.347590431299087
392 -13.331924911898035
393 -13.360665916265049
394 -13.086339408063388
395 -13.068904486865687
396 -12.784523897861904
397 -12.601863915560939
398 -11.693541113645146
399 -12.196154876102934
400 -12.245564344684736
401 -12.266261756236192
402 -12.231045827531604
403 -11.968833079940563
404 -11.45092836664137
405 -11.731632537555171
406 -11.53666796114063
407 -11.3360733386109
408 -11.323432047416333
409 -11.271104247016112
410 -11.438837618079999
411 -11.168453960870073
412 -11.089464998198945
413 -10.991876232252958
414 -10.951009382238684
415 -11.08195592287269
416 -11.150736389984035
417 -11.073747024487622
418 -11.027313688375196
419 -10.966673187666894
420 -11.038808231300788
421 -11.065742658046691
422 -17.473000547078243
423 -17.648183851534473
424 -5.972632263644592
425 -2.53901782188265
426 -19.78136089096072
427 -13.624497146607318
428 -8.294078982078716
429 -16.059249981843237
430 -10.814094131924595
431 -13.390666454542814
432 -12.699836745888831
433 -16.773865932506325
434 -13.090141373855916
435 -5.596222453936508
436 -13.469611320789758
437 -13.694519366984263
438 -2.4582871604719085
439 -6.160460955992882
440 -13.370072542279544
441 -10.43401532071287
442 -9.289156310109423
443 -8.58023260677359
444 -18.00439630699697
445 -12.075732338030555
446 -8.255820178795659
447 -8.670794942025479
448 -8.537256316702944
449 -2.871907613898273
450 -12.343613977999091
451 -8.19814246599212
452 -10.22561778621228
453 -6.9652186871672805
454 -8.53095805202877
455 -4.555950368937685
456 -8.48864449564648
457 -8.191898666807612
458 -9.323903697966568
459 -16.810932178224945
460 -16.28299173590487
461 -16.120542173520302
462 -15.677701389886707
463 -15.512359418297947
464 -14.432198502788784
465 -14.447711298021185
466 -14.193447945534867
467 -14.233122882779135
468 -14.010643383135104
469 -14.00009835618346
470 -14.013289605291849
471 -13.829621470468632
472 -13.352849315523736
473 -13.813771556346312
474 -13.773670272511962
475 -13.777140772072936
476 -13.717019849810168
477 -13.358012081248757
478 -13.340637309911948
479 -13.345749379021818
480 -13.358442263320654
481 -13.344214107196649
482 -13.337270349423745
483 -13.22665713346006
484 -13.120995600751595
485 -13.07486904850154
486 -13.079071473793439
487 -13.05047503049242
488 -12.95129711558856
489 -12.811038087504166
490 -12.614305594680545
491 -12.658891085989763
492 -12.391244429932643
493 -12.382654336979595
494 -12.308949361828711
495 -12.241549618489287
496 -7.3041228714746556
497 -9.533421662880393
498 -17.468730729674718
499 2.3349654801626114
500 -19.197555714171397
501 -17.178546171489916
502 -17.753674786954953
503 -19.505748536498075
504 -11.89337590325743
505 -5.691829940836733
506 -10.554509151863195
507 -10.582108932580272
508 6.307428847729744
509 -11.989818551907272
510 -20.850414247992976
511 -9.01671572159675
512 -5.994355409858043
513 -13.918351437374438
514 -6.253275482149857
515 -1.8918520925500557
516 -9.406049101312263
517 -11.493157514915282
518 -4.470584132139443
519 -18.44167140372704
520 -15.256165601044351
521 -0.8454139287267646
522 -15.563917289101893
523 -11.324625351824903
524 -13.652791855259874
525 2.7141860720360445
526 -14.435104187106607
527 -4.4954991848941015
528 -1.4229841886073573
529 -5.028964950110859
530 -10.590532853769185
531 -13.009363016886127
532 -5.258891182410048
533 -19.7196443738898
534 -17.980755526286266
535 -17.67519375113652
536 -17.475131317264214
537 -16.94592491157496
538 -16.82285331321352
539 -16.784134319484913
540 -16.251769079507284
541 -16.506292916131724
542 -16.134912533702696
543 -16.11667509144984
544 -16.05110809393821
545 -15.67778944602519
546 -15.693845630236918
547 -15.53782303384332
548 -15.485728103991129
549 -14.504943897711247
550 -14.471436650726444
551 -14.430163957227656
552 -14.577479709170895
553 -14.232932214764304
554 -14.173216860937039
555 -14.161001796945445
556 -14.186159692160551
557 -14.002755654809768
558 -14.035696333687113
559 -14.038486164316605
560 -14.038219754746226
561 -13.967562167628543
562 -14.007765230604797
563 -16.461374677334526
564 -13.830147057655049
565 -13.90311951528014
566 -13.827907403925655
567 -13.36375959856366
568 -14.114096047218855
569 -13.738899809280547
evaluations raw_y
1 -3.800868241943001
2 4.72101917281141
3 -0.32014663848102165
4 1.269321555422655
5 1.5436463040031139
6 4.78540138628258
7 7.280589875294094
8 7.436241824060701
9 -4.187088134564915
10 5.570926098236879
11 0.5212411155517103
12 3.9163996824737923
13 -1.3438527306442876
14 -3.1929725961243287
15 5.867668181317526
16 -4.955809928348761
17 -3.6734269753065476
18 8.120631684922142
19 3.3549707793293844
20 -8.913657019806683
21 8.223670457912876
22 1.9550080243951153
23 0.2552412555153347
24 1.3109109509143844
25 6.853542364701579
26 5.905181281006012
27 2.136408501930519
28 6.340366349148483
29 15.799614389627779
30 -4.0244368145350675
31 -0.4361118394210104
32 4.413321450516017
33 4.975313356600325
34 0.9438357816072007
35 6.292423671803831
36 3.5068409835172294
37 -0.5307186743807453
38 -5.0544766779478305
39 0.08183305717677958
40 -1.3607250472319135
41 -5.838679743003521
42 -1.2124463177739286
43 7.9232311544119085
44 -2.7058899861116217
45 -0.7796782150021664
46 -0.1910150539635438
47 4.050445983950081
48 6.40163741804173
49 18.907823573110463
50 -1.9116053300282334
51 -0.5945922065041012
52 -10.772292501149845
53 0.053953733141933746
54 -3.732461938290665
55 -6.744684675784571
56 -0.6587758808427657
57 -1.6986697314449266
58 -6.056075646073989
59 -5.032801697089729
60 -5.039455692798468
61 -4.018079674562181
62 0.4514226155092882
63 1.2438738900157493
64 -0.8380552515836927
65 -5.343410254603269
66 0.9438454864187104
67 4.623507225986281
68 -2.5300613277330983
69 -1.2907824719311043
70 3.839689041266757
71 -1.1395121274178237
72 2.1394593163959272
73 -2.0925548556578124
74 1.6354408325417382
75 -0.16848659312423853
76 1.219213468275557
77 -2.749246775146312
78 1.5001215791409164
79 3.2007291603075205
80 0.4549632259061833
81 5.64321372386571
82 4.050166001334307
83 2.9482046725701836
84 1.8383867143880148
85 5.214279888937881
86 3.985870222657401
87 7.973702538887354
88 6.076297386143056
89 -8.939362555390563
90 -6.172799057196149
91 -5.083247993298295
92 -4.9419677112435965
93 -4.187292012822418
94 -4.213668828499628
95 -3.6672388899334476
96 -3.2072718483077476
97 -2.7794341172245023
98 -1.914389874129731
99 -1.3532014748239674
100 -1.3706961736426058
101 -1.2049966072049731
102 -0.831783174560992
103 -0.6406231966438923
104 -0.5514934671210525
105 -0.3659260351901241
106 -0.328762294601852
107 -0.20062085936240837
108 0.06973395213972466
109 0.14887268786500396
110 0.38898927490842117
111 0.9309980002433531
112 1.230348657477587
113 -1.0185071424861918
114 1.5499908580878272
115 1.8986826201630351
116 2.149289117117311
117 3.2993250683289865
118 3.512630986270383
119 3.926761624615744
120 4.068990850200192
121 4.5041836374146085
122 4.697470986358382
123 4.812485962499119
124 4.973814677122242
125 5.562921569275769
126 -4.562827477492931
127 -4.757811152980426
128 -11.838860933315868
129 2.1118183080869075
130 -10.327804191192936
131 0.16436313787280654
132 -4.935395750788276
133 -8.207104185484503
134 -2.5281098842917036
135 -4.020756411247621
136 0.6297152514349138
137 -8.26649630502332
138 -4.222482735278502
139 -9.300481246759302
140 -7.633965948974421
141 2.1292774280269304
142 -3.77744846602873
143 1.4533088984817035
144 -9.178482749517718
145 -1.9333517249179528
146 -5.811075818363801
147 1.99172907042271
148 0.41565632729817015
149 -4.3650161377770615
150 -1.4984053276839182
151 -1.6511174618898414
152 3.3817276346450624
153 -11.404002093885216
154 0.34471878631359054
155 -3.3456687789791544
156 -2.0633788033406435
157 -0.8128431637724316
158 0.324259099643204
159 -0.014962568371969631
160 -2.135689843578776
161 -1.598462195596255
162 2.35903931890847
163 -10.79188195593915
164 -8.937973084809045
165 -8.968349962758595
166 -6.7226239109534545
167 -6.187765820401851
168 -6.084429949678192
169 -5.8108243780762034
170 -5.337434966151168
171 -5.093259678700134
172 -5.03454350721809
173 -4.90579315936609
174 -5.028012689884935
175 -4.91899877764336
176 -4.93456573545948
177 -4.239181286713661
178 -4.196797598911257
179 -4.302265136134581
180 -4.015001235685588
181 -4.042206651257725
182 -3.6961565933331455
183 -3.6171234160204806
184 -3.6795316715260284
185 -3.0529629072430042
186 -3.197064068004881
187 -2.807683483760452
188 -2.8038931413562156
189 -13.16169885823222
190 -2.7183343684874357
191 -2.0818585541083166
192 -1.9038360209113467
193 -1.4534557606123975
194 -1.656703982973973
195 -1.5595474842118802
196 -1.3362312657008413
197 -1.3415464416155904
198 -1.3594064898727931
199 -1.3039339137784731
200 1.3510280650038853
201 -8.137652332789838
202 -6.165317305473363
203 -16.159775652334528
204 0.09958902764841715
205 -4.165910567576655
206 -5.221158084344951
207 8.115195331879415
208 -7.650999459170642
209 -4.217698804484899
210 -6.006780207483041
211 -7.5990678015301665
212 -12.433995604584899
213 -5.935730293234309
214 5.775135139133165
215 -7.605457545177585
216 -4.329665687366971
217 -5.8718383908128935
218 2.9540635126396126
219 -11.406656478675217
220 -5.1361729838415675
221 2.119356367295976
222 -10.808309798299142
223 1.0579508079828495
224 -4.135664311785618
225 -0.2829032522168706
226 -4.730920181533659
227 -7.314132217521284
228 -3.217640156352606
229 0.16384425356864218
230 -9.187757086421156
231 -15.15979587466559
232 -3.7588156616834185
233 -5.888363961370111
234 1.494603941391385
235 6.837322020856027
236 -13.615220582422788
237 -12.97287654378098
238 -11.840879101575773
239 -11.438296674601558
240 -10.768890802242598
241 -10.75460029479321
242 -8.99274327932426
243 -9.876593798751768
244 -9.174395898331204
245 -8.98548405210012
246 -8.960684125743505
247 -8.96656559596967
248 -8.8245129307325
249 -8.296933100922729
250 -8.184003425656316
251 -7.679652489605464
252 -6.745519534574045
253 -6.658933985428411
254 -6.186052489750514
255 -6.102476008833671
256 -6.0975701536024465
257 -5.937939479329211
258 -6.007859104519332
259 -5.805179049693794
260 -5.832963022218923
261 -5.196250554704502
262 -5.313877312481303
263 -5.11355380611802
264 -5.202160182307711
265 -4.96665118255827
266 -4.9460206831316285
267 -4.9819862728104205
268 -4.882751287590054
269 -4.925630923054252
270 -5.033924474720896
271 -4.943853138302376
272 -4.956867242467807
273 -5.192404758430218
274 -7.102082962037371
275 -13.91293253406176
276 -10.157102781980317
277 -6.8374067923605
278 -19.102728894628004
279 -4.163612597695214
280 4.5439631685243524
281 -5.420794695946142
282 -6.199875915115431
283 -11.089659185797494
284 -7.001300406593646
285 -8.905171236296777
286 -2.4752185538586273
287 -3.908217791691964
288 -5.548626957334095
289 -0.8757040612134368
290 -3.1369736163247772
291 -6.360496719615721
292 -4.657944972659388
293 3.8641474178205844
294 -6.436360020176211
295 -1.706453058292423
296 -0.41738342626160085
297 -4.7060063219832475
298 -10.759781763032652
299 1.0964372241770866
300 -2.105967072321458
301 -2.216960168714085
302 -4.915128052803501
303 -11.106206062964688
304 -9.486722301398132
305 4.450066943741209
306 -4.800019249860393
307 -7.648760581210512
308 -4.115576428826589
309 -3.74887215156283
310 -9.554665759865113
311 -16.15615348944971
312 -15.143386212521513
313 -13.60385137359486
314 -13.108563790999995
315 -12.959597698101597
316 -12.449693945729349
317 -11.888166635331512
318 -11.827279656852436
319 -11.46039164819306
320 -11.49707409998302
321 -11.393977207921678
322 -10.812640089852067
323 -10.783797945759957
324 -10.628496002724365
325 -11.036459686105186
326 -10.747337112133806
327 -10.515729466463547
328 -9.904124657088914
329 -9.308125366444887
330 -9.173935877737101
331 -9.23548715471724
332 -9.153360898600233
333 -9.018693525531022
334 -8.994919885427926
335 -8.955253229623935
336 -9.983125090650972
337 -8.868641476059153
338 -8.932818976571477
339 -7.4358253786691915
340 -8.903355685883184
341 -8.781511375274974
342 -8.302067287908768
343 -8.291221278040739
344 -8.213358182464365
345 -8.334228234778344
346 -8.12799188554363
347 -7.8632564303354675
348 0.8814085689059943
349 -6.511715569967988
350 -13.767889118728409
351 -22.074520256717925
352 -6.225566069238449
353 -13.099947992267282
354 -6.722306920792952
355 -8.57234164805816
356 -9.881381762704626
357 -16.400744840673198
358 -13.13453178474158
359 -14.260835201911583
360 -8.544788871929805
361 -6.71186056860294
362 -5.47499091842738
363 -7.264785359346748
364 -5.164703969709133
365 -4.474604786091893
366 -5.300495641236569
367 -4.711233616668894
368 -5.37190577842773
369 -14.83719735722159
370 -4.085366363642064
371 -0.40095583656670253
372 0.5542932159911507
373 -5.900879290435725
374 -9.063278177096645
375 -11.377765366078163
376 -7.30584538650834
377 -8.307689603455541
378 -11.570154952236951
379 -5.127270888581631
380 0.010197741121545256
381 -8.62582108695198
382 -0.13948494979321713
383 -10.181494661758753
384 11.985251970389829
385 -19.11457105260902
386 -16.178371208683526
387 -16.03080730448916
388 -15.16242369305948
389 -15.132873104500991
390 -13.917217387666664
391 -13.575634100300103
392 -13.596252268919397
393 -13.177555211728734
394 -13.150620334621433
395 -13.061857243018173
396 -12.943711628950798
397 -12.561398554117051
398 -12.435018421889664
399 -11.88380756581984
400 -11.865115539966823
401 -11.805296727449734
402 -11.891232687207783
403 -11.252678487594345
404 -11.465222063815194
405 -11.324012383716443
406 -11.383551689320278
407 -10.773783415566138
408 -11.386931828125725
409 -10.935529889848617
410 -11.107528896325324
411 -11.02689509391895
412 -10.708385836987745
413 -10.808407976406938
414 -10.732179202447256
415 -10.795656202604807
416 -11.053790437615799
417 -10.754177167788768
418 -8.663309743601463
419 -10.827270133578871
420 -10.750403809680158
421 -10.751571341425421
422 -25.353433171995533
423 -13.34204387554652
424 -10.327548907186742
425 -11.350108138887673
426 -14.412785725340541
427 -5.160055025005921
428 -12.052405339492056
429 -13.552808084888486
430 -9.299081451488677
431 -15.492000467101384
432 -8.401754764925606
433 -9.91608426331173
434 -16.73412898587774
435 -6.033399956354112
436 0.34944324080531697
437 -12.438426390962785
438 -9.890780358464568
439 -16.901636080021508
440 -10.827400302470718
441 -5.1076922431354825
442 -11.396924437970112
443 -0.48306434247421626
444 -9.64423700978589
445 -11.299864573728213
446 1.2539243312762083
447 -15.623589813915189
448 0.519012027121194
449 -8.449803037599569
450 -4.567693106529034
451 -5.6320229626905585
452 -4.010877693570128
453 -6.210546756509118
454 -2.844531747667838
455 -11.435542904338709
456 -11.321495480478802
457 -13.03191717434137
458 -14.262323110654592
459 -22.105778802429526
460 -19.093299917550365
461 -19.12638173682062
462 -16.664031624030592
463 -16.302571608579076
464 -16.215222593227697
465 -16.17176642091991
466 -15.983480649456949
467 -15.10667476202487
468 -15.153258271527243
469 -15.189035928734071
470 -14.68485483985544
471 -14.967720455289559
472 -14.306792211495033
473 -13.966906493731777
474 -13.731002841349536
475 -13.745960082772513
476 -13.63032943389205
477 -13.612425976454936
478 -13.654025338924704
479 -13.547302146560282
480 -13.191001254769304
481 -13.53899110584464
482 -13.197041119634726
483 -13.20176536512777
484 -12.914830366171447
485 -13.13901516698134
486 -12.972509712784657
487 -12.961967923889826
488 -13.026738582187829
489 -12.839925282960508
490 -12.555894094474729
491 -12.404998002994281
492 -12.443431554846658
493 -12.409590935230476
494 -11.903757687964088
495 -11.89077355033109
496 -14.398738664030716
497 -16.33894157402985
498 -23.481380891731206
499 -13.235810606104852
500 -4.98324727383643
501 -11.836486977222554
502 -7.574785184985018
503 -8.480308824468029
504 -9.806265740437848
505 -11.146154711940902
506 -14.232060068792874
507 0.08954282406681269
508 -12.194401099246972
509 -15.28483657165527
510 -12.353720884380543
511 -12.056212012203083
512 -11.190870679954317
513 -12.809150890855975
514 -14.710977485786177
515 -13.902462619587517
516 -15.73854693588985
517 -15.744416983942724
518 -7.007311683043254
519 -11.42934036057993
520 -13.044706921471942
521 4.704724880787627
522 -8.770346048528811
523 -9.317152161285186
524 -17.09470267542156
525 -9.337905159363146
526 -6.079464776874015
527 -13.338186136831123
528 -18.730268811062828
529 -14.983904739921915
530 -10.991961995819775
531 -6.9450385759887885
532 -8.568506718703729
533 -25.353821338157523
534 -22.08622184033169
535 -22.08034835393878
536 -19.16464207721417
537 -19.14366766317275
538 -19.089397509124378
539 -19.090744832353963
540 -16.906820832422042
541 -16.804147739816113
542 -16.621622361931802
543 -16.40492360716766
544 -16.31133638875848
545 -16.219859305231797
546 -16.07630115311696
547 -16.08397400261005
548 -16.150999611681538
549 -16.160640769899302
550 -16.019816738265824
551 -16.0225298329732
552 -15.64061867151539
553 -15.491093799646606
554 -15.185449221316922
555 -15.090379518727168
556 -15.040850317791875
557 -15.20793178038469
558 -15.17158433353674
559 -15.120081733390492
560 -15.149367637462273
561 -14.949990340636209
562 -14.833172837761719
563 -14.481024295891288
564 -14.46873644119317
565 -14.313773342680797
566 -14.215456555178601
567 -14.28184428138395
568 -13.971174949367672
569 -13.915960289969501
evaluations raw_y
1 1.301704917468407
2 1.596753671246351
3 -3.854449780628908
4 8.669150477235426
5 -1.5511810730034927
6 5.1174908377488295
7 -5.64898446036136
8 8.790648104176203
9 -6.291777418500832
10 4.7472267525711445
11 4.15577298489386
12 -0.33605745614097005
13 -2.45961644835197
14 -0.5358776589618688
15 0.34495525013200057
16 -0.048704703724838705
17 9.937280792245538
18 -1.4870209010914046
19 -0.5687692446971189
20 -3.8415662443469354
21 -3.5289999304035007
22 2.0579799751498093
23 -8.152522888960263
24 1.4584506477018335
25 2.7861581888105613
26 7.890846439610239
27 -0.211985660438327
28 5.576124904366083
29 -0.795535503990602
30 7.848352571498572
31 -6.811420820382274
32 0.1353144399223452
33 -4.371451883657898
34 0.7792939912167742
35 -8.390769966368415
36 8.098605416464554
37 3.231947310528179
38 4.1774728928067795
39 1.3568149638424913
40 10.367184866653714
41 0.6952268387578986
42 8.750831407838128
43 1.5288256490552778
44 -0.9978267730493913
45 9.204239431979623
46 -6.379545988564789
47 -1.9229780724506307
48 -0.8782064754537107
49 2.7578214093611875
50 -2.0037967768014
51 -3.46349532901222
52 -6.831923760141459
53 -6.138212383302159
54 -4.811554895133671
55 -3.74654239618126
56 -13.116251401629466
57 -4.582823104477066
58 -5.6171883300755105
59 -0.7056504963180612
60 -5.530935822996016
61 -3.4463998205083923
62 -5.222159244212649
63 -1.678446351742018
64 -1.735435038094991
65 -4.438925772186108
66 2.373141682632879
67 -0.7139896664726673
68 -0.4866058082615945
69 -0.27348839177910855
70 2.4904876204755997
71 -1.7533555830490535
72 -0.8544705638309469
73 -1.0171724787890755
74 -2.2244118637019454
75 -0.9907221682954295
76 0.9174457749720638
77 -0.18512201455183863
78 4.300526634932881
79 0.22226305135532032
80 0.4098817733516258
81 0.3065738286553823
82 2.4083487455852155
83 -0.43940375226020767
84 0.7333684409978672
85 0.625709212841735
86 3.6353247176485137
87 1.5897968617605454
88 5.258469344678726
89 -8.470730047905338
90 -8.255927443052851
91 -6.813182757687939
92 -6.399090635485448
93 -6.285315970894831
94 -5.634624449351382
95 -4.3829982439830815
96 -3.889807985427697
97 -3.8283235901986807
98 -3.561112786097386
99 -3.5314864141116615
100 -2.4631163582051254
101 -1.88476156526571
102 -1.663117114234065
103 -1.6304780066125297
104 -1.4780542548529139
105 -1.0368938868384128
106 -0.919542100434426
107 -0.807180809174192
108 -0.5052564192414444
109 -0.44962228662373604
110 -0.3498590409143071
111 -0.3317299859404661
112 -0.13558848704847282
113 0.1301484300841031
114 0.40230689751050885
115 0.7130238882967045
116 0.8674448801973423
117 1.4002217517006186
118 1.513320923792182
119 1.5266373239293927
120 0.5594764320199752
121 2.0624504804200576
122 2.7243235597315194
123 2.8421034863804278
124 3.186176837727221
125 4.108216561051034
126 -10.351618312478584
127 -5.782495313537976
128 -10.921435126199064
129 -13.457571811896264
130 -9.146197010062185
131 1.5924865045374048
132 -3.1357417148203686
133 -7.079664032404853
134 11.600154239539886
135 -4.558956372568543
136 -3.4508355005830467
137 -0.8361313076901347
138 -1.4719772620228135
139 -5.080083830701435
140 -2.0497335194487114
141 -0.5814950647573242
142 -1.6423527670575688
143 -6.202364927810233
144 -0.786872546483026
145 -1.956989872682742
146 -1.9383095058912234
147 -4.356622543942858
148 -3.063812086471502
149 -4.925055332281135
150 -0.9747092800661752
151 -0.7864466069125937
152 -2.97561599460176
153 5.959526932190663
154 1.3328195088158648
155 0.26038601671797657
156 -5.8003729655989655
157 -1.9360692173720115
158 2.133710011385321
159 -0.3966373803182677
160 -3.2274407364678392
161 3.34505705832966
162 -2.228267123373908
163 -13.112952778296867
164 -7.329190421094069
165 -8.379448154268829
166 -8.126543043171297
167 -8.149057961017803
168 -6.752048236414043
169 -6.80986087646033
170 -6.804600030537712
171 -6.421655487044349
172 -6.371818680161185
173 -5.90856115586151
174 -1.6359676842828714
175 -6.119849513458672
176 -5.6378941587215525
177 -5.6191133994704305
178 -4.894406066397192
179 -5.569950731207943
180 -5.0456912482223135
181 -4.609449071445832
182 -4.538064438679766
183 -4.532199801274123
184 -4.3553617175448025
185 -4.367593739016342
186 -3.9173538766654663
187 -4.0344446637979114
188 -3.986022105241773
189 -3.8429118287264856
190 -2.532040116246262
191 -3.4310555682030914
192 -3.514362785708975
193 -3.5077434767410804
194 -3.4501918694644025
195 -3.558514222614699
196 -2.5097696484880427
197 -2.5490504483047762
198 -2.2546352474611897
199 -2.0254401984006236
200 -9.688456967435616
201 -15.326431168142006
202 -5.179321826934543
203 -4.5044639119202445
204 -9.409596603870323
205 -5.008904945752702
206 -11.768538077189792
207 -5.600888235711503
208 -9.415689993350856
209 3.6450713338836933
210 -5.8697551301570705
211 -12.031966288022776
212 -5.430756904785947
213 -7.880180952327578
214 -10.34986433547596
215 -8.768188826384527
216 -4.320537133751857
217 -10.007852074545374
218 5.055582613015402
219 5.426138468050668
220 -4.191444487663294
221 6.304770895344024
222 3.7345892529173885
223 -2.8631749831113726
224 1.222396239760795
225 -6.227691234336709
226 0.6235039649925036
227 -4.663805991280462
228 -12.524415337567444
229 -5.190786246766213
230 -8.679861907797758
231 -5.172801961269168
232 -6.305563813364108
233 -4.768846946916667
234 0.6627398568703272
235 -3.1022006811530023
236 -6.581823350876354
237 -13.498827579314085
238 -13.119368894630115
239 -12.867595027491575
240 -10.914952321985004
241 -10.449769244010081
242 -9.144135035191544
243 -8.30507694863698
244 -8.427929153758637
245 -8.327024533351626
246 -8.23750956634875
247 -8.110913944765517
248 -8.14763834929834
249 -8.135241327870087
250 -7.482963705865027
251 -7.138194947637075
252 -6.9309182161452085
253 -6.833509482668514
254 -6.820485579526185
255 -6.775137684950434
256 -6.836332937666254
257 -6.899583216448368
258 -6.411629396479679
259 -6.409263611696523
260 -6.318491076495888
261 -6.381968579250861
262 -6.175284802336235
263 -6.291729949576885
264 -6.148900454310076
265 -6.085143845304744
266 -6.112830133477379
267 -5.905968955449512
268 -5.813902203949809
269 -5.765195122457799
270 -5.650271507043618
271 -5.628075592069614
272 -5.690762596540006
273 -5.625397760871236
274 -21.871388025780064
275 -9.643391513808655
276 -14.972584429287767
277 -15.211122176401762
278 0.6710715667205164
279 -4.085891884204749
280 -8.823786920755667
281 -14.32229415986111
282 -5.196120453268977
283 -11.201133831033438
284 0.7090077662973533
285 -11.31305029627127
286 -13.054334725523443
287 -2.046646712182625
288 -6.337876710106605
289 -9.920672254297344
290 -9.380746762382488
291 -9.433958834934629
292 -9.436705851788942
293 -5.546182260661364
294 -4.454193056243892
295 4.335234643256975
296 -10.534948809748002
297 -8.9435792016991
298 -9.188545207034252
299 -10.322043344714748
300 -7.571657654170153
301 -4.400146705223501
302 -8.534975733431311
303 -1.9746426986921415
304 -9.587909720319045
305 -4.507845515588741
306 -10.265277537302786
307 -7.346765502633885
308 -6.342549716443198
309 -4.490939939058988
310 -0.6691319835893079
311 -15.3904373929334
312 -13.520859518859902
313 -13.473698650669778
314 -13.037852870231344
315 -13.154925334581623
316 -13.040924121334486
317 -12.848002441091438
318 -12.530586490647499
319 -12.04569061306384
320 -11.759632169677001
321 -10.921118833616683
322 -10.946278094174543
323 -10.435661618128284
324 -10.33047648416437
325 -10.356567650850499
326 -10.012625546836068
327 -9.69157786806154
328 -9.451901535601333
329 -9.351848377035639
330 -8.994737536247028
331 -9.135984925498093
332 -8.788393855797432
333 -8.709129570648347
334 -8.471893026219655
335 -7.789340120021892
336 -8.342904429035958
337 -8.498489660915897
338 -8.02917399377281
339 -8.313238500703461
340 -8.278363023363838
341 -8.274583435034991
342 -8.117882441722795
343 -8.104624936679766
344 -8.125842209326937
345 -8.157249304544315
346 -8.094570216834784
347 -8.118457226113376
348 -21.535808023812084
349 -5.893768215299508
350 -16.560873205918696
351 -6.703867017705727
352 -6.792267826155857
353 -4.502533794653476
354 -8.479765954151631
355 -11.26471801458662
356 -15.020263645303405
357 -14.378967771282227
358 0.3260097626186744
359 -12.346346603051973
360 -15.69114851858482
361 -14.86107118116135
362 -8.37701080717487
363 -18.51422840847095
364 -11.2703748137975
365 -15.88860716537721
366 -19.186282469658245
367 -11.872142424634752
368 -6.618418861723907
369 -16.824212277280814
370 -8.620898958985695
371 -10.256000039566949
372 -5.506961956764918
373 -10.83690300083591
374 -2.4389482511055953
375 -12.105304971169002
376 -7.761236625364354
377 -4.499366324635192
378 -7.912225442898404
379 -11.767840434926498
380 -6.0999067124871775
381 -12.178813299850695
382 -7.748481499249124
383 -0.27459062047119875
384 -5.691933310650818
385 -21.894640388335453
386 -15.380689768406226
387 -15.540219073447453
388 -15.226658533106
389 -15.046331810233774
390 -14.35482131692342
391 -13.516117529439938
392 -13.674595484970206
393 -13.541132582577998
394 -13.387790604130739
395 -13.126592049504035
396 -13.101417861908168
397 -16.3258195188
398 -13.070458874637001
399 -12.960241313786199
400 -13.008486153914642
401 -13.044187534403568
402 -12.83673416389034
403 -12.870307498246383
404 -13.318981204299252
405 -12.544124702971668
406 -12.062459713830531
407 -12.046572746840233
408 -11.782296777035375
409 -11.726604271991938
410 -11.1861942798983
411 -11.201103686598938
412 -11.050986465585247
413 -10.985206768749757
414 -10.924228336483791
415 -10.897175577337952
416 -10.478199468371116
417 -10.455604978525628
418 -10.661896191318153
419 -10.4103610138455
420 -10.432321655247442
421 -10.37525218795345
422 -19.27024530336645
423 -17.926846352229628
424 -16.212582543747473
425 -18.589156958126463
426 -18.653210114993925
427 -3.64215390502965
428 -16.465624080270324
429 -3.6906846225675487
430 -22.91027507636984
431 -10.519816898313904
432 -4.975518777201394
433 -13.20971985211702
434 -22.733969880734154
435 -15.505869378071333
436 -12.018686235515034
437 -9.037700133652027
438 -9.963715924067508
439 -12.662801057434443
440 -4.209292708670008
441 -10.081365221549582
442 -21.0293429454275
443 -7.5389479998187605
444 -5.972561924813943
445 -7.30861454844215
446 -8.267310563615967
447 -4.44056327020395
448 -1.7447316194410707
449 -16.30113795230806
450 -17.75705167482754
451 -23.576424771773034
452 -5.217475128174417
453 -16.77786619003963
454 -16.204102814209666
455 -17.93828824784706
456 0.5331389415245131
457 -19.32655237516905
458 -12.856556616012236
459 -21.860778240713206
460 -21.863480765767456
461 -21.55227723278191
462 -19.16213252643265
463 -18.451337551726986
464 -13.53901455281133
465 -16.586372786319572
466 -16.380606329302527
467 -16.096817096096224
468 -15.682071302097569
469 -15.487484042022697
470 -15.410149550060313
471 -15.333005175610094
472 -15.345162533620758
473 -15.228582314379512
474 -15.260317307621989
475 -15.078216321160227
476 -15.020219947906064
477 -14.963228448623802
478 -11.497254591453133
479 -14.380871378211857
480 -14.319164764735408
481 -14.307991399587532
482 -13.697996376789014
483 -13.543989480140672
484 -13.52456538010495
485 -13.507490617843017
486 -13.515341558063927
487 -13.473622417337628
488 -13.629502825655397
489 -13.382753303005224
490 -13.347241314598932
491 -13.15398472647027
492 -13.109088919271079
493 -13.11767358893858
494 -12.468809483482406
495 -13.510430500962082
496 -17.776759042586736
497 -17.242742355133004
498 -15.22152548495814
499 -20.37740025382074
500 -22.54957059157107
501 -8.950169574408239
502 -24.175295869495546
503 -23.958485290715625
504 -5.918611550765876
505 -7.991270947079368
506 -23.266734652084054
507 -11.868636931687625
508 -2.9681574509492985
509 -17.15492641624148
510 -7.810023345598505
511 -15.297606783828105
512 -14.765733809610905
513 -11.047622925654515
514 -9.436934058221043
515 -7.438421011670561
516 -13.036887042574525
517 -13.83433472097829
518 -2.513755813797296
519 -18.347178960353137
520 -16.914604132714313
521 -0.023694243391145786
522 -5.656884646409734
523 -3.3963473572833327
524 -17.014487567967073
525 -17.128590192655164
526 -15.467175252856633
527 -15.766837232807926
528 -13.404396286791986
529 -6.623527920056578
530 -6.83254539754514
531 -4.793603295218297
532 -12.818706539516754
533 -23.56338210640444
534 -22.74410072992453
535 -22.719326505731242
536 -21.926512862261234
537 -21.865522299022466
538 -21.529257579723932
539 -21.905227596725734
540 -21.56780206183164
541 -21.5462325117523
542 -21.04673844884784
543 -19.334493493506578
544 -19.271927989655946
545 -19.17351657290017
546 -19.184695944660934
547 -18.65598365346148
548 -18.58518609997583
549 -18.737746691401284
550 -18.4614281428253
551 -17.928337988183742
552 -17.878824083771022
553 -17.71446907252007
554 -16.84938944200871
555 -16.843216617970015
556 -16.57273275581501
557 -16.553411587494292
558 -16.472773555645592
559 -16.39242504437612
560 -16.258078017063355
561 -16.298983947649337
562 -16.21278902536152
563 -16.233217416162304
564 -15.842137988284081
565 -16.02451297443917
566 -15.636285907619815
567 -15.668817762460787
568 -15.56975003323916
569 -15.472261741343422
evaluations raw_y
1 7.606593350970119
2 4.137254070600743
3 -3.7697622238396282
4 -3.738653792344416
5 0.007459443837706803
6 -1.9909405245049345
7 6.325884165529384
8 0.03700611980289148
9 -2.129320439584247
10 3.874242230321518
11 3.48581505337211
12 -8.89113599907112
13 7.5531246173150315
14 -15.18230087180178
15 -8.76499880042869
16 6.697276423813909
17 0.5866694859855732
18 2.515607872208243
19 7.167101404975282
20 0.1783004187366335
21 2.3117335514351027
22 4.381788396794238
23 3.399760602164848
24 5.080645704509549
25 2.048335590356425
26 6.450774471593637
27 -4.401632780661733
28 4.360177163614001
29 2.4292141806406264
30 4.717824581291443
31 -0.5610838782890162
32 2.5731896821987985
33 -4.348650944807305
34 4.360429891501552
35 2.735746477345082
36 -2.8222187879717024
37 0.13432871837981852
38 4.353410908839609
39 4.211634639277576
40 -2.7082041029738453
41 -0.6310686251097908
42 0.9685206275218343
43 0.18461090019937854
44 -2.5476697004614204
45 0.03700301530096162
46 4.321428731464314
47 2.0824189189395357
48 9.625343553970987
49 6.777556819819677
50 -11.77482157345179
51 -0.4174881505544539
52 -13.446948061927053
53 -9.747105856279898
54 -7.903241209444029
55 -7.175451695270967
56 -4.053027757323807
57 -7.398353491331366
58 -7.177872025729287
59 -2.832402970981337
60 -3.9627729693301204
61 0.7636933015623794
62 -2.0462177587590773
63 -2.3896854522988775
64 -0.1978581394746004
65 -0.5697051232499899
66 -5.095913867317566
67 -1.4751459040795738
68 -0.5766787466606298
69 -0.5799670495905844
70 -1.6655056496045755
71 0.8526881480519939
72 0.9481748877891292
73 4.413874829094004
74 0.1585972438401167
75 -2.502236939259302
76 -1.682368949680847
77 4.4152624423586655
78 2.9008253531050325
79 7.85002260203375
80 2.088770534360793
81 2.9561560681321106
82 4.484992443511331
83 5.43966264476116
84 5.283445110470474
85 4.276273592286136
86 3.3081916350017915
87 3.7195175534011415
88 4.537482645917276
89 -15.02682873459617
90 -11.693316666056472
91 -8.927207432440383
92 -8.78980234749998
93 -4.402934748120385
94 -4.34213095038535
95 -3.5087621919865937
96 -3.761082173778014
97 -2.8170527100026415
98 -2.669634416816144
99 -2.500473934019208
100 -2.1616513946435996
101 -1.986135404485106
102 -0.6635301441606694
103 -0.5114710325428629
104 -0.37611261246065486
105 -0.09980588302664228
106 0.08530260649994625
107 -0.2488697219542404
108 0.06654228358622954
109 0.2153006040870633
110 0.1701869331513175
111 0.5196693974827968
112 0.9731971606346582
113 2.0155646644229908
114 2.1287217862693284
115 2.4450672996741862
116 2.470070047431518
117 2.5285445931103814
118 2.5597817092368116
119 2.712444722116208
120 3.3847947731421986
121 3.491885209473941
122 3.8594104631372543
123 4.026471355472556
124 4.235723183855743
125 4.345149331923539
126 -11.104325161713064
127 -16.746704226288017
128 -4.869837012939051
129 -10.144955477569392
130 -3.0231808483648384
131 -3.9957695815890446
132 -5.252679615913593
133 -6.384529279624095
134 -7.7146549489657215
135 -6.849342671336924
136 7.650501447675742
137 -8.651052806182618
138 1.186093404086808
139 -6.797630066949952
140 0.4488672194344199
141 -2.2331199524867693
142 0.36761879772321193
143 -4.577146642834243
144 -14.640526822706278
145 -5.281798312702769
146 0.8518955072464801
147 -2.4061172782914464
148 0.11337573873943119
149 -1.3167217217023037
150 -2.2547222647391623
151 2.8037708760357933
152 -1.961676945646309
153 -1.152363634743414
154 -5.2086950030761106
155 -4.2130686583822525
156 -1.8490734060776903
157 -6.554304126187164
158 -0.09205956905027568
159 0.4738041708993648
160 1.1689227293949405
161 0.39722540894594427
162 2.6496332405228995
163 -14.875662686782887
164 -15.08928945276688
165 -13.502212742190201
166 -11.738942122869672
167 -11.6926696527986
168 -9.845607035716403
169 -8.893706638642062
170 -8.969728584080677
171 -8.787223073069503
172 -8.785595616379055
173 -7.905682016241372
174 -7.412043060728006
175 -7.1692065400716665
176 -7.198744519125325
177 -5.061198602226787
178 -4.405207730830012
179 -4.318809505897347
180 -3.394464518912342
181 -4.335348376701747
182 -4.239516666030241
183 -3.9786979944313976
184 -3.806232304104968
185 -3.982382750669704
186 -3.76336631110818
187 -3.482465880012485
188 -2.8009736589515617
189 -2.8036863485527674
190 -2.8064326126851222
191 -2.7033782503927664
192 -2.6752970276857417
193 -2.54949921265278
194 -2.570687256829267
195 -2.884104448446352
196 -1.907185477031104
197 -2.165285030952961
198 -2.0960684970563648
199 -2.132171182246165
200 -13.623000157919202
201 -14.52857644413803
202 -8.187230518183334
203 -10.889295357729093
204 -4.547747110513747
205 -4.530461190407793
206 -5.461279566459343
207 -9.83809135102844
208 -10.500865237081236
209 -3.8272837745259585
210 -0.7483773950754733
211 -0.9069394018975842
212 -4.312805786283527
213 -7.951730739111384
214 -6.767722539139267
215 8.016468714018968
216 7.977105469057089
217 -6.151578432969855
218 2.3898070539102143
219 -7.202468625037688
220 -9.850918085208951
221 -3.9398130951863277
222 -0.7317417746634534
223 -9.618815555998612
224 -8.54825746016373
225 -6.802633515772419
226 -8.792050416989099
227 -0.4843254878521881
228 -2.2849857978330936
229 3.632344563020607
230 -2.698832920990256
231 -8.299477404494919
232 -3.008824772683816
233 2.7120644808859584
234 -7.706513830940376
235 -3.915427736966784
236 -5.569892621939992
237 -16.728783378458328
238 -15.137151186976359
239 -15.125287739839138
240 -15.086615310863143
241 -14.864395596377172
242 -14.569184672648916
243 -13.852834811339683
244 -13.450881150883038
245 -11.790449124782098
246 -11.746699658779951
247 -11.667071457913831
248 -11.694146008824141
249 -10.45691272377158
250 -10.202115488404655
251 -9.944236439507593
252 -9.740948405770386
253 -8.986538031941233
254 -8.94341027674428
255 -8.763883303845539
256 -8.1432189907136
257 -9.222135105628047
258 -8.796174995226462
259 -8.765619832081766
260 -8.82258572729284
261 -8.656104064809504
262 -7.877334411995775
263 -7.878793968970348
264 -7.719271791186278
265 -7.500716412252741
266 -7.358264096053627
267 -7.182148695855177
268 -7.222870375286911
269 -7.12141435008547
270 -7.197067424835343
271 -6.955077692648425
272 -6.900272071115782
273 -6.563230426217476
274 -3.440820603845463
275 -16.084399588437755
276 -15.629297278393679
277 -13.774968060480912
278 -8.765658581802995
279 -7.0314005384397404
280 -10.556601973711745
281 -16.21329305265823
282 -15.590216025937519
283 -3.5316684024958973
284 -3.0590769250334513
285 -5.347205768584701
286 -14.611460857452212
287 -3.554929021012563
288 -14.114765802999234
289 -13.401479046523555
290 2.0595194062064457
291 -4.285618843277357
292 -2.181910578134884
293 -11.114894823553213
294 -5.663270674163046
295 -6.043911406645643
296 -1.8694909755500373
297 -5.134349745974857
298 -2.363035809222672
299 -11.941077756520572
300 -14.047403885007878
301 -8.497417350622255
302 -10.025304523634276
303 -14.108044349053658
304 -7.464211229803871
305 6.7844218544612565
306 -5.901641315611092
307 -5.818948055614328
308 -2.858884591752129
309 -9.675779875500707
310 -3.154729746485832
311 -16.75878463423841
312 -16.694660742920828
313 -15.180165606278676
314 -15.142623024732247
315 -15.24306930655252
316 -15.060001594214114
317 -15.1409927357239
318 -14.995256502791069
319 -14.975402670023852
320 -14.917074195220756
321 -14.621175924386032
322 -14.547731395207041
323 -14.461814690836203
324 -13.83783353263918
325 -13.612688840319235
326 -13.515502747508101
327 -13.428142960935364
328 -13.355360680302331
329 -11.773735010732807
330 -11.84669497533909
331 -11.787631804566844
332 -11.731452346511631
333 -11.645135149783712
334 -11.602167323293067
335 -11.67967274210913
336 -11.344799321729823
337 -11.174206607205685
338 -10.894570634925385
339 -10.492346555971325
340 -10.441371018914731
341 -10.13659822761387
342 -10.17372012933472
343 -9.940054765520062
344 -9.812242293691039
345 -9.829190896312674
346 -9.78912959319603
347 -9.710099239883316
348 -19.642691279903794
349 -7.256574976752811
350 -5.412424711725325
351 -10.901371873293208
352 -2.5170352634326365
353 -16.064402631786404
354 -4.557099732550274
355 -9.691343033852876
356 -18.17006379176907
357 -13.15557293539119
358 -13.47353372515656
359 -15.892902604314937
360 -22.704850205478138
361 -16.091427765950197
362 -14.318184394448007
363 -12.082521146405915
364 -3.0443529832707816
365 -8.096391323835881
366 -17.399281614564185
367 -2.2994420607805375
368 -12.816238324520384
369 -14.132410947440068
370 -4.114362511222332
371 -6.152863053739729
372 -10.05141199683587
373 0.8277105260875759
374 5.293337906904698
375 -6.576722720443103
376 -2.2908576859509595
377 -15.988293786552369
378 -15.961783746023666
379 -9.788571052146626
380 -13.639075496153612
381 -14.573483536452652
382 -5.77789610151103
383 -9.823750494671351
384 -12.668297151028732
385 -16.745847974766118
386 -16.70718255497874
387 -16.736150984333342
388 -16.703311557989576
389 -16.380324297029066
390 -16.090918487478653
391 -15.705947520863537
392 -15.613813403752062
393 -15.503611447263987
394 -14.747361517093111
395 -15.227331204577855
396 -17.565183456830873
397 -15.072544602225983
398 -15.115411615519708
399 -15.092677759051805
400 -15.214547605220075
401 -15.128398539382239
402 -15.15295064008632
403 -14.957975756614873
404 -15.07244885679282
405 -14.866522653821923
406 -14.90438817883409
407 -14.871305709805206
408 -14.82261281868628
409 -14.584689411172556
410 -14.775714095577495
411 -14.650273804958694
412 -14.632844151923953
413 -14.55573148752923
414 -14.536950598975013
415 -13.830997814015461
416 -14.128611010059986
417 -14.115812916391572
418 -14.081003326505869
419 -14.040115624715826
420 -13.774365097599212
421 -13.834912405385397
422 -8.075892029676794
423 -10.220240335282059
424 -3.0265536187881903
425 -3.4697602337358138
426 -8.355238205653405
427 -5.7318593687250265
428 -15.360543508476946
429 -10.300693710702916
430 -16.201609623793217
431 -6.268713150900191
432 -21.393981394844893
433 -7.394125515836343
434 -15.967164508157348
435 -9.21583336733901
436 -4.040953559517835
437 -15.16892697560904
438 -13.621093657779715
439 -8.363653782415767
440 -12.945947815385013
441 -12.458133817070552
442 -10.817175367731295
443 -9.383273248233747
444 -13.894819621562059
445 -15.717262270798939
446 -7.324877988078566
447 -10.818392016252727
448 -15.661944135013252
449 -19.520874698074714
450 -14.478947811512285
451 -5.290723068717993
452 -12.753345714658293
453 -11.366029592707381
454 -21.635918915097115
455 -9.6480646550099
456 -12.30107283350071
457 -14.50635648753792
458 -16.630767532466816
459 -22.69959725043222
460 -19.713924461559248
461 -18.164609761191773
462 -17.914710706634935
463 -17.44509018864298
464 -16.759741562603374
465 -16.766876321277206
466 -16.766336093028777
467 -16.714125142920285
468 -16.742926360355682
469 -16.652912896415355
470 -16.70314828700434
471 -14.284088037884729
472 -16.421354786654916
473 -16.21780190413139
474 -16.091683844588896
475 -15.718429927435478
476 -16.055989432826287
477 -16.199575443586376
478 -15.957282689362959
479 -15.966551112657525
480 -15.951641339828345
481 -15.717370524533395
482 -15.64911042087801
483 -15.697247615809871
484 -15.566143272010544
485 -15.484654291239357
486 -15.333586319625475
487 -15.281150111116652
488 -15.182328187389716
489 -15.174868896984368
490 -15.160617234044514
491 -15.181992061745945
492 -15.119629550146437
493 -14.868468263039196
494 -15.358057994810647
495 -15.112833210103169
496 -17.29001299497108
497 -13.827332909754652
498 -18.042670321008014
499 -15.010740350904584
500 -17.906025117913174
501 -1.8343801630511798
502 -12.641411882046931
503 -9.153489054838621
504 -10.864268888535015
505 -1.6230007184065196
506 -17.05479967266197
507 -16.25840853455231
508 -10.666733905992885
509 -6.879967447042862
510 -10.06047286492683
511 -6.376255074097093
512 -8.467633312058883
513 -13.004379110703045
514 -6.927100507435814
515 -5.598516279348716
516 -10.69797336139503
517 -3.734761137334002
518 -3.878197718102124
519 -15.583239699080139
520 -14.050980548996108
521 -10.03865881189974
522 -11.943796070278767
523 -4.551113182824335
524 -12.355399327227172
525 -10.964653478440407
526 -7.051812832906418
527 -11.54532629207992
528 -15.965842379594006
529 -12.064701244067443
530 -19.549319207464556
531 -7.4533900858607876
532 -11.292834450589867
533 -22.81683550288095
534 -22.708089800240952
535 -21.627316799027053
536 -21.376154930698355
537 -19.732469350238173
538 -19.667481814084965
539 -19.544992692005337
540 -18.125003271745562
541 -18.13670530506282
542 -17.840919633451236
543 -17.614270512441763
544 -17.533429301176284
545 -17.3808485363099
546 -16.838417836379843
547 -16.748049062123727
548 -16.75830753066619
549 -16.792535881908915
550 -16.7562998986762
551 -16.72672183363313
552 -16.79693512944639
553 -16.728334623546214
554 -16.727262995097718
555 -16.70730021474717
556 -16.251146447336776
557 -16.686160594686566
558 -16.70359169158403
559 -16.690988249114266
560 -23.073247411852176
561 -16.640242996619136
562 -16.428524956566324
563 -16.41086525808274
564 -16.251558427404706
565 -16.162156898048302
566 -16.19236425715743
567 -16.23556471427774
568 -16.06820431582113
569 -16.09521166920794
