evaluations raw_y
1 0.7185577745286882
2 -0.06699443219126235
3 0.03276702109821779
4 -0.0002768702245587573
5 -0.19039163313369917
6 0.7276211561538484
7 -0.42341737905139465
8 0.10921592321326358
9 0.15794065754131126
10 -0.18749049966174314
11 -0.7013439731769463
12 0.775418940843961
13 0.11064722242410249
14 0.15662223598485425
15 -0.47247158946684986
16 -0.0256523607575483
17 1.209025064635723
18 -0.10854075100257907
19 -0.004485137156486036
20 0.3939671933311931
21 0.04116853191351711
22 0.15262252185802477
23 0.6954777409948424
24 0.46477984242762876
25 0.8837667011906006
26 0.38227253825945307
27 1.3082220769648385
28 -0.19787956317707633
29 0.39994053774900346
30 -0.007599353168904384
31 0.1617871026396454
32 0.15815888197408037
33 -0.699853012727072
34 0.13160785573232547
35 0.7538994511370187
36 0.014709913443034
37 0.3938513913796902
38 0.3946382526432623
39 -0.05039658771256171
40 -1.6164289197045674
41 0.23154684245352763
42 1.2984696018448445
43 0.08770328845573856
44 0.1512614840096278
45 -0.03948010307638192
46 0.06120068486549203
47 0.8783645071489974
48 -0.7223675870494388
49 0.8981548910381163
50 0.711542126960128
51 -0.028254676041278588
52 -0.2850299575711003
53 0.07371493509568354
54 1.5676548537766557
55 -0.08016000881984028
56 -0.09370174146598408
57 -0.3384004678891796
58 -1.9521067308225888
59 0.07409334646435353
60 0.0005782139088826784
61 0.4543590780027314
62 -0.00122516838220152
63 0.058340832465647995
64 -0.019872970643103664
65 -0.011148612270330491
66 0.8799485790824738
67 -0.00353476376037835
68 0.1818066176767102
69 0.1175893049772597
70 0.22595837006542063
71 -1.2563224057158306
72 0.3253835460360223
73 -0.004974898659643493
74 0.4904945582426463
75 -0.03416013247283898
76 0.9654925415466584
77 -1.3181472767815856
78 0.36413039021286137
79 0.514337231842461
80 -0.0007247760359760757
81 -0.1656984108431253
82 1.1911462766388463
83 0.4096429773677789
84 -0.3515206556066002
85 -0.4286162476310746
86 -1.1289684590356286
87 -0.5347897587331204
88 -0.8282123117918083
89 0.03651877157566228
90 -0.08104965377335663
91 -0.1565002764360809
92 -2.0825574602602215
93 -1.141148001445208
94 0.17710615929608176
95 0.32187202941691867
96 -0.8208275486453742
97 1.27652291811863
98 0.4178565699558119
99 0.8736834505134385
100 -0.30401057190374553
101 0.11842152868628647
102 -0.5226080212404869
103 -1.2309106128513712
104 0.7577435997270883
105 -0.2724106120216829
106 0.37669922441252135
107 0.0329013520826115
108 0.5147473405502543
109 -0.33746226506414234
110 -1.038663391446688
111 0.38286285118969127
112 -1.2661516213184862
113 0.023751508997385463
114 -0.06734844339172245
115 0.5419447453152204
116 0.008668156677646623
117 0.10113000894900713
118 0.9919390267188151
119 0.11081152921116669
120 0.0020425570932107976
121 -0.46464358448008186
122 -0.5011191999436828
123 0.003025648572557549
124 -0.004947846725797878
125 0.6552844635693974
126 -0.03396127013324083
127 0.8260671460983383
128 -0.002626038210772328
129 -0.7519458088454225
130 0.000613299503563344
131 -0.00805151711271646
132 -0.01877046609360058
133 0.01091846867131779
134 0.34254378044060585
135 -0.020699781657100957
136 0.20890913666501984
137 -0.07704524602879456
138 -0.04846481134044747
139 -0.09445150243548549
140 0.8854350681806658
141 -0.0023716962276194432
142 -0.11128586030695065
143 0.009961962993731005
144 0.5561711150350068
145 0.45313121514383975
146 -0.06480459342493039
147 0.06178277504737834
148 -0.5614379942201588
149 -0.5576416549960804
150 0.19896952171184049
151 1.327960049194294
152 0.0014119338155605399
153 0.3253835818287445
154 -0.8815500450094383
155 0.6256592753304611
156 0.48160692765899354
157 0.004425144117752477
158 0.7515290207268676
159 0.3988683222836392
160 -0.8544636770453358
161 0.1717392174990185
162 0.05477193699138919
163 0.6576223408993219
164 -1.1910946433685035
165 0.9516065356861267
166 1.0624986377058279
167 0.5620885190236553
168 0.29846188463360845
169 -1.1928976018507031
170 0.41825094992242984
171 -1.027965158578217
172 1.8235897837469448
173 0.8862714431399087
174 -0.018624504725867165
175 0.13215665859355558
176 0.859254387584887
177 -0.0189410617324571
178 -0.848714295355127
179 1.107037446294122
180 1.0739675256473276
