evaluations raw_y
1 10.675902049378792
2 162.94524284709337
3 22.8317947017713
4 -70.13413966227273
5 103.24850228248502
6 46.105788344387335
7 -103.13120848445283
8 97.28553683403938
9 -75.93928278734218
10 -78.52538018434747
11 29.257089231348257
12 -66.83207666640176
13 -172.1326342186104
14 -61.25962836233323
15 232.01211094792887
16 -226.16520273539177
17 -82.51289056727995
18 -1.3446642623570293
19 -49.218582565391685
20 -227.54746179167896
21 90.77260473164549
22 72.97540499795582
23 72.63026405892576
24 117.56361766615807
25 109.20740055060536
26 -121.52259054982228
27 -53.95461974180426
28 8.49258707102422
29 148.86991127276264
30 151.24006270357577
31 -257.4213248441158
32 102.26028888098924
33 -39.919044835051146
34 -80.647857585515
35 91.33605466528347
36 -9.277530816673798
37 -113.39491446225794
38 58.079316053032045
39 -190.6448181682975
40 -232.33876822248106
41 -32.403673228776945
42 -133.62927505796827
43 -160.49937755002333
44 -253.9523471957241
45 -0.30531846926492756
46 -138.06138229367087
47 -234.9578303157056
48 -222.37194455025497
49 -140.2332941782796
50 -227.54746179167896
51 33.974124814353615
52 43.78447125502463
53 36.833039604767805
54 31.80232100461218
55 -283.1438801251676
56 -107.86402309295002
57 -173.0005951639391
58 -259.23602623911773
59 66.16701814253375
60 -251.87037824098408
61 -249.7977728902133
62 -131.65511084531724
63 -309.8142329596311
64 -77.8689596242565
65 -266.57913160502153
66 -93.93012172589857
67 -261.0555034430386
68 -52.399112039163526
69 -241.8539854163309
70 -247.65204565979724
71 -207.39016372516573
72 -246.20148211214075
73 -179.76519595377638
74 -330.5806283574673
75 -245.9366356039982
76 -86.07137463178837
77 -249.6956339262734
78 -243.29899977581877
79 -301.28930825962044
80 -240.4014525190598
81 -236.17802213619635
82 -244.9502034482585
83 -125.5678276825325
84 -236.68740252768984
85 -232.35902888205624
86 -164.329341395195
87 -305.4634645068795
88 -250.74078297790692
89 45.93373126272656
90 -242.2647155441359
91 -298.24406317013614
92 -275.2794351737448
93 -322.3555533761485
94 18.701234919104323
95 -302.28930159204197
96 -250.23118551104085
97 -300.4855546569318
98 -333.25943468771794
99 -248.67142890550377
100 -314.8500090697773
101 -272.284107820835
102 -250.01062141554786
103 -230.7550821588745
104 -324.9968361946701
105 -268.343225840717
106 -359.736926097411
107 -265.0895580599571
108 -258.2659501221466
109 -309.877801694023
110 -330.5326231049746
111 -192.4060058296838
112 -251.1961417140897
113 -194.05527390926434
114 -322.0139835987825
115 -250.46570699240925
116 -209.20393625362348
117 -328.1415157515177
118 -280.8632191130595
119 -335.6676923031589
120 -253.2431824673509
121 -351.4443585339178
122 -307.48317734679694
123 -433.1240483870873
124 -368.29972466734677
125 -358.2838509136955
126 -342.8529408191701
127 -429.3013841089672
128 -343.0717585832041
129 -254.8299525783774
130 -350.13144661327425
131 -314.4047037478225
132 -350.0931982032987
133 -374.9676027174565
134 -327.8816143153907
135 -417.1460463862882
136 -405.1733739029033
137 -387.5392185094385
138 -389.7235290734751
139 -303.44283296460395
140 -345.2983950892877
141 -301.1525264690826
142 -374.9676027174565
143 -224.87158658013328
144 -399.90619411287463
145 -340.1300619834432
146 -234.7817003106838
147 -383.8059555773554
148 -333.0673080611113
149 -414.66858028827903
150 -449.38425495378914
151 -457.07781281061074
152 -449.02025938771783
153 -416.191451318242
154 -409.77697745889486
155 -423.75373681859185
156 -374.9676027174565
157 -448.19685849015724
158 -405.8858367559044
159 -363.93521076424764
160 -459.28489848053863
161 -410.40543801520545
162 -470.5859219274973
163 -428.6420265142391
164 -452.2237915618784
165 -476.1941469145299
166 -429.05030232085073
167 -410.22073773998767
168 -409.46046950939046
169 -460.90639250333624
170 -464.2218700178108
171 -444.089033527111
172 -374.9676027174565
173 -287.5931188118532
174 -402.5522763704761
175 -447.69186250998195
176 -468.00496409886154
177 -448.24903635465927
178 -374.9676027174565
179 -436.2643270085502
180 -475.3968164562636
181 -441.9481909841147
182 -459.6116774515599
183 -470.10311837480924
184 -436.3845409663114
185 -460.85390223125466
186 -439.58965721475494
187 -459.3643111040317
188 -461.75194473853054
189 -374.9676027174565
190 -483.0221077226174
191 -482.8460518812277
192 -494.67200377794126
193 -492.2683964421459
194 -478.67699424923853
195 -494.36843011798237
196 -457.12458415219817
197 -473.095132388976
198 -487.63562461623906
199 -468.4093096391758
200 -481.3207860070578
201 -491.0223219682811
202 -374.9676027174565
203 -315.1245039629872
204 -479.66763457295707
205 -486.03853392975503
206 -494.87799092306204
207 -457.15882524231495
208 -374.9676027174565
209 -447.6399434227332
210 -489.82670938908353
211 -500.0003985177282
212 -482.31383175607783
213 -498.1713763723811
214 -485.9054116251698
215 -495.20066402616175
216 -495.24859205304745
217 -469.4887012830243
218 -496.46576918752066
219 -374.9676027174565
220 -493.5767140145547
221 -494.9272606381408
222 -498.87270908278464
223 -497.4279297874312
224 -497.39702135783676
225 -499.2994459751665
226 -472.33213296893746
227 -490.5887066582206
228 -495.2960561886599
229 -470.8208385783981
230 -496.4388117977638
231 -500.1254041467063
232 -374.9676027174565
233 -326.7818508160682
234 -483.38842103030044
235 -498.67907261050675
236 -500.1450006507191
237 -490.30582574572986
238 -374.9676027174565
239 -493.9154547619328
240 -500.08732489638373
241 -500.04243020774413
242 -500.6520445798356
243 -500.1475127607815
244 -503.3374699517127
245 -498.18053824171426
246 -499.8573609977082
247 -491.6324900822665
248 -499.062064756203
249 -495.7474649537945
250 -495.2079521933781
251 -498.800155765486
252 -499.6291847359327
253 -499.8530392314097
254 -500.4840284048536
255 -498.59892968541226
256 -498.2327970906191
257 -499.43992285801295
258 -498.4827573393803
259 -471.2839937152745
260 -500.09672297255577
261 -500.77481221090665
262 -374.9676027174565
263 -500.5590989753802
264 -495.6515601314747
265 -499.9520308393956
266 -498.4620598051756
267 -494.87629374186
268 -475.4538114557983
269 -500.0933555302646
270 -500.5451057794947
271 -513.3617704726815
272 -523.9723120722911
273 -524.3145295345687
274 -566.2171389264336
275 -499.98001140719634
276 -514.0594882317298
277 -498.06792866688517
278 -532.2421495059825
279 -529.6054976676633
280 -499.1270483021554
281 -504.52274163963
282 -499.417948225136
283 -505.4154110670199
284 -504.1400716756566
285 -502.59323475673585
286 -521.5353614575358
287 -517.0319741709591
288 -499.35901033997186
289 -499.4136638833486
290 -501.9401656905668
291 -499.5058217510738
292 -374.9676027174565
293 -624.3018194341432
294 -519.8558924027834
295 -510.5379625513736
296 -498.6143228018351
297 -504.0981849837309
298 -504.05335519350564
299 -498.46233947227057
300 -521.5318975149771
301 -560.6463234698667
302 -624.3018194341432
303 -624.3018194341432
304 -624.3018194341432
305 -579.223030116087
306 -624.3018194341432
307 -624.3018194341432
308 -624.3018194341432
309 -624.3018194341432
310 -544.6494145035097
311 -624.3018194341432
312 -537.8971712228478
313 -624.3018194341432
314 -563.2083927576
315 -624.3018194341432
316 -624.3018194341432
317 -562.4562597549734
318 -573.4782831329733
319 -540.669620638486
320 -624.3018194341432
321 -518.051015113997
322 -624.3018194341432
323 -624.3018194341432
324 -624.3018194341432
325 -624.3018194341432
326 -549.8203118954859
327 -619.4583515351114
328 -624.3018194341432
329 -613.4370558544518
330 -624.3018194341432
331 -624.3018194341432
332 -624.3018194341432
333 -624.3018194341432
334 -624.3018194341432
335 -593.9722254562998
336 -624.3018194341432
337 -624.3018194341432
338 -624.3018194341432
339 -624.3018194341432
340 -589.4140729413928
341 -624.3018194341432
342 -624.3018194341432
343 -624.3018194341432
344 -624.3018194341432
345 -624.3018194341432
346 -624.3018194341432
347 -572.7416712294354
348 -624.3018194341432
349 -577.8012941479599
350 -624.3018194341432
351 -609.384902597773
352 -624.3018194341432
353 -624.3018194341432
354 -624.3018194341432
355 -624.3018194341432
356 -624.3018194341432
357 -624.3018194341432
358 -624.3018194341432
359 -624.3018194341432
360 -624.3018194341432
361 -624.3018194341432
362 -624.3018194341432
363 -624.3018194341432
364 -624.3018194341432
365 -624.3018194341432
366 -624.3018194341432
367 -624.3018194341432
368 -624.3018194341432
369 -624.3018194341432
370 -624.3018194341432
371 -624.3018194341432
372 -624.3018194341432
373 -624.3018194341432
374 -624.3018194341432
375 -624.3018194341432
376 -624.3018194341432
377 -617.2605793415162
378 -624.3018194341432
379 -624.3018194341432
380 -624.3018194341432
381 -624.3018194341432
382 -624.3018194341432
383 -624.3018194341432
384 -624.3018194341432
385 -624.3018194341432
386 -624.3018194341432
387 -624.3018194341432
388 -624.3018194341432
389 -624.3018194341432
390 -624.3018194341432
391 -624.3018194341432
392 -624.3018194341432
393 -624.3018194341432
394 -624.3018194341432
395 -624.3018194341432
396 -624.3018194341432
397 -624.3018194341432
398 -624.3018194341432
399 -624.3018194341432
400 -624.3018194341432
401 -624.3018194341432
402 -624.3018194341432
403 -624.3018194341432
404 -624.3018194341432
405 -624.3018194341432
406 -624.3018194341432
407 -621.4782225296068
408 -624.3018194341432
409 -624.3018194341432
410 -624.3018194341432
411 -624.3018194341432
412 -624.3018194341432
413 -624.3018194341432
414 -624.3018194341432
415 -624.3018194341432
416 -624.3018194341432
417 -624.3018194341432
418 -624.3018194341432
419 -624.3018194341432
420 -624.3018194341432
421 -624.3018194341432
422 -624.3018194341432
423 -624.3018194341432
424 -624.3018194341432
425 -624.3018194341432
426 -624.3018194341432
427 -624.3018194341432
428 -624.3018194341432
429 -624.3018194341432
430 -624.3018194341432
431 -624.3018194341432
432 -624.3018194341432
433 -624.3018194341432
434 -624.3018194341432
435 -624.3018194341432
436 -624.3018194341432
437 -622.3680423181025
438 -624.3018194341432
439 -624.3018194341432
440 -624.3018194341432
441 -624.3018194341432
442 -624.3018194341432
443 -624.3018194341432
444 -624.3018194341432
445 -624.3018194341432
446 -624.3018194341432
447 -624.3018194341432
448 -624.3018194341432
449 -624.3018194341432
450 -624.3018194341432
451 -624.3018194341432
452 -624.3018194341432
453 -624.3018194341432
454 -624.3018194341432
455 -624.3018194341432
456 -624.3018194341432
457 -624.3018194341432
458 -624.3018194341432
459 -624.3018194341432
460 -624.3018194341432
461 -624.3018194341432
462 -624.3018194341432
463 -624.3018194341432
464 -624.3018194341432
465 -624.3018194341432
466 -624.3018194341432
467 -624.3018194341432
468 -624.3018194341432
469 -624.3018194341432
470 -624.3018194341432
471 -624.3018194341432
472 -624.3018194341432
473 -624.3018194341432
474 -624.3018194341432
475 -624.3018194341432
476 -624.3018194341432
477 -624.3018194341432
478 -624.3018194341432
479 -624.3018194341432
480 -624.3018194341432
481 -624.3018194341432
482 -624.3018194341432
483 -624.3018194341432
484 -624.3018194341432
485 -624.3018194341432
486 -624.3018194341432
487 -624.3018194341432
488 -624.3018194341432
489 -624.3018194341432
490 -624.3018194341432
491 -624.3018194341432
492 -624.3018194341432
493 -624.3018194341432
494 -624.3018194341432
495 -624.3018194341432
496 -624.3018194341432
497 -624.3018194341432
498 -624.3018194341432
499 -624.3018194341432
500 -624.3018194341432
501 -624.3018194341432
502 -624.3018194341432
503 -624.3018194341432
504 -624.3018194341432
505 -624.3018194341432
506 -624.3018194341432
507 -624.3018194341432
508 -624.3018194341432
509 -624.3018194341432
510 -624.3018194341432
evaluations raw_y
1 -165.31214796282626
2 -103.35165799025468
3 -69.93868287117274
4 -71.38546539084933
5 182.8635439910371
6 -89.45544457422565
7 38.52872362531159
8 -58.42776942664911
9 82.20604661934921
10 -0.8932495957651669
11 -144.33344766401473
12 -126.89933083407122
13 -147.11589778113196
14 96.00278522417412
15 -2.7125488923834897
16 66.40006996368997
17 56.279446086244675
18 167.25353963455694
19 31.673045762279497
20 -73.66734758395181
21 116.07221845671384
22 97.57468900257979
23 -76.32411132330844
24 64.83145508860517
25 -292.68826264009135
26 -23.3900440932177
27 18.50324828727182
28 73.5382993868103
29 -282.24037915045636
30 -186.4672795799236
31 -242.05269227395203
32 -284.5450494583605
33 -179.9593995987363
34 -46.21832358764439
35 8.639930371787434
36 -325.4339912182425
37 -42.00137925660238
38 -161.1438933621767
39 -26.81802741733232
40 -270.3336085167875
41 -309.96329009136826
42 -131.86347212512993
43 -210.13606477440706
44 -344.85771181665496
45 -315.2539234601822
46 -372.85317875480257
47 -168.99205460919512
48 133.5223995842515
49 -320.0545316918885
50 -223.1676827992893
51 -372.2172207814947
52 -420.76725826765374
53 -299.04456004066196
54 -336.2773020000613
55 -292.68826264009135
56 -261.46311438809005
57 -30.25971826144852
58 -66.04615603611681
59 -249.9616118856453
60 -353.7170075596101
61 -252.2028039501499
62 -374.11423942755926
63 -431.0896312406295
64 -139.40308061015503
65 -232.28255199339497
66 -334.69245080831274
67 -465.025079897496
68 -334.20585350295875
69 -374.6219913129646
70 -300.74039552964183
71 -384.6041389344792
72 -182.3988914941856
73 -378.6933883224889
74 -459.40917459524906
75 -382.07890683543985
76 -427.46961133049643
77 -271.18282064926666
78 -444.61456634894415
79 -374.6219913129646
80 -273.26868479900315
81 -485.0829470260761
82 -466.4986884888727
83 -374.6219913129646
84 -374.6219913129646
85 -376.08098148464825
86 -323.2958849093007
87 -433.3102453810016
88 -437.3092057521819
89 -367.26270147382746
90 -374.6219913129646
91 -264.82060775980744
92 -374.6219913129646
93 -430.2087249618894
94 -463.75526777154715
95 -492.54860128158924
96 -437.3173134018708
97 -477.2626864588241
98 -416.9925752521654
99 -374.6219913129646
100 -345.13665856277925
101 -393.6537919673888
102 -286.064738445702
103 -491.75084289986796
104 -493.08258367930165
105 -407.3080271440711
106 -484.12056135543156
107 -493.5151654686081
108 -433.98822739874936
109 -374.6219913129646
110 -298.19246234594993
111 -493.593592118464
112 -478.07441360093935
113 -374.6219913129646
114 -379.7098922159109
115 -475.4093755683469
116 -374.6219913129646
117 -484.9629423775904
118 -445.4214669565328
119 -444.84542642406876
120 -479.10276587237803
121 -499.8723592398036
122 -482.7623104068289
123 -494.0468399926269
124 -374.6219913129646
125 -498.2512897303155
126 -498.40507697193453
127 -486.55703925471283
128 -499.46510307129114
129 -374.6219913129646
130 -374.6219913129646
131 -447.60669971894055
132 -438.6063228208282
133 -493.8660083455094
134 -493.4103260325276
135 -464.71919347765373
136 -500.16560381611237
137 -499.0625197563318
138 -490.75046243158937
139 -417.52498152003886
140 -499.21555361341143
141 -495.6080119030543
142 -493.62121950858193
143 -374.6219913129646
144 -403.5949286973757
145 -497.96496638401607
146 -374.6219913129646
147 -495.4420748165742
148 -493.51214202760826
149 -380.9663114630875
150 -493.6831531334279
151 -498.8439175885966
152 -500.8183975414316
153 -498.3163160466918
154 -495.721922810564
155 -499.62919155850193
156 -498.9348268507416
157 -498.5529018029732
158 -513.7309717283825
159 -498.4775923513058
160 -374.6219913129646
161 -500.17783338403524
162 -464.4881097855568
163 -499.05051896107256
164 -500.3287821311234
165 -477.22847650052637
166 -500.4176458889471
167 -500.3340459879529
168 -500.9833756731582
169 -498.6044305414469
170 -556.3589408574803
171 -497.87790198938285
172 -496.2289944993569
173 -437.555570985851
174 -492.3354642825864
175 -500.0351784014087
176 -498.79012045859344
177 -497.8277013653862
178 -499.3083789293884
179 -487.7912043782601
180 -497.1340084286928
181 -567.4609402906966
182 -624.3018194341432
183 -624.3018194341432
184 -624.3018194341432
185 -624.3018194341432
186 -624.3018194341432
187 -536.6367164798982
188 -624.3018194341432
189 -561.2064754390065
190 -434.78987498481644
191 -624.3018194341432
192 -593.9182308920788
193 -501.5134844621451
194 -612.9153842327037
195 -566.791666223106
196 -624.3018194341432
197 -529.1586372147003
198 -554.0927470160381
199 -583.5681211165618
200 -624.3018194341432
201 -624.3018194341432
202 -543.0331872656453
203 -498.00595379549816
204 -498.58917082224224
205 -562.3243413601712
206 -624.3018194341432
207 -500.04275666260787
208 -515.0210859425556
209 -498.06195802318626
210 -499.4372258560548
211 -624.3018194341432
212 -624.3018194341432
213 -624.3018194341432
214 -624.3018194341432
215 -624.3018194341432
216 -624.3018194341432
217 -624.3018194341432
218 -624.3018194341432
219 -624.3018194341432
220 -624.3018194341432
221 -624.3018194341432
222 -624.3018194341432
223 -624.3018194341432
224 -624.3018194341432
225 -624.3018194341432
226 -624.3018194341432
227 -624.3018194341432
228 -624.3018194341432
229 -624.3018194341432
230 -624.3018194341432
231 -624.3018194341432
232 -624.3018194341432
233 -624.3018194341432
234 -579.9402379713463
235 -624.3018194341432
236 -624.3018194341432
237 -624.3018194341432
238 -624.3018194341432
239 -571.1279125814754
240 -505.08524354595016
241 -624.3018194341432
242 -624.3018194341432
243 -624.3018194341432
244 -624.3018194341432
245 -624.3018194341432
246 -624.3018194341432
247 -624.3018194341432
248 -624.3018194341432
249 -624.3018194341432
250 -624.3018194341432
251 -624.3018194341432
252 -624.3018194341432
253 -624.3018194341432
254 -624.3018194341432
255 -624.3018194341432
256 -624.3018194341432
257 -624.3018194341432
258 -624.3018194341432
259 -624.3018194341432
260 -624.3018194341432
261 -624.3018194341432
262 -624.3018194341432
263 -624.3018194341432
264 -624.3018194341432
265 -624.3018194341432
266 -624.3018194341432
267 -624.3018194341432
268 -624.3018194341432
269 -624.3018194341432
270 -535.3147896314741
271 -624.3018194341432
272 -624.3018194341432
273 -624.3018194341432
274 -624.3018194341432
275 -624.3018194341432
276 -624.3018194341432
277 -624.3018194341432
278 -624.3018194341432
279 -624.3018194341432
280 -624.3018194341432
281 -624.3018194341432
282 -624.3018194341432
283 -624.3018194341432
284 -624.3018194341432
285 -624.3018194341432
286 -624.3018194341432
287 -624.3018194341432
288 -624.3018194341432
289 -624.3018194341432
290 -624.3018194341432
291 -624.3018194341432
292 -624.3018194341432
293 -624.3018194341432
294 -624.3018194341432
295 -624.3018194341432
296 -624.3018194341432
297 -624.3018194341432
298 -624.3018194341432
299 -624.3018194341432
300 -624.3018194341432
301 -624.3018194341432
302 -624.3018194341432
303 -624.3018194341432
304 -624.3018194341432
305 -624.3018194341432
306 -624.3018194341432
307 -624.3018194341432
308 -624.3018194341432
309 -624.3018194341432
310 -624.3018194341432
311 -624.3018194341432
312 -624.3018194341432
313 -624.3018194341432
314 -624.3018194341432
315 -624.3018194341432
316 -624.3018194341432
317 -624.3018194341432
318 -624.3018194341432
319 -624.3018194341432
320 -624.3018194341432
321 -624.3018194341432
322 -624.3018194341432
323 -624.3018194341432
324 -624.3018194341432
325 -624.3018194341432
326 -624.3018194341432
327 -624.3018194341432
328 -624.3018194341432
329 -624.3018194341432
330 -624.3018194341432
331 -624.3018194341432
332 -624.3018194341432
333 -624.3018194341432
334 -624.3018194341432
335 -624.3018194341432
336 -624.3018194341432
337 -624.3018194341432
338 -624.3018194341432
339 -624.3018194341432
340 -624.3018194341432
341 -624.3018194341432
342 -624.3018194341432
343 -624.3018194341432
344 -624.3018194341432
345 -624.3018194341432
346 -624.3018194341432
347 -624.3018194341432
348 -624.3018194341432
349 -624.3018194341432
350 -624.3018194341432
351 -624.3018194341432
352 -624.3018194341432
353 -624.3018194341432
354 -624.3018194341432
355 -624.3018194341432
356 -624.3018194341432
357 -624.3018194341432
358 -624.3018194341432
359 -624.3018194341432
360 -624.3018194341432
361 -624.3018194341432
362 -624.3018194341432
363 -624.3018194341432
364 -624.3018194341432
365 -624.3018194341432
366 -624.3018194341432
367 -624.3018194341432
368 -624.3018194341432
369 -624.3018194341432
370 -624.3018194341432
371 -624.3018194341432
372 -624.3018194341432
373 -624.3018194341432
374 -624.3018194341432
375 -624.3018194341432
376 -624.3018194341432
377 -624.3018194341432
378 -624.3018194341432
379 -624.3018194341432
380 -624.3018194341432
381 -624.3018194341432
382 -624.3018194341432
383 -624.3018194341432
384 -624.3018194341432
385 -624.3018194341432
386 -624.3018194341432
387 -624.3018194341432
388 -624.3018194341432
389 -624.3018194341432
390 -624.3018194341432
391 -624.3018194341432
392 -624.3018194341432
393 -624.3018194341432
394 -624.3018194341432
395 -624.3018194341432
396 -624.3018194341432
397 -624.3018194341432
398 -624.3018194341432
399 -624.3018194341432
400 -624.3018194341432
401 -624.3018194341432
402 -624.3018194341432
403 -624.3018194341432
404 -624.3018194341432
405 -624.3018194341432
406 -624.3018194341432
407 -624.3018194341432
408 -624.3018194341432
409 -624.3018194341432
410 -624.3018194341432
411 -624.3018194341432
412 -624.3018194341432
413 -624.3018194341432
414 -624.3018194341432
415 -624.3018194341432
416 -624.3018194341432
417 -624.3018194341432
418 -624.3018194341432
419 -624.3018194341432
420 -624.3018194341432
421 -624.3018194341432
422 -624.3018194341432
423 -624.3018194341432
424 -624.3018194341432
425 -624.3018194341432
426 -624.3018194341432
427 -624.3018194341432
428 -624.3018194341432
429 -624.3018194341432
430 -624.3018194341432
431 -624.3018194341432
432 -624.3018194341432
433 -624.3018194341432
434 -624.3018194341432
435 -624.3018194341432
436 -624.3018194341432
437 -624.3018194341432
438 -624.3018194341432
439 -624.3018194341432
440 -624.3018194341432
441 -624.3018194341432
442 -624.3018194341432
443 -624.3018194341432
444 -624.3018194341432
445 -624.3018194341432
446 -624.3018194341432
447 -624.3018194341432
448 -624.3018194341432
449 -624.3018194341432
450 -624.3018194341432
451 -624.3018194341432
452 -624.3018194341432
453 -624.3018194341432
454 -624.3018194341432
455 -624.3018194341432
456 -624.3018194341432
457 -624.3018194341432
458 -624.3018194341432
459 -624.3018194341432
460 -624.3018194341432
461 -624.3018194341432
462 -624.3018194341432
463 -624.3018194341432
464 -624.3018194341432
465 -624.3018194341432
466 -624.3018194341432
467 -624.3018194341432
468 -624.3018194341432
469 -624.3018194341432
470 -624.3018194341432
471 -624.3018194341432
472 -624.3018194341432
473 -624.3018194341432
474 -624.3018194341432
475 -624.3018194341432
476 -624.3018194341432
477 -624.3018194341432
478 -624.3018194341432
479 -624.3018194341432
480 -624.3018194341432
481 -624.3018194341432
482 -624.3018194341432
483 -624.3018194341432
484 -624.3018194341432
485 -624.3018194341432
486 -624.3018194341432
487 -624.3018194341432
488 -624.3018194341432
489 -624.3018194341432
490 -624.3018194341432
491 -624.3018194341432
492 -624.3018194341432
493 -624.3018194341432
494 -624.3018194341432
495 -624.3018194341432
496 -624.3018194341432
497 -624.3018194341432
498 -624.3018194341432
499 -624.3018194341432
500 -624.3018194341432
501 -624.3018194341432
502 -624.3018194341432
503 -624.3018194341432
504 -624.3018194341432
505 -624.3018194341432
506 -624.3018194341432
507 -624.3018194341432
508 -624.3018194341432
509 -624.3018194341432
510 -624.3018194341432
evaluations raw_y
1 -106.98433162584944
2 -50.61919577041006
3 -77.28331907377519
4 35.28018365165883
5 -200.3826502727516
6 -106.39354431950615
7 -25.47193931959218
8 -6.236274548634985
9 155.03952629433365
10 116.65271074996075
11 -32.877671643202106
12 20.662502241731563
13 0.5850362641429143
14 18.17074975118832
15 14.80054597933603
16 -91.61967965963227
17 -103.57851481257406
18 44.086790815182034
19 -107.1613051742604
20 28.748468688921662
21 67.27738153712046
22 47.46032358684528
23 59.04195710164966
24 1.869606539933386
25 -97.00142836721915
26 -165.5033716498616
27 -108.95717207373112
28 47.09298932664235
29 8.7663877423075
30 -83.58844236547375
31 -131.09445510349693
32 -82.29280825998853
33 -83.17341101744303
34 -45.18848221273766
35 -200.3826502727516
36 -112.81237466294664
37 -265.2736315207692
38 -67.73961917684416
39 -441.7348047427985
40 -140.2777504078372
41 -85.63157236566083
42 -160.29861796744996
43 -3.1398816097508453
44 -50.10871716806336
45 -61.4533386730735
46 -85.78480536833506
47 -164.40601943324816
48 -301.2723391962688
49 -153.16057031410327
50 -53.908146157879095
51 -44.568895796873754
52 -4.284525441364314
53 -286.10221592888087
54 -378.50955126894087
55 -215.35003807972055
56 -167.45945387285408
57 -359.03753513775257
58 -337.7044965263774
59 -149.46577877621246
60 -74.97791256043855
61 -403.48340205456793
62 -256.32770215571304
63 -490.32423461859753
64 -605.2398463496377
65 -453.20713621467866
66 -214.89667688534894
67 -554.3991124802187
68 -222.106418442595
69 -624.3018194341432
70 -545.558744230323
71 -157.7109490228771
72 -406.29094990524175
73 -75.25144098107805
74 -164.2909348792615
75 -478.4579864344367
76 -445.40090706858933
77 -340.7330635141656
78 -370.82175720447447
79 -272.6436098279818
80 -370.59373901746756
81 -461.1289540321821
82 -326.66369526932175
83 -404.1435827061896
84 -502.40576005183044
85 -512.7844775089135
86 -280.662594572011
87 -349.83840910602356
88 -510.51462954472714
89 -624.3018194341432
90 -504.9608707326244
91 -624.3018194341432
92 -624.3018194341432
93 -554.2932721239897
94 -624.3018194341432
95 -624.3018194341432
96 -624.3018194341432
97 -624.3018194341432
98 -595.5792377046257
99 -624.3018194341432
100 -624.3018194341432
101 -624.3018194341432
102 -624.3018194341432
103 -206.79671643044503
104 -571.0634446947137
105 -624.3018194341432
106 -561.5431832265333
107 -624.3018194341432
108 -624.3018194341432
109 -510.4698947881648
110 -624.3018194341432
111 -624.3018194341432
112 -624.3018194341432
113 -624.3018194341432
114 -579.3692768601123
115 -612.1802974161156
116 -559.9478428672218
117 -624.3018194341432
118 -624.3018194341432
119 -624.3018194341432
120 -624.3018194341432
121 -624.3018194341432
122 -624.3018194341432
123 -624.3018194341432
124 -624.3018194341432
125 -624.3018194341432
126 -624.3018194341432
127 -624.3018194341432
128 -623.3853772891854
129 -624.3018194341432
130 -624.3018194341432
131 -624.3018194341432
132 -624.3018194341432
133 -624.3018194341432
134 -624.3018194341432
135 -624.3018194341432
136 -624.3018194341432
137 -624.3018194341432
138 -624.3018194341432
139 -621.0025531179102
140 -624.3018194341432
141 -624.3018194341432
142 -624.3018194341432
143 -624.3018194341432
144 -624.3018194341432
145 -618.1651275601191
146 -624.3018194341432
147 -624.3018194341432
148 -624.3018194341432
149 -624.3018194341432
150 -624.3018194341432
151 -624.3018194341432
152 -624.3018194341432
153 -624.3018194341432
154 -624.3018194341432
155 -624.3018194341432
156 -624.3018194341432
157 -624.3018194341432
158 -623.6734140968692
159 -624.3018194341432
160 -624.3018194341432
161 -624.3018194341432
162 -624.3018194341432
163 -624.3018194341432
164 -624.3018194341432
165 -624.3018194341432
166 -624.3018194341432
167 -624.3018194341432
168 -624.3018194341432
169 -624.3018194341432
170 -624.3018194341432
171 -624.3018194341432
172 -624.3018194341432
173 -624.3018194341432
174 -624.3018194341432
175 -623.5152245176672
176 -624.3018194341432
177 -624.3018194341432
178 -624.3018194341432
179 -624.3018194341432
180 -624.3018194341432
181 -624.3018194341432
182 -624.3018194341432
183 -624.3018194341432
184 -624.3018194341432
185 -624.3018194341432
186 -624.3018194341432
187 -624.3018194341432
188 -623.8054816485972
189 -624.3018194341432
190 -624.3018194341432
191 -624.3018194341432
192 -624.3018194341432
193 -624.3018194341432
194 -624.3018194341432
195 -624.3018194341432
196 -624.3018194341432
197 -624.3018194341432
198 -624.3018194341432
199 -624.3018194341432
200 -624.3018194341432
201 -624.3018194341432
202 -624.3018194341432
203 -624.3018194341432
204 -624.3018194341432
205 -624.2967647449367
206 -624.3018194341432
207 -624.3018194341432
208 -624.3018194341432
209 -624.3018194341432
210 -624.3018194341432
211 -624.3018194341432
212 -624.3018194341432
213 -624.3018194341432
214 -624.3018194341432
215 -624.3018194341432
216 -624.3018194341432
217 -624.3018194341432
218 -624.2103100009608
219 -624.3018194341432
220 -624.3018194341432
221 -624.3018194341432
222 -624.3018194341432
223 -624.3018194341432
224 -624.3018194341432
225 -624.3018194341432
226 -624.3018194341432
227 -624.3018194341432
228 -624.3018194341432
229 -624.3018194341432
230 -624.3018194341432
231 -624.3018194341432
232 -624.3018194341432
233 -624.3018194341432
234 -624.3018194341432
235 -624.3018194341432
236 -624.3018194341432
237 -624.3018194341432
238 -624.3018194341432
239 -624.3018194341432
240 -624.3018194341432
241 -624.3018194341432
242 -624.3018194341432
243 -624.3018194341432
244 -624.3018194341432
245 -624.3018194341432
246 -624.3018194341432
247 -624.3018194341432
248 -624.3018194341432
249 -624.3018194341432
250 -624.3018194341432
251 -624.3018194341432
252 -624.3018194341432
253 -624.3018194341432
254 -624.3018194341432
255 -624.3018194341432
256 -624.3018194341432
257 -624.3018194341432
258 -624.3018194341432
259 -624.3018194341432
260 -624.3018194341432
261 -624.3018194341432
262 -624.3018194341432
263 -624.3018194341432
264 -624.3018194341432
265 -624.3018194341432
266 -624.3018194341432
267 -624.3018194341432
268 -624.3018194341432
269 -624.3018194341432
270 -624.3018194341432
271 -624.3018194341432
272 -624.3018194341432
273 -624.3018194341432
274 -624.3018194341432
275 -624.3018194341432
276 -624.3018194341432
277 -624.3018194341432
278 -624.3018194341432
279 -624.3018194341432
280 -624.3018194341432
281 -624.3018194341432
282 -624.3018194341432
283 -624.3018194341432
284 -624.3018194341432
285 -624.3018194341432
286 -624.3018194341432
287 -624.3018194341432
288 -624.3018194341432
289 -624.3018194341432
290 -624.3018194341432
291 -624.3018194341432
292 -624.3018194341432
293 -624.3018194341432
294 -624.3018194341432
295 -624.3018194341432
296 -624.3018194341432
297 -624.3018194341432
298 -624.3018194341432
299 -624.3018194341432
300 -624.3018194341432
301 -624.3018194341432
302 -624.3018194341432
303 -624.3018194341432
304 -624.3018194341432
305 -624.3018194341432
306 -624.3018194341432
307 -624.3018194341432
308 -624.3018194341432
309 -624.3018194341432
310 -624.3018194341432
311 -624.3018194341432
312 -624.3018194341432
313 -624.3018194341432
314 -624.3018194341432
315 -624.3018194341432
316 -624.3018194341432
317 -624.3018194341432
318 -624.3018194341432
319 -624.3018194341432
320 -624.3018194341432
321 -624.3018194341432
322 -624.3018194341432
323 -624.3018194341432
324 -624.3018194341432
325 -624.3018194341432
326 -624.3018194341432
327 -624.3018194341432
328 -624.3018194341432
329 -624.3018194341432
330 -624.3018194341432
331 -624.3018194341432
332 -624.3018194341432
333 -624.3018194341432
334 -624.3018194341432
335 -624.3018194341432
336 -624.3018194341432
337 -624.3018194341432
338 -624.3018194341432
339 -624.3018194341432
340 -624.3018194341432
341 -624.3018194341432
342 -624.3018194341432
343 -624.3018194341432
344 -624.3018194341432
345 -624.3018194341432
346 -624.3018194341432
347 -624.3018194341432
348 -624.3018194341432
349 -624.3018194341432
350 -624.3018194341432
351 -624.3018194341432
352 -624.3018194341432
353 -624.3018194341432
354 -624.3018194341432
355 -624.3018194341432
356 -624.3018194341432
357 -624.3018194341432
358 -624.3018194341432
359 -624.3018194341432
360 -624.3018194341432
361 -624.3018194341432
362 -624.3018194341432
363 -624.3018194341432
364 -624.3018194341432
365 -624.3018194341432
366 -624.3018194341432
367 -624.3018194341432
368 -624.3018194341432
369 -624.3018194341432
370 -624.3018194341432
371 -624.3018194341432
372 -624.3018194341432
373 -624.3018194341432
374 -624.3018194341432
375 -624.3018194341432
376 -624.3018194341432
377 -624.3018194341432
378 -624.3018194341432
379 -624.3018194341432
380 -624.3018194341432
381 -624.3018194341432
382 -624.3018194341432
383 -624.3018194341432
384 -624.3018194341432
385 -624.3018194341432
386 -624.3018194341432
387 -624.3018194341432
388 -624.3018194341432
389 -624.3018194341432
390 -624.3018194341432
391 -624.3018194341432
392 -624.3018194341432
393 -624.3018194341432
394 -624.3018194341432
395 -624.3018194341432
396 -624.3018194341432
397 -624.3018194341432
398 -624.3018194341432
399 -624.3018194341432
400 -624.3018194341432
401 -624.3018194341432
402 -624.3018194341432
403 -624.3018194341432
404 -624.3018194341432
405 -624.3018194341432
406 -624.3018194341432
407 -624.3018194341432
408 -624.3018194341432
409 -624.3018194341432
410 -624.3018194341432
411 -624.3018194341432
412 -624.3018194341432
413 -624.3018194341432
414 -624.3018194341432
415 -624.3018194341432
416 -624.3018194341432
417 -624.3018194341432
418 -624.3018194341432
419 -624.3018194341432
420 -624.3018194341432
421 -624.3018194341432
422 -624.3018194341432
423 -624.3018194341432
424 -624.3018194341432
425 -624.3018194341432
426 -624.3018194341432
427 -624.3018194341432
428 -624.3018194341432
429 -624.3018194341432
430 -624.3018194341432
431 -624.3018194341432
432 -624.3018194341432
433 -624.3018194341432
434 -624.3018194341432
435 -624.3018194341432
436 -624.3018194341432
437 -624.3018194341432
438 -624.3018194341432
439 -624.3018194341432
440 -624.3018194341432
441 -624.3018194341432
442 -624.3018194341432
443 -624.3018194341432
444 -624.3018194341432
445 -624.3018194341432
446 -624.3018194341432
447 -624.3018194341432
448 -624.3018194341432
449 -624.3018194341432
450 -624.3018194341432
451 -624.3018194341432
452 -624.3018194341432
453 -624.3018194341432
454 -624.3018194341432
455 -624.3018194341432
456 -624.3018194341432
457 -624.3018194341432
458 -624.3018194341432
459 -624.3018194341432
460 -624.3018194341432
461 -624.3018194341432
462 -624.3018194341432
463 -624.3018194341432
464 -624.3018194341432
465 -624.3018194341432
466 -624.3018194341432
467 -624.3018194341432
468 -624.3018194341432
469 -624.3018194341432
470 -624.3018194341432
471 -624.3018194341432
472 -624.3018194341432
473 -624.3018194341432
474 -624.3018194341432
475 -624.3018194341432
476 -624.3018194341432
477 -624.3018194341432
478 -624.3018194341432
479 -624.3018194341432
480 -624.3018194341432
481 -624.3018194341432
482 -624.3018194341432
483 -624.3018194341432
484 -624.3018194341432
485 -624.3018194341432
486 -624.3018194341432
487 -624.3018194341432
488 -624.3018194341432
489 -624.3018194341432
490 -624.3018194341432
491 -624.3018194341432
492 -624.3018194341432
493 -624.3018194341432
494 -624.3018194341432
495 -624.3018194341432
496 -624.3018194341432
497 -624.3018194341432
498 -624.3018194341432
499 -624.3018194341432
500 -624.3018194341432
501 -624.3018194341432
502 -624.3018194341432
503 -624.3018194341432
504 -624.3018194341432
505 -624.3018194341432
506 -624.3018194341432
507 -624.3018194341432
508 -624.3018194341432
509 -624.3018194341432
510 -624.3018194341432
evaluations raw_y
1 60.889331259834826
2 -105.83184817101746
3 -106.74936073474987
4 -123.72964990209998
5 -44.22478714202597
6 74.81078447978916
7 220.8530988586833
8 -86.97598308169424
9 -21.39258874029511
10 26.41468349745469
11 -121.80582245829527
12 31.677255515398006
13 -7.873479215868694
14 -14.174361045912176
15 22.490601223630854
16 -293.6130468573679
17 17.86824231095678
18 110.99800521047575
19 72.21276483312408
20 41.83668794171975
21 154.99059821995775
22 31.90820773744386
23 -134.53054080960484
24 -74.46634644805037
25 -21.69565009905773
26 -67.17405923209189
27 28.281144979278476
28 -32.982151118272974
29 19.941279096385124
30 13.087885104519083
31 9.536908592765178
32 -282.33750635110795
33 -248.72892760915173
34 -484.8653230340153
35 -232.38787300798583
36 -3.0861658104590908
37 60.60173425100906
38 -87.40707925946934
39 -56.79670314862992
40 -265.8112574907006
41 -233.45022693498595
42 -61.93066677138711
43 -247.52342855263518
44 -151.162259962957
45 -563.5142726732964
46 -293.6130468573679
47 -24.126398773577208
48 -530.6410549197876
49 -605.8314305749141
50 -454.14195002857144
51 -624.3018194341432
52 -271.95924149446716
53 -268.23282155245874
54 -441.64979921801944
55 -52.19829583161624
56 -129.97323256988474
57 -458.37693103417786
58 -236.31411366969718
59 14.815488944690918
60 -522.7763819206782
61 -621.5022069352116
62 -624.3018194341432
63 -607.1684948120942
64 -554.8640682791191
65 -584.6123424656474
66 -624.3018194341432
67 -624.3018194341432
68 -624.3018194341432
69 -340.53423279124746
70 -582.3219734439487
71 -624.3018194341432
72 -624.3018194341432
73 -592.3898021861961
74 -446.1313623584466
75 -624.3018194341432
76 -624.3018194341432
77 -93.03515223503899
78 -618.8554750873742
79 -624.3018194341432
80 -615.4443133377877
81 -624.3018194341432
82 -624.3018194341432
83 -557.2331513334077
84 -488.54240419294337
85 -624.3018194341432
86 -606.6728677319411
87 -624.3018194341432
88 -603.9621967515146
89 -291.5711696849386
90 -624.3018194341432
91 -624.3018194341432
92 -624.3018194341432
93 -624.3018194341432
94 -607.8974399292382
95 -624.3018194341432
96 -624.3018194341432
97 -624.3018194341432
98 -624.3018194341432
99 -624.3018194341432
100 -624.3018194341432
101 -624.3018194341432
102 -624.3018194341432
103 -624.3018194341432
104 -624.3018194341432
105 -624.3018194341432
106 -624.3018194341432
107 -135.50145245244633
108 -624.3018194341432
109 -624.3018194341432
110 -623.4219117675025
111 -624.3018194341432
112 -624.3018194341432
113 -624.3018194341432
114 -624.3018194341432
115 -624.3018194341432
116 -624.3018194341432
117 -624.3018194341432
118 -624.3018194341432
119 -622.6424979553711
120 -624.3018194341432
121 -624.3018194341432
122 -624.3018194341432
123 -624.3018194341432
124 -624.3018194341432
125 -624.3018194341432
126 -624.3018194341432
127 -624.3018194341432
128 -624.3018194341432
129 -624.3018194341432
130 -624.3018194341432
131 -624.3018194341432
132 -624.3018194341432
133 -624.3018194341432
134 -624.3018194341432
135 -624.3018194341432
136 -624.3018194341432
137 -274.9206967853014
138 -624.3018194341432
139 -624.3018194341432
140 -624.1480477276092
141 -624.3018194341432
142 -624.3018194341432
143 -624.3018194341432
144 -624.3018194341432
145 -624.3018194341432
146 -624.3018194341432
147 -624.3018194341432
148 -624.3018194341432
149 -624.3018194341432
150 -624.3018194341432
151 -624.3018194341432
152 -624.3018194341432
153 -624.3018194341432
154 -624.3018194341432
155 -624.3018194341432
156 -624.3018194341432
157 -624.3018194341432
158 -624.3018194341432
159 -624.3018194341432
160 -624.3018194341432
161 -624.3018194341432
162 -624.3018194341432
163 -624.3018194341432
164 -624.3018194341432
165 -624.3018194341432
166 -624.3018194341432
167 -624.3018194341432
168 -624.3018194341432
169 -624.3018194341432
170 -624.2978373603743
171 -624.3018194341432
172 -624.3018194341432
173 -624.3018194341432
174 -624.3018194341432
175 -624.3018194341432
176 -624.3018194341432
177 -624.3018194341432
178 -624.3018194341432
179 -624.3018194341432
180 -624.3018194341432
181 -624.3018194341432
182 -624.3018194341432
183 -624.3018194341432
184 -624.3018194341432
185 -624.3018194341432
186 -624.3018194341432
187 -624.3018194341432
188 -624.3018194341432
189 -624.3018194341432
190 -624.3018194341432
191 -624.3018194341432
192 -624.3018194341432
193 -624.3018194341432
194 -624.3018194341432
195 -624.3018194341432
196 -624.3018194341432
197 -624.3018194341432
198 -624.3018194341432
199 -624.3018194341432
200 -624.3018194341432
201 -624.3018194341432
202 -624.3018194341432
203 -624.3018194341432
204 -624.3018194341432
205 -624.3018194341432
206 -624.3018194341432
207 -624.3018194341432
208 -624.3018194341432
209 -624.3018194341432
210 -624.3018194341432
211 -624.3018194341432
212 -624.3018194341432
213 -624.3018194341432
214 -624.3018194341432
215 -624.3018194341432
216 -624.3018194341432
217 -624.3018194341432
218 -624.3018194341432
219 -624.3018194341432
220 -624.3018194341432
221 -624.3018194341432
222 -624.3018194341432
223 -624.3018194341432
224 -624.3018194341432
225 -624.3018194341432
226 -624.3018194341432
227 -624.3018194341432
228 -624.3018194341432
229 -624.3018194341432
230 -624.3018194341432
231 -624.3018194341432
232 -624.3018194341432
233 -624.3018194341432
234 -624.3018194341432
235 -624.3018194341432
236 -624.3018194341432
237 -624.3018194341432
238 -624.3018194341432
239 -624.3018194341432
240 -624.3018194341432
241 -624.3018194341432
242 -624.3018194341432
243 -624.3018194341432
244 -624.3018194341432
245 -624.3018194341432
246 -624.3018194341432
247 -624.3018194341432
248 -624.3018194341432
249 -624.3018194341432
250 -624.3018194341432
251 -624.3018194341432
252 -624.3018194341432
253 -624.3018194341432
254 -624.3018194341432
255 -624.3018194341432
256 -624.3018194341432
257 -624.3018194341432
258 -624.3018194341432
259 -624.3018194341432
260 -624.3018194341432
261 -624.3018194341432
262 -624.3018194341432
263 -624.3018194341432
264 -624.3018194341432
265 -624.3018194341432
266 -624.3018194341432
267 -624.3018194341432
268 -624.3018194341432
269 -624.3018194341432
270 -624.3018194341432
271 -624.3018194341432
272 -624.3018194341432
273 -624.3018194341432
274 -624.3018194341432
275 -624.3018194341432
276 -624.3018194341432
277 -624.3018194341432
278 -624.3018194341432
279 -624.3018194341432
280 -624.3018194341432
281 -624.3018194341432
282 -624.3018194341432
283 -624.3018194341432
284 -624.3018194341432
285 -624.3018194341432
286 -624.3018194341432
287 -624.3018194341432
288 -624.3018194341432
289 -624.3018194341432
290 -624.3018194341432
291 -624.3018194341432
292 -624.3018194341432
293 -624.3018194341432
294 -624.3018194341432
295 -624.3018194341432
296 -624.3018194341432
297 -624.3018194341432
298 -624.3018194341432
299 -624.3018194341432
300 -624.3018194341432
301 -624.3018194341432
302 -624.3018194341432
303 -624.3018194341432
304 -624.3018194341432
305 -624.3018194341432
306 -624.3018194341432
307 -624.3018194341432
308 -624.3018194341432
309 -624.3018194341432
310 -624.3018194341432
311 -624.3018194341432
312 -624.3018194341432
313 -624.3018194341432
314 -624.3018194341432
315 -624.3018194341432
316 -624.3018194341432
317 -624.3018194341432
318 -624.3018194341432
319 -624.3018194341432
320 -624.3018194341432
321 -624.3018194341432
322 -624.3018194341432
323 -624.3018194341432
324 -624.3018194341432
325 -624.3018194341432
326 -624.3018194341432
327 -624.3018194341432
328 -624.3018194341432
329 -624.3018194341432
330 -624.3018194341432
331 -624.3018194341432
332 -624.3018194341432
333 -624.3018194341432
334 -624.3018194341432
335 -624.3018194341432
336 -624.3018194341432
337 -624.3018194341432
338 -624.3018194341432
339 -624.3018194341432
340 -624.3018194341432
341 -624.3018194341432
342 -624.3018194341432
343 -624.3018194341432
344 -624.3018194341432
345 -624.3018194341432
346 -624.3018194341432
347 -624.3018194341432
348 -624.3018194341432
349 -624.3018194341432
350 -624.3018194341432
351 -624.3018194341432
352 -624.3018194341432
353 -624.3018194341432
354 -624.3018194341432
355 -624.3018194341432
356 -624.3018194341432
357 -624.3018194341432
358 -624.3018194341432
359 -624.3018194341432
360 -624.3018194341432
361 -624.3018194341432
362 -624.3018194341432
363 -624.3018194341432
364 -624.3018194341432
365 -624.3018194341432
366 -624.3018194341432
367 -624.3018194341432
368 -624.3018194341432
369 -624.3018194341432
370 -624.3018194341432
371 -624.3018194341432
372 -624.3018194341432
373 -624.3018194341432
374 -624.3018194341432
375 -624.3018194341432
376 -624.3018194341432
377 -624.3018194341432
378 -624.3018194341432
379 -624.3018194341432
380 -624.3018194341432
381 -624.3018194341432
382 -624.3018194341432
383 -624.3018194341432
384 -624.3018194341432
385 -624.3018194341432
386 -624.3018194341432
387 -624.3018194341432
388 -624.3018194341432
389 -624.3018194341432
390 -624.3018194341432
391 -624.3018194341432
392 -624.3018194341432
393 -624.3018194341432
394 -624.3018194341432
395 -624.3018194341432
396 -624.3018194341432
397 -624.3018194341432
398 -624.3018194341432
399 -624.3018194341432
400 -624.3018194341432
401 -624.3018194341432
402 -624.3018194341432
403 -624.3018194341432
404 -624.3018194341432
405 -624.3018194341432
406 -624.3018194341432
407 -624.3018194341432
408 -624.3018194341432
409 -624.3018194341432
410 -624.3018194341432
411 -624.3018194341432
412 -624.3018194341432
413 -624.3018194341432
414 -624.3018194341432
415 -624.3018194341432
416 -624.3018194341432
417 -624.3018194341432
418 -624.3018194341432
419 -624.3018194341432
420 -624.3018194341432
421 -624.3018194341432
422 -624.3018194341432
423 -624.3018194341432
424 -624.3018194341432
425 -624.3018194341432
426 -624.3018194341432
427 -624.3018194341432
428 -624.3018194341432
429 -624.3018194341432
430 -624.3018194341432
431 -624.3018194341432
432 -624.3018194341432
433 -624.3018194341432
434 -624.3018194341432
435 -624.3018194341432
436 -624.3018194341432
437 -624.3018194341432
438 -624.3018194341432
439 -624.3018194341432
440 -624.3018194341432
441 -624.3018194341432
442 -624.3018194341432
443 -624.3018194341432
444 -624.3018194341432
445 -624.3018194341432
446 -624.3018194341432
447 -624.3018194341432
448 -624.3018194341432
449 -624.3018194341432
450 -624.3018194341432
451 -624.3018194341432
452 -624.3018194341432
453 -624.3018194341432
454 -624.3018194341432
455 -624.3018194341432
456 -624.3018194341432
457 -624.3018194341432
458 -624.3018194341432
459 -624.3018194341432
460 -624.3018194341432
461 -624.3018194341432
462 -624.3018194341432
463 -624.3018194341432
464 -624.3018194341432
465 -624.3018194341432
466 -624.3018194341432
467 -624.3018194341432
468 -624.3018194341432
469 -624.3018194341432
470 -624.3018194341432
471 -624.3018194341432
472 -624.3018194341432
473 -624.3018194341432
474 -624.3018194341432
475 -624.3018194341432
476 -624.3018194341432
477 -624.3018194341432
478 -624.3018194341432
479 -624.3018194341432
480 -624.3018194341432
481 -624.3018194341432
482 -624.3018194341432
483 -624.3018194341432
484 -624.3018194341432
485 -624.3018194341432
486 -624.3018194341432
487 -624.3018194341432
488 -624.3018194341432
489 -624.3018194341432
490 -624.3018194341432
491 -624.3018194341432
492 -624.3018194341432
493 -624.3018194341432
494 -624.3018194341432
495 -624.3018194341432
496 -624.3018194341432
497 -624.3018194341432
498 -624.3018194341432
499 -624.3018194341432
500 -624.3018194341432
501 -624.3018194341432
502 -624.3018194341432
503 -624.3018194341432
504 -624.3018194341432
505 -624.3018194341432
506 -624.3018194341432
507 -624.3018194341432
508 -624.3018194341432
509 -624.3018194341432
510 -624.3018194341432
evaluations raw_y
1 225.2911335855862
2 -52.17423554985042
3 118.1919879871323
4 -118.03293889101167
5 130.21471517186856
6 -100.28392483977898
7 -13.27948548697524
8 7.486247992057359
9 -13.614074772515666
10 -6.393603650995673
11 33.06767327390214
12 76.86436334416588
13 100.62783520663729
14 -40.23465691403937
15 -6.71278448755786
16 -34.19558635636542
17 -144.8252532100059
18 148.1520409607613
19 5.648262434635305
20 -28.443615970173536
21 158.41466419950677
22 -18.681426319475197
23 -126.15054316083372
24 164.99340724584889
25 251.00879049818317
26 -308.52385942284985
27 85.73532701985485
28 -177.61357573881565
29 106.72780985863668
30 102.89930449025935
31 -1.1707537989201284
32 -297.042523424254
33 -47.80414902945998
34 -297.1974342695187
35 -338.80679199889033
36 -96.81947912983014
37 -207.88209538152685
38 -269.6631472049933
39 -22.5506148259012
40 -10.423821567806849
41 -14.814533837660338
42 -345.1927268121527
43 58.06724974872107
44 -273.18087730725176
45 -264.57718802579285
46 -372.42478501955986
47 -163.47065973344877
48 -71.1287596905576
49 -263.81112452106134
50 -148.7684036552112
51 -33.198485764058596
52 -369.97792780164184
53 -289.43179739823614
54 -368.2860232255971
55 161.23296080841578
56 -308.52385942284985
57 51.141060172497816
58 -333.3568544769176
59 83.19562345685152
60 -176.02534495691054
61 -387.2561966795989
62 -223.0429432651512
63 -296.9733401609909
64 -349.1864870966207
65 -265.9736272759406
66 -367.53015521492233
67 -249.0991780820724
68 -372.9249240410696
69 -369.89688352750915
70 -367.18136405551905
71 -120.77518945218478
72 -339.6765620215167
73 17.32580641234516
74 -178.2200754150697
75 -248.95325109216097
76 -374.06696332136045
77 -370.7168764216156
78 -373.63520591106794
79 -368.1769565157034
80 -345.80065127760787
81 -75.53839431276168
82 -373.22271411212324
83 -353.0267423954744
84 -376.588280448735
85 -375.7309775009441
86 -344.44952891505056
87 -23.759407723613265
88 -158.54794176880088
89 -281.9933647266658
90 -364.0078884382472
91 -497.97972517745507
92 -363.3199399120184
93 -305.5779379583514
94 -360.39906037424055
95 -254.07084519097467
96 -354.8717795119962
97 -373.9099589464392
98 -431.3551813948991
99 -381.1538200356027
100 -373.29886689276333
101 -312.9520122976642
102 -377.5427958209219
103 -335.48402382025296
104 -248.25871276055724
105 -254.73243741421302
106 -377.40537308988127
107 -423.93453178635724
108 -394.82705419324395
109 -378.5235130525993
110 -309.6036466636336
111 -424.7806824000477
112 -375.83562677715764
113 -379.1175766514553
114 -384.84928647747427
115 -453.7435717857194
116 -374.09576359563874
117 -414.66462108244735
118 -349.1403881752436
119 -380.88413156829233
120 -450.2914284751886
121 -497.96143992863676
122 -498.58854465572233
123 -497.32749013515496
124 -366.1395897511357
125 -446.1718057882517
126 -368.4744877859915
127 -500.4558761756321
128 -499.3622172864625
129 -490.81129411215295
130 -497.84969321571685
131 -498.45795804661844
132 -451.54398261417055
133 -499.9146599754429
134 -502.5509634748438
135 -369.2563862113602
136 -497.90119781809136
137 -479.9590708405081
138 -499.61559219912925
139 -444.99160262155294
140 -320.6027864444585
141 -499.4741289257848
142 -376.85816148269026
143 -425.26698482355835
144 -467.1967909361604
145 -493.6219293571416
146 -396.8712653853916
147 -500.19227302529475
148 -504.53586508285395
149 -498.8405732260036
150 -499.0100693446974
151 -497.9478782526886
152 -551.4065015968687
153 -520.1035857085582
154 -530.325409929705
155 -624.3018194341432
156 -505.3025344322775
157 -624.3018194341432
158 -499.29292847807943
159 -510.77801865148245
160 -500.11380547350717
161 -534.7187838874023
162 -500.9527693018734
163 -546.1210422000628
164 -624.3018194341432
165 -514.7509083233211
166 -510.85208881714345
167 -499.9319191609681
168 -497.9947005993762
169 -522.6558977087608
170 -442.6213400572978
171 -514.9828534261582
172 -378.7193371849682
173 -449.6009079489975
174 -499.2401979001341
175 -500.52643553184924
176 -501.0155542137393
177 -504.74471352594406
178 -624.3018194341432
179 -499.93586913429215
180 -532.6601201733284
181 -624.3018194341432
182 -624.3018194341432
183 -624.3018194341432
184 -544.6350666872303
185 -624.3018194341432
186 -539.9378270748681
187 -624.3018194341432
188 -500.49463411615665
189 -624.3018194341432
190 -502.3735745356582
191 -624.3018194341432
192 -624.3018194341432
193 -624.3018194341432
194 -624.3018194341432
195 -624.3018194341432
196 -624.3018194341432
197 -513.7328505677932
198 -624.3018194341432
199 -547.8845250638311
200 -568.5239807593674
201 -529.6129336084596
202 -603.8002114247026
203 -465.2925976817997
204 -624.3018194341432
205 -624.3018194341432
206 -528.1494330541208
207 -522.7533403627242
208 -624.3018194341432
209 -570.3372456569296
210 -592.9450425405315
211 -624.3018194341432
212 -624.3018194341432
213 -624.3018194341432
214 -624.3018194341432
215 -624.3018194341432
216 -613.7961383666866
217 -624.3018194341432
218 -624.3018194341432
219 -624.3018194341432
220 -624.3018194341432
221 -624.3018194341432
222 -624.3018194341432
223 -624.3018194341432
224 -624.3018194341432
225 -624.3018194341432
226 -624.3018194341432
227 -624.3018194341432
228 -624.3018194341432
229 -563.055560980823
230 -577.5692279459886
231 -624.3018194341432
232 -624.3018194341432
233 -538.2096319510418
234 -624.3018194341432
235 -624.3018194341432
236 -624.3018194341432
237 -617.506575979735
238 -624.3018194341432
239 -624.3018194341432
240 -607.3465192219251
241 -624.3018194341432
242 -624.3018194341432
243 -624.3018194341432
244 -624.3018194341432
245 -624.3018194341432
246 -624.3018194341432
247 -624.3018194341432
248 -624.3018194341432
249 -624.3018194341432
250 -624.3018194341432
251 -624.3018194341432
252 -624.3018194341432
253 -624.3018194341432
254 -624.3018194341432
255 -624.3018194341432
256 -624.3018194341432
257 -624.3018194341432
258 -624.3018194341432
259 -624.3018194341432
260 -586.2939895227735
261 -624.3018194341432
262 -624.3018194341432
263 -620.130468824528
264 -624.3018194341432
265 -624.3018194341432
266 -624.3018194341432
267 -624.3018194341432
268 -624.3018194341432
269 -624.3018194341432
270 -613.7685789266118
271 -624.3018194341432
272 -624.3018194341432
273 -624.3018194341432
274 -624.3018194341432
275 -624.3018194341432
276 -624.3018194341432
277 -624.3018194341432
278 -624.3018194341432
279 -624.3018194341432
280 -624.3018194341432
281 -624.3018194341432
282 -624.3018194341432
283 -624.3018194341432
284 -624.3018194341432
285 -624.3018194341432
286 -624.3018194341432
287 -624.3018194341432
288 -624.3018194341432
289 -624.3018194341432
290 -624.3018194341432
291 -624.3018194341432
292 -624.3018194341432
293 -624.3018194341432
294 -624.3018194341432
295 -624.3018194341432
296 -624.3018194341432
297 -624.3018194341432
298 -624.3018194341432
299 -624.3018194341432
300 -624.3018194341432
301 -624.3018194341432
302 -624.3018194341432
303 -624.3018194341432
304 -624.3018194341432
305 -624.3018194341432
306 -624.3018194341432
307 -624.3018194341432
308 -624.3018194341432
309 -624.3018194341432
310 -624.3018194341432
311 -624.3018194341432
312 -624.3018194341432
313 -624.3018194341432
314 -624.3018194341432
315 -624.3018194341432
316 -624.3018194341432
317 -624.3018194341432
318 -624.3018194341432
319 -624.3018194341432
320 -624.3018194341432
321 -624.3018194341432
322 -624.3018194341432
323 -624.3018194341432
324 -624.3018194341432
325 -624.3018194341432
326 -624.3018194341432
327 -624.3018194341432
328 -624.3018194341432
329 -624.3018194341432
330 -624.3018194341432
331 -624.3018194341432
332 -624.3018194341432
333 -624.3018194341432
334 -624.3018194341432
335 -624.3018194341432
336 -624.3018194341432
337 -624.3018194341432
338 -624.3018194341432
339 -624.3018194341432
340 -624.3018194341432
341 -624.3018194341432
342 -624.3018194341432
343 -624.3018194341432
344 -624.3018194341432
345 -624.3018194341432
346 -624.3018194341432
347 -624.3018194341432
348 -624.3018194341432
349 -624.3018194341432
350 -624.3018194341432
351 -624.3018194341432
352 -624.3018194341432
353 -624.3018194341432
354 -624.3018194341432
355 -624.3018194341432
356 -624.3018194341432
357 -624.3018194341432
358 -624.3018194341432
359 -624.3018194341432
360 -624.3018194341432
361 -624.3018194341432
362 -624.3018194341432
363 -624.3018194341432
364 -624.3018194341432
365 -624.3018194341432
366 -624.3018194341432
367 -624.3018194341432
368 -624.3018194341432
369 -624.3018194341432
370 -624.3018194341432
371 -624.3018194341432
372 -624.3018194341432
373 -624.3018194341432
374 -624.3018194341432
375 -624.3018194341432
376 -624.3018194341432
377 -624.3018194341432
378 -624.3018194341432
379 -624.3018194341432
380 -624.3018194341432
381 -624.3018194341432
382 -624.3018194341432
383 -624.3018194341432
384 -624.3018194341432
385 -624.3018194341432
386 -624.3018194341432
387 -624.3018194341432
388 -624.3018194341432
389 -624.3018194341432
390 -624.3018194341432
391 -624.3018194341432
392 -624.3018194341432
393 -624.3018194341432
394 -624.3018194341432
395 -624.3018194341432
396 -624.3018194341432
397 -624.3018194341432
398 -624.3018194341432
399 -624.3018194341432
400 -624.3018194341432
401 -624.3018194341432
402 -624.3018194341432
403 -624.3018194341432
404 -624.3018194341432
405 -624.3018194341432
406 -624.3018194341432
407 -624.3018194341432
408 -624.3018194341432
409 -624.3018194341432
410 -624.3018194341432
411 -624.3018194341432
412 -624.3018194341432
413 -624.3018194341432
414 -624.3018194341432
415 -624.3018194341432
416 -624.3018194341432
417 -624.3018194341432
418 -624.3018194341432
419 -624.3018194341432
420 -624.3018194341432
421 -624.3018194341432
422 -624.3018194341432
423 -624.3018194341432
424 -624.3018194341432
425 -624.3018194341432
426 -624.3018194341432
427 -624.3018194341432
428 -624.3018194341432
429 -624.3018194341432
430 -624.3018194341432
431 -624.3018194341432
432 -624.3018194341432
433 -624.3018194341432
434 -624.3018194341432
435 -624.3018194341432
436 -624.3018194341432
437 -624.3018194341432
438 -624.3018194341432
439 -624.3018194341432
440 -624.3018194341432
441 -624.3018194341432
442 -624.3018194341432
443 -624.3018194341432
444 -624.3018194341432
445 -624.3018194341432
446 -624.3018194341432
447 -624.3018194341432
448 -624.3018194341432
449 -624.3018194341432
450 -624.3018194341432
451 -624.3018194341432
452 -624.3018194341432
453 -624.3018194341432
454 -624.3018194341432
455 -624.3018194341432
456 -624.3018194341432
457 -624.3018194341432
458 -624.3018194341432
459 -624.3018194341432
460 -624.3018194341432
461 -624.3018194341432
462 -624.3018194341432
463 -624.3018194341432
464 -624.3018194341432
465 -624.3018194341432
466 -624.3018194341432
467 -624.3018194341432
468 -624.3018194341432
469 -624.3018194341432
470 -624.3018194341432
471 -624.3018194341432
472 -624.3018194341432
473 -624.3018194341432
474 -624.3018194341432
475 -624.3018194341432
476 -624.3018194341432
477 -624.3018194341432
478 -624.3018194341432
479 -624.3018194341432
480 -624.3018194341432
481 -624.3018194341432
482 -624.3018194341432
483 -624.3018194341432
484 -624.3018194341432
485 -624.3018194341432
486 -624.3018194341432
487 -624.3018194341432
488 -624.3018194341432
489 -624.3018194341432
490 -624.3018194341432
491 -624.3018194341432
492 -624.3018194341432
493 -624.3018194341432
494 -624.3018194341432
495 -624.3018194341432
496 -624.3018194341432
497 -624.3018194341432
498 -624.3018194341432
499 -624.3018194341432
500 -624.3018194341432
501 -624.3018194341432
502 -624.3018194341432
503 -624.3018194341432
504 -624.3018194341432
505 -624.3018194341432
506 -624.3018194341432
507 -624.3018194341432
508 -624.3018194341432
509 -624.3018194341432
510 -624.3018194341432
