evaluations raw_y
1 1.875
2 1.875
3 -0.6485062619053235
4 -1.4865461581717678
5 -0.976351934148818
6 0.5150961412155717
7 -0.07761205927060333
8 -0.8590207041407394
9 -1.486496825254658
10 -1.4880534774205811
11 -1.4880553416991789
12 -1.4880554554130458
13 -1.488055455668147
14 -1.4880554556681571
15 -1.488055455668157
16 -1.4880554556681558
17 -1.4880554556681567
18 -1.4880554556681567
19 -1.4880554556681567
20 -1.4880554556681571
21 -1.488055455668157
22 -1.4880554556681567
23 -1.4880554556681567
24 -1.488055455668157
25 -1.4880554556681571
26 -2.278294537823378
27 -1.2845340794762392
28 -2.017639839598081
29 -0.8695064250026375
30 -2.4648707485101307
31 -2.4687655940037314
32 -2.4724987734363246
33 -2.454587579257134
34 -2.473000013777747
35 -2.4730279221953757
36 -2.4730282322597055
37 -2.4730282369601424
38 -2.4730282369618695
39 -2.47302823696187
40 -2.47302823696187
41 -2.47302823696187
42 -2.47302823696187
43 -2.47302823696187
44 -2.47302823696187
45 -2.4730282369618695
46 -2.47302823696187
47 -2.47302823696187
48 -2.47302823696187
49 -2.47302823696187
50 -2.5267556418783506
51 -0.6667807651409046
52 -1.5529282500211563
53 -2.2509063201392028
54 -2.470668699489426
55 -2.7246582159214405
56 -2.7080677075722184
57 -2.7366692501902996
58 -2.6909935963487817
59 -2.7378795318508047
60 -2.737880066299514
61 -2.737880434553293
62 -2.737880434558666
63 -2.7378804345586762
64 -2.7378804345586767
65 -2.737880434558674
66 -2.737880434558676
67 -2.7378804345586762
68 -2.7378804345586767
69 -2.7378804345586767
70 -2.7378804345586762
71 -2.7378804345586762
72 -2.737880434558676
73 -2.7378804345586767
74 -2.7378804345586762
75 -2.7378804345586762
76 -2.7378804345586767
77 -2.7378804345586762
78 -2.7378804345586762
79 -2.7378804345586767
80 -1.9263465820463943
81 -2.707215726121541
82 -3.342893812150132
83 -2.698506494824956
84 -3.266286344480733
85 -3.2254519733837306
86 -3.3426250456841857
87 -3.342964387092729
88 -3.342972895654229
89 -3.3429728959535234
90 -3.3429728959809077
91 -3.342972895980909
92 -3.3429728959809024
93 -3.3429728959809077
94 -3.3429728959809077
95 -3.3429728959809086
96 -3.3429728959809086
97 -3.3429728959809073
98 -3.3429728959809086
99 -3.342972895980909
100 -3.342972895980908
101 -3.3429728959809073
102 -3.342972895980909
103 -3.342972895980908
104 -3.342972895980908
105 -3.3429728959809086
106 -3.342972895980909
107 -3.0117513878454893
108 -2.85513696056121
109 -3.470240810447926
110 -2.319207421951696
111 -3.852815851502909
112 -3.858165981686294
113 -3.8605342276383925
114 -3.7549840242674475
115 -3.8703852412246706
116 -3.870382906567551
117 -3.870390947753516
118 -3.870390961243781
119 -3.870390961247367
120 -3.8703909612473715
121 -3.870390961247372
122 -3.870390961247371
123 -3.8703909612473715
124 -3.8703909612473715
125 -3.8703909612473715
126 -3.8703909612473715
127 -3.870390961247372
128 -3.870390961247372
129 -3.870390961247372
130 -3.8703909612473715
131 -3.870390961247372
132 0.4606716422299058
133 -3.870390961247372
134 -1.6357805482365608
135 -3.894329007797193
136 -2.616155033042581
137 -3.05427338089669
138 -3.3671089280126556
139 -3.8644099303141015
140 -3.834625416591937
141 -3.8960465764593275
142 -3.8960614718018602
143 -3.896162680302634
144 -3.896162679888522
145 -3.89616268034841
146 -3.896162680348411
147 -3.8961626803484117
148 -3.896162680341729
149 -3.8961626803474347
150 -3.896162680348268
151 -3.8961626803483895
152 -3.896162680348408
153 -3.896162680348411
154 -3.896162680348411
155 -3.896162680348411
156 -3.896162680348411
157 -3.8961626803484113
158 -3.8961626803484117
159 -3.896162680348411
160 -3.8961626803484117
161 -3.8961626803484117
162 -3.896162680348411
163 -3.896162680348411
164 -3.896162680348411
165 -3.896162680348411
166 -3.8961626803484117
167 -2.125931766539276
168 -3.1075926921531654
169 -2.653258322527135
170 -2.8207758140037673
171 -3.8273798258297913
172 -3.8961843473928557
173 -3.896195366466926
174 -3.8961953868558163
175 -3.8961953868650303
176 -3.8961953868650365
177 -3.8961953868650365
178 -3.8961953868650365
179 -3.8961953868650365
180 -3.8961953868650365
181 -3.8961953868650365
182 -3.8961953868650365
183 -3.8961953868650365
184 -3.8961953868650365
185 -3.8961953868650365
186 -3.8961953868650365
187 -2.1154353481815997
188 -3.1013435123709083
189 -2.633173558972965
190 -2.845430030610754
191 -3.8244833949290777
192 -3.8963294880313817
193 -3.896339041345528
194 -3.8963398725836496
195 -3.8963398725982814
196 -3.8963398725984835
197 -3.896339872598483
198 -3.8963398725984506
199 -3.896339872598478
200 -3.8963398725984817
201 -3.8963398725984826
202 -3.8963398725984826
203 -3.896339872598483
204 -3.896339872598483
205 -3.896339872598483
206 -3.8963398725984826
207 -3.896339872598483
208 -3.896339872598483
209 -3.896339872598483
210 -3.896339872598483
211 -3.8963398725984835
212 -2.6406071716710975
213 -3.5927803209016798
214 -2.7280961427084467
215 -3.59077456567948
216 -3.9685331776209143
217 -4.031086033823922
218 -4.031437720761237
219 -4.0315348633388
220 -4.031534950266298
221 -4.031534950270229
222 -4.0315349502702285
223 -4.031534950270228
224 -4.0315349502702285
225 -4.031534950270228
226 -4.0315349502702285
227 -4.031534950270229
228 -4.031534950270229
229 -4.0315349502702285
230 -4.0315349502702285
231 -4.031534950270229
232 -2.823837426784596
233 -3.6182438886089514
234 -3.053977891970414
235 -2.85079296819116
236 -4.085078778277632
237 -4.098773150730209
238 -4.10387987574987
239 -4.103890691539727
240 -4.103892883761923
241 -4.103892884034575
242 -4.103892884034854
243 -4.103892884034854
244 -4.103892884034854
245 -4.103892884034854
246 -4.103892884034854
247 -4.103892884034854
248 -4.103892884034854
249 -4.103892884034854
250 -4.103892884034854
251 -4.103892884034854
252 -4.04038063830637
253 -4.103892884034854
254 -1.7545674963201399
255 -4.1721693200285195
256 -2.9437876384520867
257 -2.910427816879473
258 -3.6797475624781497
259 -4.097969426368652
260 -4.107013841416732
261 -4.107179083142396
262 -4.107180249731638
263 -4.107180260255382
264 -4.107180260259996
265 -4.107180260259997
266 -4.107180260259996
267 -4.107180260259997
268 -4.107180260259997
269 -4.107180260259996
270 -4.107180260259997
271 -4.107180260259997
272 -4.107180260259997
273 -4.107180260259997
274 -4.107180260259996
275 -4.107180260259996
276 -4.107180260259997
277 -2.306323285037853
278 -3.315218487525334
279 -2.881494622805244
280 -2.994876257384299
281 -4.040166978215236
282 -4.108087046641286
283 -4.108088387664143
284 -4.10809105567565
285 -4.108091055676537
286 -4.108091055676753
287 -4.108091055676753
288 -4.108091055676753
289 -4.108091055676753
290 -4.108091055676753
291 -2.3167360613661967
292 -3.3145534022748984
293 -2.86463836736654
294 -3.0240507014691573
295 -4.03817338956244
296 -4.108190771393967
297 -4.108190578077002
298 -4.108190862503751
299 -4.108190862505153
300 -4.108190862505153
301 -4.108190862505153
302 -4.108190862505153
303 -4.108190862505154
304 -4.108190862505154
305 -4.108190862505154
306 -4.108190862505153
307 -4.108190862505153
308 -4.108190862505153
309 -4.108190862505153
310 -4.108190862505154
311 -4.108190862505154
312 -4.108190862505154
313 -2.7452221200828673
314 -3.7477547787802523
315 -2.7605294219610004
316 -3.4509054392447167
317 -4.067175220013485
318 -4.151192756168199
319 -4.151389611388426
320 -4.151458193358396
321 -4.151458399298571
322 -4.151458399339521
323 -4.151458399339562
324 -4.151458399339562
325 -4.151458399339563
326 -4.151458399339563
327 -4.151458399339562
328 -4.151458399339563
329 -2.799771340487834
330 -3.7537899917835897
331 -2.9312183475417215
332 -3.1235969101233305
333 -4.106436917204422
334 -4.1546588571585055
335 -4.155051216454878
336 -4.155054401003123
337 -4.155054405510968
338 -4.155054405517564
339 -4.155054405517564
340 -4.155054405517564
341 -4.155054405517564
342 -4.155054405517564
343 -4.155054405517564
344 -4.155054405517564
345 -4.155054405517564
346 -4.155054405517564
347 -4.155054405517564
348 -4.155054405517564
349 -4.155054405517564
350 -4.155054405517564
351 -4.1565999073643285
352 -4.155054405517564
353 -4.1565999073643285
354 -4.055831433513029
355 -4.132689530513843
356 -4.161928792881822
357 -4.162120369632474
358 -4.162120692226886
359 -4.162120692484022
360 -4.1621206924840255
361 -4.1621206924840255
362 -4.162120692484026
363 -4.1621206924840255
364 -4.1621206924840255
365 -4.162120692484026
366 -4.1621206924840255
367 -4.162120692484026
368 -4.1621206924840255
369 -4.162120692484026
370 -4.1621206924840255
371 -4.162120692484026
372 -4.1621206924840255
373 -4.1621206924840255
374 -4.162120692484026
375 -4.1621206924840255
376 -4.1621206924840255
377 -4.1621206924840255
378 -4.162120692484026
379 -1.7615772912997905
380 -4.199796775774646
381 -3.1102579090454334
382 -3.009110186899652
383 -3.7187723481127177
384 -4.15974145954762
385 -4.1653819580847
386 -4.165407314035036
387 -4.165407713194339
388 -4.165407714195684
389 -4.165407714195864
390 -4.165407714195863
391 -4.165407714195857
392 -4.1654077141958625
393 -4.165407714195864
394 -4.165407714195864
395 -4.165407714195863
396 -4.165407714195863
397 -4.165407714195864
398 -4.165407714195864
399 -4.165407714195863
400 -4.165407714195863
401 -4.165407714195863
402 -4.165407714195864
403 -4.165407714195863
404 -4.165407714195864
405 -4.165407714195864
406 -2.3078950385870014
407 -3.362492328895857
408 -2.94024901583416
409 -3.04085646471327
410 -4.10050787478433
411 -4.167422357693869
412 -4.167508111044814
413 -4.167513105843756
414 -4.167513106929524
415 -4.16751310693532
416 -4.167513106935321
417 -4.167513106935317
418 -4.16751310693532
419 -4.167513106935321
420 -4.16751310693532
421 -4.16751310693532
422 -4.16751310693532
423 -4.16751310693532
424 -4.16751310693532
425 -4.16751310693532
426 -4.16751310693532
427 -4.16751310693532
428 -4.16751310693532
429 -4.167513106935321
430 -4.16751310693532
431 -4.16751310693532
432 -4.167513106935321
433 -2.3394958522497173
434 -3.3690836214212925
435 -2.937280110808433
436 -3.053570136787465
437 -4.099892690677938
438 -4.168551977490618
439 -4.168579343752103
440 -4.168582491628694
441 -4.168582491815712
442 -4.168582491817281
443 -4.168582491817281
444 -4.168582491817281
445 -4.168582491817281
446 -4.168582491817281
447 -4.168582491817281
448 -4.168582491817281
449 -4.168582491817281
450 -4.168582491817281
451 -4.168582491817281
452 -4.168582491817281
453 -2.847007460307854
454 -3.778330272813715
455 -2.852256583567034
456 -3.2844765313311948
457 -4.103543519984255
458 -4.173678329934676
459 -4.173892022695794
460 -4.173897584262241
461 -4.173897599927346
462 -4.173897599935832
463 -4.173897599935833
464 -4.173897599935833
465 -4.173897599935833
466 -4.173897599935833
467 -4.173897599935832
468 -4.173897599935833
469 -4.173897599935832
470 -4.173897599935833
471 -4.173897599935832
472 -4.173897599935833
473 -4.173897599935833
474 -4.173897599935833
475 -4.168322037659944
476 -4.153188719061845
477 -4.170317238133069
478 -4.173423107131875
479 -4.1739717055938215
480 -4.173971705621525
481 -4.1739717056263075
482 -4.173971705626308
483 -4.17397170562525
484 -4.173971705626153
485 -4.173971705626287
486 -4.173971705626304
487 -4.173971705626307
488 -4.1739717056263075
489 -4.1739717056263075
490 -4.173971705626308
491 -4.173971705626308
492 -4.1739717056263075
493 -4.1739717056263075
494 -4.173971705626308
495 -4.173971705626308
496 -4.173971705626308
497 -4.1739717056263075
498 -4.1739717056263075
499 -4.173971705626308
500 -4.173971705626308
evaluations raw_y
1 1.875
2 1.875
3 -0.6485062619053235
4 -1.4865461581717678
5 -0.976351934148818
6 0.5150961412155717
7 -0.07761205927060333
8 -0.8590207041407394
9 -1.486496825254658
10 -1.4880534774205811
11 -1.4880553416991789
12 -1.4880554554130458
13 -1.488055455668147
14 -1.4880554556681571
15 -1.488055455668157
16 -1.4880554556681558
17 -1.4880554556681567
18 -1.4880554556681567
19 -1.4880554556681567
20 -1.4880554556681571
21 -1.488055455668157
22 -1.4880554556681567
23 -1.4880554556681567
24 -1.488055455668157
25 -1.4880554556681571
26 -2.278294537823378
27 -1.2845340794762392
28 -2.017639839598081
29 -0.8695064250026375
30 -2.4648707485101307
31 -2.4687655940037314
32 -2.4724987734363246
33 -2.454587579257134
34 -2.473000013777747
35 -2.4730279221953757
36 -2.4730282322597055
37 -2.4730282369601424
38 -2.4730282369618695
39 -2.47302823696187
40 -2.47302823696187
41 -2.47302823696187
42 -2.47302823696187
43 -2.47302823696187
44 -2.47302823696187
45 -2.4730282369618695
46 -2.47302823696187
47 -2.47302823696187
48 -2.47302823696187
49 -2.47302823696187
50 -2.5267556418783506
51 -0.6667807651409046
52 -1.5529282500211563
53 -2.2509063201392028
54 -2.470668699489426
55 -2.7246582159214405
56 -2.7080677075722184
57 -2.7366692501902996
58 -2.6909935963487817
59 -2.7378795318508047
60 -2.737880066299514
61 -2.737880434553293
62 -2.737880434558666
63 -2.7378804345586762
64 -2.7378804345586767
65 -2.737880434558674
66 -2.737880434558676
67 -2.7378804345586762
68 -2.7378804345586767
69 -2.7378804345586767
70 -2.7378804345586762
71 -2.7378804345586762
72 -2.737880434558676
73 -2.7378804345586767
74 -2.7378804345586762
75 -2.7378804345586762
76 -2.7378804345586767
77 -2.7378804345586762
78 -2.7378804345586762
79 -2.7378804345586767
80 -1.9263465820463943
81 -2.707215726121541
82 -3.342893812150132
83 -2.698506494824956
84 -3.266286344480733
85 -3.2254519733837306
86 -3.3426250456841857
87 -3.342964387092729
88 -3.342972895654229
89 -3.3429728959535234
90 -3.3429728959809077
91 -3.342972895980909
92 -3.3429728959809024
93 -3.3429728959809077
94 -3.3429728959809077
95 -3.3429728959809086
96 -3.3429728959809086
97 -3.3429728959809073
98 -3.3429728959809086
99 -3.342972895980909
100 -3.342972895980908
101 -3.3429728959809073
102 -3.342972895980909
103 -3.342972895980908
104 -3.342972895980908
105 -3.3429728959809086
106 -3.342972895980909
107 -3.0117513878454893
108 -2.85513696056121
109 -3.470240810447926
110 -2.319207421951696
111 -3.852815851502909
112 -3.858165981686294
113 -3.8605342276383925
114 -3.7549840242674475
115 -3.8703852412246706
116 -3.870382906567551
117 -3.870390947753516
118 -3.870390961243781
119 -3.870390961247367
120 -3.8703909612473715
121 -3.870390961247372
122 -3.870390961247371
123 -3.8703909612473715
124 -3.8703909612473715
125 -3.8703909612473715
126 -3.8703909612473715
127 -3.870390961247372
128 -3.870390961247372
129 -3.870390961247372
130 -3.8703909612473715
131 -3.870390961247372
132 0.4606716422299058
133 -3.870390961247372
134 -1.6357805482365608
135 -3.894329007797193
136 -2.616155033042581
137 -3.05427338089669
138 -3.3671089280126556
139 -3.8644099303141015
140 -3.834625416591937
141 -3.8960465764593275
142 -3.8960614718018602
143 -3.896162680302634
144 -3.896162679888522
145 -3.89616268034841
146 -3.896162680348411
147 -3.8961626803484117
148 -3.896162680341729
149 -3.8961626803474347
150 -3.896162680348268
151 -3.8961626803483895
152 -3.896162680348408
153 -3.896162680348411
154 -3.896162680348411
155 -3.896162680348411
156 -3.896162680348411
157 -3.8961626803484113
158 -3.8961626803484117
159 -3.896162680348411
160 -3.8961626803484117
161 -3.8961626803484117
162 -3.896162680348411
163 -3.896162680348411
164 -3.896162680348411
165 -3.896162680348411
166 -3.8961626803484117
167 -2.125931766539276
168 -3.1075926921531654
169 -2.653258322527135
170 -2.8207758140037673
171 -3.8273798258297913
172 -3.8961843473928557
173 -3.896195366466926
174 -3.8961953868558163
175 -3.8961953868650303
176 -3.8961953868650365
177 -3.8961953868650365
178 -3.8961953868650365
179 -3.8961953868650365
180 -3.8961953868650365
181 -3.8961953868650365
182 -3.8961953868650365
183 -3.8961953868650365
184 -3.8961953868650365
185 -3.8961953868650365
186 -3.8961953868650365
187 -2.1154353481815997
188 -3.1013435123709083
189 -2.633173558972965
190 -2.845430030610754
191 -3.8244833949290777
192 -3.8963294880313817
193 -3.896339041345528
194 -3.8963398725836496
195 -3.8963398725982814
196 -3.8963398725984835
197 -3.896339872598483
198 -3.8963398725984506
199 -3.896339872598478
200 -3.8963398725984817
201 -3.8963398725984826
202 -3.8963398725984826
203 -3.896339872598483
204 -3.896339872598483
205 -3.896339872598483
206 -3.8963398725984826
207 -3.896339872598483
208 -3.896339872598483
209 -3.896339872598483
210 -3.896339872598483
211 -3.8963398725984835
212 -2.6406071716710975
213 -3.5927803209016798
214 -2.7280961427084467
215 -3.59077456567948
216 -3.9685331776209143
217 -4.031086033823922
218 -4.031437720761237
219 -4.0315348633388
220 -4.031534950266298
221 -4.031534950270229
222 -4.0315349502702285
223 -4.031534950270228
224 -4.0315349502702285
225 -4.031534950270228
226 -4.0315349502702285
227 -4.031534950270229
228 -4.031534950270229
229 -4.0315349502702285
230 -4.0315349502702285
231 -4.031534950270229
232 -2.823837426784596
233 -3.6182438886089514
234 -3.053977891970414
235 -2.85079296819116
236 -4.085078778277632
237 -4.098773150730209
238 -4.10387987574987
239 -4.103890691539727
240 -4.103892883761923
241 -4.103892884034575
242 -4.103892884034854
243 -4.103892884034854
244 -4.103892884034854
245 -4.103892884034854
246 -4.103892884034854
247 -4.103892884034854
248 -4.103892884034854
249 -4.103892884034854
250 -4.103892884034854
251 -4.103892884034854
252 -4.04038063830637
253 -4.103892884034854
254 -1.7545674963201399
255 -4.1721693200285195
256 -2.9437876384520867
257 -2.910427816879473
258 -3.6797475624781497
259 -4.097969426368652
260 -4.107013841416732
261 -4.107179083142396
262 -4.107180249731638
263 -4.107180260255382
264 -4.107180260259996
265 -4.107180260259997
266 -4.107180260259996
267 -4.107180260259997
268 -4.107180260259997
269 -4.107180260259996
270 -4.107180260259997
271 -4.107180260259997
272 -4.107180260259997
273 -4.107180260259997
274 -4.107180260259996
275 -4.107180260259996
276 -4.107180260259997
277 -2.306323285037853
278 -3.315218487525334
279 -2.881494622805244
280 -2.994876257384299
281 -4.040166978215236
282 -4.108087046641286
283 -4.108088387664143
284 -4.10809105567565
285 -4.108091055676537
286 -4.108091055676753
287 -4.108091055676753
288 -4.108091055676753
289 -4.108091055676753
290 -4.108091055676753
291 -2.3167360613661967
292 -3.3145534022748984
293 -2.86463836736654
294 -3.0240507014691573
295 -4.03817338956244
296 -4.108190771393967
297 -4.108190578077002
298 -4.108190862503751
299 -4.108190862505153
300 -4.108190862505153
301 -4.108190862505153
302 -4.108190862505153
303 -4.108190862505154
304 -4.108190862505154
305 -4.108190862505154
306 -4.108190862505153
307 -4.108190862505153
308 -4.108190862505153
309 -4.108190862505153
310 -4.108190862505154
311 -4.108190862505154
312 -4.108190862505154
313 -2.7452221200828673
314 -3.7477547787802523
315 -2.7605294219610004
316 -3.4509054392447167
317 -4.067175220013485
318 -4.151192756168199
319 -4.151389611388426
320 -4.151458193358396
321 -4.151458399298571
322 -4.151458399339521
323 -4.151458399339562
324 -4.151458399339562
325 -4.151458399339563
326 -4.151458399339563
327 -4.151458399339562
328 -4.151458399339563
329 -2.799771340487834
330 -3.7537899917835897
331 -2.9312183475417215
332 -3.1235969101233305
333 -4.106436917204422
334 -4.1546588571585055
335 -4.155051216454878
336 -4.155054401003123
337 -4.155054405510968
338 -4.155054405517564
339 -4.155054405517564
340 -4.155054405517564
341 -4.155054405517564
342 -4.155054405517564
343 -4.155054405517564
344 -4.155054405517564
345 -4.155054405517564
346 -4.155054405517564
347 -4.155054405517564
348 -4.155054405517564
349 -4.155054405517564
350 -4.155054405517564
351 -4.1565999073643285
352 -4.155054405517564
353 -4.1565999073643285
354 -4.055831433513029
355 -4.132689530513843
356 -4.161928792881822
357 -4.162120369632474
358 -4.162120692226886
359 -4.162120692484022
360 -4.1621206924840255
361 -4.1621206924840255
362 -4.162120692484026
363 -4.1621206924840255
364 -4.1621206924840255
365 -4.162120692484026
366 -4.1621206924840255
367 -4.162120692484026
368 -4.1621206924840255
369 -4.162120692484026
370 -4.1621206924840255
371 -4.162120692484026
372 -4.1621206924840255
373 -4.1621206924840255
374 -4.162120692484026
375 -4.1621206924840255
376 -4.1621206924840255
377 -4.1621206924840255
378 -4.162120692484026
379 -1.7615772912997905
380 -4.199796775774646
381 -3.1102579090454334
382 -3.009110186899652
383 -3.7187723481127177
384 -4.15974145954762
385 -4.1653819580847
386 -4.165407314035036
387 -4.165407713194339
388 -4.165407714195684
389 -4.165407714195864
390 -4.165407714195863
391 -4.165407714195857
392 -4.1654077141958625
393 -4.165407714195864
394 -4.165407714195864
395 -4.165407714195863
396 -4.165407714195863
397 -4.165407714195864
398 -4.165407714195864
399 -4.165407714195863
400 -4.165407714195863
401 -4.165407714195863
402 -4.165407714195864
403 -4.165407714195863
404 -4.165407714195864
405 -4.165407714195864
406 -2.3078950385870014
407 -3.362492328895857
408 -2.94024901583416
409 -3.04085646471327
410 -4.10050787478433
411 -4.167422357693869
412 -4.167508111044814
413 -4.167513105843756
414 -4.167513106929524
415 -4.16751310693532
416 -4.167513106935321
417 -4.167513106935317
418 -4.16751310693532
419 -4.167513106935321
420 -4.16751310693532
421 -4.16751310693532
422 -4.16751310693532
423 -4.16751310693532
424 -4.16751310693532
425 -4.16751310693532
426 -4.16751310693532
427 -4.16751310693532
428 -4.16751310693532
429 -4.167513106935321
430 -4.16751310693532
431 -4.16751310693532
432 -4.167513106935321
433 -2.3394958522497173
434 -3.3690836214212925
435 -2.937280110808433
436 -3.053570136787465
437 -4.099892690677938
438 -4.168551977490618
439 -4.168579343752103
440 -4.168582491628694
441 -4.168582491815712
442 -4.168582491817281
443 -4.168582491817281
444 -4.168582491817281
445 -4.168582491817281
446 -4.168582491817281
447 -4.168582491817281
448 -4.168582491817281
449 -4.168582491817281
450 -4.168582491817281
451 -4.168582491817281
452 -4.168582491817281
453 -2.847007460307854
454 -3.778330272813715
455 -2.852256583567034
456 -3.2844765313311948
457 -4.103543519984255
458 -4.173678329934676
459 -4.173892022695794
460 -4.173897584262241
461 -4.173897599927346
462 -4.173897599935832
463 -4.173897599935833
464 -4.173897599935833
465 -4.173897599935833
466 -4.173897599935833
467 -4.173897599935832
468 -4.173897599935833
469 -4.173897599935832
470 -4.173897599935833
471 -4.173897599935832
472 -4.173897599935833
473 -4.173897599935833
474 -4.173897599935833
475 -4.168322037659944
476 -4.153188719061845
477 -4.170317238133069
478 -4.173423107131875
479 -4.1739717055938215
480 -4.173971705621525
481 -4.1739717056263075
482 -4.173971705626308
483 -4.17397170562525
484 -4.173971705626153
485 -4.173971705626287
486 -4.173971705626304
487 -4.173971705626307
488 -4.1739717056263075
489 -4.1739717056263075
490 -4.173971705626308
491 -4.173971705626308
492 -4.1739717056263075
493 -4.1739717056263075
494 -4.173971705626308
495 -4.173971705626308
496 -4.173971705626308
497 -4.1739717056263075
498 -4.1739717056263075
499 -4.173971705626308
500 -4.173971705626308
evaluations raw_y
1 1.875
2 1.875
3 -0.6485062619053235
4 -1.4865461581717678
5 -0.976351934148818
6 0.5150961412155717
7 -0.07761205927060333
8 -0.8590207041407394
9 -1.486496825254658
10 -1.4880534774205811
11 -1.4880553416991789
12 -1.4880554554130458
13 -1.488055455668147
14 -1.4880554556681571
15 -1.488055455668157
16 -1.4880554556681558
17 -1.4880554556681567
18 -1.4880554556681567
19 -1.4880554556681567
20 -1.4880554556681571
21 -1.488055455668157
22 -1.4880554556681567
23 -1.4880554556681567
24 -1.488055455668157
25 -1.4880554556681571
26 -2.278294537823378
27 -1.2845340794762392
28 -2.017639839598081
29 -0.8695064250026375
30 -2.4648707485101307
31 -2.4687655940037314
32 -2.4724987734363246
33 -2.454587579257134
34 -2.473000013777747
35 -2.4730279221953757
36 -2.4730282322597055
37 -2.4730282369601424
38 -2.4730282369618695
39 -2.47302823696187
40 -2.47302823696187
41 -2.47302823696187
42 -2.47302823696187
43 -2.47302823696187
44 -2.47302823696187
45 -2.4730282369618695
46 -2.47302823696187
47 -2.47302823696187
48 -2.47302823696187
49 -2.47302823696187
50 -2.5267556418783506
51 -0.6667807651409046
52 -1.5529282500211563
53 -2.2509063201392028
54 -2.470668699489426
55 -2.7246582159214405
56 -2.7080677075722184
57 -2.7366692501902996
58 -2.6909935963487817
59 -2.7378795318508047
60 -2.737880066299514
61 -2.737880434553293
62 -2.737880434558666
63 -2.7378804345586762
64 -2.7378804345586767
65 -2.737880434558674
66 -2.737880434558676
67 -2.7378804345586762
68 -2.7378804345586767
69 -2.7378804345586767
70 -2.7378804345586762
71 -2.7378804345586762
72 -2.737880434558676
73 -2.7378804345586767
74 -2.7378804345586762
75 -2.7378804345586762
76 -2.7378804345586767
77 -2.7378804345586762
78 -2.7378804345586762
79 -2.7378804345586767
80 -1.9263465820463943
81 -2.707215726121541
82 -3.342893812150132
83 -2.698506494824956
84 -3.266286344480733
85 -3.2254519733837306
86 -3.3426250456841857
87 -3.342964387092729
88 -3.342972895654229
89 -3.3429728959535234
90 -3.3429728959809077
91 -3.342972895980909
92 -3.3429728959809024
93 -3.3429728959809077
94 -3.3429728959809077
95 -3.3429728959809086
96 -3.3429728959809086
97 -3.3429728959809073
98 -3.3429728959809086
99 -3.342972895980909
100 -3.342972895980908
101 -3.3429728959809073
102 -3.342972895980909
103 -3.342972895980908
104 -3.342972895980908
105 -3.3429728959809086
106 -3.342972895980909
107 -3.0117513878454893
108 -2.85513696056121
109 -3.470240810447926
110 -2.319207421951696
111 -3.852815851502909
112 -3.858165981686294
113 -3.8605342276383925
114 -3.7549840242674475
115 -3.8703852412246706
116 -3.870382906567551
117 -3.870390947753516
118 -3.870390961243781
119 -3.870390961247367
120 -3.8703909612473715
121 -3.870390961247372
122 -3.870390961247371
123 -3.8703909612473715
124 -3.8703909612473715
125 -3.8703909612473715
126 -3.8703909612473715
127 -3.870390961247372
128 -3.870390961247372
129 -3.870390961247372
130 -3.8703909612473715
131 -3.870390961247372
132 0.4606716422299058
133 -3.870390961247372
134 -1.6357805482365608
135 -3.894329007797193
136 -2.616155033042581
137 -3.05427338089669
138 -3.3671089280126556
139 -3.8644099303141015
140 -3.834625416591937
141 -3.8960465764593275
142 -3.8960614718018602
143 -3.896162680302634
144 -3.896162679888522
145 -3.89616268034841
146 -3.896162680348411
147 -3.8961626803484117
148 -3.896162680341729
149 -3.8961626803474347
150 -3.896162680348268
151 -3.8961626803483895
152 -3.896162680348408
153 -3.896162680348411
154 -3.896162680348411
155 -3.896162680348411
156 -3.896162680348411
157 -3.8961626803484113
158 -3.8961626803484117
159 -3.896162680348411
160 -3.8961626803484117
161 -3.8961626803484117
162 -3.896162680348411
163 -3.896162680348411
164 -3.896162680348411
165 -3.896162680348411
166 -3.8961626803484117
167 -2.125931766539276
168 -3.1075926921531654
169 -2.653258322527135
170 -2.8207758140037673
171 -3.8273798258297913
172 -3.8961843473928557
173 -3.896195366466926
174 -3.8961953868558163
175 -3.8961953868650303
176 -3.8961953868650365
177 -3.8961953868650365
178 -3.8961953868650365
179 -3.8961953868650365
180 -3.8961953868650365
181 -3.8961953868650365
182 -3.8961953868650365
183 -3.8961953868650365
184 -3.8961953868650365
185 -3.8961953868650365
186 -3.8961953868650365
187 -2.1154353481815997
188 -3.1013435123709083
189 -2.633173558972965
190 -2.845430030610754
191 -3.8244833949290777
192 -3.8963294880313817
193 -3.896339041345528
194 -3.8963398725836496
195 -3.8963398725982814
196 -3.8963398725984835
197 -3.896339872598483
198 -3.8963398725984506
199 -3.896339872598478
200 -3.8963398725984817
201 -3.8963398725984826
202 -3.8963398725984826
203 -3.896339872598483
204 -3.896339872598483
205 -3.896339872598483
206 -3.8963398725984826
207 -3.896339872598483
208 -3.896339872598483
209 -3.896339872598483
210 -3.896339872598483
211 -3.8963398725984835
212 -2.6406071716710975
213 -3.5927803209016798
214 -2.7280961427084467
215 -3.59077456567948
216 -3.9685331776209143
217 -4.031086033823922
218 -4.031437720761237
219 -4.0315348633388
220 -4.031534950266298
221 -4.031534950270229
222 -4.0315349502702285
223 -4.031534950270228
224 -4.0315349502702285
225 -4.031534950270228
226 -4.0315349502702285
227 -4.031534950270229
228 -4.031534950270229
229 -4.0315349502702285
230 -4.0315349502702285
231 -4.031534950270229
232 -2.823837426784596
233 -3.6182438886089514
234 -3.053977891970414
235 -2.85079296819116
236 -4.085078778277632
237 -4.098773150730209
238 -4.10387987574987
239 -4.103890691539727
240 -4.103892883761923
241 -4.103892884034575
242 -4.103892884034854
243 -4.103892884034854
244 -4.103892884034854
245 -4.103892884034854
246 -4.103892884034854
247 -4.103892884034854
248 -4.103892884034854
249 -4.103892884034854
250 -4.103892884034854
251 -4.103892884034854
252 -4.04038063830637
253 -4.103892884034854
254 -1.7545674963201399
255 -4.1721693200285195
256 -2.9437876384520867
257 -2.910427816879473
258 -3.6797475624781497
259 -4.097969426368652
260 -4.107013841416732
261 -4.107179083142396
262 -4.107180249731638
263 -4.107180260255382
264 -4.107180260259996
265 -4.107180260259997
266 -4.107180260259996
267 -4.107180260259997
268 -4.107180260259997
269 -4.107180260259996
270 -4.107180260259997
271 -4.107180260259997
272 -4.107180260259997
273 -4.107180260259997
274 -4.107180260259996
275 -4.107180260259996
276 -4.107180260259997
277 -2.306323285037853
278 -3.315218487525334
279 -2.881494622805244
280 -2.994876257384299
281 -4.040166978215236
282 -4.108087046641286
283 -4.108088387664143
284 -4.10809105567565
285 -4.108091055676537
286 -4.108091055676753
287 -4.108091055676753
288 -4.108091055676753
289 -4.108091055676753
290 -4.108091055676753
291 -2.3167360613661967
292 -3.3145534022748984
293 -2.86463836736654
294 -3.0240507014691573
295 -4.03817338956244
296 -4.108190771393967
297 -4.108190578077002
298 -4.108190862503751
299 -4.108190862505153
300 -4.108190862505153
301 -4.108190862505153
302 -4.108190862505153
303 -4.108190862505154
304 -4.108190862505154
305 -4.108190862505154
306 -4.108190862505153
307 -4.108190862505153
308 -4.108190862505153
309 -4.108190862505153
310 -4.108190862505154
311 -4.108190862505154
312 -4.108190862505154
313 -2.7452221200828673
314 -3.7477547787802523
315 -2.7605294219610004
316 -3.4509054392447167
317 -4.067175220013485
318 -4.151192756168199
319 -4.151389611388426
320 -4.151458193358396
321 -4.151458399298571
322 -4.151458399339521
323 -4.151458399339562
324 -4.151458399339562
325 -4.151458399339563
326 -4.151458399339563
327 -4.151458399339562
328 -4.151458399339563
329 -2.799771340487834
330 -3.7537899917835897
331 -2.9312183475417215
332 -3.1235969101233305
333 -4.106436917204422
334 -4.1546588571585055
335 -4.155051216454878
336 -4.155054401003123
337 -4.155054405510968
338 -4.155054405517564
339 -4.155054405517564
340 -4.155054405517564
341 -4.155054405517564
342 -4.155054405517564
343 -4.155054405517564
344 -4.155054405517564
345 -4.155054405517564
346 -4.155054405517564
347 -4.155054405517564
348 -4.155054405517564
349 -4.155054405517564
350 -4.155054405517564
351 -4.1565999073643285
352 -4.155054405517564
353 -4.1565999073643285
354 -4.055831433513029
355 -4.132689530513843
356 -4.161928792881822
357 -4.162120369632474
358 -4.162120692226886
359 -4.162120692484022
360 -4.1621206924840255
361 -4.1621206924840255
362 -4.162120692484026
363 -4.1621206924840255
364 -4.1621206924840255
365 -4.162120692484026
366 -4.1621206924840255
367 -4.162120692484026
368 -4.1621206924840255
369 -4.162120692484026
370 -4.1621206924840255
371 -4.162120692484026
372 -4.1621206924840255
373 -4.1621206924840255
374 -4.162120692484026
375 -4.1621206924840255
376 -4.1621206924840255
377 -4.1621206924840255
378 -4.162120692484026
379 -1.7615772912997905
380 -4.199796775774646
381 -3.1102579090454334
382 -3.009110186899652
383 -3.7187723481127177
384 -4.15974145954762
385 -4.1653819580847
386 -4.165407314035036
387 -4.165407713194339
388 -4.165407714195684
389 -4.165407714195864
390 -4.165407714195863
391 -4.165407714195857
392 -4.1654077141958625
393 -4.165407714195864
394 -4.165407714195864
395 -4.165407714195863
396 -4.165407714195863
397 -4.165407714195864
398 -4.165407714195864
399 -4.165407714195863
400 -4.165407714195863
401 -4.165407714195863
402 -4.165407714195864
403 -4.165407714195863
404 -4.165407714195864
405 -4.165407714195864
406 -2.3078950385870014
407 -3.362492328895857
408 -2.94024901583416
409 -3.04085646471327
410 -4.10050787478433
411 -4.167422357693869
412 -4.167508111044814
413 -4.167513105843756
414 -4.167513106929524
415 -4.16751310693532
416 -4.167513106935321
417 -4.167513106935317
418 -4.16751310693532
419 -4.167513106935321
420 -4.16751310693532
421 -4.16751310693532
422 -4.16751310693532
423 -4.16751310693532
424 -4.16751310693532
425 -4.16751310693532
426 -4.16751310693532
427 -4.16751310693532
428 -4.16751310693532
429 -4.167513106935321
430 -4.16751310693532
431 -4.16751310693532
432 -4.167513106935321
433 -2.3394958522497173
434 -3.3690836214212925
435 -2.937280110808433
436 -3.053570136787465
437 -4.099892690677938
438 -4.168551977490618
439 -4.168579343752103
440 -4.168582491628694
441 -4.168582491815712
442 -4.168582491817281
443 -4.168582491817281
444 -4.168582491817281
445 -4.168582491817281
446 -4.168582491817281
447 -4.168582491817281
448 -4.168582491817281
449 -4.168582491817281
450 -4.168582491817281
451 -4.168582491817281
452 -4.168582491817281
453 -2.847007460307854
454 -3.778330272813715
455 -2.852256583567034
456 -3.2844765313311948
457 -4.103543519984255
458 -4.173678329934676
459 -4.173892022695794
460 -4.173897584262241
461 -4.173897599927346
462 -4.173897599935832
463 -4.173897599935833
464 -4.173897599935833
465 -4.173897599935833
466 -4.173897599935833
467 -4.173897599935832
468 -4.173897599935833
469 -4.173897599935832
470 -4.173897599935833
471 -4.173897599935832
472 -4.173897599935833
473 -4.173897599935833
474 -4.173897599935833
475 -4.168322037659944
476 -4.153188719061845
477 -4.170317238133069
478 -4.173423107131875
479 -4.1739717055938215
480 -4.173971705621525
481 -4.1739717056263075
482 -4.173971705626308
483 -4.17397170562525
484 -4.173971705626153
485 -4.173971705626287
486 -4.173971705626304
487 -4.173971705626307
488 -4.1739717056263075
489 -4.1739717056263075
490 -4.173971705626308
491 -4.173971705626308
492 -4.1739717056263075
493 -4.1739717056263075
494 -4.173971705626308
495 -4.173971705626308
496 -4.173971705626308
497 -4.1739717056263075
498 -4.1739717056263075
499 -4.173971705626308
500 -4.173971705626308
evaluations raw_y
1 1.875
2 1.875
3 -0.6485062619053235
4 -1.4865461581717678
5 -0.976351934148818
6 0.5150961412155717
7 -0.07761205927060333
8 -0.8590207041407394
9 -1.486496825254658
10 -1.4880534774205811
11 -1.4880553416991789
12 -1.4880554554130458
13 -1.488055455668147
14 -1.4880554556681571
15 -1.488055455668157
16 -1.4880554556681558
17 -1.4880554556681567
18 -1.4880554556681567
19 -1.4880554556681567
20 -1.4880554556681571
21 -1.488055455668157
22 -1.4880554556681567
23 -1.4880554556681567
24 -1.488055455668157
25 -1.4880554556681571
26 -2.278294537823378
27 -1.2845340794762392
28 -2.017639839598081
29 -0.8695064250026375
30 -2.4648707485101307
31 -2.4687655940037314
32 -2.4724987734363246
33 -2.454587579257134
34 -2.473000013777747
35 -2.4730279221953757
36 -2.4730282322597055
37 -2.4730282369601424
38 -2.4730282369618695
39 -2.47302823696187
40 -2.47302823696187
41 -2.47302823696187
42 -2.47302823696187
43 -2.47302823696187
44 -2.47302823696187
45 -2.4730282369618695
46 -2.47302823696187
47 -2.47302823696187
48 -2.47302823696187
49 -2.47302823696187
50 -2.5267556418783506
51 -0.6667807651409046
52 -1.5529282500211563
53 -2.2509063201392028
54 -2.470668699489426
55 -2.7246582159214405
56 -2.7080677075722184
57 -2.7366692501902996
58 -2.6909935963487817
59 -2.7378795318508047
60 -2.737880066299514
61 -2.737880434553293
62 -2.737880434558666
63 -2.7378804345586762
64 -2.7378804345586767
65 -2.737880434558674
66 -2.737880434558676
67 -2.7378804345586762
68 -2.7378804345586767
69 -2.7378804345586767
70 -2.7378804345586762
71 -2.7378804345586762
72 -2.737880434558676
73 -2.7378804345586767
74 -2.7378804345586762
75 -2.7378804345586762
76 -2.7378804345586767
77 -2.7378804345586762
78 -2.7378804345586762
79 -2.7378804345586767
80 -1.9263465820463943
81 -2.707215726121541
82 -3.342893812150132
83 -2.698506494824956
84 -3.266286344480733
85 -3.2254519733837306
86 -3.3426250456841857
87 -3.342964387092729
88 -3.342972895654229
89 -3.3429728959535234
90 -3.3429728959809077
91 -3.342972895980909
92 -3.3429728959809024
93 -3.3429728959809077
94 -3.3429728959809077
95 -3.3429728959809086
96 -3.3429728959809086
97 -3.3429728959809073
98 -3.3429728959809086
99 -3.342972895980909
100 -3.342972895980908
101 -3.3429728959809073
102 -3.342972895980909
103 -3.342972895980908
104 -3.342972895980908
105 -3.3429728959809086
106 -3.342972895980909
107 -3.0117513878454893
108 -2.85513696056121
109 -3.470240810447926
110 -2.319207421951696
111 -3.852815851502909
112 -3.858165981686294
113 -3.8605342276383925
114 -3.7549840242674475
115 -3.8703852412246706
116 -3.870382906567551
117 -3.870390947753516
118 -3.870390961243781
119 -3.870390961247367
120 -3.8703909612473715
121 -3.870390961247372
122 -3.870390961247371
123 -3.8703909612473715
124 -3.8703909612473715
125 -3.8703909612473715
126 -3.8703909612473715
127 -3.870390961247372
128 -3.870390961247372
129 -3.870390961247372
130 -3.8703909612473715
131 -3.870390961247372
132 0.4606716422299058
133 -3.870390961247372
134 -1.6357805482365608
135 -3.894329007797193
136 -2.616155033042581
137 -3.05427338089669
138 -3.3671089280126556
139 -3.8644099303141015
140 -3.834625416591937
141 -3.8960465764593275
142 -3.8960614718018602
143 -3.896162680302634
144 -3.896162679888522
145 -3.89616268034841
146 -3.896162680348411
147 -3.8961626803484117
148 -3.896162680341729
149 -3.8961626803474347
150 -3.896162680348268
151 -3.8961626803483895
152 -3.896162680348408
153 -3.896162680348411
154 -3.896162680348411
155 -3.896162680348411
156 -3.896162680348411
157 -3.8961626803484113
158 -3.8961626803484117
159 -3.896162680348411
160 -3.8961626803484117
161 -3.8961626803484117
162 -3.896162680348411
163 -3.896162680348411
164 -3.896162680348411
165 -3.896162680348411
166 -3.8961626803484117
167 -2.125931766539276
168 -3.1075926921531654
169 -2.653258322527135
170 -2.8207758140037673
171 -3.8273798258297913
172 -3.8961843473928557
173 -3.896195366466926
174 -3.8961953868558163
175 -3.8961953868650303
176 -3.8961953868650365
177 -3.8961953868650365
178 -3.8961953868650365
179 -3.8961953868650365
180 -3.8961953868650365
181 -3.8961953868650365
182 -3.8961953868650365
183 -3.8961953868650365
184 -3.8961953868650365
185 -3.8961953868650365
186 -3.8961953868650365
187 -2.1154353481815997
188 -3.1013435123709083
189 -2.633173558972965
190 -2.845430030610754
191 -3.8244833949290777
192 -3.8963294880313817
193 -3.896339041345528
194 -3.8963398725836496
195 -3.8963398725982814
196 -3.8963398725984835
197 -3.896339872598483
198 -3.8963398725984506
199 -3.896339872598478
200 -3.8963398725984817
201 -3.8963398725984826
202 -3.8963398725984826
203 -3.896339872598483
204 -3.896339872598483
205 -3.896339872598483
206 -3.8963398725984826
207 -3.896339872598483
208 -3.896339872598483
209 -3.896339872598483
210 -3.896339872598483
211 -3.8963398725984835
212 -2.6406071716710975
213 -3.5927803209016798
214 -2.7280961427084467
215 -3.59077456567948
216 -3.9685331776209143
217 -4.031086033823922
218 -4.031437720761237
219 -4.0315348633388
220 -4.031534950266298
221 -4.031534950270229
222 -4.0315349502702285
223 -4.031534950270228
224 -4.0315349502702285
225 -4.031534950270228
226 -4.0315349502702285
227 -4.031534950270229
228 -4.031534950270229
229 -4.0315349502702285
230 -4.0315349502702285
231 -4.031534950270229
232 -2.823837426784596
233 -3.6182438886089514
234 -3.053977891970414
235 -2.85079296819116
236 -4.085078778277632
237 -4.098773150730209
238 -4.10387987574987
239 -4.103890691539727
240 -4.103892883761923
241 -4.103892884034575
242 -4.103892884034854
243 -4.103892884034854
244 -4.103892884034854
245 -4.103892884034854
246 -4.103892884034854
247 -4.103892884034854
248 -4.103892884034854
249 -4.103892884034854
250 -4.103892884034854
251 -4.103892884034854
252 -4.04038063830637
253 -4.103892884034854
254 -1.7545674963201399
255 -4.1721693200285195
256 -2.9437876384520867
257 -2.910427816879473
258 -3.6797475624781497
259 -4.097969426368652
260 -4.107013841416732
261 -4.107179083142396
262 -4.107180249731638
263 -4.107180260255382
264 -4.107180260259996
265 -4.107180260259997
266 -4.107180260259996
267 -4.107180260259997
268 -4.107180260259997
269 -4.107180260259996
270 -4.107180260259997
271 -4.107180260259997
272 -4.107180260259997
273 -4.107180260259997
274 -4.107180260259996
275 -4.107180260259996
276 -4.107180260259997
277 -2.306323285037853
278 -3.315218487525334
279 -2.881494622805244
280 -2.994876257384299
281 -4.040166978215236
282 -4.108087046641286
283 -4.108088387664143
284 -4.10809105567565
285 -4.108091055676537
286 -4.108091055676753
287 -4.108091055676753
288 -4.108091055676753
289 -4.108091055676753
290 -4.108091055676753
291 -2.3167360613661967
292 -3.3145534022748984
293 -2.86463836736654
294 -3.0240507014691573
295 -4.03817338956244
296 -4.108190771393967
297 -4.108190578077002
298 -4.108190862503751
299 -4.108190862505153
300 -4.108190862505153
301 -4.108190862505153
302 -4.108190862505153
303 -4.108190862505154
304 -4.108190862505154
305 -4.108190862505154
306 -4.108190862505153
307 -4.108190862505153
308 -4.108190862505153
309 -4.108190862505153
310 -4.108190862505154
311 -4.108190862505154
312 -4.108190862505154
313 -2.7452221200828673
314 -3.7477547787802523
315 -2.7605294219610004
316 -3.4509054392447167
317 -4.067175220013485
318 -4.151192756168199
319 -4.151389611388426
320 -4.151458193358396
321 -4.151458399298571
322 -4.151458399339521
323 -4.151458399339562
324 -4.151458399339562
325 -4.151458399339563
326 -4.151458399339563
327 -4.151458399339562
328 -4.151458399339563
329 -2.799771340487834
330 -3.7537899917835897
331 -2.9312183475417215
332 -3.1235969101233305
333 -4.106436917204422
334 -4.1546588571585055
335 -4.155051216454878
336 -4.155054401003123
337 -4.155054405510968
338 -4.155054405517564
339 -4.155054405517564
340 -4.155054405517564
341 -4.155054405517564
342 -4.155054405517564
343 -4.155054405517564
344 -4.155054405517564
345 -4.155054405517564
346 -4.155054405517564
347 -4.155054405517564
348 -4.155054405517564
349 -4.155054405517564
350 -4.155054405517564
351 -4.1565999073643285
352 -4.155054405517564
353 -4.1565999073643285
354 -4.055831433513029
355 -4.132689530513843
356 -4.161928792881822
357 -4.162120369632474
358 -4.162120692226886
359 -4.162120692484022
360 -4.1621206924840255
361 -4.1621206924840255
362 -4.162120692484026
363 -4.1621206924840255
364 -4.1621206924840255
365 -4.162120692484026
366 -4.1621206924840255
367 -4.162120692484026
368 -4.1621206924840255
369 -4.162120692484026
370 -4.1621206924840255
371 -4.162120692484026
372 -4.1621206924840255
373 -4.1621206924840255
374 -4.162120692484026
375 -4.1621206924840255
376 -4.1621206924840255
377 -4.1621206924840255
378 -4.162120692484026
379 -1.7615772912997905
380 -4.199796775774646
381 -3.1102579090454334
382 -3.009110186899652
383 -3.7187723481127177
384 -4.15974145954762
385 -4.1653819580847
386 -4.165407314035036
387 -4.165407713194339
388 -4.165407714195684
389 -4.165407714195864
390 -4.165407714195863
391 -4.165407714195857
392 -4.1654077141958625
393 -4.165407714195864
394 -4.165407714195864
395 -4.165407714195863
396 -4.165407714195863
397 -4.165407714195864
398 -4.165407714195864
399 -4.165407714195863
400 -4.165407714195863
401 -4.165407714195863
402 -4.165407714195864
403 -4.165407714195863
404 -4.165407714195864
405 -4.165407714195864
406 -2.3078950385870014
407 -3.362492328895857
408 -2.94024901583416
409 -3.04085646471327
410 -4.10050787478433
411 -4.167422357693869
412 -4.167508111044814
413 -4.167513105843756
414 -4.167513106929524
415 -4.16751310693532
416 -4.167513106935321
417 -4.167513106935317
418 -4.16751310693532
419 -4.167513106935321
420 -4.16751310693532
421 -4.16751310693532
422 -4.16751310693532
423 -4.16751310693532
424 -4.16751310693532
425 -4.16751310693532
426 -4.16751310693532
427 -4.16751310693532
428 -4.16751310693532
429 -4.167513106935321
430 -4.16751310693532
431 -4.16751310693532
432 -4.167513106935321
433 -2.3394958522497173
434 -3.3690836214212925
435 -2.937280110808433
436 -3.053570136787465
437 -4.099892690677938
438 -4.168551977490618
439 -4.168579343752103
440 -4.168582491628694
441 -4.168582491815712
442 -4.168582491817281
443 -4.168582491817281
444 -4.168582491817281
445 -4.168582491817281
446 -4.168582491817281
447 -4.168582491817281
448 -4.168582491817281
449 -4.168582491817281
450 -4.168582491817281
451 -4.168582491817281
452 -4.168582491817281
453 -2.847007460307854
454 -3.778330272813715
455 -2.852256583567034
456 -3.2844765313311948
457 -4.103543519984255
458 -4.173678329934676
459 -4.173892022695794
460 -4.173897584262241
461 -4.173897599927346
462 -4.173897599935832
463 -4.173897599935833
464 -4.173897599935833
465 -4.173897599935833
466 -4.173897599935833
467 -4.173897599935832
468 -4.173897599935833
469 -4.173897599935832
470 -4.173897599935833
471 -4.173897599935832
472 -4.173897599935833
473 -4.173897599935833
474 -4.173897599935833
475 -4.168322037659944
476 -4.153188719061845
477 -4.170317238133069
478 -4.173423107131875
479 -4.1739717055938215
480 -4.173971705621525
481 -4.1739717056263075
482 -4.173971705626308
483 -4.17397170562525
484 -4.173971705626153
485 -4.173971705626287
486 -4.173971705626304
487 -4.173971705626307
488 -4.1739717056263075
489 -4.1739717056263075
490 -4.173971705626308
491 -4.173971705626308
492 -4.1739717056263075
493 -4.1739717056263075
494 -4.173971705626308
495 -4.173971705626308
496 -4.173971705626308
497 -4.1739717056263075
498 -4.1739717056263075
499 -4.173971705626308
500 -4.173971705626308
evaluations raw_y
1 1.875
2 1.875
3 -0.6485062619053235
4 -1.4865461581717678
5 -0.976351934148818
6 0.5150961412155717
7 -0.07761205927060333
8 -0.8590207041407394
9 -1.486496825254658
10 -1.4880534774205811
11 -1.4880553416991789
12 -1.4880554554130458
13 -1.488055455668147
14 -1.4880554556681571
15 -1.488055455668157
16 -1.4880554556681558
17 -1.4880554556681567
18 -1.4880554556681567
19 -1.4880554556681567
20 -1.4880554556681571
21 -1.488055455668157
22 -1.4880554556681567
23 -1.4880554556681567
24 -1.488055455668157
25 -1.4880554556681571
26 -2.278294537823378
27 -1.2845340794762392
28 -2.017639839598081
29 -0.8695064250026375
30 -2.4648707485101307
31 -2.4687655940037314
32 -2.4724987734363246
33 -2.454587579257134
34 -2.473000013777747
35 -2.4730279221953757
36 -2.4730282322597055
37 -2.4730282369601424
38 -2.4730282369618695
39 -2.47302823696187
40 -2.47302823696187
41 -2.47302823696187
42 -2.47302823696187
43 -2.47302823696187
44 -2.47302823696187
45 -2.4730282369618695
46 -2.47302823696187
47 -2.47302823696187
48 -2.47302823696187
49 -2.47302823696187
50 -2.5267556418783506
51 -0.6667807651409046
52 -1.5529282500211563
53 -2.2509063201392028
54 -2.470668699489426
55 -2.7246582159214405
56 -2.7080677075722184
57 -2.7366692501902996
58 -2.6909935963487817
59 -2.7378795318508047
60 -2.737880066299514
61 -2.737880434553293
62 -2.737880434558666
63 -2.7378804345586762
64 -2.7378804345586767
65 -2.737880434558674
66 -2.737880434558676
67 -2.7378804345586762
68 -2.7378804345586767
69 -2.7378804345586767
70 -2.7378804345586762
71 -2.7378804345586762
72 -2.737880434558676
73 -2.7378804345586767
74 -2.7378804345586762
75 -2.7378804345586762
76 -2.7378804345586767
77 -2.7378804345586762
78 -2.7378804345586762
79 -2.7378804345586767
80 -1.9263465820463943
81 -2.707215726121541
82 -3.342893812150132
83 -2.698506494824956
84 -3.266286344480733
85 -3.2254519733837306
86 -3.3426250456841857
87 -3.342964387092729
88 -3.342972895654229
89 -3.3429728959535234
90 -3.3429728959809077
91 -3.342972895980909
92 -3.3429728959809024
93 -3.3429728959809077
94 -3.3429728959809077
95 -3.3429728959809086
96 -3.3429728959809086
97 -3.3429728959809073
98 -3.3429728959809086
99 -3.342972895980909
100 -3.342972895980908
101 -3.3429728959809073
102 -3.342972895980909
103 -3.342972895980908
104 -3.342972895980908
105 -3.3429728959809086
106 -3.342972895980909
107 -3.0117513878454893
108 -2.85513696056121
109 -3.470240810447926
110 -2.319207421951696
111 -3.852815851502909
112 -3.858165981686294
113 -3.8605342276383925
114 -3.7549840242674475
115 -3.8703852412246706
116 -3.870382906567551
117 -3.870390947753516
118 -3.870390961243781
119 -3.870390961247367
120 -3.8703909612473715
121 -3.870390961247372
122 -3.870390961247371
123 -3.8703909612473715
124 -3.8703909612473715
125 -3.8703909612473715
126 -3.8703909612473715
127 -3.870390961247372
128 -3.870390961247372
129 -3.870390961247372
130 -3.8703909612473715
131 -3.870390961247372
132 0.4606716422299058
133 -3.870390961247372
134 -1.6357805482365608
135 -3.894329007797193
136 -2.616155033042581
137 -3.05427338089669
138 -3.3671089280126556
139 -3.8644099303141015
140 -3.834625416591937
141 -3.8960465764593275
142 -3.8960614718018602
143 -3.896162680302634
144 -3.896162679888522
145 -3.89616268034841
146 -3.896162680348411
147 -3.8961626803484117
148 -3.896162680341729
149 -3.8961626803474347
150 -3.896162680348268
151 -3.8961626803483895
152 -3.896162680348408
153 -3.896162680348411
154 -3.896162680348411
155 -3.896162680348411
156 -3.896162680348411
157 -3.8961626803484113
158 -3.8961626803484117
159 -3.896162680348411
160 -3.8961626803484117
161 -3.8961626803484117
162 -3.896162680348411
163 -3.896162680348411
164 -3.896162680348411
165 -3.896162680348411
166 -3.8961626803484117
167 -2.125931766539276
168 -3.1075926921531654
169 -2.653258322527135
170 -2.8207758140037673
171 -3.8273798258297913
172 -3.8961843473928557
173 -3.896195366466926
174 -3.8961953868558163
175 -3.8961953868650303
176 -3.8961953868650365
177 -3.8961953868650365
178 -3.8961953868650365
179 -3.8961953868650365
180 -3.8961953868650365
181 -3.8961953868650365
182 -3.8961953868650365
183 -3.8961953868650365
184 -3.8961953868650365
185 -3.8961953868650365
186 -3.8961953868650365
187 -2.1154353481815997
188 -3.1013435123709083
189 -2.633173558972965
190 -2.845430030610754
191 -3.8244833949290777
192 -3.8963294880313817
193 -3.896339041345528
194 -3.8963398725836496
195 -3.8963398725982814
196 -3.8963398725984835
197 -3.896339872598483
198 -3.8963398725984506
199 -3.896339872598478
200 -3.8963398725984817
201 -3.8963398725984826
202 -3.8963398725984826
203 -3.896339872598483
204 -3.896339872598483
205 -3.896339872598483
206 -3.8963398725984826
207 -3.896339872598483
208 -3.896339872598483
209 -3.896339872598483
210 -3.896339872598483
211 -3.8963398725984835
212 -2.6406071716710975
213 -3.5927803209016798
214 -2.7280961427084467
215 -3.59077456567948
216 -3.9685331776209143
217 -4.031086033823922
218 -4.031437720761237
219 -4.0315348633388
220 -4.031534950266298
221 -4.031534950270229
222 -4.0315349502702285
223 -4.031534950270228
224 -4.0315349502702285
225 -4.031534950270228
226 -4.0315349502702285
227 -4.031534950270229
228 -4.031534950270229
229 -4.0315349502702285
230 -4.0315349502702285
231 -4.031534950270229
232 -2.823837426784596
233 -3.6182438886089514
234 -3.053977891970414
235 -2.85079296819116
236 -4.085078778277632
237 -4.098773150730209
238 -4.10387987574987
239 -4.103890691539727
240 -4.103892883761923
241 -4.103892884034575
242 -4.103892884034854
243 -4.103892884034854
244 -4.103892884034854
245 -4.103892884034854
246 -4.103892884034854
247 -4.103892884034854
248 -4.103892884034854
249 -4.103892884034854
250 -4.103892884034854
251 -4.103892884034854
252 -4.04038063830637
253 -4.103892884034854
254 -1.7545674963201399
255 -4.1721693200285195
256 -2.9437876384520867
257 -2.910427816879473
258 -3.6797475624781497
259 -4.097969426368652
260 -4.107013841416732
261 -4.107179083142396
262 -4.107180249731638
263 -4.107180260255382
264 -4.107180260259996
265 -4.107180260259997
266 -4.107180260259996
267 -4.107180260259997
268 -4.107180260259997
269 -4.107180260259996
270 -4.107180260259997
271 -4.107180260259997
272 -4.107180260259997
273 -4.107180260259997
274 -4.107180260259996
275 -4.107180260259996
276 -4.107180260259997
277 -2.306323285037853
278 -3.315218487525334
279 -2.881494622805244
280 -2.994876257384299
281 -4.040166978215236
282 -4.108087046641286
283 -4.108088387664143
284 -4.10809105567565
285 -4.108091055676537
286 -4.108091055676753
287 -4.108091055676753
288 -4.108091055676753
289 -4.108091055676753
290 -4.108091055676753
291 -2.3167360613661967
292 -3.3145534022748984
293 -2.86463836736654
294 -3.0240507014691573
295 -4.03817338956244
296 -4.108190771393967
297 -4.108190578077002
298 -4.108190862503751
299 -4.108190862505153
300 -4.108190862505153
301 -4.108190862505153
302 -4.108190862505153
303 -4.108190862505154
304 -4.108190862505154
305 -4.108190862505154
306 -4.108190862505153
307 -4.108190862505153
308 -4.108190862505153
309 -4.108190862505153
310 -4.108190862505154
311 -4.108190862505154
312 -4.108190862505154
313 -2.7452221200828673
314 -3.7477547787802523
315 -2.7605294219610004
316 -3.4509054392447167
317 -4.067175220013485
318 -4.151192756168199
319 -4.151389611388426
320 -4.151458193358396
321 -4.151458399298571
322 -4.151458399339521
323 -4.151458399339562
324 -4.151458399339562
325 -4.151458399339563
326 -4.151458399339563
327 -4.151458399339562
328 -4.151458399339563
329 -2.799771340487834
330 -3.7537899917835897
331 -2.9312183475417215
332 -3.1235969101233305
333 -4.106436917204422
334 -4.1546588571585055
335 -4.155051216454878
336 -4.155054401003123
337 -4.155054405510968
338 -4.155054405517564
339 -4.155054405517564
340 -4.155054405517564
341 -4.155054405517564
342 -4.155054405517564
343 -4.155054405517564
344 -4.155054405517564
345 -4.155054405517564
346 -4.155054405517564
347 -4.155054405517564
348 -4.155054405517564
349 -4.155054405517564
350 -4.155054405517564
351 -4.1565999073643285
352 -4.155054405517564
353 -4.1565999073643285
354 -4.055831433513029
355 -4.132689530513843
356 -4.161928792881822
357 -4.162120369632474
358 -4.162120692226886
359 -4.162120692484022
360 -4.1621206924840255
361 -4.1621206924840255
362 -4.162120692484026
363 -4.1621206924840255
364 -4.1621206924840255
365 -4.162120692484026
366 -4.1621206924840255
367 -4.162120692484026
368 -4.1621206924840255
369 -4.162120692484026
370 -4.1621206924840255
371 -4.162120692484026
372 -4.1621206924840255
373 -4.1621206924840255
374 -4.162120692484026
375 -4.1621206924840255
376 -4.1621206924840255
377 -4.1621206924840255
378 -4.162120692484026
379 -1.7615772912997905
380 -4.199796775774646
381 -3.1102579090454334
382 -3.009110186899652
383 -3.7187723481127177
384 -4.15974145954762
385 -4.1653819580847
386 -4.165407314035036
387 -4.165407713194339
388 -4.165407714195684
389 -4.165407714195864
390 -4.165407714195863
391 -4.165407714195857
392 -4.1654077141958625
393 -4.165407714195864
394 -4.165407714195864
395 -4.165407714195863
396 -4.165407714195863
397 -4.165407714195864
398 -4.165407714195864
399 -4.165407714195863
400 -4.165407714195863
401 -4.165407714195863
402 -4.165407714195864
403 -4.165407714195863
404 -4.165407714195864
405 -4.165407714195864
406 -2.3078950385870014
407 -3.362492328895857
408 -2.94024901583416
409 -3.04085646471327
410 -4.10050787478433
411 -4.167422357693869
412 -4.167508111044814
413 -4.167513105843756
414 -4.167513106929524
415 -4.16751310693532
416 -4.167513106935321
417 -4.167513106935317
418 -4.16751310693532
419 -4.167513106935321
420 -4.16751310693532
421 -4.16751310693532
422 -4.16751310693532
423 -4.16751310693532
424 -4.16751310693532
425 -4.16751310693532
426 -4.16751310693532
427 -4.16751310693532
428 -4.16751310693532
429 -4.167513106935321
430 -4.16751310693532
431 -4.16751310693532
432 -4.167513106935321
433 -2.3394958522497173
434 -3.3690836214212925
435 -2.937280110808433
436 -3.053570136787465
437 -4.099892690677938
438 -4.168551977490618
439 -4.168579343752103
440 -4.168582491628694
441 -4.168582491815712
442 -4.168582491817281
443 -4.168582491817281
444 -4.168582491817281
445 -4.168582491817281
446 -4.168582491817281
447 -4.168582491817281
448 -4.168582491817281
449 -4.168582491817281
450 -4.168582491817281
451 -4.168582491817281
452 -4.168582491817281
453 -2.847007460307854
454 -3.778330272813715
455 -2.852256583567034
456 -3.2844765313311948
457 -4.103543519984255
458 -4.173678329934676
459 -4.173892022695794
460 -4.173897584262241
461 -4.173897599927346
462 -4.173897599935832
463 -4.173897599935833
464 -4.173897599935833
465 -4.173897599935833
466 -4.173897599935833
467 -4.173897599935832
468 -4.173897599935833
469 -4.173897599935832
470 -4.173897599935833
471 -4.173897599935832
472 -4.173897599935833
473 -4.173897599935833
474 -4.173897599935833
475 -4.168322037659944
476 -4.153188719061845
477 -4.170317238133069
478 -4.173423107131875
479 -4.1739717055938215
480 -4.173971705621525
481 -4.1739717056263075
482 -4.173971705626308
483 -4.17397170562525
484 -4.173971705626153
485 -4.173971705626287
486 -4.173971705626304
487 -4.173971705626307
488 -4.1739717056263075
489 -4.1739717056263075
490 -4.173971705626308
491 -4.173971705626308
492 -4.1739717056263075
493 -4.1739717056263075
494 -4.173971705626308
495 -4.173971705626308
496 -4.173971705626308
497 -4.1739717056263075
498 -4.1739717056263075
499 -4.173971705626308
500 -4.173971705626308
