evaluations raw_y
1 -3.7275513744952087
2 -0.05960510244062389
3 1.9525416775238011
4 2.661088275301317
5 3.6968917256838507
6 0.7336851308594241
7 2.683937880636318
8 -1.5243101737781604
9 -3.9144198557170506
10 -5.1502634075661335
11 -1.3361319734849804
12 2.363006039978772
13 -2.451849130797344
14 3.7388169230640234
15 -1.5897562277316992
16 -2.7016272039222073
17 -3.2801404543833796
18 2.5873894015960204
19 4.12378339765468
20 -1.087825689547091
21 -1.0388788952141776
22 -3.0626352522487963
23 -0.7333202998033466
24 -2.3925331339331617
25 3.832353619076806
26 -0.6170665845772516
27 -2.6645052563965805
28 -3.2976671213759237
29 -2.1858355371108686
30 0.6107353582660618
31 1.4378053628057692
32 4.029858885792863
33 6.659171252259123
34 4.67465923893767
35 3.527308978664129
36 4.381521959581033
37 4.356082646620187
38 4.356082646620187
39 7.258684373783213
40 3.8615611276330046
41 7.258684373783213
42 3.527308978664129
43 7.258684373783213
44 7.258684373783213
45 4.056176455979597
46 4.029858885792863
47 6.659171252259123
48 6.659171252259123
49 4.340407089968794
50 7.258684373783213
51 7.258684373783213
52 4.67465923893767
53 7.258684373783213
54 7.258684373783213
55 0.8057532205604543
56 6.924432224814337
57 -0.11657970717049304
58 7.258684373783213
59 7.258684373783213
60 7.258684373783213
61 6.60026405980455
62 4.366619806530997
63 7.289506788632224
64 1.164376711875063
65 3.838570867245593
66 7.265514169709428
67 1.4574111081106902
68 0.6597022103807837
69 1.7916208022504982
70 4.6885052297002705
71 4.0064801140289195
72 7.265771077726001
73 3.397204877990201
74 -1.9540243174816245
75 7.242866556932729
76 4.668133873390467
77 4.362814192190619
78 7.289506788632224
79 1.4574111081106902
80 7.263319882253382
81 6.60026405980455
82 6.60026405980455
83 3.8821506787633884
84 4.051623249201809
85 4.0024175916719695
86 0.34484124827495544
87 1.7844810663453192
88 6.961890161071102
89 3.8821506787633884
90 4.044835454752523
91 0.9394631635471524
92 6.1823195185632045
93 6.882942533634582
94 1.7807576338057485
95 2.812023279535257
96 3.604918774517178
97 0.7921033044304893
98 1.1479327912543853
99 3.8267746032202563
100 5.860825256664434
101 -0.721726781339151
102 2.6836915587710353
103 7.202472377705034
104 3.85686367091309
105 7.259159240861957
106 -0.7188841171594049
107 6.215477201817125
108 6.208039067675866
109 2.9709419659389944
110 4.309284588843025
111 1.459011844881252
112 0.9664929705864413
113 7.195912489915203
114 3.855985424561662
115 0.970235769840911
116 0.9414997622315806
117 4.006323521234446
118 3.6315165699812675
119 0.615397050596046
120 1.7776890182446614
121 1.415199207937462
122 3.7123123641390814
123 1.0919845957933618
124 2.594452029099945
125 -0.9106658092129718
126 3.2667260216585436
127 4.6175480691299535
128 2.792865714779052
129 1.2935280300220755
130 -5.140772276440803
131 -3.3369066333740394
132 2.29892110620756
133 1.5774560333786962
134 4.345249345216723
135 2.4380959131595286
136 -0.7253716601373317
137 0.3334262396622376
138 3.86237792189241
139 -1.9377493703271778
140 3.626942287341735
141 5.207629672929579
142 1.5291361718571872
143 4.105916497823932
144 -2.5859747358967073
145 1.7725774394086238
146 4.105916497823932
147 6.15540275178697
148 2.4422225537851965
149 1.2877869852077501
150 -1.680701031354636
151 1.075752032295835
152 5.727364814276517
153 -2.2644985013011008
154 2.7041520810995365
155 3.197444432991034
156 -0.04559919569322801
157 -4.833651739470281
158 1.4492373061110193
159 3.5204848906734294
160 4.020079882286925
161 2.246073816434107
162 0.695368163739218
163 -0.41940412599820553
164 -0.14722312143618832
165 -2.277038835777235
166 5.768607050033052
167 -0.8469870339520864
168 0.7017412565892971
169 3.5719147802255646
170 3.5434514657967746
171 1.0778576170989664
172 0.2927257506363421
173 0.7728100124161252
174 3.9595188211218098
175 4.064271709378621
176 6.856651750107714
177 2.386571310868505
178 1.3781685502841912
179 1.4053314441600018
180 3.536132231920395
181 4.269026587847939
182 0.6227556238936636
183 2.3139127838906086
184 1.0694863806556787
185 -2.258154912926284
186 -2.275070976034734
187 -5.143355173142121
188 0.2889839835295298
189 1.5074214618455601
190 -0.8949785983353475
191 0.9929298161446645
192 1.4974614942279623
193 -4.5517185932196
194 4.010319895349544
195 5.760769062020765
196 4.283169996473333
197 3.683361668711063
198 2.367742043853614
199 4.335504366139243
200 2.3574870635506437
201 1.1379538843459283
202 4.326744276133369
203 0.8118471665225429
204 0.30660666138934767
205 -1.3057314174182535
206 6.0088637155464015
207 -1.9005403542517223
208 -0.048291842957693065
209 -1.750324350030868
210 3.622306722175394
211 -0.9158297919130165
212 1.4455925483834082
213 0.8288292899373897
214 3.597109596359447
215 1.3662212239881106
216 3.8233333540279886
217 -5.14331137306005
218 1.131329003170759
219 5.299886731354479
220 4.029980627200397
221 4.025850358791338
222 -1.0767844580188546
223 1.688004079933263
224 2.1474664792876546
225 -1.9421600357970434
226 -2.779732515292946
227 -0.6587804017164409
228 3.70962739867827
229 -4.065677988169559
230 6.734199186052848
231 0.6112039062305454
232 -1.1505790757831658
233 1.3662212239881106
234 7.069033570698728
235 -1.905439684321296
236 2.7245171052961297
237 -1.8201032380805202
238 3.6204092008223947
239 -2.577052611551169
240 -0.9096634721853414
241 0.25633750138331135
242 -7.447175493402317
243 -1.5467592481692285
244 -5.843429337664983
245 -1.8607409612062216
246 3.346452983739756
247 1.3347617674691667
248 -1.463144378986774
249 0.8751649994764352
250 -4.62740205714266
251 -0.6654082173908327
252 -1.9491381447188967
253 -3.5419720413813223
254 -5.144838344370038
255 0.1441856965853039
256 -0.6438549554599036
257 -3.1486792515157056
258 -5.155643288874867
259 -4.875395956321597
260 -2.4365092770210897
261 3.8223899475082965
262 0.9579309760638137
263 -7.44811137398033
264 -3.5484050570618737
265 2.2234840719839295
266 -1.9953163489668093
267 0.9593723843474224
268 -0.833726581313815
269 1.9810685357733124
270 -1.8613369324902482
271 -3.3467864691262963
272 -5.66917205614371
273 -1.963542875445011
274 -4.861491501328127
275 -5.460929698392014
276 -3.3467864691262963
277 0.6137143276010031
278 1.1799559209535169
279 0.5617638807768071
280 0.33500542907214537
281 -0.7946068421879778
282 -0.845133951546954
283 -1.4192477520319757
284 0.5691752068260469
285 -4.0492385073003305
286 0.019727552212840324
287 -7.4381456809508
288 -1.958492886157423
289 0.6101876355584992
290 -1.6480239125965637
291 -1.156434737819872
292 -4.560062124634142
293 -1.659796001489881
294 1.398400799192973
295 0.33509163209231674
296 -4.605776686022883
297 -1.9640574881490445
298 3.198358945984234
299 -1.6357557050032365
300 1.7507859031560076
301 -4.168222531854185
302 -4.037564611063285
303 -7.445336531881306
304 -0.060945799042530835
305 -1.4576036619187533
306 1.2251303859459042
307 -3.4429554779833977
308 -2.9614404106190255
309 -0.9569001121163856
310 -5.758067964717384
311 1.7399814758919858
312 -7.4526647831031845
313 -7.439317176210383
314 -5.5791426346118405
315 -5.5791426346118405
316 1.223719715313492
317 -7.439749297167017
318 1.2736320661599585
319 -7.444904410924672
320 -4.842370765437298
321 -1.9789302294407085
322 3.454023304428943
323 -4.5641186779018295
324 1.1393691389813783
325 1.293502874496132
326 -1.1701264849332444
327 -4.048154793378409
328 -5.575478871410153
329 -0.060945799042530835
330 -3.877971562964185
331 -7.456374619525649
332 -4.587968206829814
333 -4.87396752430248
334 -4.691506242388219
335 -1.8329173275180997
336 -2.2880456228734367
337 -4.045561168807388
338 -1.435477750854805
339 -2.0021197407136873
340 1.4207453431189592
341 4.01606035514204
342 -1.1252184325098473
343 -5.736007511202894
344 -2.864549515293422
345 -4.578270569240578
346 -7.45486508231482
347 -1.9614621631968552
348 -4.865343211321189
349 -2.5807496602420796
350 -1.6709121511241372
351 -1.6331139362379636
352 0.8525881849824679
353 -4.040926613070006
354 -3.1453214238504166
355 -3.1633444784925238
356 -7.450420654435913
357 -2.817109226616208
358 -1.4573587071661123
359 -1.3771913619434246
360 -7.450420654435913
361 1.402134241830844
362 -6.673525606391616
363 -1.9166938276688699
364 -1.5107335204273284
365 -7.454259092722818
366 -1.4334387199487895
367 -4.127791879102948
368 -7.462206574681303
369 -4.256757064710943
370 -4.258304906301198
371 -4.5333667283668
372 -4.866928750713466
373 -4.877979778674856
374 -4.879545617832371
375 -4.044869111603654
376 -1.9503572296725058
377 -5.944962468341151
378 -4.577017198488222
379 -7.449307077032273
380 -5.168840318677525
381 -3.541943825079904
382 -7.454259092722818
383 -6.74296712388107
384 -5.944894285103443
385 -4.866928750713466
386 -7.459959377477852
387 -7.452761436803011
388 -7.4512135952127565
389 -7.451145411975048
390 -5.955614768786729
391 0.8364809847446499
392 -4.705121046827926
393 -7.466221254225392
394 -1.6817392323281242
395 -6.274431188292127
396 -4.582884326282064
397 -1.6805162595293968
398 -7.465972546039027
399 -4.052906253422206
400 -4.883081561140189
401 -7.457692704442291
402 -7.458423534088842
403 -7.460831988488458
404 -4.704430158486442
405 -1.478295110120104
406 -7.458470673972574
407 -7.459410270500422
408 -7.4593631306166905
409 -4.583133034468429
410 -6.268840354252559
411 -7.460831988488458
412 -6.275651337977529
413 -7.46617411434166
414 -7.459892391960609
415 -4.051966656894358
416 -7.457692704442291
417 -1.478247970236372
418 -4.262218939714022
419 -7.459892391960609
420 -7.458423534088842
421 -4.895791335223105
422 -7.462947681623889
423 -7.4682779544961075
424 -7.46243920518978
425 -7.46738602547523
426 -7.463120102959239
427 -7.468249011035814
428 -4.586744934334528
429 -1.5025557709926523
430 -7.46789450190934
431 -7.465047438876049
432 -7.4682779544961075
433 -4.260316035776763
434 -7.463503555546005
435 -4.6736027273493725
436 -4.265435277397565
437 -7.465219860211398
438 -7.469102330140624
439 -1.6857586027118936
440 -4.8936915779709445
441 -4.592756104976206
442 -6.822291528831097
443 -7.4645389624419405
444 -7.463503555546005
445 -1.432219343034405
446 -6.822847402753213
447 -6.823528300522673
448 -3.3197751635926065
449 -7.46789450190934
450 -7.116116325295092
451 -7.470524145071176
452 -7.467323273941859
453 -7.372635726165258
454 -7.467092852372519
455 -7.470877587786309
456 -7.46985386655906
457 -7.466652995429743
458 -7.466545307667507
459 -7.470856314251716
460 -7.466545307667507
461 -7.467323273941859
462 -7.467323273941859
463 -7.470416457308939
464 -7.4672155861796226
465 -5.745547814951696
466 -7.470293723501836
467 -7.470964002013952
468 -7.467763130884635
469 -7.467236859714216
470 -4.745420895937382
471 -7.468346995169108
472 -7.469746178796823
473 -4.0625981226911865
474 -7.46985386655906
475 -4.839668586771207
476 -7.534322381898605
477 -7.466985164610283
478 -7.468346995169108
479 -4.891967286166461
480 -7.373767135154744
481 -7.533522169902934
482 -5.08512663445083
483 -7.535294791372216
484 -7.533562728564505
485 -7.533402740400804
486 -7.53319581439092
487 -7.535241118534121
488 -5.228094155410703
489 -7.533616401402599
490 -7.53346849706484
491 -7.533562728564505
492 -7.53319581439092
493 -7.535081130370422
494 -7.533675423074723
495 -7.533682158066635
496 -4.657733204237999
497 -7.533409475392716
498 -7.5349080280301965
499 -7.370942815727904
500 -7.535448044544005
501 -6.339223015977488
502 -7.533355802554621
503 -7.53523438354221
504 -6.33820407202381
505 -4.128282524309289
506 -7.533355802554621
507 -7.535121689031991
508 -7.006485967657977
509 -7.534754774858408
510 -7.006485967657977
evaluations raw_y
1 0.07572314453060569
2 0.7461175439146412
3 -0.8781302522534465
4 -2.3882725473890076
5 2.1735717526669838
6 0.1393103285644841
7 2.4307920204316575
8 -2.620718661246669
9 2.19280315618022
10 -0.8860141524354485
11 -0.3635808716732105
12 -0.9216745543513204
13 -2.3829861467347526
14 0.3740804947266667
15 -2.946642791317446
16 2.5794875334033307
17 -1.449107145429138
18 -0.36272121239250066
19 -1.1184775394036024
20 0.14468382382960038
21 2.357335480802727
22 -1.77609401826283
23 2.851374584345657
24 2.081142211603542
25 1.5975241432848324
26 2.048762242879964
27 -2.1800335970958393
28 4.605419710616744
29 0.953939303505953
30 -3.9771468775556604
31 3.634395553617796
32 4.225574990759928
33 4.244224413051013
34 5.596704587476458
35 6.915577873785171
36 7.159952058199635
37 -0.4436676285285166
38 1.8899795315668906
39 5.596704587476458
40 6.915577873785171
41 5.197643024340973
42 7.159952058199635
43 6.915577873785171
44 7.159952058199635
45 7.159952058199635
46 4.469949175174392
47 4.469949175174392
48 5.596704587476458
49 5.197643024340973
50 4.505167553806454
51 7.159952058199635
52 7.159952058199635
53 1.1156633666475266
54 4.276962746217731
55 7.159952058199635
56 0.8899386045241475
57 5.197643024340973
58 0.29543015775878523
59 7.159952058199635
60 4.244224413051013
61 2.2906019245851272
62 1.8731341071815462
63 4.2734666716097305
64 7.137362814513238
65 7.120731980427821
66 5.262497398934156
67 2.3833461500391713
68 6.904569262217716
69 4.249817240602871
70 4.465514149078019
71 4.455193630758041
72 5.212297591600478
73 7.12704229619326
74 4.27747687416427
75 1.2743611415409213
76 -0.3483355419196718
77 4.227678700003816
78 0.42713676123740535
79 7.151085452888607
80 4.996134873390375
81 7.201866380079009
82 1.1243146950963836
83 5.688359541353118
84 5.67803902303314
85 2.5467592419306984
86 3.8134941257740365
87 5.268807714699594
88 5.708392495493926
89 7.171512907618223
90 3.0885931762358667
91 5.539396951905008
92 -2.4404477962202757
93 5.273724893227334
94 2.3278284553013835
95 1.3653932632554995
96 5.633312693212552
97 3.640980406526571
98 5.58349960101648
99 1.6253431011688473
100 1.907784643063172
101 2.3024100190062633
102 4.232627348905005
103 3.3868880320067185
104 7.20623215332077
105 5.249608606403899
106 1.891920282963362
107 5.567105318394823
108 1.8936802906362098
109 -1.2962301744357714
110 -0.6062074709954002
111 -2.400467149297031
112 2.5865565238613835
113 -0.3570499838698722
114 3.613272040036756
115 5.541686882099703
116 2.087840433208493
117 1.3354692541306743
118 3.634598058301387
119 0.274399355477752
120 1.8800762765733567
121 2.265335711332073
122 3.5629537064217627
123 0.08744520359917068
124 -0.6109818441884707
125 -1.5492905487391253
126 0.04327244502515143
127 2.3349757150128685
128 2.5732364636107636
129 0.10071110442721448
130 5.194634353007759
131 -0.8427660678067417
132 1.1520906105846167
133 -1.4669205043010676
134 -1.1330928220991137
135 5.128469229773882
136 -0.8594249853323954
137 1.1520906105846167
138 2.718271543214421
139 -0.40979595941737657
140 1.855612021310252
141 2.576629480308374
142 -0.37272109559057554
143 -1.3795900116668398
144 1.9501424135013363
145 1.7643340272861785
146 5.384256325870939
147 2.7265140835227517
148 2.488596969707404
149 0.07853725401315487
150 3.329849550638298
151 2.3910721465734532
152 1.4514681820274624
153 0.9117150604210589
154 -1.0258629583855514
155 4.326758287832844
156 4.224149474271712
157 -0.5259721819433206
158 -0.9606722361297939
159 0.22181388924211531
160 -2.461658323202711
161 3.8040825158402356
162 2.126759186916021
163 1.890304604442991
164 0.2035525904354456
165 7.002301943577759
166 -0.3953230802566525
167 4.81106645804734
168 2.0112910529190993
169 -4.163733146046637
170 -1.0882656225286416
171 2.761547693798219
172 -2.6708396962546987
173 -1.7849392232864214
174 3.6392673671590785
175 1.4730911178496555
176 -2.710723094845877
177 4.624107515681645
178 -2.901043674227094
179 3.3645854766816514
180 3.3645854766816514
181 1.7253879109923056
182 2.833017304398286
183 0.6770448925818369
184 -1.4517582406728706
185 0.9217852045132151
186 -2.7916850271482616
187 0.14058652626366697
188 2.2967688410249973
189 -0.11093985556289554
190 4.723008455060704
191 -4.167235797578133
192 -1.4795524923804757
193 3.7381309396614046
194 1.4911615698713248
195 4.960268803175104
196 0.1332069579345565
197 3.720534781168302
198 2.099474793102781
199 6.978278362601273
200 4.728392963502133
201 3.6106147289888257
202 -0.9737549712216362
203 4.213992727553368
204 4.19075573147481
205 -2.013817845372263
206 -0.628816972823446
207 -3.0314108014940953
208 6.979640766739471
209 3.6202719194299213
210 6.720505826684708
211 -3.2102600935416556
212 1.3695307289251062
213 -1.5275039031019602
214 -2.9546669580214338
215 1.6435755777695173
216 4.538668826694545
217 0.9232929036437771
218 -0.8139005036587076
219 -0.264670109233492
220 -3.1852029739080554
221 0.8883817572538861
222 -0.5609859380354073
223 -4.16037584851811
224 0.6189283040715292
225 -3.9393708760625676
226 -0.30143871517732146
227 4.277086778260041
228 -0.33672567508510487
229 0.1668569020936821
230 -1.4922169431941767
231 4.023069158575393
232 -1.220312746199838
233 4.024937942042591
234 0.894427490753352
235 -4.157970282505779
236 4.277086778260041
237 0.925346231382079
238 1.6470198770722897
239 -0.8201713602913542
240 1.1463917826996974
241 -1.4603873970005616
242 0.6704142932097881
243 -2.8150231623968143
244 1.2732138265821393
245 5.015765918221871
246 -0.4702963934077711
247 -3.370555582940126
248 -0.5617297362812095
249 0.21210394818625122
250 4.335032539169983
251 -3.6179077301498257
252 3.1576474781559467
253 -1.482808687865369
254 -0.8256818972878052
255 -2.006996113849694
256 -1.7970064580419742
257 -1.7530413774156357
258 -1.2171557152553805
259 0.670246717590866
260 -4.15119829568915
261 2.3318343025611523
262 -3.6206618512361217
263 -1.4861173282177473
264 -4.175221274976103
265 0.8817528265211081
266 3.562531992894323
267 -0.5567249808024952
268 3.562531992894323
269 0.46595228945316114
270 -4.16468402261788
271 -1.7373333564289486
272 0.668585836076131
273 -4.165963712137209
274 -0.576220733891383
275 0.26116884195242496
276 -3.918836420113605
277 -0.9298121496709407
278 6.783699739437926
279 -1.7621458689714122
280 4.284955271157046
281 1.1395935016256074
282 -0.9636362304498511
283 -2.015794446138301
284 3.6125270394782376
285 -1.9011290423661573
286 0.46965676648615706
287 0.9529951440532378
288 2.1259585153850473
289 -1.7327842506479854
290 1.2751424904031945
291 3.6215685476712554
292 -1.804792898664576
293 -1.2103087222212636
294 0.2697543364470545
295 1.034909642007287
296 2.114517089231912
297 -4.184406197289981
298 -1.804792898664576
299 -1.2351283825003214
300 0.26503075556684985
301 -1.2553679241065512
302 4.478747086483596
303 -4.188248556156366
304 -1.8172030667379655
305 -4.176698503554518
306 -3.936863199761542
307 0.5443856874546914
308 -1.8494697030470573
309 0.8759125420547149
310 -2.469785480045396
311 -3.9272659912646457
312 -3.992541940116491
313 -1.175634773307472
314 -1.2457707156096556
315 0.3273787761724045
316 2.039754872542624
317 3.3432649720148704
318 0.46035698767748745
319 2.3549690735347864
320 3.614238349435932
321 -0.9965121027215316
322 -1.844402089639716
323 -0.9834046654684891
324 0.6715942656939919
325 -0.12383998753043535
326 -0.6276495010225882
327 -2.21123348424492
328 1.7694763419041926
329 -0.1081910172305326
330 -2.01901672382046
331 -4.008941681918311
332 -1.6567139503631196
333 -4.197578822619057
334 -4.183672323605061
335 -1.3775163173785705
336 -4.186512479479086
337 -1.5093894235878653
338 -2.0172856222186493
339 -4.187920998800688
340 -3.9325311337404765
341 -1.80082137248076
342 0.4303155961663525
343 -1.3757727451618746
344 1.3075209901143239
345 -2.430238633765972
346 -1.194871424090148
347 -4.1945333959501365
348 1.438454700275282
349 0.6713927257541448
350 0.4663526558566262
351 0.7959985689211317
352 1.0161643139514915
353 -1.0650342975865197
354 -2.427887426833548
355 1.6880425557355505
356 1.5949642095913532
357 0.24910233943035398
358 -4.189949667859414
359 -4.597114284093985
360 -4.18062689693614
361 -4.59322534324383
362 -1.2414453213934202
363 -2.4244663700357916
364 -1.243032048971766
365 -2.1457653142149518
366 -2.426713987248127
367 -1.241391273511489
368 -4.4301146441811285
369 -1.243032048971766
370 -1.9780567550783343
371 -4.594604790888018
372 -0.23711726522042142
373 -4.60184660338775
374 -1.2352085904842018
375 4.304684403545848
376 -4.593752941349731
377 -2.172187468498629
378 -2.4088049523703488
379 3.8984899133716793
380 1.438352966391425
381 -4.43677996804128
382 -4.598439135678698
383 -4.6004508357137
384 -4.594604790888018
385 1.2113292210945967
386 2.271054302953532
387 -4.592357173675682
388 0.9413883419017153
389 -1.2438298506281213
390 -2.146381246575905
391 -4.599727172030416
392 -4.586144036877364
393 -4.605494334654639
394 -4.592162430879441
395 1.4222929065193586
396 -1.7481890470245767
397 -1.9054581922308755
398 -4.605494334654639
399 0.9279362988270459
400 -4.602691936920897
401 -4.605919293266613
402 -4.605745566032492
403 -4.964543274851024
404 0.927685067449193
405 -1.922431050886383
406 -2.424691360301847
407 -2.429919592369054
408 -1.2593046993189256
409 -4.600986387690453
410 -4.605494334654639
411 -4.606376986914401
412 -2.4271171946353127
413 -1.2474654087207104
414 -2.17269759783466
415 -1.7497322290982804
416 -1.9226047781205045
417 -1.2429567692602326
418 -4.599727172030416
419 0.2535207759906346
420 -4.600561429078479
421 -4.960616827068471
422 -2.153473635188707
423 -2.2821370765501423
424 -2.1293192014942335
425 -1.4943492358633799
426 -4.962993657728286
427 -4.964035454337122
428 -4.959185907614303
429 -2.7888122553835366
430 -4.963611993386964
431 -2.277562966882212
432 -4.964874420664506
433 -1.610411185124049
434 -4.965318349896021
435 -4.649859311057567
436 1.074871481826756
437 -1.1538891315851398
438 -2.790544994424486
439 -4.965190936736401
440 -4.968778056181679
441 -1.822189883945613
442 -2.2821370765501423
443 -4.9673471367275095
444 -4.347480243665171
445 -1.6099109499144493
446 -2.284609792613147
447 0.9150932934672457
448 -4.968778056181679
449 -4.9604483348918444
450 -4.965466373791291
451 3.248882375334188
452 -2.795037690031571
453 -4.96603549052408
454 -2.397428939321463
455 1.069176983212408
456 -4.969919933987226
457 -4.967632742464094
458 -4.968382486192553
459 -4.96684706486044
460 -4.3236437806798715
461 -4.968444316800454
462 -4.967632742464094
463 -3.7012800850665393
464 -4.9677736411531965
465 -4.965309617065767
466 -2.39975206471979
467 -2.4006786410125462
468 -4.35075880553763
469 -4.972243059385553
470 -1.6125859484937464
471 -4.970590609634484
472 -4.968267484236157
473 -1.6113662319524726
474 -4.970504908756436
475 -2.7970982819875543
476 -4.966962066816836
477 -4.968267484236157
478 -4.967632742464094
479 -1.610914269494284
480 -2.7936211261376975
481 -4.972138322394137
482 -4.972138322394137
483 -4.973928080515645
484 -4.97273230346241
485 -4.9731252779360915
486 -4.9720395570209055
487 -4.972346982266629
488 -4.971687538417745
489 -4.972797766243022
490 -1.6170699163754105
491 -4.973084322065569
492 -4.973928080515645
493 -4.972346982266629
494 -4.973084322065569
495 -4.973535106041962
496 -4.972080512891428
497 -4.972797766243022
498 -4.9731252779360915
499 -4.971954007792946
500 -4.973535106041962
501 -4.972445747639862
502 -4.971954007792946
503 -4.972490340997298
504 -4.972052773166179
505 0.48628309701637745
506 -4.970909242748282
507 -4.973928080515645
508 -4.635327774285708
509 -4.972445747639862
510 -4.972490340997298
evaluations raw_y
1 4.6627086303268594
2 -1.9378775296839967
3 -1.7197763095902618
4 -0.9876431034797539
5 0.9147272301552877
6 -4.733714745032523
7 3.9310157955836065
8 0.23845743057356916
9 2.672063717028562
10 -1.4437251358759484
11 -2.7425329755965473
12 -4.4879538305994195
13 -0.1655361254400607
14 3.3769093580184757
15 1.8288750580796584
16 6.144129951189628
17 -0.6810232527060383
18 1.3875438330534513
19 -0.7884534159024463
20 5.289053966152893
21 0.31061525202311113
22 -3.543005144343021
23 0.10659473642879691
24 -2.4227932355152806
25 -0.6384597174996005
26 -2.7361700821197923
27 -1.3814694075717264
28 0.6517440465063709
29 2.906469834147413
30 1.4958475903213866
31 1.709483036191206
32 7.263450617045982
33 3.8818563033679627
34 4.257688599682147
35 7.263450617045982
36 7.263450617045982
37 3.8818563033679627
38 4.31247518785373
39 7.263450617045982
40 7.263450617045982
41 1.5954213741177892
42 4.285804057919542
43 2.4289504334242644
44 6.04731181184845
45 6.274837736910157
46 2.4551517963473493
47 7.263450617045982
48 2.830984092661534
49 0.9042097442415218
50 7.263450617045982
51 6.087162972404072
52 6.04731181184845
53 6.087162972404072
54 4.31247518785373
55 4.257688599682147
56 7.263450617045982
57 5.836746110025369
58 6.274837736910157
59 7.263450617045982
60 7.263450617045982
61 4.6502044007295344
62 1.2566014819153664
63 7.246217204297931
64 7.270345857324008
65 6.035724491401888
66 6.328909398214422
67 0.9041021237965643
68 0.8593059874188909
69 3.3205212661773
70 7.270687245077496
71 2.464051814613896
72 1.6451424746756236
73 7.273818607797792
74 2.461738687865429
75 7.272609229015706
76 6.062116516119663
77 3.3510018570911777
78 3.878324522845606
79 4.309985476010026
80 6.068468454007465
81 3.1365193024993525
82 7.247767970833506
83 7.280170545685594
84 6.070116441692923
85 3.032861175051079
86 1.8757679670317113
87 6.3015601700208395
88 5.80262352887766
89 6.119427740654688
90 5.810184845547549
91 7.234733381189622
92 1.198388748961498
93 6.199135356075858
94 2.0193729897122576
95 4.248913730470448
96 3.9240641988332925
97 4.616219535176814
98 4.794005096012828
99 2.8304207024298966
100 7.237306792351717
101 7.201516550644372
102 0.5278438265783725
103 1.2448417751241057
104 0.9361667305136652
105 4.859857674879081
106 4.992249569940942
107 3.764375255159516
108 4.2468359128699955
109 1.6099988736638182
110 3.111035016588126
111 7.274679258097871
112 -1.6229855323480935
113 3.8507693178730404
114 -1.667682994634817
115 2.8526759320121835
116 -0.18177855827912448
117 -1.3869509773745818
118 7.235096801244511
119 2.839705813468912
120 2.8304207024298966
121 4.708285953536255
122 7.2764079783108
123 4.60968937714763
124 -1.2194621067760507
125 3.633155584026496
126 6.04186444453728
127 0.8667929305431314
128 6.268332976309555
129 2.4197940590745626
130 3.529809371341956
131 2.163888161003589
132 -1.4468521375888164
133 2.5617150770747177
134 2.8793810856182143
135 2.7590817765347406
136 3.3580432507382154
137 4.222704349053859
138 -2.858887855340054
139 5.203814231788134
140 4.252124647693021
141 7.184614466521662
142 2.763469567434855
143 5.763227155353526
144 1.9228622014722536
145 -0.23308727764153225
146 7.186532379658583
147 5.998111446762763
148 -3.2632363571281573
149 4.320466924399977
150 3.446518894640043
151 -0.5879307000830178
152 6.087867619029645
153 -1.5053388862576287
154 3.636049393392182
155 -1.4686011205053902
156 -1.6617494340459056
157 -0.42132766744320094
158 2.9151275369049157
159 2.099215828998889
160 0.8421547111075186
161 2.7060590046400774
162 6.065168516450844
163 -0.9170102903497233
164 -0.31360966622232733
165 5.138171252179891
166 -1.3718886722712402
167 0.9306360847655797
168 -1.3711644365412359
169 2.7046318769609186
170 2.592391732861406
171 2.916554664584074
172 3.610678965694352
173 0.6794212782659412
174 -2.072116312830884
175 2.6524560122822045
176 -2.65813728088945
177 1.1301055061029412
178 4.447996319321758
179 3.881960433205113
180 1.0976356195218764
181 2.8195747236576576
182 -1.1888152221560553
183 2.5291418282166673
184 -1.540591160035429
185 -0.14017156463201008
186 -0.8279046327207908
187 1.7068970767125236
188 2.58467375378184
189 4.622918985885084
190 -2.2822328061264248
191 0.8864026726407785
192 2.566170290294478
193 -0.4568151871568391
194 3.873449297363
195 1.6541625002437428
196 1.2474120769211985
197 1.1582675540303862
198 -1.682879786560355
199 2.733026271294192
200 0.6829510919580362
201 1.8478833881314247
202 -1.6773439622759605
203 -1.7635363366833163
204 -2.2849712813144274
205 1.865723048195457
206 -0.3221327870197155
207 -3.2805486736089327
208 -3.2689544515673497
209 -1.3915628380467981
210 -0.9011796758114566
211 -0.24567389363951175
212 -4.7153562168835865
213 -0.23872221651708037
214 -2.118538457060441
215 0.672215708440905
216 0.5793225162433555
217 -0.5189396942170106
218 2.623994210295769
219 2.165903748260335
220 0.9171985831523577
221 3.3081824045985044
222 -0.3097529038489395
223 -0.383319128284628
224 -1.6678338364377123
225 1.5559480905951757
226 3.0129883037152654
227 0.9702291405187277
228 5.89743796595168
229 -2.396231357259369
230 1.7984441220659515
231 -1.774574655122442
232 -2.118538457060441
233 3.8053401309995176
234 2.7149748716374424
235 2.150060820423275
236 1.5665747893983908
237 0.2955183587923863
238 -3.7532408111129456
239 1.0903891921418998
240 -0.3932693860051506
241 1.2272273166419576
242 0.1456872621453622
243 0.4250814443570776
244 6.007777470836729
245 2.7078937197974984
246 -2.526958137563703
247 0.8349679505310825
248 2.0820435510333066
249 -4.735636023849595
250 1.4995351645595125
251 -3.9241444114812003
252 3.869039501233794
253 2.7078937197974984
254 -4.754347959811564
255 0.5653859588340464
256 -2.7726767655038507
257 2.624841940509018
258 -3.26255851605908
259 -2.0954773701421914
260 0.18693620054599047
261 0.43902346290668337
262 3.398926383306603
263 0.13665346164233916
264 -3.2798872498869818
265 -4.735563901455796
266 -4.72607429875972
267 -0.38980769087644984
268 -1.6969294577101637
269 -1.8319193894213994
270 2.6762583090683787
271 0.12794856197412785
272 0.2823863242582149
273 2.081715130400708
274 1.8416056794947906
275 -1.7193379494417265
276 -0.6192780247099097
277 -1.7235049503175894
278 -1.8466314993943662
279 -2.6846206055338615
280 -1.7119870219333952
281 0.6223573568189718
282 -2.6693356531352164
283 0.9576036663618976
284 0.3050222041651914
285 -1.2056917361607402
286 0.6944164863023652
287 2.3251049516035494
288 -1.2134112262126884
289 0.18461306743736838
290 1.7381366832241754
291 -2.6612605423056
292 0.29734707019698653
293 -2.6735026540110796
294 0.05945738809443091
295 0.5004423936663127
296 3.0830690008383934
297 2.8110978284284127
298 0.17732745546680162
299 -0.8181410317656083
300 -1.7499618145417823
301 -4.748977076710384
302 -4.746031296637469
303 -3.305579138163106
304 1.1004987075171622
305 -3.0379888182715735
306 1.5546039109803942
307 0.8706309921063643
308 5.001233507730083
309 -4.75570291220507
310 3.0210995261496327
311 2.7131437530310354
312 2.476914762929383
313 -0.29435366757747344
314 -2.671713111452256
315 -1.6013079369833696
316 0.31408541104732723
317 -1.5073365529477327
318 -1.2306485388251847
319 -0.2550039967786115
320 1.1052966909977102
321 -1.6931776330247155
322 -1.7064031298445463
323 -3.2994065601557865
324 -0.06566387914134686
325 -1.8794489762209323
326 -1.8794489762209323
327 -2.6752121490125376
328 4.805112710906184
329 -0.35434461941710654
330 -2.678766030264767
331 -3.525997384959143
332 -4.762573264684186
333 -1.7154178004830865
334 -1.8064866531523553
335 -4.759718201605143
336 -1.713036543875929
337 -0.4842347181362652
338 -1.4035721824251266
339 -0.22687227463911896
340 -1.9452968031006928
341 -1.9559594697509013
342 -4.198994678655551
343 -4.752100562695164
344 -1.0263684557322614
345 0.049872263629321845
346 -3.4806109347435092
347 -0.5468769110664917
348 -1.9452968031006928
349 -0.7222228859875595
350 -1.9512793659398655
351 -3.3010373732478726
352 -1.2639725899011331
353 -1.9616454433725923
354 3.0998586383730693
355 2.706943063162977
356 -0.7192853508886161
357 -4.7620994582123
358 0.6656586838045515
359 -4.759718201605143
360 -2.135269137507043
361 -4.757092346538505
362 -3.594088584189776
363 -3.5902044819673233
364 0.671807098770419
365 -1.9111199741493399
366 -1.5108439347744815
367 2.2372153547142455
368 -1.2152956228078315
369 6.051663119328046
370 -2.0119968455322885
371 -4.75473119811064
372 -3.3045707423339983
373 -1.8008273586564638
374 0.34368558953199746
375 0.6698875714827055
376 -2.6845103687957597
377 -2.675767224410924
378 -3.587888381186485
379 -2.304183546832384
380 -2.6821942680149213
381 0.7396375922738595
382 -3.3004597995108393
383 -2.1332204090935587
384 -3.2962241714422875
385 -3.594088584189776
386 -1.9113468147500463
387 -2.6783101657924684
388 -1.8548423957107634
389 -2.6783101657924684
390 -2.306103074120097
391 -2.0121989846675143
392 -1.4113699354334783
393 -2.0154791202417437
394 -4.761479527168035
395 -3.612592220172057
396 -2.6720969740059655
397 0.6798411274007724
398 -2.6806963089767883
399 -2.1327075963167683
400 -0.45306764631415986
401 -4.764794547933848
402 -2.002587786243703
403 -2.0138611647197457
404 -4.759993016074404
405 -4.761610971596402
406 0.27800768320402935
407 -2.058061604695368
408 0.2813227039698424
409 -1.181875554379879
410 -4.764794547933848
411 -4.759993016074404
412 -2.6803891955898225
413 -4.759817347115804
414 -0.5536406607976927
415 -6.566011898147865
416 -2.675719108158744
417 -2.6806963089767883
418 -4.478326410229609
419 -1.6978062717304707
420 -2.6803891955898225
421 -3.2136007229931494
422 -6.567379190184642
423 -3.7857090043180155
424 -6.144188069747868
425 -3.7818436295534346
426 -6.564805388859294
427 -3.5946831029761808
428 -0.732290587367552
429 -3.7844174308787832
430 -6.145268399904392
431 -5.106805330056513
432 -6.56625917104504
433 -6.565178840888516
434 -3.785546795571501
435 -3.6123888460621525
436 -6.5623937962804595
437 2.6216991231066493
438 -3.5163326768299346
439 -3.784255222132269
440 -3.78333710072226
441 -6.566096962298526
442 -3.591898058368124
443 -3.783135202992667
444 -3.472044129737262
445 -6.561313466123935
446 -3.2870839524561344
447 -0.24069339250197985
448 -3.7844174308787832
449 -3.7857486933010933
450 -3.591898058368124
451 -3.212424754144859
452 -6.566350757887908
453 -3.512698438153329
454 -3.5992059778591976
455 -3.8876557809855443
456 -6.567540748741565
457 -3.5158032372013874
458 -5.1094409408878105
459 -6.566595966915577
460 -3.6157567749933
461 -3.889319956599447
462 -5.308013179965673
463 -6.565896611211897
464 -6.567213820750373
465 -6.564334192645751
466 -6.565896611211897
467 -6.5675607868257995
468 -6.567438991693809
469 -4.911201355572024
470 -6.5675607868257995
471 -6.564334192645751
472 -6.567193782666139
473 -3.215406139297239
474 -6.565896611211897
475 -6.567540748741565
476 -6.5675607868257995
477 -6.566595966915577
478 -3.849566406036492
479 -6.566494426962458
480 -6.899830120761134
481 -6.90038200842511
482 -6.900790415170768
483 -6.899389559854068
484 -6.900378172695373
485 -6.898977317378675
486 -3.989507925919479
487 -6.900037658300915
488 -6.899049045459611
489 -6.900030032988212
490 -6.899389559854068
491 -6.8997376995612285
492 -6.899969765949715
493 -6.8997376995612285
494 -6.899509342506848
495 -6.901022481559254
496 -6.90038200842511
497 -6.900149942036624
498 -6.899049045459611
499 -6.899849856901305
500 -3.515612877667409
501 -3.514972404533264
502 -6.900378172695373
503 -3.5153205442404243
504 -6.901022481559254
505 -3.548383388371366
506 -6.900149942036624
507 -6.899397185166771
508 -6.899921584982241
509 -6.900610239083859
510 -6.90038200842511
evaluations raw_y
1 -0.19307627861547227
2 -0.12790863428907184
3 3.010623235542191
4 -2.0287330871495852
5 0.8607812506643036
6 -2.0222650561787034
7 -1.5471057587789256
8 -1.8910810589736562
9 -2.96310145962355
10 -3.843895550503979
11 1.8524821025463178
12 -2.562286648623172
13 -3.30396852633868
14 -2.8090612500234657
15 -0.0010943311889507479
16 -2.270765190501633
17 -2.7667547822067657
18 -0.6887497042775457
19 5.055732518795218
20 1.8472199720778795
21 -1.5873316992903141
22 -3.771628538564983
23 4.024137883019717
24 0.05274037729771197
25 -2.8710729574221148
26 -2.4631600176302126
27 -0.06261020292660935
28 2.4190691647033318
29 -2.570644623209259
30 -1.5765961573916696
31 7.234843120825646
32 7.234843120825646
33 7.234843120825646
34 4.695096651212602
35 7.234843120825646
36 2.926970219690475
37 4.605308368718666
38 7.234843120825646
39 5.894026813147641
40 3.449893074415966
41 3.2917238251272507
42 7.234843120825646
43 7.234843120825646
44 7.234843120825646
45 0.07874063264170728
46 7.234843120825646
47 6.0395368695085505
48 7.234843120825646
49 1.3014457202119973
50 6.087305388338418
51 1.492574646733986
52 4.605141296552061
53 1.2740468839588022
54 1.2740468839588022
55 7.234843120825646
56 7.234843120825646
57 5.800614620035762
58 1.3219824749552769
59 7.234843120825646
60 4.632540132805255
61 4.652475172964818
62 1.2888369385293303
63 4.604059395124057
64 3.2700678321443513
65 5.885736749777781
66 2.5447664428321817
67 -0.050210600551291715
68 3.881982715735502
69 7.234050395260752
70 7.222585018489679
71 7.221702600902084
72 7.228376525384667
73 3.4736825596484016
74 -2.4625375290166795
75 7.254388899547965
76 7.26323323619552
77 7.236602968257053
78 5.853314974944325
79 2.0397741769678723
80 3.443773412042661
81 3.907480198913855
82 4.661319509612373
83 3.8930800883151524
84 7.248332868840551
85 4.652475172964818
86 2.478119896499429
87 7.222585018489679
88 4.714447172783858
89 3.27570209309697
90 7.243159255720732
91 1.1263015840669595
92 1.3306750259725841
93 2.5422250642665096
94 7.198054157286274
95 2.0368909015745036
96 7.279330251325087
97 1.326339696530512
98 6.28165228235293
99 7.279330251325087
100 3.742846986063846
101 4.594408868286197
102 3.86932995494063
103 4.646999133633106
104 6.354542277567485
105 1.1263015840669595
106 3.739508837764923
107 -0.08566874065308284
108 7.2456597033125
109 3.73866202394281
110 5.1695524745870465
111 5.872162836359462
112 5.844002487908462
113 4.696923112371441
114 4.646677800051897
115 3.7305972586997607
116 3.911386601777475
117 3.7599482357638783
118 6.362928376391743
119 4.65924886099719
120 3.2410640801256814
121 4.997828390185275
122 1.3170309999759897
123 4.702678371998863
124 5.848150243722164
125 2.694714889361825
126 4.641207640403775
127 2.6453421545058102
128 3.9517427935869165
129 7.212096449474771
130 6.03029131284725
131 4.697791687192923
132 -2.681240445202718
133 4.614923567715373
134 7.287319217072342
135 3.924826290763435
136 3.8125348385305307
137 0.8760804964086244
138 0.13833338643862336
139 4.988076398651291
140 5.2058169638546055
141 3.777843788717778
142 3.9141404540132734
143 4.988076398651291
144 5.228559015418435
145 2.720362317515882
146 0.1413006806948227
147 7.225138447623878
148 3.8895620241384528
149 6.400664098631234
150 1.30200598084998
151 -2.6566744514927083
152 0.11957505320277528
153 3.872341723250714
154 5.266718345397158
155 1.3439706715395325
156 0.6497354610924951
157 2.1129451347281676
158 -0.09182639965049785
159 3.4705752251140938
160 -0.02921708808950227
161 0.1044262952680981
162 1.3480509972445947
163 1.3480509972445947
164 0.09205659547318246
165 2.580018958823276
166 -1.2615192039458456
167 6.493510675470216
168 2.4617125844288297
169 1.3188489255462406
170 5.279926268963308
171 2.101378094803545
172 5.366641164719831
173 3.9717749558156967
174 3.50235138604363
175 3.2266067219124026
176 1.302502884559545
177 5.777824530970687
178 4.6598583890645715
179 2.7179200453808194
180 -0.08386788954590094
181 0.42114943054589293
182 0.15774358491742246
183 2.5985206059190467
184 3.047147666850718
185 -1.2698427825785878
186 2.204704515577591
187 -3.8411451475810705
188 -0.27842655213023526
189 2.03376956349039
190 5.578677244810493
191 3.5880242098352584
192 0.669840971926524
193 2.806846162848908
194 2.1028462767445033
195 4.050917013430827
196 1.2798716219395583
197 1.57338228674681
198 2.216770366261264
199 4.6231950541370415
200 3.9868985098476317
201 1.336185397803787
202 2.2932497252998862
203 2.2103641406960737
204 1.1174525234687693
205 2.020784686361779
206 1.6630629869650704
207 -0.09520380962063418
208 -0.26851178184414576
209 -0.09113484646857986
210 4.195357550552825
211 -1.1808553981005059
212 3.4714291913428204
213 3.2781932186369924
214 0.16332370418747266
215 -1.2846506345726714
216 1.6460350441314642
217 3.4286520906452926
218 -0.2971048451529823
219 0.8694524686237396
220 2.433770949746132
221 2.0595764755456987
222 2.4193989400848244
223 -0.3622447188144171
224 -1.2887802927157197
225 -2.670297592634953
226 -3.8366392571279397
227 3.5625196872329443
228 -3.706795700415554
229 -2.4882053620001288
230 -1.2796919165692549
231 1.2458079270164926
232 0.10319727488334918
233 0.6510485656071897
234 -1.7312290366434626
235 1.488780331835544
236 -0.5104256781529286
237 -0.13258968247044364
238 0.5490797539207153
239 5.984664753075828
240 4.601287424962228
241 -2.4052716444157802
242 0.32657978255550524
243 -0.4221115251829757
244 5.825344021363044
245 1.4110661113570255
246 3.416417493385926
247 4.64458894941791
248 3.50946481420642
249 -3.0061020206351623
250 -2.4571581525151602
251 0.9067734862120403
252 -2.28867129751451
253 -1.1425925040394302
254 -2.998822344560881
255 3.0247314852223646
256 -0.4885762258216696
257 -0.11944937150181609
258 3.5021851381321385
259 -2.3693734775696766
260 -0.9723460381951285
261 0.17179101214316872
262 -1.2401081977459067
263 -2.401107397404494
264 -1.2163368807524055
265 -0.1467828239412778
266 -3.854185591889708
267 0.6420313340540031
268 2.5310871221490374
269 3.7979627531077558
270 0.0795117485332435
271 -3.109369870520684
272 -0.5211240259785201
273 -3.845449503943442
274 -3.858786360679924
275 1.4443567799210206
276 -1.2328587602013672
277 0.11095766407204644
278 -0.5222142445068216
279 -2.442456458039129
280 -1.286265605571323
281 -0.6018218430394684
282 -1.3461232804033745
283 -2.482267916717969
284 -3.8639340793177
285 -0.6018218430394684
286 0.557053308645854
287 -3.8656234538015943
288 -1.2363847553147442
289 0.1748300945307164
290 2.2564082358650417
291 1.2961135642935098
292 2.551393247059835
293 -1.3242599560613277
294 0.056518172492871166
295 -1.2449581522639594
296 0.646268955146001
297 2.0374378147704313
298 -3.8375777598034873
299 -2.456300792095633
300 -1.7492639018054583
301 3.0496807677451248
302 -1.3008009521706478
303 -1.2412908176440565
304 -3.858258897405625
305 4.168914093409088
306 0.05004441256454739
307 -1.372814788408001
308 0.5707636590012403
309 0.6401506379910041
310 -3.8713785543788353
311 -3.853066557717479
312 -0.5907651874041482
313 -0.6930187965423542
314 0.8217720251349467
315 -1.9990443566853788
316 2.3363607581744716
317 0.06053776137314126
318 1.1760726781496826
319 -0.24352426434370034
320 -2.454950830664232
321 0.8709184913108818
322 -3.8516764810410185
323 -0.47809891556770723
324 1.1432785239366605
325 -1.6430300680734071
326 -3.8795316437046514
327 1.3826862981137484
328 -2.7012550621849885
329 0.8788935065543952
330 -2.5042272249211925
331 2.120657657426337
332 6.28898530801329
333 -0.14271302947429132
334 -3.8814632236399937
335 -1.3073028182338045
336 -1.4118345849615164
337 -3.876445967805818
338 5.335220065627764
339 2.319417822601464
340 -0.2101509556585921
341 -2.517377528627537
342 1.9894184558119228
343 0.09916573842424414
344 3.717983657914459
345 3.52995278602962
346 -2.7196814589752667
347 -3.87903892195133
348 -0.14867980887643584
349 -2.5229476337334305
350 -1.3199802420435052
351 2.413090003910617
352 -1.6051490948485105
353 -1.2483658162459992
354 -1.4406830308497303
355 -3.8854117870364426
356 -1.6051490948485105
357 0.0979607095966184
358 0.561828028073504
359 -3.8734688168454365
360 4.39486748072294
361 -3.880535578019478
362 -3.8824760481391363
363 1.9135520571789404
364 -0.08836242183265629
365 -0.4680668968191316
366 4.421600609380393
367 -3.890124493707037
368 0.9356864969155639
369 -1.264430902398126
370 -1.7849542286552897
371 -2.725300605558024
372 -1.2621671814416247
373 0.4616499721083164
374 -2.5433674814135765
375 0.02398667180135794
376 -3.8857803613833637
377 -2.4743183912147897
378 -3.880535578019478
379 -0.41012479096273335
380 -1.320976173778749
381 2.1566583242076205
382 -0.4146152266927109
383 -1.2576767457116471
384 -3.894614929437015
385 -0.5456367041520163
386 -0.09374714644405678
387 -1.25857103459307
388 -0.5472923808809125
389 -0.22157511820587428
390 0.9289323402290853
391 0.7587812963164233
392 -3.8964987079591435
393 -1.421787570696769
394 -1.3228571642203333
395 -0.1543428334959095
396 0.39234849854748577
397 -2.0808776475343116
398 0.637481147132736
399 -1.4311758843474476
400 -3.8949013730891453
401 -0.5411010239773854
402 -3.895585741232023
403 -3.8960770707863253
404 -1.3221727960774547
405 -1.3270252439628356
406 -1.4224719388396476
407 -3.8938268192393024
408 -0.5502962990394868
409 -1.263647845692557
410 -2.2032725368013004
411 -2.6080827245076272
412 0.5503758798622762
413 -2.0808776475343116
414 0.8709886410216234
415 -1.269563647585696
416 0.6154340619903974
417 1.9496541551516509
418 -1.4270190044470297
419 1.9207492878767711
420 -4.019283782933096
421 -4.0201267416198565
422 -0.7547409450493614
423 -4.020461934810471
424 -4.0198083959024276
425 -4.0175976330224215
426 -4.0201267416198565
427 -4.0187536732624585
428 -4.022056629554112
429 -4.01600293827878
430 -4.060999549963421
431 -4.018100134354414
432 -4.058751316311737
433 -0.14563484949822852
434 -2.7203281920117415
435 -1.3947632279858224
436 -3.314203326051338
437 -3.3574542054162877
438 -3.3205378922724207
439 4.293745965879904
440 -0.9650376363426764
441 -1.493607907996721
442 -4.016505439610773
443 -4.022056629554112
444 -3.316732434648773
445 -1.6682103169275166
446 -4.060999549963421
447 -4.02031089723442
448 -3.318662322583029
449 -4.022559130886106
450 -4.014629869921382
451 -4.058692188719178
452 -3.699894145062621
453 -4.062417235400725
454 -1.077163652339474
455 -4.060780069102678
456 -4.060780069102678
457 -2.5944707104022378
458 -4.058364471047127
459 -2.5939571479756856
460 -2.5932556533122515
461 -3.7011092021526073
462 -4.060780069102678
463 -4.059579528137113
464 -3.2093793640223844
465 -2.605709640060925
466 -4.060515199771726
467 -2.256244978627001
468 -4.0620895177286735
469 -4.059579528137113
470 -2.2609048461080232
471 -1.4009015758630188
472 -2.595172205065672
473 -2.60482230064299
474 -4.058550315801628
475 -4.05930014268174
476 1.832344158711134
477 -4.060515199771726
478 -2.595172205065672
479 -2.2567585410535527
480 -4.058692188719178
481 -4.062091419442694
482 -4.0617276022006354
483 -4.064199725747643
484 -4.064199725747643
485 -4.063608420189015
486 -4.063697620628262
487 -4.0606341915226265
488 -4.063449619380465
489 -2.6067424425086356
490 -4.062653297388328
491 -4.064040924939093
492 -4.0634034037555065
493 -4.063538819819712
494 -4.063244602946956
495 -4.062812098196878
496 -4.062180619881941
497 -2.612377093064583
498 -4.0618864030091855
499 -4.0623099930774975
500 -4.0617276022006354
501 -1.4662878710164728
502 -4.063697620628262
503 -4.0607929923311765
504 -4.062021819073391
505 -4.063449619380465
506 -4.0607929923311765
507 -4.063449619380465
508 -2.6141080249261783
509 -2.6960117017970435
510 -4.062180619881941
evaluations raw_y
1 3.536859168134235
2 1.0181537086965504
3 -0.48167098863736335
4 0.8630390508540509
5 -1.2374175085597259
6 -3.327702745207774
7 3.1997050212946636
8 -1.8842936152631988
9 -1.8583802529538485
10 0.46959921149592354
11 2.20235064976053
12 1.7790337984439362
13 -6.313973876179927
14 -2.7396142008967477
15 0.3174249152120372
16 -2.77476720256809
17 -4.820170143908381
18 1.3627305226554018
19 5.844117762963818
20 -0.7200172646242142
21 -0.44352167647790464
22 -6.499270011112699
23 -3.982031517360372
24 1.638454148073302
25 -1.4237172637950009
26 0.8255249089729648
27 2.877037484793127
28 4.618093278449545
29 -3.258311006617869
30 2.4270242953369214
31 1.5076903073266708
32 4.7184130723749735
33 7.226314612642342
34 1.2789236106087671
35 7.226314612642342
36 4.670364726472157
37 7.226314612642342
38 4.7184130723749735
39 4.793547806815594
40 4.461564593711483
41 4.461564593711483
42 4.182994425441938
43 4.243846159318149
44 4.793547806815594
45 4.670364726472157
46 4.793547806815594
47 4.490158760650863
48 7.226314612642342
49 7.226314612642342
50 1.7359446190507808
51 7.226314612642342
52 7.226314612642342
53 7.226314612642342
54 7.226314612642342
55 7.226314612642342
56 1.7373611099714976
57 7.226314612642342
58 4.670364726472157
59 7.226314612642342
60 1.6270445392717527
61 7.169282813305431
62 7.230916008441186
63 4.195480689388991
64 4.219933725661732
65 4.619377719471153
66 7.173938560748906
67 4.652160103295595
68 4.668404836524928
69 1.6970717835302525
70 1.6872894997238967
71 2.180634243816127
72 4.194204526261924
73 4.681992104313145
74 4.427389756929109
75 -3.521157616628321
76 4.652160103295595
77 1.7192574683354023
78 1.4674789152269914
79 -0.5584405265999368
80 4.687118640676026
81 7.20702353083084
82 4.439561151906964
83 4.198429644027271
84 1.4521818549116339
85 -3.5324997753252925
86 -1.029726042017912
87 7.22920921563599
88 1.458412298313672
89 4.225874677237548
90 -1.3044976670193327
91 1.6424083456386118
92 4.418547364921267
93 2.503203162787397
94 2.503203162787397
95 2.559077247675207
96 1.389315000424223
97 2.4537917055013003
98 2.079915232113205
99 -3.206466985030075
100 4.963408838963878
101 -1.277096202327114
102 4.47524230506559
103 4.22688354958622
104 -0.26560824111115067
105 4.3998781641606515
106 4.961949282104348
107 5.061245512905721
108 2.0634137655607763
109 4.22688354958622
110 2.472460906261915
111 -3.1199276453358773
112 4.200203085869851
113 4.703158688178359
114 1.494278718764593
115 4.701699131318827
116 -0.1535008475994002
117 2.6075024643309517
118 -1.3067201217688922
119 -0.39793631341958546
120 4.9820780397244935
121 2.205201780342909
122 -1.1824238121840749
123 3.875066228820797
124 2.100672447034783
125 4.42582473312665
126 4.752699498465063
127 4.830699256783535
128 2.316533431725345
129 4.14337119380469
130 -1.3253355044852069
131 -0.31426052655088677
132 1.7395969090612649
133 -0.4057822097731497
134 -1.482564002766907
135 1.2181709010594133
136 -3.760605748401824
137 -3.3674013053183023
138 1.2796775354222882
139 7.16493368380159
140 -3.7166931360088578
141 -0.5504476147089119
142 1.9169835079814699
143 1.646090932662254
144 -3.5417960196739746
145 4.79150315764422
146 -2.892003982415728
147 -0.6541632078707296
148 4.671089365335596
149 1.7080966756932157
150 4.219433256434411
151 -3.9484324281052605
152 -1.449364535377472
153 1.9211228669643434
154 -0.8336272378203511
155 1.8201778273276754
156 -0.5818244761894527
157 1.9638567918493968
158 -0.749986456289631
159 -1.0887598628463244
160 -1.230016360020545
161 -0.854830265261943
162 4.2328745374188115
163 -0.9384150703466403
164 3.9849499841726344
165 3.9764989558422252
166 6.98802084105359
167 4.2259505238906305
168 -1.1815425210226578
169 -1.4898578386421282
170 1.6921861812271857
171 -0.9906519770591216
172 1.229803680537856
173 1.90738698050645
174 -3.5419561208180856
175 7.149012037651631
176 2.16587795059741
177 -0.7804308006400653
178 -0.5709112997399333
179 2.2015060768190935
180 1.718152854903757
181 6.203301011394286
182 -1.0327091224771436
183 1.1784941669493376
184 4.339642929331602
185 1.197918191745704
186 0.6843476729089584
187 4.374663047717025
188 1.5777142550086274
189 -1.295429654702784
190 1.7704852222640102
191 1.285566036842782
192 3.6844434328567646
193 -0.7664606788326251
194 -4.03280488242495
195 -3.520382657269989
196 1.7065133425973118
197 -1.2861986065248838
198 1.433683871959028
199 -1.254026145879239
200 4.751698403214633
201 1.494662145582045
202 -0.9662866929913866
203 -1.644687122889823
204 1.4920552092819719
205 -4.042950701112942
206 -4.038739849714511
207 4.466606989015106
208 -4.095941004533361
209 -4.247496482556079
210 1.0991566562892914
211 -1.410534830875295
212 5.745540500635071
213 4.210002237717268
214 -4.006351490050396
215 4.673589553119242
216 0.9959472490459139
217 3.902135815416165
218 1.2177607255210046
219 4.331237674539223
220 4.095920951879286
221 1.929729061086794
222 -3.727731424079414
223 6.405661284326084
224 -3.9434210503058327
225 6.760866057131131
226 -4.21460425221416
227 -1.068198450854527
228 -1.010435862470613
229 -1.0415233654900362
230 1.6374547280263099
231 4.191388933006652
232 4.191388933006652
233 -3.746802883806719
234 1.8376182951248654
235 0.6391836862851722
236 1.7297683182851578
237 3.8361841602016042
238 -3.556206241264356
239 -1.0676058917295894
240 0.8371050782791982
241 1.3901446767265602
242 -0.5465999493517198
243 -1.3666900431377773
244 -0.5531870985139474
245 3.4348070248285723
246 -1.0862697935830512
247 0.7624566974841333
248 -1.0963622491092095
249 1.5057421222211769
250 -4.175979676023465
251 0.08560995955267459
252 0.3676917815820312
253 -0.7499266194385058
254 0.6499696195354973
255 1.177592318366711
256 0.12411735053272077
257 1.8812146744516864
258 -4.1762850048008655
259 3.5085774049362506
260 -1.9017035550209491
261 1.8812146744516864
262 1.749085812851126
263 0.8362270775918117
264 3.8441882080983825
265 -0.8818438583494007
266 -1.1012268087595494
267 -6.506964762593005
268 -3.495012922581532
269 -0.8924432698565455
270 -2.1916731327014416
271 -3.513821390203568
272 -1.18625694104922
273 -4.440518337205336
274 -3.5096651609182823
275 1.3570602354979544
276 -0.9560321018363689
277 0.9494468128779368
278 -1.5717324724026835
279 -1.1653037335299006
280 -1.0000278819714443
281 -3.9500323294433395
282 -6.503816924724105
283 3.4811900000282248
284 -6.5160278149937945
285 -1.3688158214260224
286 -4.115729209256152
287 0.5053867018017693
288 4.4411220386431545
289 4.7422222700297105
290 3.7822375117890576
291 -3.543603590570557
292 -3.9500323294433395
293 4.275016510955684
294 -1.0097188430594057
295 -1.7606011218516597
296 4.222729720879127
297 3.857002501096427
298 -1.197036110318134
299 1.2847092258998236
300 -3.575647710324318
301 1.0084241531951896
302 -3.7514521291011675
303 -1.8880467374700594
304 -1.2029528292528937
305 -2.270186130468362
306 0.7985095459065827
307 -2.8410845830512654
308 -1.3483996242856413
309 -3.9616925602479434
310 -1.01085440435729
311 -1.278641228960698
312 1.0746791103778919
313 -6.518702925112745
314 -2.2022090646960444
315 -4.0369761954493075
316 -4.338556163208269
317 -3.7514521291011675
318 -6.5151958523406295
319 0.8838289654547286
320 0.7898617704920831
321 -5.202917183694627
322 -2.43930642716804
323 1.3621916359799524
324 -0.5841461671277096
325 1.9876850637871077
326 -6.523573950644282
327 4.2735574669291
328 -1.5819899139855214
329 -6.516534274258561
330 0.15921877144087704
331 -2.2848938702041157
332 -0.8070902707454162
333 -4.712534604619055
334 -4.349531588207327
335 1.2550902710527132
336 -1.228294222899175
337 -3.7681571644320346
338 -6.5242182408652765
339 -3.51509599853532
340 -6.511874396295343
341 -2.4054722753022633
342 0.8955948829057114
343 -0.7885325271769379
344 -3.978086726528912
345 -6.891328817890053
346 -0.8004138634572101
347 -6.892761217576181
348 -6.53523354058256
349 -4.340094236380342
350 -1.7473387349112102
351 -6.5285571332943535
352 -4.228171211265768
353 -3.76401036986658
354 -6.5242182408652765
355 -6.893897664565211
356 -6.51621328872442
357 -1.9523267336203582
358 -0.8070902707454162
359 -6.5285571332943535
360 1.3347470265992671
361 -3.6318482788853026
362 -6.895551027027975
363 -5.793318924511571
364 -0.7072103682989428
365 -3.208764131211414
366 -4.410810669668466
367 -4.131006763275394
368 -6.891155486866906
369 -3.9393499605379283
370 -1.4819687207285384
371 -3.6341794015845688
372 -5.682744016549279
373 -4.571822163404284
374 -0.5688384262628573
375 -5.794851610371249
376 -6.900911555564253
377 -2.532153265552875
378 -6.894546623703678
379 -6.895551027027975
380 1.227166229784747
381 -6.900113118724666
382 -3.2417434282062363
383 -0.6727836235166041
384 0.5363153429181954
385 -5.7910828275746
386 -0.885507939309897
387 -4.030509683257315
388 -1.0512261589506622
389 -3.0319992460601393
390 -5.693671040106546
391 -4.447574432206607
392 -6.899626026439561
393 1.4684275249427616
394 -4.347765338430093
395 -3.532200740285223
396 -4.349203370225958
397 -3.5381447171738283
398 -4.453082827125055
399 -2.557733546792299
400 -4.143948173536038
401 -6.899474210627861
402 -1.8703311894618637
403 -3.940638217301946
404 -3.944390751558848
405 -6.9047264679353
406 -6.9003794372754
407 -6.895482408773557
408 -5.772838201115431
409 -6.898187994643696
410 -6.899474210627861
411 -6.899474210627861
412 -6.9002205228425595
413 -3.2174740178389287
414 -6.903023331890869
415 -1.8314336923302224
416 -6.904131971532302
417 -4.348608873822959
418 -1.5863925476278327
419 -6.900582850269296
420 -6.896076905176555
421 -6.904962996634053
422 -3.9469801642773343
423 0.5018093607810111
424 -1.867430510513194
425 -4.421789712353654
426 -4.143871239176701
427 -0.5690916709602015
428 -6.905224507232526
429 -6.905764903232931
430 -6.9040617009683505
431 -6.903173748861317
432 -3.5368221344361728
433 -6.908234743559288
434 -6.903173748861317
435 -2.8745999152742403
436 -6.905526306387208
437 -6.907071937295113
438 -4.35077925988391
439 -3.9455009470154527
440 -6.902096988105297
441 -6.9019527603072905
442 -6.90510722443206
443 -6.903259794369473
444 -4.351824783347619
445 -5.322637789904529
446 -4.142168036912121
447 -4.1458359520397545
448 -6.908653825514436
449 -1.4622694804452028
450 -3.9341009827860622
451 -6.908399675934286
452 -3.5782179806263117
453 -6.908979960984065
454 -6.90813450265539
455 -6.907381649673305
456 -2.0159154039699563
457 -6.90813450265539
458 -6.908323845126369
459 -4.426096324834731
460 -6.909594959627371
461 -4.082904836017947
462 -6.908979960984065
463 -3.540169306338393
464 -6.910928097659235
465 -3.541440420839394
466 -4.081802157671453
467 -6.908979960984065
468 -3.9469465156609616
469 -3.542193273821479
470 -6.910347812609455
471 -6.908227108001981
472 -1.464815732493712
473 -3.58007351195489
474 -6.910440417956046
475 -2.0178635406451253
476 -6.909594959627371
477 -6.910440417956046
478 2.4210533842673345
479 -6.9063757084512
480 -4.354151679950336
481 -6.910638173992799
482 -6.911387269455569
483 -6.912033494622205
484 -6.909821789858786
485 -6.911387269455569
486 -6.910638173992799
487 -6.911415442670756
488 -6.911415442670756
489 -6.91076921750412
490 -4.148459574765726
491 -6.9111802540121055
492 -6.911667262452234
493 -6.911086066976871
494 -6.9107198348069
495 -6.912164538133526
496 -6.910806073980207
497 -6.910308798298915
498 -6.910056978517437
499 -6.911622458114219
500 -6.910232826366772
501 -4.426355641594754
502 -6.910850878318222
503 -6.91175350162554
504 -4.148121515810941
505 -6.911086066976871
506 -3.426758526080043
507 -6.910308798298915
508 -6.911049210500785
509 -6.9107198348069
510 -6.911256225944248
