evaluations raw_y
1 6.9820156593262634
2 40.496228492183214
3 45.52272242180912
4 72.42308584502496
5 54.30280063982814
6 35.48843898714745
7 36.824781911915295
8 27.257094878045415
9 28.32511779736116
10 30.547943769348734
11 48.98870413903317
12 26.49157006460009
13 51.62548604648327
14 55.99319263617154
15 52.15055167421147
16 59.15838240661692
17 27.291158522389107
18 41.020997165514885
19 28.919214069937613
20 69.16748488121803
21 41.48884731241937
22 29.948111986517425
23 30.296782489832715
24 34.022190775936565
25 28.750276258052118
26 35.263003616932714
27 19.89375025089192
28 6.368999844728023
29 42.5451174074149
30 67.49912170406243
31 52.880873907361455
32 41.50392936191418
33 45.019299544605175
34 54.626756918322684
35 60.887674946265854
36 54.72846373771852
37 39.070721930540465
38 11.298178380400083
39 44.75979851530862
40 33.44798177246612
41 41.68575567746638
42 37.84234721620946
43 63.39694459410265
44 22.942134574259228
45 39.191020131260856
46 57.52243259226222
47 45.79682607750259
48 7.724319421931659
49 46.551045546155926
50 23.836747421603803
51 51.02317569533893
52 59.82830381850262
53 17.402063210570468
54 94.66749143295604
55 7.698768747155243
56 57.47657270855334
57 82.6388938050639
58 86.6737728396912
59 22.02189418621725
60 28.9413109107322
61 10.790939725176413
62 44.41873035269844
63 55.92816972076655
64 45.68127489613537
65 8.006982591776968
66 56.52358198391679
67 26.6098722517558
68 65.4789340249494
69 57.177708618405276
70 51.880752163894094
71 57.24674507865932
72 56.600365861663
73 77.13244511620111
74 51.651890533415745
75 44.78518000397354
76 50.82060368917094
77 40.26917406172371
78 6.368999844728023
79 64.81200365680562
80 29.977164493967706
81 67.89343938517929
82 77.43923251976699
83 37.81232336832665
84 61.70612297048819
85 27.089709606872916
86 56.38603564467605
87 84.99396857581547
88 8.515472339013904
89 92.37636958858369
90 14.462143238319731
91 73.9132563456998
92 57.05346831201252
93 23.524873525069232
94 37.17541658260303
95 66.4544939960758
96 107.52783050651458
97 31.191461462023085
98 6.511037931897773
99 35.181136591734976
100 47.529437871094174
101 43.667876394351104
102 59.73419206296425
103 25.903973803690995
104 36.9386125483135
105 8.047148918655818
106 60.87853578494041
107 13.263856590054912
108 14.37801785918127
109 6.141499370088051
110 53.44911699360989
111 15.261055530147877
112 32.67814517029326
113 43.976843184939035
114 66.24589695129981
115 24.577236251103603
116 80.89012383717281
117 41.58495995584677
118 34.96231132586928
119 71.94144149655074
120 7.843689016935813
121 72.47613802200931
122 22.06212977265304
123 38.03314035469263
124 39.22908859867084
125 52.7795983271182
126 46.1575088266386
127 33.16498312512272
128 6.368999844728023
129 64.35100232182081
130 40.05055493869478
131 63.381653460272055
132 63.88185066375111
133 35.37281143670238
134 54.77451136409963
135 42.32457050170257
136 72.32711534617401
137 38.98461890202301
138 16.15864506634993
139 97.35575586229189
140 28.379265730134325
141 78.00424463582058
142 35.59308941594954
143 72.24233767531652
144 14.844471728485143
145 35.82383715441837
146 40.14907707383495
147 57.23412787781657
148 24.717859164641734
149 48.19266206913835
150 34.783558223626386
151 86.25370800415703
152 43.912689691992924
153 64.18556171951441
154 6.283330560012712
155 18.3920311111948
156 92.84420312234676
157 54.512252064281064
158 24.40263100553797
159 6.141499370088051
160 18.645527394861094
161 26.41739016460178
162 43.985664732205116
163 28.77306703058217
164 61.47372556527808
165 31.114163916986534
166 27.64619852414939
167 61.97193535650147
168 22.46682783441201
169 41.454503632423204
170 4.295873454888875
171 55.20810188047493
172 38.59215763300742
173 87.37832767747967
174 66.74577941268348
175 19.532637481344644
176 56.00000885442788
177 13.930073135078075
178 6.981992724975404
179 13.09060145504699
180 32.008015223296134
181 51.053941004604326
182 51.47011381749267
183 71.42359599734597
184 63.9035553085727
185 94.09690756851425
186 88.86359520530749
187 75.56906168943996
188 23.41574059658067
189 70.16213902432854
190 31.388169358338484
191 33.414268644168004
192 52.306599791684725
193 20.570727475644624
194 18.77638945315848
195 45.1899295958184
196 60.694688607773664
197 48.81353820461131
198 17.483910557828803
199 48.41249959667452
200 84.7232518886602
201 19.44376226278669
202 51.55900451467163
203 69.40862326822501
204 16.54342025915671
205 18.36036061923762
206 42.98421950459524
207 50.59578946583676
208 79.06490845481255
209 22.402374557356577
210 43.138281472952464
211 29.209411951808242
212 31.591595617444295
213 56.02670226826089
214 45.45077155385703
215 33.61321459600998
216 46.373473375440035
217 30.367056503892666
218 24.599063179531353
219 23.5579890832209
220 4.295873454888875
221 85.9383207654271
222 25.98467220555669
223 60.07722167462991
224 65.09497985666276
225 13.360835163313846
226 37.94181944238884
227 13.453156410978186
228 1.7930370933645432
229 53.85841048727981
230 39.76912015795107
231 53.68184511755663
232 42.04761409304861
233 30.16170861470802
234 34.12964637936233
235 15.826282907124384
236 89.5136496039956
237 51.64772318880846
238 29.638323076343536
239 39.071495518792275
240 36.85239844961846
241 77.33089947323211
242 56.42658307233093
243 31.00537700744375
244 42.66412816143581
245 39.568338291746805
246 37.6760299295337
247 59.13891473747422
248 31.421674900258207
249 46.727989599916945
250 44.70508905178801
251 71.77383375515467
252 70.46155349430778
253 25.99340660600321
254 28.691220427507247
255 16.24831784363185
256 42.78361227072051
257 44.72785073322012
258 27.546658153191917
259 9.854264885320541
260 20.711397456002885
261 48.27606302279644
262 63.1970568056764
263 38.79434018797085
264 73.60718041909892
265 17.098967338198577
266 54.59936411574059
267 41.75412477680062
268 68.33655082969156
269 42.367877400525586
270 5.436153719823398
271 21.64622094301457
272 47.6774317554039
273 63.48667997811215
274 53.29401115153788
275 58.61201811642188
276 32.40825206566879
277 28.294537202578564
278 1.7930370933645432
279 48.76796513282263
280 72.3200200315328
281 51.25776896396547
282 51.26849101918453
283 73.44165026489468
284 60.907101261544376
285 19.29330081672212
286 25.113546748689796
287 26.91696539220671
288 15.719320740646738
289 62.674304434489514
290 43.311689493317594
291 57.10004969014548
292 32.211189615860135
293 47.82958363442668
294 7.36680361094766
295 63.52811316221532
296 71.81411951460711
297 21.228364095740957
298 10.00169142271468
299 55.62131341757564
300 22.616490993353878
301 79.66201758374831
302 44.53399311117102
303 65.93041451017842
304 12.771085931530282
305 51.09439991004493
306 37.674587409122516
307 7.388501220689886
308 70.38359357644538
309 14.020009316664378
310 106.42094799780799
311 28.671762375779355
312 67.24989603417671
313 33.04645457357133
314 23.029414487650794
315 28.566823717838574
316 52.20894284014512
317 49.78032195950397
318 22.699753696934238
319 60.93482178151764
320 5.125359675268909
321 25.112596436563962
322 84.0123128189815
323 32.99109008362306
324 80.18488477620554
325 15.195842214292965
326 33.21773751546881
327 50.8267297804247
328 1.7930370933645432
329 53.711364425812704
330 55.90205302346617
331 56.96110303899444
332 31.748930506788223
333 77.63383126265123
334 39.72619121964453
335 30.64082425700411
336 21.73134552599727
337 83.79402141058998
338 23.084767552589494
339 71.14678341332896
340 29.945691127020627
341 95.34798494683233
342 50.3032939989321
343 38.0574823345767
344 48.790725456899274
345 24.644589828697857
346 53.16500919316284
347 57.8322136336688
348 5.222698133859503
349 33.34204684029202
350 80.5771068449244
351 53.03167632251419
352 62.6405573437188
353 46.57248207071901
354 3.508871090841123
355 47.48675603913456
356 33.49054555780092
357 20.4288390811076
358 13.488558551859514
359 21.17760095027143
360 3.455753020405682
361 33.79936462683239
362 40.568927595483274
363 59.67265545502858
364 65.18959761101753
365 18.546936127391433
366 21.251057152390068
367 20.080712155910156
368 69.07985178170067
369 43.902378979424235
370 5.760624152702038
371 37.854668705595934
372 46.37427399251663
373 7.0241721163314335
374 66.43899870932273
375 39.977058821801634
376 49.78812557165364
377 48.46686697374719
378 1.7930370933645432
379 54.44750134758811
380 48.261230360067245
381 27.847648889881764
382 62.637655802271674
383 74.12921636992957
384 35.05262721211009
385 40.68358827623394
386 90.91925637831005
387 71.06445286437294
388 30.384101828582303
389 71.78468126403799
390 17.924661575202663
391 68.03549817544736
392 19.809826707158123
393 43.95031307143838
394 12.440372834701215
395 54.78134164219956
396 52.10457500847188
397 69.41611620516899
398 11.911127620808767
399 11.513710076960995
400 27.99278378923446
401 83.01369267261181
402 6.123345799297357
403 52.083352270383536
404 18.17754427109884
405 15.752173740375575
406 16.730880758676754
407 40.98592964436594
408 29.906934061598943
409 11.620797665531818
410 2.7130661304861423
411 58.109991999788654
412 64.7645868316138
413 24.266659673133667
414 65.90814288536679
415 51.77642990804592
416 57.62292760294372
417 44.611211331543146
418 17.034103531451972
419 64.6220145178581
420 15.156937477889699
421 42.8371110211655
422 29.678289404710082
423 16.159264971925722
424 51.790349820985526
425 36.155462983247276
426 21.27610311408587
427 10.520087418921504
428 1.7930370933645432
429 52.11476921431857
430 92.51986098121378
431 91.25891325164433
432 78.4786545314776
433 65.7237031775349
434 7.657620799121806
435 29.7667219576771
436 21.644998743310467
437 39.61226768124457
438 21.43446262279244
439 44.91275564844603
440 69.60747623957359
441 49.25891481399055
442 100.51886599776635
443 43.01506897461542
444 19.130004986164373
445 36.72385750085229
446 51.22565352016294
447 51.70408605975714
448 14.48120829738125
449 41.784564112001924
450 47.05032872034134
451 48.65430860104539
452 23.76318273688491
453 75.72104299434639
454 8.916440473846588
455 20.370438460431142
456 43.66059346938727
457 45.16266237938243
458 35.3052771138283
459 26.697258019178822
460 7.859757992976315
461 43.84070072683797
462 7.129559474253812
463 70.41542230228424
464 18.218667615276217
465 6.481551224684265
466 31.972167404532787
467 73.38982186255744
468 40.93377447226525
469 91.1632784261514
470 28.8583435389089
471 87.95619890806115
472 59.61689481979348
473 34.34545765735946
474 52.014131664404125
475 31.117975506595318
476 77.44617027040034
477 92.8290473031747
478 1.7930370933645432
479 51.8976531141285
480 47.49964105356022
481 31.610370514726252
482 7.321605764383659
483 39.78229166539682
484 33.049934687249525
485 68.90418675784052
486 50.25150066449715
487 40.99101822700168
488 46.972755176311466
489 32.91264285551559
490 32.610589952880844
491 81.15669954312621
492 33.57609218470191
493 41.88837278267171
494 56.383919820628364
495 46.83614438216013
496 91.74761797172548
497 40.889132921788914
498 9.01313206458938
499 16.4022489549736
500 48.54578603047387
501 16.30977334449462
evaluations raw_y
1 47.20094603480046
2 29.827278255450054
3 49.47172678042481
4 26.02011361140473
5 52.20255694884993
6 78.8773307183729
7 41.55988264436009
8 47.70965318796096
9 58.67813468759805
10 39.38456128326114
11 40.11066525696866
12 37.557445249414585
13 41.5375142540332
14 23.356839861569636
15 53.056168769623376
16 43.33241056338248
17 30.008385545867142
18 42.03896340694324
19 36.85655740058878
20 49.95445485718177
21 36.840580670958815
22 71.95950393700224
23 65.23599533068068
24 49.78711115500895
25 87.4354980659779
26 31.133132584546697
27 55.299448336949496
28 37.12567527811564
29 68.11465096501881
30 51.99743269718544
31 55.417861508884215
32 49.75815017593597
33 30.94491186348067
34 43.242069750159175
35 29.308298310301346
36 34.70394796282698
37 41.12531568139146
38 38.93474536507553
39 53.98416842822264
40 71.21103799199558
41 41.10008520488968
42 37.196470217621716
43 60.42159770944577
44 77.58672689354454
45 39.018089145430686
46 62.53987265929679
47 13.63412787514956
48 35.38132909614084
49 37.413395793759705
50 42.76947794882866
51 72.50697399086602
52 40.05578670684501
53 81.63471936527561
54 23.194621330885774
55 62.63704136336125
56 110.7083810497066
57 97.9910877078651
58 21.566588620494255
59 17.01962659374019
60 68.1467932307033
61 48.6610428270627
62 69.50389366186563
63 59.51551547310734
64 32.65495735091061
65 55.53593330437528
66 43.1738506290623
67 22.34652911740699
68 51.34544620138985
69 5.504067324808912
70 26.363262416341367
71 50.38971441905748
72 95.35637849883439
73 66.87958169466974
74 38.49274467375444
75 58.543757270833886
76 46.115119640562924
77 35.549851846899635
78 48.793699338423394
79 64.57304274515148
80 62.88159119237973
81 79.20429014302695
82 61.45778953093601
83 44.86782966303665
84 27.114194595905975
85 34.09960321789589
86 50.70417386517997
87 52.89888285018452
88 28.484353236516778
89 67.44411919245289
90 43.027899812709954
91 45.98105694259298
92 9.541148843507697
93 59.32471508079003
94 26.56373097865956
95 62.56142718751126
96 50.53740758567728
97 13.63412787514956
98 46.603832184909
99 58.00716449225367
100 76.26800880530462
101 51.5556999784637
102 76.61014023483312
103 28.36642956075261
104 55.692054158685465
105 73.84666066189028
106 65.64790960597935
107 65.02801762737339
108 39.30385287087407
109 29.0411977414041
110 74.62512401141043
111 43.347556665492505
112 64.3745132962502
113 51.25232295813763
114 23.331703525349564
115 71.49796307682871
116 51.561730760135674
117 62.820155251472144
118 53.972678240432074
119 5.504067324808912
120 28.704525598648694
121 43.99042270121531
122 68.92228021872938
123 87.60119157773599
124 51.055265979858845
125 35.80925642051038
126 45.618956201159115
127 23.854871087875548
128 41.629599021212925
129 87.31976454124812
130 33.44714342382113
131 69.38217162296506
132 34.40108670352002
133 68.92497150536457
134 89.23210999992135
135 39.12687755618744
136 21.286371184078163
137 34.23980012009506
138 74.31141429391923
139 59.51842676293326
140 38.21371209058255
141 75.05286646881595
142 12.170301670586591
143 58.50689120710835
144 28.197565818135143
145 71.93234467159688
146 51.31300600568218
147 36.76773278246593
148 54.94687105504991
149 87.95417673499806
150 15.687268806433215
151 72.45861181696051
152 45.80613068177159
153 46.61140759967087
154 31.016549185872744
155 88.75939080338699
156 35.2811966638778
157 58.33610674201039
158 53.16391102231544
159 32.399273337035886
160 71.5536473627743
161 47.362733968600914
162 69.4212557392475
163 26.67708244937086
164 31.807885822025916
165 66.6977683626031
166 26.57089761311502
167 18.808711949349462
168 57.90582883512836
169 5.504067324808912
170 56.23856221735002
171 33.20631350043156
172 74.03958709144638
173 22.523556869457458
174 30.381732527570566
175 57.701640464354305
176 55.056699165701026
177 26.818177875778098
178 66.86886429940698
179 44.11163871224323
180 60.669656608800736
181 83.57250285278339
182 33.783044776317524
183 52.62389695093005
184 12.703249439952256
185 26.414626200137572
186 49.682616461485864
187 66.9036710509234
188 42.640378595721295
189 85.66050903660079
190 29.54927838448518
191 26.566129181183364
192 12.016542746331215
193 80.51829529223703
194 13.082316705629763
195 28.777019065536372
196 52.1316770698148
197 15.507380077854128
198 67.56178804081104
199 14.88700362662084
200 15.118558772146887
201 100.3206249426003
202 82.01278795878845
203 69.67986108595171
204 61.53618069617175
205 51.760188014250005
206 30.42025528925575
207 69.08032335253795
208 37.34617968947176
209 57.11962065229371
210 39.787219750020896
211 72.15337762457743
212 13.660208096220884
213 42.309816165172485
214 16.79534167067614
215 72.73442334843526
216 24.69157158389843
217 16.363309426550067
218 33.16362307565597
219 5.504067324808912
220 1.315770757346124
221 65.8502655120061
222 55.12546090132764
223 50.689514467029156
224 12.845259643261093
225 78.45010229159917
226 24.87788337685958
227 61.54169675846184
228 38.69059723202242
229 47.484522018707935
230 78.7896114835385
231 76.30617683965119
232 63.40644795264271
233 57.01491259366578
234 15.76246182486841
235 27.192798400274388
236 40.574512168526894
237 33.321728297078714
238 13.747974682963031
239 52.71079162880243
240 59.5156508049292
241 43.61363313651432
242 24.661879290107397
243 85.63803999075081
244 46.67660177946157
245 69.18845956063066
246 36.96014511398099
247 15.965742451392181
248 56.79232029541445
249 38.33695155447149
250 30.169050042958734
251 62.01010863642128
252 75.83630622396973
253 66.3994069710513
254 50.216757131468846
255 29.44458122539944
256 45.47737774372679
257 46.41922308840013
258 74.14785277130929
259 46.69941373701566
260 47.317819632515835
261 27.05029069460775
262 45.7374044803906
263 55.7689288130809
264 44.232897896304756
265 77.50024748240506
266 38.33291648099938
267 15.289492882299507
268 67.3242117982586
269 3.846539339482474
270 1.315770757346124
271 77.40812091838872
272 38.10301432695884
273 40.43669087480371
274 21.602984148073826
275 47.52418158628842
276 56.13332333433393
277 21.144739191821216
278 79.37138822939417
279 84.47121113121989
280 55.64048941697684
281 91.90480537978613
282 21.792111486559488
283 28.984022154089683
284 44.45644618473351
285 48.951365439311495
286 6.107190554182556
287 75.10575908041767
288 16.58878862704733
289 58.93846823373047
290 58.70110895780594
291 61.1909618789167
292 2.2965386905415177
293 68.67257450403824
294 14.183796280965925
295 8.97613481586394
296 52.34748919588596
297 26.297093246779742
298 31.589402061965032
299 20.575918502448907
300 23.054320354422583
301 54.731557713443884
302 49.47698819503821
303 60.23992854694974
304 25.731456837054946
305 96.03709113283566
306 44.969409931246496
307 97.21013194653163
308 18.89619264282102
309 37.74336819008672
310 34.97866652725634
311 32.56523733340879
312 30.042746405834652
313 66.13625954483189
314 39.770287145363994
315 33.24760081609299
316 54.46245052165376
317 54.70178557113647
318 94.11075579528445
319 1.3838621197739505
320 1.315770757346124
321 24.8069492542378
322 25.509611934387458
323 24.155249729327053
324 24.800679386372813
325 18.56633135233456
326 12.422315191404902
327 41.58233135019004
328 20.605478868889108
329 60.2721158102121
330 54.649872902732426
331 79.53927239097852
332 63.890353351947624
333 23.157072709725366
334 7.1082550843862355
335 56.09851838683931
336 15.176215361896805
337 69.4610867220978
338 24.4064069891961
339 44.928682311832226
340 35.50422142664767
341 48.68134852771084
342 3.4319884429787892
343 38.19976233688081
344 22.827212532031798
345 30.80678350045932
346 31.991319278529502
347 39.62760444736246
348 58.547687825682544
349 32.19744767085033
350 15.998846695707222
351 37.62465441556125
352 5.03448207130794
353 29.241217648449993
354 82.74272056322019
355 38.260067653764665
356 72.02042984791944
357 81.62088417097901
358 11.934144085275403
359 29.74009475132096
360 56.381568830849744
361 29.647134005065517
362 11.122566000557894
363 50.996047018762845
364 35.71696427116125
365 41.035653457714446
366 85.37583543765157
367 50.09411884301672
368 37.322846967394305
369 17.559810990103102
370 1.315770757346124
371 44.73219458680418
372 30.821351409362865
373 69.41069914249726
374 5.54737560198454
375 60.46002676419923
376 22.098337616086408
377 41.49556617798434
378 77.01600852906459
379 52.83828657930816
380 50.72537341073005
381 59.7622731462407
382 30.39335270024103
383 91.28695635704996
384 26.48563947750881
385 65.30818064069807
386 6.8362310147429515
387 59.70398608689619
388 56.53614936951388
389 53.60563380164971
390 19.254151324456174
391 20.227822602400387
392 15.482896002065871
393 85.00329154275478
394 53.814633871836946
395 36.81349609140383
396 67.29439083172137
397 55.459801732667145
398 55.02758099744505
399 31.239376775323073
400 41.98291196201174
401 12.615773186268598
402 40.057937633128574
403 33.96406050878439
404 72.73683859279657
405 52.8158948089403
406 91.95414116655998
407 14.744682940944557
408 21.934979733859894
409 45.90205422148836
410 49.17578077807179
411 85.80484059762567
412 20.521207214489795
413 17.762621186884427
414 6.645983821380184
415 22.721822229389595
416 85.71523115091924
417 56.131171978454226
418 39.75532049956063
419 9.012981841615616
420 1.315770757346124
421 30.179545517698774
422 19.36484184814584
423 71.72032758726174
424 14.94345482953485
425 63.28219211417937
426 28.2533947623972
427 15.643646426659227
428 28.396235729936635
429 19.597838225029992
430 41.24426220440777
431 64.92839734568857
432 46.46690935259329
433 58.959828145551704
434 6.131637944534023
435 54.826965242847784
436 26.094418386863488
437 62.15664168256317
438 37.27427161120327
439 31.030987804523026
440 70.32990988733772
441 41.566901770059204
442 11.804335328782509
443 45.644311320261394
444 26.457565299261613
445 10.592178391525623
446 14.980683728742079
447 48.70072865194715
448 32.45395577984866
449 14.58381148304128
450 62.05415626216234
451 20.14943981696064
452 10.571236057185237
453 55.63136140645142
454 13.253666134592972
455 46.061119529636635
456 13.138637283653042
457 13.064892112933276
458 71.52266491104028
459 22.47997608169748
460 52.89419493132339
461 56.04683910004736
462 46.18688511483654
463 31.915601170878837
464 30.541647724977423
465 70.50034528422104
466 57.96061358672407
467 53.5915789737468
468 43.30431916371597
469 7.009511809967845
470 1.315770757346124
471 40.59317808637805
472 60.14253055535246
473 16.43987765178355
474 23.22974511459333
475 50.20563362169372
476 31.860823204750897
477 72.11188516483588
478 18.861511666651467
479 55.56025043640873
480 88.03248525240579
481 60.03833579631437
482 52.510496866540564
483 7.189428550579448
484 25.06344577141588
485 41.4730824993412
486 17.763389817496172
487 80.0418052621267
488 34.53164618025821
489 33.25135287445431
490 45.25879848940862
491 73.41131236951175
492 5.733658047799453
493 29.574137743445398
494 21.074557559435824
495 35.50029311060821
496 61.129670700408575
497 56.99673461642843
498 48.101287900605435
499 31.849536476275144
500 37.90877224556009
501 40.54807179017623
evaluations raw_y
1 24.460169379883517
2 22.67284732767355
3 25.105244086241377
4 50.03510831140132
5 49.746587371975025
6 34.22748814204705
7 10.916553295362114
8 25.643190992639138
9 39.53295069646828
10 29.31583987638256
11 32.54017227723782
12 93.91259745418468
13 32.149319047875736
14 46.42275167629713
15 21.266375002264777
16 44.8738715504991
17 26.881292342754723
18 40.73057305761577
19 41.0597758817146
20 30.712718594714943
21 49.689063287462254
22 28.86841073259916
23 25.023688110134355
24 23.348883204057195
25 35.63742918500588
26 44.6425730205218
27 33.599015031652634
28 63.48445459911017
29 41.10233202397
30 44.91551089255697
31 61.77156860109193
32 52.58678839462522
33 21.859590327900783
34 30.47784089305356
35 32.67547884750615
36 40.46604768577901
37 22.613048431260065
38 64.15010818810094
39 51.39842985028702
40 41.40420129755199
41 33.52147745042818
42 47.464739127748004
43 54.17042189165414
44 33.97797274668648
45 55.37598854869718
46 43.19223835539478
47 23.931168826455334
48 35.760238062811155
49 25.10069475550454
50 48.19655410172732
51 40.44794738208528
52 40.14076076571731
53 29.48590103093414
54 90.59007887016044
55 64.43599174761856
56 55.442264231635335
57 10.916553295362114
58 77.49457487531092
59 37.48434307178547
60 43.43754358521281
61 35.48134587755508
62 57.4311295744107
63 8.083881731128999
64 77.62966374353748
65 25.261015428885873
66 59.22149620283452
67 32.61107214799183
68 57.95459719079586
69 57.55946188074632
70 50.42071499212459
71 22.482841408146392
72 37.59797682721099
73 32.95231688239617
74 10.91059001695541
75 45.639953757451245
76 69.4119998820683
77 76.79634667974655
78 30.329209442477694
79 56.952898418758636
80 59.29927947788699
81 31.303087877923456
82 82.23964997514155
83 12.429054863723353
84 28.836955273037127
85 28.887770262593747
86 81.00110259361395
87 52.094625137595706
88 59.75198623453004
89 63.32036056466461
90 54.86663328991602
91 62.6456172910558
92 36.523532475349924
93 28.59469550941396
94 26.85445316184911
95 43.758576403381646
96 68.60168053172616
97 18.053543355719526
98 87.70933906164133
99 77.01042394432724
100 74.98660332976682
101 47.17434167907593
102 32.68263207022048
103 48.98293140011894
104 53.88765752583748
105 83.32158158606035
106 39.26478822108315
107 31.59369612224309
108 52.13181125914755
109 29.932568837630562
110 78.10935586958186
111 36.98027598114123
112 119.84043655214957
113 8.083881731128999
114 93.68395696160817
115 48.75279540229519
116 69.30649499934023
117 11.076991413818371
118 73.09045021095747
119 24.899524190584998
120 67.00807394650617
121 31.085692748133617
122 49.66220431672643
123 46.884117827504944
124 7.527589248941444
125 58.2482486474623
126 50.5565930851951
127 26.4047214214295
128 67.29773161392872
129 90.55180177488451
130 56.913330395339806
131 54.36774525578172
132 68.71337776943612
133 22.2363786647193
134 47.81600574957096
135 18.49708484298714
136 23.652237818985984
137 34.692697436876074
138 88.72295193092017
139 63.614364908021976
140 51.44576079696483
141 32.325870056195896
142 47.870440971967014
143 90.82168220878854
144 50.53389909147843
145 37.27358251833991
146 67.25210366484907
147 13.177765533817215
148 88.5571798609522
149 37.73431595971034
150 89.23917791639775
151 34.95523682465215
152 42.96163601455034
153 30.155042881799535
154 32.42617008523708
155 58.99257851597785
156 42.54665866405704
157 4.5907454259978
158 54.249183934237486
159 44.71662294814541
160 34.558587564245876
161 35.53523316565011
162 50.61860444163285
163 6.956857246399506
164 65.99277148878294
165 35.15100876584389
166 82.43681644061105
167 27.535688128079425
168 57.35571659622166
169 33.64579276643019
170 75.46307028090118
171 18.10151227208302
172 57.169808113140824
173 37.17365596845115
174 7.527589248941444
175 51.93775884604239
176 47.568063988642756
177 102.13641279922471
178 26.781309174388674
179 53.92320866220456
180 48.12490527514536
181 15.603572355197425
182 17.043597931115222
183 46.04051872259034
184 72.09987356685419
185 33.20366325897062
186 50.15719953799549
187 31.446415741173237
188 74.2322497279158
189 28.37111132639728
190 73.06121715215221
191 48.00783749680823
192 67.06940616165109
193 56.537316837072794
194 38.02409552946046
195 31.05069181580586
196 47.63061756002052
197 43.595375928810896
198 100.88998075730368
199 27.350510266209536
200 47.176077901089435
201 73.65112055380678
202 34.56653708301142
203 42.38887566904099
204 11.424115589687977
205 69.00306325477227
206 33.76799035221503
207 4.5907454259978
208 92.71447092639458
209 48.504372112974615
210 50.00744910504477
211 43.2251761527868
212 49.11609380646876
213 0.8379098971682549
214 30.335413461006194
215 12.460801100899634
216 49.87684089094947
217 28.29953388230128
218 56.445070999371175
219 70.7306871868228
220 23.84450982647244
221 31.717756047654785
222 40.21671897240825
223 33.00126172999025
224 40.363626941771464
225 58.319865115491794
226 39.4100649307079
227 57.34353473496619
228 44.12140085460619
229 41.39753986788627
230 104.0055718189531
231 31.587806161200152
232 33.58119871468047
233 29.59524735099569
234 35.45280572838703
235 20.71340776154477
236 33.083074301871136
237 39.8383150181932
238 69.18162747985501
239 13.523082520352373
240 28.675514568481553
241 55.658385352879414
242 33.68369470996704
243 63.91576214942346
244 67.28386397389231
245 22.897399122913882
246 17.646734616804636
247 78.30474348980584
248 37.610605770155665
249 65.07331397663282
250 42.24187248438277
251 53.44424327020619
252 36.51544946799993
253 58.85325614145377
254 2.640928685934305
255 45.71091791095954
256 38.03521630905719
257 26.041048934964994
258 31.098797876535908
259 23.979595136698773
260 43.703271490446674
261 16.93890063438296
262 46.33416730272366
263 0.8379098971682549
264 62.797978754969726
265 61.24457823791516
266 42.79989518142715
267 8.921406491621337
268 35.827488803393564
269 42.07391857164267
270 39.001165131620276
271 22.371501579805113
272 26.259993866317593
273 26.693511242678436
274 22.65910630093651
275 64.32314881449861
276 41.92542874226594
277 80.68782785178408
278 58.04207282047679
279 33.15245958027555
280 22.61190908125665
281 36.51210676270697
282 33.09337499525231
283 22.993763542496307
284 27.989730667181252
285 23.080292625757785
286 67.15406616744318
287 25.340160407570718
288 35.70640481117379
289 36.951620563661734
290 82.42269109943528
291 45.84358409903646
292 55.58180900662747
293 14.780307389742452
294 32.01154944267185
295 52.44613771677452
296 26.812937129126563
297 39.042741115131946
298 30.554369305496724
299 35.284431669045105
300 19.905166875825767
301 97.4042236876817
302 36.2932923320524
303 27.20243163054886
304 5.57321896663862
305 55.43663802278498
306 30.25626122958775
307 9.620301130201543
308 65.36244161606785
309 64.44256996307077
310 80.06747072847563
311 45.35749154023435
312 99.97280417945859
313 0.8379098971682549
314 32.19223507515826
315 51.75927681959844
316 71.12463867305887
317 11.651074816198888
318 50.51735176469133
319 27.813224800188294
320 29.524725572017925
321 25.571851946759597
322 20.248921560418808
323 11.700154837560937
324 4.007265189118955
325 76.5005507520032
326 95.1398915504779
327 53.400594003696085
328 24.28232531307548
329 77.26222027820614
330 46.15072262653155
331 15.410587144239038
332 39.053190196871086
333 46.99686998171758
334 69.48659952757268
335 22.86197763805814
336 31.87794290855155
337 53.006032927699046
338 44.183428303649094
339 64.73706872080996
340 58.95521490935204
341 30.28656238725346
342 64.73932587224354
343 49.45310360490204
344 56.3080376567261
345 61.68633726856772
346 18.17795306730733
347 35.24405729945588
348 63.699371726673796
349 80.27189530627084
350 29.395854509680536
351 47.65822530181201
352 68.63170703790355
353 40.41941105669361
354 12.076472605600852
355 14.943458931128275
356 91.92789353338158
357 26.796969582077743
358 54.3005326321597
359 12.78880531999667
360 41.71343725258627
361 7.153725767357873
362 65.70844319741681
363 0.8379098971682549
364 44.77737081108173
365 25.827467350229615
366 71.06149956115624
367 34.76935524362745
368 55.30126622195797
369 83.4909787508019
370 51.89438302410426
371 37.22681797342607
372 99.91369718642791
373 13.02885245517332
374 5.441668847498845
375 9.383923996076442
376 42.14187898210622
377 46.94488751314679
378 61.559427474627775
379 12.520675661477537
380 65.92663432696526
381 33.23329586832581
382 55.48938114610544
383 38.330302831013114
384 81.20224317839963
385 18.135969547657837
386 18.048119067471387
387 27.74625106034444
388 33.69259233607915
389 39.0645080331759
390 35.510292092060624
391 51.00210796162934
392 58.89853616094466
393 30.85866673674716
394 49.30937568987322
395 51.297475031967736
396 36.44286708894653
397 4.33922677549233
398 48.779256925543585
399 33.17960093423593
400 46.320375299189784
401 12.15661746138268
402 18.84811865682543
403 28.958167439972573
404 8.229826726198118
405 31.97770838327405
406 40.25488234500304
407 19.61346145009992
408 30.959069641640973
409 26.370448672297943
410 4.528904371211457
411 10.585094570653657
412 44.325486382284325
413 0.8379098971682549
414 98.41384535506461
415 7.777138262132105
416 32.72012519945392
417 5.196992644894088
418 23.89555970619675
419 75.75038418370166
420 38.13694424915387
421 14.065355270691168
422 31.729704650746832
423 10.753136064797204
424 22.198563077653844
425 3.968710358307188
426 23.236036629984323
427 75.51382869515813
428 51.97637983778447
429 15.989869753401406
430 14.56733921650689
431 29.167896768840677
432 41.74353287946427
433 22.967605320553798
434 35.08442358090861
435 89.52967490405766
436 8.841712321204229
437 10.438650008542979
438 30.977447800554753
439 59.77233071988364
440 10.51785695593065
441 59.869274901577846
442 24.178064542808514
443 12.59018315059186
444 39.586931541908534
445 45.18348401544543
446 22.688930493835716
447 29.311279822710443
448 24.39699911770567
449 54.8551211905216
450 38.616757839132205
451 18.698981037091873
452 20.96631079804925
453 33.011668223165934
454 2.959490040173619
455 57.75249647806722
456 70.58774878641115
457 15.938476714427892
458 85.8323196966835
459 61.138996349695155
460 37.24854594571043
461 23.253708163605705
462 27.786369183838563
463 0.8379098971682549
464 30.32268709806553
465 18.574860605221563
466 35.494071999073924
467 22.48906192620175
468 18.58370700051465
469 39.20177302058006
470 54.72920984917019
471 41.096185732226104
472 41.56914853896519
473 46.14095348862252
474 12.876134682509786
475 8.20283218440641
476 30.265524536818976
477 84.5026136902105
478 27.605611451547343
479 46.86014727604567
480 40.150966066815
481 88.0122590037195
482 50.21663132586748
483 33.74660038426577
484 22.950520160162895
485 18.753965967079978
486 47.31188505764734
487 29.880410217025652
488 15.050808199932812
489 47.332833902081504
490 87.50327312781128
491 58.94716275722481
492 41.558694257792745
493 36.093344191245
494 50.32514653305252
495 29.26350488237127
496 18.24502449641735
497 22.948564634814716
498 41.56614236541944
499 32.23936581011757
500 24.739654907049175
501 46.85478728777115
evaluations raw_y
1 24.43742675629876
2 58.90560926883959
3 32.36218598675904
4 30.46593651155506
5 20.542491016188862
6 39.609656288472024
7 55.0301449704981
8 28.780995707915082
9 10.66973699675838
10 23.17947781700324
11 34.6369439611423
12 19.390716818754008
13 10.431115148657488
14 55.621549567941436
15 11.811808214086415
16 74.05455099181728
17 47.332419209648116
18 39.916629020243874
19 25.386753136334512
20 30.302824114080348
21 57.09617150020284
22 43.356785445679876
23 36.56939469066053
24 51.204952022844616
25 21.11240970264095
26 61.56141055738812
27 60.79853635980104
28 46.386362550375715
29 38.75199690127721
30 37.12508853995194
31 44.79407950339747
32 48.296580513703475
33 40.69015018576361
34 60.75119105893156
35 21.151098647464455
36 42.59831152591371
37 54.526747841648934
38 61.77757675097163
39 45.62996206839902
40 52.043842794858065
41 64.3328575371698
42 4.075516803502648
43 39.15929520647332
44 61.353320413887715
45 23.74894986213438
46 27.344983327894496
47 37.378676728595934
48 41.57191147587641
49 48.18638770432895
50 57.809485545655406
51 29.507276034552877
52 86.17492949983767
53 84.01875092830248
54 56.458510336133514
55 71.88680324359208
56 42.275039482636735
57 9.96915144766909
58 28.46250168943363
59 17.66489205905731
60 37.860366417682236
61 41.9947795143334
62 16.45122122030461
63 11.327277868458271
64 41.87848356314093
65 6.625909993980222
66 67.99946720978065
67 79.29505379228019
68 29.24202888963416
69 19.653642906793287
70 47.31698818476354
71 44.28561411885328
72 66.47791898689734
73 63.19298173814772
74 65.18906679562288
75 13.78650311993999
76 86.25949669059302
77 80.5073388356212
78 52.514062170047104
79 34.64353063570334
80 50.20115912853698
81 44.13366995828032
82 59.86077134841185
83 47.24446296108821
84 69.02643214615365
85 10.527186205197895
86 88.49424905263538
87 30.510145997211925
88 70.53904223369408
89 42.18677839426466
90 49.761607916948805
91 96.68420610461956
92 4.075516803502648
93 50.17387109084665
94 69.02912334905338
95 23.0552401539628
96 34.082613621852914
97 78.33664261871752
98 81.47149243478658
99 75.22640861405235
100 34.03568281270123
101 71.79895195230608
102 66.43522948832644
103 106.8231667877587
104 41.44437987189171
105 41.43118520591829
106 72.88002957587125
107 16.796172712526015
108 51.70606205116963
109 14.433020690563447
110 32.093478065034276
111 62.80448703884946
112 33.48545236726321
113 43.419900440201054
114 47.16431428586765
115 12.298882213244575
116 78.36307675884514
117 70.15772054763659
118 56.65091926596665
119 14.312742164789453
120 27.231438818074686
121 54.19740921915093
122 62.720876944527944
123 58.41115806764009
124 69.85542189811144
125 33.81625741205432
126 45.515801775993616
127 65.85630014339803
128 52.49880228334433
129 46.83604446338359
130 80.78439765780365
131 61.62728812676954
132 43.8778551813768
133 38.559946740960655
134 49.280012452529654
135 39.75677137397599
136 9.821873417361681
137 58.36221403700708
138 24.07836562080083
139 70.30852729781076
140 32.394027995625336
141 22.84905808050644
142 4.075516803502648
143 65.56951984553207
144 63.99937181838023
145 62.870491484561015
146 56.827633029599916
147 25.369626780280242
148 66.43637410699286
149 7.421517902915463
150 10.514511441952527
151 25.216685981406496
152 53.307717603657466
153 17.52197088099787
154 96.52848758835236
155 21.74902804276428
156 41.87589528438153
157 26.00893706935961
158 53.286774046006705
159 50.991863336000016
160 40.21349055741787
161 8.414029264933248
162 16.750651191071913
163 21.48043455857259
164 27.298779760874037
165 8.590852524616446
166 87.34629068583017
167 70.54881299339722
168 38.397122417427106
169 13.551649346866903
170 49.04693247758878
171 16.537988260369744
172 26.481329530973625
173 47.32175067589608
174 53.05209265331287
175 37.57138361806453
176 9.210930584618659
177 61.50970860632242
178 53.966056627151445
179 48.80107633644847
180 44.55925520625944
181 74.00813479344784
182 40.0680456421369
183 12.079813303890075
184 41.25470509121543
185 30.184741620856528
186 9.710537939571262
187 56.94861920924976
188 55.337870220763264
189 29.59555840686337
190 64.01578399803121
191 32.271068972576366
192 4.075516803502648
193 41.859755940683705
194 54.00600028129658
195 24.4109333046441
196 62.71783660847695
197 100.55576468701199
198 61.08713877553558
199 25.07574170581476
200 49.413719575241856
201 69.6413458132324
202 14.485888154293335
203 43.70005081313918
204 13.58979921303323
205 18.532700884082743
206 44.83183207327122
207 16.4991917090319
208 64.65699509770415
209 58.72872876568994
210 43.94260022211847
211 30.972000898710377
212 25.42819073170138
213 36.58431019984669
214 52.955621392222334
215 5.615963570152174
216 67.86141532652107
217 59.48954806712363
218 19.71119812203427
219 64.48105081734354
220 33.53785766073871
221 30.233405352352285
222 55.92561944084175
223 41.21080764650271
224 70.50140321950754
225 59.18386314298785
226 10.555966394504672
227 46.62607076675227
228 27.642320525467944
229 33.57020150281616
230 61.346993379045124
231 46.55983801537678
232 59.8696530334307
233 52.5780195273365
234 31.596011116278753
235 12.685401928453727
236 31.477515764235715
237 76.12782650930457
238 17.543970731976476
239 41.04656185598444
240 66.6538757940368
241 82.84393087875902
242 4.075516803502648
243 50.670564368745204
244 33.38512395876253
245 33.54338201190709
246 50.33656369866934
247 24.235654973351274
248 24.61890145889288
249 7.773055519145546
250 46.56031022353497
251 17.490253667260273
252 22.40032567442648
253 61.41628554887841
254 25.19306987076568
255 20.24184691709961
256 36.64415464588442
257 27.90238208518594
258 55.66020448320799
259 52.93734760970456
260 57.28839393731268
261 16.163580671285082
262 35.25562442389532
263 17.76098141436929
264 50.34291469629353
265 8.341082245743117
266 22.36541238064058
267 32.19151537138935
268 68.62395885575226
269 35.649269113600916
270 39.575892226294094
271 30.86745552119372
272 27.389125169869015
273 25.006508117447726
274 66.68547679895916
275 32.213672860202415
276 25.861947692599628
277 50.67857149617215
278 11.726419628798718
279 66.03743079168049
280 70.3247130068019
281 72.8512883083455
282 60.93292624836838
283 53.34845455683183
284 18.382202655312728
285 24.006138796512648
286 2.812211277613666
287 64.37157242222519
288 9.065136853956632
289 55.56314059690717
290 80.04241986231918
291 20.317278282849085
292 4.075516803502648
293 62.067277138483995
294 82.60159937883778
295 83.51759694648999
296 28.164506521021575
297 41.83801377107894
298 59.922985023538736
299 22.00306030407948
300 11.17008778189624
301 45.724293269933675
302 16.376942019240577
303 41.78666776530375
304 28.27791947908239
305 42.25975250521499
306 60.43889349708461
307 36.081932140731496
308 58.476392164600924
309 39.221455236586415
310 79.14691789729653
311 7.832255540819456
312 43.23304110954754
313 5.5854662413849265
314 27.036786850938267
315 11.476587106131312
316 43.595548187894785
317 45.53292406082314
318 58.243896441655174
319 52.248153167424455
320 15.943271918977693
321 73.8047084294103
322 45.87510131404198
323 83.66268061347603
324 91.62334118382051
325 23.200729237879965
326 54.13774441973871
327 59.67363849827511
328 65.0642074751117
329 32.28367519800854
330 35.00641475810949
331 56.45037733721309
332 49.65204667965626
333 28.639803758133098
334 65.28484121419807
335 44.579209293876325
336 2.812211277613666
337 101.54641227495738
338 34.293248185802554
339 31.266932394939086
340 62.775026321283846
341 76.01784314456896
342 13.978865573714717
343 68.01052332988613
344 36.50658993758233
345 26.006622836791884
346 28.647336536436715
347 66.37602105796854
348 40.4249266798172
349 31.460585802001656
350 45.5537665374263
351 43.934550629552554
352 59.881408938056936
353 57.77405374694139
354 35.41447828370333
355 28.311480264682956
356 34.863199417027786
357 19.465511204051076
358 53.597481456352824
359 27.509894042720546
360 64.53442197557214
361 27.535957136772055
362 36.2490369308635
363 20.917351472975138
364 26.162804072724956
365 11.492551041000644
366 48.87333971162349
367 64.94551716518733
368 30.64899740666398
369 71.62645129654153
370 53.18386871467483
371 49.73705748831733
372 62.65347753887209
373 77.5996081385521
374 87.842779342353
375 46.2847953608096
376 6.053793579882094
377 79.41390926756681
378 36.0569902571287
379 43.005754157489456
380 35.640967215824084
381 49.21588259981513
382 93.56752594054991
383 51.72688888140281
384 44.71701278854354
385 60.49445039195863
386 2.812211277613666
387 64.11457503981559
388 9.084940676713186
389 84.0802884383118
390 82.09065335352989
391 15.15065195362149
392 5.9740453050569675
393 82.34513379285318
394 56.05526995533491
395 55.90423957743115
396 53.21589432134281
397 70.1896734680018
398 24.311718479705196
399 45.20494074331428
400 13.944020418910977
401 58.407816394862884
402 61.68601471544369
403 40.855033888665446
404 38.888177856276464
405 35.79142451379659
406 100.72860760478457
407 36.10373799457988
408 47.666790043342765
409 43.14343981758051
410 67.42499455669025
411 30.077652676116
412 48.46787888987009
413 14.350973288499732
414 72.93767734664208
415 6.83897249843904
416 24.11762803010468
417 37.82934875370106
418 59.968463897436656
419 20.89592353030493
420 26.320938051943795
421 21.42486173070693
422 43.28212047181304
423 17.560635670296527
424 29.647278987827747
425 43.91108782489734
426 44.80319466919164
427 38.742835062870775
428 53.99957681146088
429 23.852337910933368
430 60.09651731643022
431 27.713962016480046
432 18.33619849236253
433 37.68828706891881
434 77.40119152004571
435 31.353014230925456
436 2.812211277613666
437 37.76858311927512
438 27.426504547353673
439 48.91617169083043
440 49.99519238187403
441 16.81206785695011
442 12.810985211931657
443 33.19396868676028
444 70.34152585640037
445 49.04951678597028
446 30.095315669019058
447 10.909253574870984
448 30.894850995080628
449 67.38602806020916
450 31.614874739777267
451 44.653937108195045
452 17.449379653226476
453 34.067492643341595
454 33.0342000319819
455 39.90795576174981
456 98.88185776529261
457 38.99165927718867
458 52.08997311257327
459 45.90997196425498
460 32.70898048342257
461 38.65075680345891
462 28.188496881924493
463 6.042095033423266
464 66.81393014001421
465 40.075452416887074
466 57.451566745164335
467 59.0920408674945
468 100.3513570278312
469 83.99810263123697
470 53.178820954479384
471 31.439883346839444
472 26.26930164355529
473 9.436754396048395
474 33.58671400793804
475 18.517691503163555
476 7.956381291030274
477 36.784693003330375
478 39.95717580318836
479 77.0480197225521
480 42.927534959296956
481 41.434688541490026
482 52.45201460987364
483 35.11246029005908
484 39.36248618645584
485 32.81401683437009
486 2.812211277613666
487 60.45457415488242
488 20.58159843165435
489 53.23464923779778
490 38.78041671851835
491 35.137198174672854
492 9.000728730555524
493 25.68419910460902
494 33.40263629139232
495 57.33203908572995
496 89.63990591968165
497 28.28110778194322
498 42.48131093302958
499 33.490307705068965
500 31.359714063260913
501 55.20830417364616
evaluations raw_y
1 52.87195841551545
2 61.78180168155001
3 64.45792276097382
4 67.91577976262201
5 52.634847344518334
6 36.386038955516504
7 46.60873732670945
8 5.515970201738584
9 21.39872944237917
10 11.418889956923767
11 28.757042951616512
12 39.894756901336144
13 32.67798237723393
14 38.39581171560673
15 41.11778540259383
16 24.38539339371111
17 39.553411393403245
18 39.85437586615251
19 32.467292233133335
20 12.58072814471497
21 46.47527542864496
22 38.14903806737991
23 44.114063130450745
24 59.37400343931256
25 58.707230256428794
26 69.15374451075114
27 28.55285188924822
28 51.94296513944895
29 34.0735301959994
30 42.117482212134206
31 65.21267045612346
32 25.328014499284002
33 38.61312560347631
34 82.79407159942735
35 50.306696440849535
36 32.39969648347077
37 58.3565500175434
38 27.67749400922833
39 40.781729921423924
40 47.43410190154136
41 43.861612562257655
42 27.14010656848455
43 51.29150752210983
44 60.31502255250652
45 55.61636550505886
46 32.27320552653455
47 40.174417802298606
48 54.903010224943905
49 34.069068917974185
50 65.68375576103311
51 51.184834955207315
52 63.03610441313284
53 39.592195287303504
54 70.97021124199378
55 24.94946890187898
56 51.06699958510113
57 64.26830711274343
58 5.515970201738584
59 24.78502512503467
60 22.645084946482587
61 40.4462732182008
62 23.620744727175122
63 30.75746622903059
64 40.80907244099184
65 43.54145957554044
66 22.250191412709665
67 16.239172404880122
68 46.20334272907258
69 41.262696294815896
70 15.548580171692075
71 40.78413736355097
72 72.04014403208717
73 68.02630545138176
74 22.466199620974464
75 73.17394988815681
76 83.05731233278688
77 25.644762877912967
78 68.01408157971365
79 58.16364071960644
80 64.985206481987
81 34.15851814208004
82 32.3140838974836
83 28.542695131846983
84 76.25566595497367
85 24.571474531337294
86 37.70972751814404
87 70.63804511298149
88 50.873169821367526
89 49.6538839994531
90 75.06658490729987
91 61.76754812377361
92 13.99821322375268
93 68.55147531291883
94 42.290277668179954
95 60.399572392479136
96 47.392126028864126
97 59.932715700451496
98 67.73278904276022
99 55.90002447918683
100 45.344033240606166
101 30.689232208853834
102 66.50855606426094
103 28.6870762697574
104 42.777525852079776
105 20.530678713320395
106 69.47140011494088
107 39.89577821758349
108 5.515970201738584
109 31.777877821752202
110 12.341394839612875
111 20.48438618136871
112 46.5325990246026
113 73.93796086566613
114 40.467714908719316
115 58.27830178441906
116 29.2910656738823
117 14.26852722318313
118 41.0256489735532
119 20.923621544612082
120 27.2383138709348
121 66.6949087117996
122 48.94860296677229
123 55.08714737209816
124 47.56653819442533
125 83.01541627820377
126 109.76847360522386
127 98.40252672298321
128 60.13286849789674
129 48.88435033779453
130 58.92067710725426
131 86.53512619337312
132 49.07683854141131
133 51.238511846066885
134 28.418035472010175
135 62.44362967557363
136 15.976647489441085
137 46.730496828397705
138 25.906819277106063
139 58.32795619429861
140 56.59560278307287
141 66.08186018836912
142 18.109231632485915
143 53.24661093507643
144 69.17142948949052
145 61.329434552462835
146 10.836497799047551
147 23.20191658031724
148 83.24158087447958
149 42.90072643205663
150 67.38235395884368
151 35.447701685176995
152 59.726599038639065
153 89.87918550189117
154 82.7489539715543
155 17.336711725946778
156 36.09338521718421
157 81.27304348022437
158 5.515970201738584
159 25.272581389945138
160 17.56174732828088
161 12.336695016123386
162 41.20387889648475
163 7.966640812307743
164 82.68007535246741
165 77.35397873768054
166 50.35714860898076
167 47.59766105129142
168 65.39154646480682
169 20.5484120377369
170 8.872705179049289
171 56.02752879892097
172 49.34800130626788
173 79.5076620276902
174 33.06770317744093
175 19.698261257565854
176 52.68721245060524
177 42.432825571118244
178 79.90951491013116
179 61.03996352531344
180 73.2391295199484
181 39.93211400341163
182 40.5114566201372
183 50.316098329399644
184 20.824249303600702
185 56.529862990616685
186 37.53852356208715
187 23.314689106705895
188 38.47079394852976
189 65.45386918002117
190 47.09459636350205
191 16.22975597533582
192 26.02828550284591
193 33.34662412046663
194 35.09416181257907
195 74.12964016748523
196 5.6488707575624035
197 36.053252839662484
198 105.01597098846756
199 41.59073439463411
200 49.73047602649269
201 43.98866927379099
202 86.16024261789316
203 47.86531988812534
204 78.132779892167
205 19.434948416342
206 35.64999881013086
207 33.73894262231969
208 5.515970201738584
209 53.94553374333276
210 44.83685430749631
211 5.863977270087566
212 38.155688426867265
213 23.52797897242706
214 31.406642110647685
215 28.78528737938725
216 66.75896948756323
217 25.317242069598443
218 17.648179019759755
219 51.17507978486369
220 31.470204759427084
221 45.77897398734498
222 56.29981053466651
223 46.50667902439743
224 76.20956601609295
225 58.44852776033817
226 25.17092361481983
227 63.82964059453
228 72.23241538085485
229 57.16070170425016
230 75.88753792589166
231 30.117882416515094
232 45.15370640291761
233 32.835171616910905
234 63.098786448424406
235 72.72093804525431
236 61.26607283316156
237 10.886606923544482
238 72.87065855213663
239 70.18843586745781
240 22.93985582903586
241 29.916298539812225
242 31.831092688823556
243 33.719134887068094
244 74.87619168820727
245 25.616670877753407
246 22.3626068955163
247 67.88437615702911
248 38.46069064895521
249 24.971570562863125
250 80.93694440140057
251 55.1580796851672
252 68.36896872152603
253 76.86759153233082
254 65.19557393208008
255 71.83628767806651
256 43.21145997513246
257 76.65720445597533
258 5.515970201738584
259 12.021264045238768
260 16.915339152979737
261 25.792957244544155
262 24.128090371543983
263 8.461454285601675
264 49.56714250806491
265 57.970791037372194
266 61.61925998043539
267 34.70440806130057
268 8.491507175823317
269 48.682667612989945
270 49.58697345191266
271 85.37522697245802
272 52.96116314055126
273 20.355787650619245
274 43.87043903460402
275 21.871423493159984
276 45.799043857672736
277 77.77687119246926
278 99.43569783653216
279 88.67624065500297
280 32.26476917252677
281 44.79397162581437
282 40.641992905846955
283 5.1432963023220335
284 11.953605983134754
285 33.72703408178529
286 48.202942620596716
287 28.33952906861792
288 19.441947055862837
289 63.57131283583809
290 58.21964935003061
291 27.69904235072912
292 26.069128204163743
293 53.608980870170726
294 51.86108101670337
295 20.816334373556405
296 11.508712593720121
297 101.38343211431241
298 52.43629375668274
299 52.37874211086865
300 101.73634720985986
301 64.51178968254271
302 80.25426784913316
303 70.02967515386241
304 12.976986956321472
305 6.442240988196224
306 75.67636001723017
307 36.6424273621949
308 7.071800287214838
309 53.51617487902841
310 46.96136591027544
311 28.978387100128423
312 71.25387002496777
313 31.99953677139777
314 54.887348599430894
315 29.28898969358704
316 46.59190500078236
317 27.288825057870568
318 5.254942141177943
319 38.487485139445305
320 35.65741576577753
321 30.947427439686145
322 55.87354845531048
323 31.456775495152225
324 82.4699808292397
325 56.050826740927185
326 34.022171127255596
327 49.25300652337614
328 61.7558382488294
329 8.045695619461357
330 52.95874869822508
331 59.41385500406266
332 6.559684172113751
333 5.1432963023220335
334 27.429027268233213
335 93.69222330032807
336 22.006455574165543
337 25.465738477218423
338 34.8138164784648
339 105.93351764770911
340 25.400785230414822
341 23.07294568724118
342 10.51934867995046
343 21.187616103133653
344 55.57492689085368
345 53.04120954896488
346 11.755997148131014
347 51.231257070150676
348 32.85847410808991
349 21.121837467815983
350 50.823418552483716
351 30.446609445594685
352 78.09409649280138
353 47.244029689834335
354 60.040052996461796
355 20.614841805005778
356 58.17085259210265
357 14.078770281722539
358 5.20102125330611
359 45.250492959147195
360 30.41557707296362
361 17.16084448529243
362 28.617520508460643
363 31.627954244204332
364 51.397253798622145
365 43.138157002787636
366 66.37365930920096
367 21.71398877810132
368 5.6192036266817285
369 34.18238666632775
370 44.16228691332275
371 84.62242686174343
372 72.66227334046089
373 50.217961666022376
374 79.06349554420233
375 78.06141210176841
376 21.785762985391955
377 37.40625877300942
378 52.26737695116103
379 19.98418576555506
380 114.590333555594
381 39.970330832521086
382 43.44815122603423
383 5.1432963023220335
384 25.827990942354578
385 55.344925283059695
386 57.624256649618204
387 23.909904617516734
388 37.771397642283304
389 56.30916005410258
390 55.95617600196698
391 6.667010871241947
392 54.185669139812674
393 56.357352004482934
394 54.30952473807974
395 34.47446259329797
396 18.54221129273384
397 31.466655967278747
398 20.727341497051714
399 17.05766133822715
400 38.3412885418773
401 45.14129556988749
402 50.67387357379735
403 38.24880612123127
404 72.50392102403318
405 23.216985948221012
406 113.81411304723613
407 18.034143176103186
408 13.405093319053867
409 11.755384069120401
410 31.115800460043296
411 8.800083072708935
412 56.104151438902825
413 24.058378277251794
414 52.367919609490016
415 79.13827865088795
416 46.05737509563376
417 38.682488232845316
418 5.719296272795936
419 10.228990017984293
420 35.6441172970082
421 51.990826547384984
422 35.25522604762357
423 43.22999472636501
424 55.257535479154704
425 35.341396108342444
426 28.09177075211188
427 44.02061408625001
428 58.896251181232174
429 42.853428522824686
430 67.24223287653312
431 32.870229787296985
432 25.197304475156646
433 5.1432963023220335
434 9.327358682651772
435 58.4794632753844
436 44.375097948468834
437 19.94725150362038
438 41.86769850892116
439 75.9390715521108
440 16.79898331082553
441 24.21175491430213
442 21.013741521653927
443 50.409866716845045
444 99.90109525297127
445 41.09744883229679
446 14.517952730422813
447 47.51876450686153
448 64.29894609355283
449 44.802019980222155
450 29.3230175566911
451 26.395028416244546
452 10.728249616363247
453 29.826305489092256
454 38.371565740825275
455 20.61089507923681
456 38.52111813554444
457 49.64538722819991
458 12.726338694533931
459 40.404635003668155
460 27.175707903145902
461 26.498227093910234
462 79.78408539219711
463 39.1665179745074
464 58.12609903977113
465 20.24930942094353
466 35.05752614353062
467 27.291847035203517
468 8.732455443792803
469 31.347394342602225
470 28.782877785729262
471 89.44662050985876
472 40.81582681932861
473 43.05399522552207
474 54.60487953231867
475 42.969833769270934
476 38.936228400654905
477 52.72915045485702
478 91.71238584222074
479 18.98155220930297
480 24.452171375901393
481 40.468445802994864
482 21.949863077010786
483 5.1432963023220335
484 26.142575113847045
485 65.82616080220356
486 40.208498355867256
487 35.139388275451374
488 19.484216981999566
489 55.65070070737668
490 7.535149872260552
491 49.18629700547747
492 50.6894138352147
493 63.530031374496915
494 37.57855396507607
495 4.466947389387609
496 21.25332796598433
497 69.65572701105074
498 85.99290524994477
499 56.24164458966942
500 61.23678820684061
501 40.0971935148428
