evaluations raw_y
1 10688636.9934039786
4 2545230.2287898120
11 1440132.9931263556
16 1342274.5960690947
22 1148211.4695713283
23 812449.4624677656
30 344746.7730133745
37 75316.7453453718
49 32211.4928480540
53 12399.6918965364
63 12034.8689837446
70 10731.0998917977
78 10088.3438987003
82 9138.8301565288
86 8452.4506385241
99 8006.9911152535
104 7828.7515112480
110 7784.7925508920
111 7777.4400059841
119 7761.4558070166
123 7676.6622291946
140 7671.5151101229
142 7664.7180470703
145 7654.5811781338
148 7621.6202396729
154 7611.9628251864
155 7587.9962604574
164 7579.8849310204
166 7523.1102340060
174 7486.6164554135
177 7475.9922935612
182 7471.2283350882
187 7446.8742535525
201 7444.9872425123
202 7441.0331492736
210 7440.2675073493
211 7434.3360578204
217 7411.6770739254
225 7410.6241831726
230 7401.6655315509
231 7397.8704537417
232 7368.4822241242
237 7357.9537576059
241 7352.9337093553
249 7332.2296947696
252 7320.6271939147
254 7278.5575067751
255 7251.8175622908
268 7234.2760745343
271 7202.7638514520
277 7198.6005063572
285 7195.6129309342
287 7176.5899250996
290 7128.8706482285
297 7110.7647421816
309 7107.4126884788
321 7103.8468617919
322 7099.8416007037
327 7095.2744389212
331 7090.1039337133
334 7084.4620577600
339 7076.7318605370
345 7067.0068463285
350 7059.6064733865
354 7058.9249691768
355 7051.2179802626
360 7047.5848975828
369 7040.0161550412
370 7028.9529196586
380 7026.0836902232
381 7013.8632178291
385 7004.2396399323
388 7003.4964465274
396 6987.8328379560
398 6974.4245881010
408 6969.9577224420
409 6963.8242768562
413 6955.3054712263
414 6939.0111355537
415 6894.1813155553
426 6890.6897322507
430 6880.4102630549
435 6870.8169910715
440 6832.8835674531
452 6832.2414725940
456 6831.0698339425
457 6830.0657737923
467 6814.9753905321
469 6812.6601108825
477 6811.8039215846
482 6807.4144288799
483 6795.8300828459
485 6791.2737633933
497 6786.9766838340
498 6780.6920204507
501 6775.5745321887
503 6750.2424380946
523 6748.1550543801
525 6745.8487049513
530 6741.6573353852
531 6738.6884121602
539 6726.3738933634
541 6720.8567526105
550 6717.6477509710
553 6716.9809663615
556 6703.5188473331
557 6702.6943542270
561 6696.7431184440
565 6693.5301536052
566 6690.0806627599
568 6645.3771309939
580 6621.5985641313
584 6541.5876766923
595 6538.4331785081
597 6523.9471568125
598 6512.1990480895
612 6511.1409556263
614 6491.3676800430
615 6475.5010974383
624 6455.8852064834
634 6443.5219146215
638 6442.3128632631
639 6437.3155040685
641 6420.2692638359
649 6417.3425110271
655 6408.5989987320
659 6392.5098744001
664 6376.6930735711
666 6371.1908974754
669 6359.6864920423
672 6331.9982382652
676 6314.3170388237
678 6287.8191576783
684 6206.0314351431
688 5868.5784920822
689 5549.9758670439
693 5096.7303384800
704 4572.6442078007
710 4392.1976121929
716 4341.2383966998
721 4191.5347261102
723 4177.5167397313
726 4030.8729943795
732 3959.2208331432
739 3761.8239160629
745 3734.4882874434
755 3724.4165310145
760 3712.1559089464
762 3655.2109473301
764 3631.5730937632
772 3610.8081647046
778 3588.9003565115
785 3552.4484283874
786 3550.0267943724
795 3549.9601928543
803 3540.6844635698
804 3517.7154403384
810 3506.3432444612
818 3501.7392039616
822 3486.7194746927
830 3479.5395176572
834 3470.7224916004
837 3432.9632214544
844 3430.6818513232
847 3430.3556525769
852 3412.9724618802
862 3412.7638662271
865 3400.5454343559
871 3398.1920757679
872 3360.3072443004
880 3351.0875999126
887 3350.5983183861
895 3350.5609371215
896 3349.2829979577
898 3341.9919185075
899 3338.0135754790
912 3335.3401872529
913 3334.3449536083
918 3325.0055017893
925 3318.0220167054
929 3315.8931754978
933 3315.5961272797
934 3301.8767082365
940 3279.6494507056
947 3277.0825730851
955 3265.2751497567
966 3264.8231097004
967 3259.1737609264
977 3258.6295138054
982 3257.8116422045
988 3257.3575186571
990 3256.5780573497
994 3255.9968813922
996 3255.0586665204
1000 3272.8433369260
evaluations raw_y
1 10688636.9934039786
4 8633802.3525926769
6 3857910.9562367871
9 1179562.8361993800
22 444430.2264634254
25 331227.7247200157
40 331114.2186728265
44 289364.2743333505
47 275953.6953264531
64 273144.5409172553
71 272757.9555232952
73 266606.2772174238
76 256650.6954542372
79 242469.9438114137
82 227949.5794547830
88 215752.5886754048
102 215040.8107578146
104 209972.1242751323
114 209268.7558391243
116 203757.7745855628
122 203292.4862954521
125 202674.5822391354
128 200583.5954685737
130 195946.5666529122
132 190784.5874000654
138 186608.4448363593
143 185411.3732883659
145 161567.6414037093
156 156695.3708499824
159 153963.7411667415
163 142969.3780395286
174 140493.4033010339
176 136003.6434508035
177 134175.3565400590
179 118614.9740812201
188 116667.1977306762
196 114267.9814794824
200 113034.5483959567
212 112987.2126908216
214 110103.7873370829
220 107827.6834379004
228 107665.6046339458
233 106776.9745936533
239 105906.2150143643
250 105808.9472730762
252 105349.7515762338
255 104684.5001156212
257 103719.7816658679
259 101974.6998075125
261 96779.0375534651
265 91077.8609536299
273 90515.3062655926
276 89504.0907500286
277 78714.7847613539
287 75474.1333059909
289 74370.1801993784
294 74041.0275955385
299 70065.9563819883
304 68389.4021952664
314 67920.6949466803
322 67603.6303971536
330 67453.0034650881
331 67344.3362029315
332 65341.1033137340
340 65304.0247808805
346 65143.9485343572
349 65021.3733480861
362 64945.3226521341
365 64682.0358666565
371 64592.9161000500
372 63971.6858856905
373 63771.9223744366
379 63609.3803661746
394 63598.5386987418
395 63424.4245674142
400 62833.4871552155
401 62751.8263218666
405 62223.5060264965
411 61477.7685036923
412 61206.6049033393
415 59081.0516609744
422 58271.3532505185
428 57798.6523485080
439 57728.3730473123
442 57478.5286063952
445 57450.4462894419
452 57287.2719878041
456 57179.1433401735
457 57074.4296805219
468 56885.2741258794
473 56725.0275557624
475 56502.0250845165
482 56402.4240776957
483 56150.1985991662
488 55705.1039245118
491 55495.8950110307
497 54451.5391698143
498 52760.9821526014
512 52637.9920983698
514 52412.3262325893
521 52090.4687047653
523 51928.0731282536
532 51851.3314309030
535 51781.9551021107
539 50575.9265304896
542 47821.6917496785
547 47233.4632559723
548 40685.3964874172
562 40513.0342577308
564 39329.6083403660
566 38851.9902465094
573 38834.8658795966
582 37940.3180646264
583 37762.7508551065
585 37436.6018310497
593 37413.7238299498
596 37246.0623985468
599 36380.2408929220
610 36004.4523311847
614 35739.0480485257
617 35717.7748623804
621 35321.3283492689
629 35196.9310191031
637 35129.4614683784
643 34976.3527759947
649 34887.2826446346
650 34660.6510280748
652 34152.2157884107
660 33885.2533029902
663 33828.0261234236
670 31817.1950268164
677 31509.0737424489
689 31453.3112661992
691 31386.9087397256
692 31113.9885718152
696 30925.8988561706
703 30549.3708670141
705 30346.0770585665
707 30079.4583182497
710 29962.2134377358
717 29566.8378093151
723 28713.4008609214
726 28541.6305530146
735 28485.9081192698
738 27643.1375625267
746 27120.7990057433
750 26970.4611573482
759 26775.1659645335
763 26693.0954930272
766 26613.6015219180
769 25520.0818989144
773 25167.1761846967
785 25129.2492769862
788 25028.6595750940
790 24777.3039051665
792 24759.7246099338
801 24745.9006326260
805 24571.9283637642
810 24548.1320725931
812 24409.0421198534
814 23933.2927657712
820 23309.1825600710
825 23145.0267094031
831 21735.4003071212
836 21044.7111552146
843 20934.2417964041
844 20787.2395731155
852 20774.6737077992
862 20372.2875829350
867 20212.1041395068
871 20081.3025612596
873 19875.7878956093
877 19653.6028641659
885 19304.9270823895
889 19190.5438410990
904 19173.2571857846
906 19097.3439811733
914 19083.8658026201
915 19067.0021048270
921 19010.0031001876
922 18985.8939715580
924 18888.8551403435
926 18683.0087817500
935 18469.9542724398
938 18191.9607858197
950 18123.1261739573
951 18038.6788662773
957 17998.5186195767
964 17973.5304445894
969 17962.3087412292
975 17957.7695357882
980 17939.3980662425
984 17913.9520602739
988 17897.9417330688
995 17828.9200156103
1000 17909.5158178369
evaluations raw_y
1 10688636.9934039786
2 8523404.6939238794
3 2242730.2335906932
18 1877973.5668685941
24 1457241.5597312460
28 1184190.7662251340
29 506145.5358569713
30 21250.0915862354
50 20878.6813587156
51 8544.2430918247
66 7154.4959679139
75 6800.9168935479
81 6789.2587536371
82 5836.5432077853
91 4611.8687656205
100 4585.7030822701
102 4548.3383713938
104 4411.4852610262
109 4350.7490458249
121 4201.6796660085
124 4082.1331354088
125 4003.1856654598
131 3769.7539297452
143 3724.8430685982
147 3712.2770625123
153 3617.4030386702
155 3597.3330075840
156 3456.4377250102
167 3408.2259392240
169 3324.5852029259
175 3175.1067980049
186 3148.3548284015
189 3048.0068879274
193 2984.8587256241
201 2937.2088459195
207 2935.0901843159
208 2893.0258318512
217 2885.4063506149
221 2779.0863295955
223 2743.4706587840
231 2710.9943906228
233 2674.8897638016
235 2590.1526767179
243 2506.9011489028
244 2440.2173729551
246 2278.5834209549
251 2167.2484922587
254 2144.1202148745
260 2085.2285930791
262 1591.3475092249
276 1496.8367442967
277 1470.9340982716
291 1462.8621117996
292 1384.7992637172
303 1379.6582098327
306 1377.9313453349
310 1357.4268840921
314 1334.7986869928
324 1319.7141654484
338 1314.7528853863
339 1314.1783832842
345 1313.7402267981
346 1306.2681467200
350 1298.3994830981
351 1292.6155349739
359 1285.3612428978
363 1272.8691478205
370 1269.5622472239
376 1263.5919190045
379 1248.4110934616
380 1239.0327688569
385 1232.3926766604
393 1225.4360464862
396 1220.8066835394
407 1217.3393492896
409 1214.1776683428
414 1207.8733762434
418 1178.2330926071
425 1173.6052641549
428 1168.3591894155
440 1166.7862224414
449 1162.4750775034
451 1161.0417069643
452 1159.9081229380
453 1155.7709536513
455 1143.7735373750
459 1130.7136264855
473 1125.0382919218
475 1115.1706035234
480 1112.2496586712
481 1093.1388635548
483 1084.3548815512
485 1081.4843526979
491 1065.4515663669
497 1046.0556759769
504 1039.6701387770
513 1029.5317358660
520 1023.5640111470
525 1019.5621818177
531 1013.9186107967
533 1009.7787589258
538 1007.7076603579
541 998.5923661889
550 994.0260604844
556 985.7748957692
557 982.3429840053
565 979.6640682481
568 972.9706886984
569 969.5103700913
571 947.4391443171
572 928.8568266467
590 927.5753629746
594 922.3416465318
598 916.3491573143
599 907.2706519878
605 889.7030150320
609 870.6983663682
615 870.4801983028
622 864.9649831969
624 856.8623245261
628 844.0180495822
636 835.8170887506
646 835.6624948248
651 832.6841679694
660 832.2260477760
667 830.8150608612
668 829.1579972920
672 826.9490287401
675 825.3356914807
684 824.6178336548
686 822.7390377802
689 819.5906381980
693 814.0466695712
697 807.6681811909
699 803.8017691402
707 798.7985198777
711 797.7593486323
717 796.3117512223
723 794.2891532133
730 791.1829058042
734 788.3785518566
743 787.5284677847
747 785.3577432602
751 784.7112469054
754 781.9653315485
757 779.6516097549
758 771.2114371612
763 745.8811244066
772 742.7129831113
775 739.4193071992
783 737.4964305360
803 737.4633384066
804 737.4224808759
807 737.1185717894
815 737.0053954643
821 736.6074253736
824 736.4281534153
827 736.2858949449
829 736.2407957803
838 735.7439657828
839 735.3106644402
840 733.0960608005
844 731.6110396806
845 730.6713722362
849 724.7013939111
858 721.9046015555
869 720.8424468590
871 720.7909434346
876 720.1229147840
879 718.5199413948
880 717.4552565407
889 713.6934974519
890 712.3706631007
894 709.9338020918
896 709.0882720535
905 708.8070626892
912 705.6619704032
919 703.5233710858
920 700.6495531703
926 700.4447371931
931 692.1293499055
936 687.9944560999
942 686.7580391932
948 684.9200589678
951 682.7032416851
955 682.3149948610
962 681.2004739747
970 679.8385136130
982 679.5365084573
984 679.0789474311
985 676.2996053741
990 675.7794493281
998 675.4645940024
1000 675.4132594932
evaluations raw_y
1 10688636.9934039786
3 6348139.7713499172
8 2493476.6057887496
9 713410.0429497702
23 692005.8289287366
33 525937.2779078191
35 514973.7502484343
40 415312.3131156738
41 378807.2415881162
51 335290.8935451856
62 313139.1911747969
66 296254.5943911761
67 242022.9711361575
73 157887.6423570675
88 148260.1257966194
92 120374.4817172519
97 120206.4356705054
99 120113.5063340855
104 116057.0065389946
107 98711.7067477467
108 89370.0899473234
113 87351.3039045916
118 46951.5961934668
120 34894.6757653074
129 23308.1514887937
140 21520.5412980341
154 19008.6158487128
157 18528.9354558760
159 17743.8414500539
169 17531.3219973197
173 17263.4513992784
176 16693.8445939093
184 16520.3247387917
186 16405.7352889753
190 16259.0237897925
193 15726.3985515088
202 15653.7930380051
210 15603.8281492089
220 15507.2672118248
222 15333.4339723016
227 15228.3117258963
234 15211.4267875518
236 15165.1183978940
239 15130.6360341176
247 15061.8344641046
257 15056.8969075557
264 15035.6399584826
266 15022.2828779626
270 14996.2084496759
275 14982.2349458968
276 14954.0520572956
277 14791.7266527189
287 14776.1705601797
288 14702.4220497173
292 14690.4929976180
301 14679.0496020886
309 14674.2103592876
315 14663.3761512239
317 14638.6388346342
319 14633.2008218011
329 14623.2647272012
334 14618.2896403939
336 14582.6886828147
339 14580.2954299603
351 14557.8049146407
352 14518.1381219601
353 14472.9361167226
370 14470.7714907705
372 14455.2651727169
376 14448.2574139503
383 14429.7229680087
389 14414.7346952621
391 14414.0322237857
392 14391.3541152953
410 14391.1406057540
411 14388.7423940259
413 14383.2951471473
415 14371.0450664863
419 14347.3382328668
429 14335.2029513367
434 14326.6317301042
435 14303.0897556167
436 14300.5715345264
444 14300.1606839825
455 14298.1410235257
457 14290.9402392420
460 14283.5260122029
465 14278.7412526006
467 14266.8555472754
472 14240.4532543329
475 14228.6477451437
479 14197.9282987324
487 14195.1823382131
489 14172.1737849666
500 14138.3366635421
502 14119.4795160062
516 14119.3160309510
519 14111.5785814843
520 14096.1693368165
535 14093.5508482808
536 14089.6715955527
538 14081.0970760039
539 14074.2569728758
552 14073.7922317284
554 14070.0083902452
555 14064.0792630278
561 14058.0511886159
562 14052.9800245001
573 14046.3809505555
576 14038.0982143560
587 14037.5573224787
590 14032.4215978527
592 14028.7513144186
599 14027.6129429566
602 14018.5436034714
606 13998.5727904216
609 13975.8575490213
614 13972.5066196779
617 13961.5478108463
625 13958.0554753275
633 13949.6523926852
639 13945.1224803954
641 13941.7248580985
648 13938.9124301292
654 13930.5942726878
656 13912.8035344352
661 13907.6062959344
667 13905.7497063025
670 13901.4707871294
672 13892.4895612403
678 13885.0511874777
690 13881.8179620591
696 13880.2556766691
704 13879.9310519368
707 13876.0811666805
709 13873.0902049128
712 13872.2831185986
725 13870.4822523068
731 13869.5578344273
732 13867.9485511114
736 13866.7003583666
740 13865.9342790543
748 13865.4189731671
754 13863.4042963266
756 13859.0389153752
760 13853.2345765914
763 13844.9975656879
764 13827.6330971477
765 13803.8152574139
778 13788.1358609082
783 13778.7386850099
790 13777.8688987596
791 13775.2023367716
795 13754.2877538641
796 13751.2038373277
801 13741.9004174543
804 13688.4027440247
807 13662.8603649008
812 13642.3719774929
821 13622.5909519064
827 13602.7304696847
828 13523.4147341344
832 13510.4305214156
837 13417.2263077006
847 13377.5714983436
848 13246.8576337304
856 13246.3375613418
862 13230.2188225587
863 13147.6557244021
866 13131.1971694022
868 13065.4559391954
879 13037.6190602025
887 13028.8058955799
889 12996.8364616582
894 12932.8448790881
896 12861.0384651562
898 12649.9346380996
907 12497.7719997437
912 12390.4763964710
915 11984.0263689412
923 11921.9162583128
934 11914.0108196648
939 11895.2910572419
940 11840.5001540398
941 11833.5086392325
943 11686.8731443799
946 11649.1212314646
959 11579.0213970197
963 11524.8991806025
969 11407.7668947808
970 11353.9884631903
979 11316.4214011844
985 11310.1358003830
986 11297.0854241519
989 11242.5569321695
992 10967.2971678881
1000 11299.3419344332
evaluations raw_y
1 10688636.9934039786
4 6335317.3564160746
6 3778534.0340063102
7 1351272.0121712557
13 622217.2682115121
25 516541.8098290637
27 281649.7465468320
44 224510.1891316917
54 212687.3887258894
56 212428.3711489635
58 176258.9278469431
64 164234.2641468795
66 141647.2308629643
75 136321.1954931160
84 129473.2237788881
91 126680.9260396543
92 125305.5146241484
95 97474.2274204908
105 93512.8131860474
108 88329.1252092374
121 83537.9854009182
122 81601.6350437629
123 75850.0932703252
138 75387.3143639869
146 75303.7074946451
150 74653.6604401192
160 74320.4128100415
162 73795.3002566481
164 73456.7246975834
167 73381.5997735819
170 72799.8691097251
179 71850.9664973621
181 71667.1292721420
188 70917.7422299076
190 69776.0575299658
194 69714.0594434196
198 67787.8961972354
204 67741.3848291857
208 67523.4494684263
215 67093.4481001331
220 65512.8789906749
229 65255.7500147704
236 65033.5779809652
239 64639.1419374444
241 64471.0798387080
246 64183.7298384913
253 63965.9782781799
257 63686.2603588443
261 62907.0011103002
274 62855.5187103751
278 62699.1061733076
280 62619.4572420881
283 62598.3846732839
286 62487.2887655233
288 61263.5113268514
300 60898.3459060430
302 60434.5911008560
306 59688.8907865745
307 58237.8618125173
308 57765.9146033608
314 53101.5676036414
315 49319.0915974973
326 45522.9788576946
329 44901.0885525596
340 44617.9047368665
345 44415.1830764150
348 43838.6270457790
351 42999.8086714211
354 42400.3344349832
356 40846.6047017056
370 40726.3733049904
378 40174.4339688061
382 38797.0311878790
387 37943.7938392764
392 37824.9695849724
398 37348.3227148273
407 37183.9426018480
410 37131.3621223213
412 36828.6843132626
422 36709.7832235025
423 36630.6376812594
424 35792.8448773363
427 35718.5646022550
430 35669.4319420910
432 32950.1037748561
437 32170.9102925686
452 32064.7621172262
454 31854.4170170788
462 31539.6884625282
464 30858.4278253038
468 30570.8426270501
471 29881.8469593196
473 28398.6950276631
483 28114.4735900458
488 27903.8074614608
493 27864.5569217385
499 27730.4781571929
501 27711.7940914934
504 27109.5490987200
515 26938.0392576331
518 26360.5087582800
523 26057.1858366081
524 25336.4978594681
532 25082.9069149206
538 24912.2987564125
554 24825.1277083605
557 24804.7950439600
559 24772.2178421307
563 24770.0713379037
581 24734.7613331707
594 24725.0265505934
595 24690.3047465553
597 24666.6043141834
599 24590.4477009198
603 24586.2152911798
606 24567.0456976863
608 24537.2859240885
615 24497.1840203309
619 24466.2639486160
621 24273.2820790080
630 24243.9433097400
635 24172.2220565691
638 24133.7782328936
640 23985.1265085210
643 23928.7000363428
645 23565.8945450836
650 23312.4634556406
651 22904.1667661624
654 22760.7334852736
662 22243.9702101364
663 21959.6852811059
668 20105.9000464381
680 19243.1556508853
685 19036.7719756773
689 18762.9808772652
695 18705.8922291024
706 18634.3013439928
709 18622.6329875705
713 18604.3906089728
714 18497.7644295086
718 18202.3445049731
727 18181.0541908933
728 18135.7760185743
738 18082.5478710919
749 18069.5955562111
750 17943.0483119100
759 17922.6021429926
760 17892.5281174444
762 17524.7323101364
765 17442.8430797659
772 17272.4011002539
778 17250.9369687825
781 16898.8763802265
784 16677.9320484291
787 16655.6142463768
797 16548.4131740811
799 16150.7614608890
800 15667.9166205406
810 15584.7920759959
811 15527.4781202820
816 15130.6304020825
817 14843.9112724571
830 14834.5770797449
834 14318.1003002074
836 13967.1296205490
846 13953.7023709783
848 13524.1522810137
856 13452.3954742235
867 13393.1595881304
868 13274.4034233133
870 13068.6537563237
872 12724.8373224846
878 12652.1831798661
880 12065.3412967199
888 11546.6117283404
896 11474.6089834426
899 10910.1271828214
900 10721.2174851944
910 10112.5554630350
913 9665.6779373164
917 9522.3123498591
923 8795.9638813938
938 8716.9216348327
942 8700.2745662626
945 8668.6712773197
948 8647.1811290110
950 8554.3715004271
955 8401.9479715509
961 8324.1446047658
964 8085.0939834231
967 7907.1803876292
970 7739.8376465739
975 7632.2330510696
985 7415.9485251646
996 7335.5410541219
998 7333.0509706732
1000 8455.5732387085
