evaluations raw_y
1 31.941562442194602
2 192.67990199195157
3 78.84350170060827
4 74.35263695836002
5 145.79258194561064
6 41.277920319221764
7 76.17537551345268
8 239.57740889032792
9 46.2601501101374
10 178.44229706210677
11 57.3147624378734
12 143.64137647457207
13 397.0853726079705
14 73.67949351477735
15 412.8549395724806
16 666.3371124691328
17 71.45493688350437
18 43.981687926248725
19 60.581896724416325
20 241.90273767264432
21 76.65066004851349
22 68.92231015194342
23 112.31251602259309
24 230.3079965580908
25 155.11332013881287
26 122.6093716302774
27 65.14558145083176
28 42.93168416540364
29 224.08110539483096
30 264.8431180067019
31 128.59417153442453
32 50.6244991255051
33 377.07152977321346
34 85.510193816531
35 247.99615949929475
36 70.46978980805459
37 39.58188260617105
38 28.684938969649707
39 44.79159892615098
40 274.71576888051084
41 228.15149831241447
42 42.003315825731
43 90.00470188060174
44 55.72693026145581
45 54.409842227645164
46 298.1835768979038
47 414.9977522111722
48 39.31247967599502
49 51.169759947473736
50 141.31434895111732
51 382.4787158139561
52 44.38278742307983
53 133.62434642475537
54 52.486455366196196
55 244.2249004872936
56 710.5366928856942
57 75.97519788563116
58 51.24188580721222
59 85.14701740867807
60 166.53530144632188
61 45.09037459646552
62 476.50280972035296
63 180.8033301786613
64 47.28150185442429
65 540.4692027955869
66 13.33900516254352
67 49.533799871513786
68 32.70787326062209
69 129.2584592721101
70 44.38982658585218
71 50.72347282204653
72 44.942689230790364
73 91.38473098776589
74 128.6853862269935
75 27.766786733853923
76 90.96726972770725
77 348.7432080607671
78 78.96484827811568
79 230.7221397572223
80 147.067881345512
81 193.6408419103327
82 191.86477362260814
83 572.5994106350773
84 481.93286691285164
85 163.0441982159355
86 58.35157852457032
87 24.825089563786435
88 13.2723562714588
89 61.29058202985948
90 595.8427977732431
91 47.85676517415153
92 27.953316636715382
93 104.51126391372637
94 68.25323744659208
95 136.17131549419858
96 12.37052255791572
97 42.56938055777976
98 59.932823301541035
99 14.736884091281837
100 79.96311802736487
101 30.944947485338428
102 98.36173276086318
103 138.4253734223906
104 39.5203161286209
105 53.38914792808561
106 57.53668334837182
107 11.955932086823706
108 416.2277898723339
109 18.76214777525832
110 21.17455435046309
111 138.70021452551396
112 71.71722224661941
113 85.68194072445779
114 168.21932968652723
115 80.5485401217231
116 127.68998712246051
117 101.83203401138587
118 129.36865074082328
119 41.27293034902096
120 63.65984618038294
121 146.34420066416664
122 47.00734846989019
123 171.41109597282636
124 68.2279144068333
125 51.79017727680616
126 141.81155801185577
127 106.51284440439757
128 224.6192426132493
129 45.135160866689894
130 14.668967209585404
131 341.43454184243467
132 272.76240988976616
133 24.056120363794093
134 22.25249422882944
135 200.48823515924846
136 105.84383982185186
137 112.0607496548943
138 22.811179471635107
139 24.085872691239885
140 27.264535230904688
141 153.47313530553643
142 47.905048956564954
143 88.16665633068561
144 67.45240886300932
145 95.15485332137483
146 119.69114128573685
147 138.950307278988
148 78.91920879053129
149 291.10116716177396
150 76.47624776705993
151 31.82181045438143
152 37.00844111613626
153 250.2043009547528
154 53.365139464055616
155 72.03580130117821
156 65.5496612499422
157 69.73460572758378
158 118.8995385024034
159 176.11856915090786
160 33.551571988911995
161 132.55146171812018
162 110.85693445663199
163 48.78514022682205
164 73.87622343324172
165 53.99955238926559
166 77.28826971567635
167 44.47139916628976
168 68.16577592974443
169 185.16161455736898
170 95.93376951373732
171 239.41330282920865
172 265.7722790883725
173 321.57685588465336
174 192.7259391692353
175 430.73539846794614
176 344.71366130512473
177 283.5800395400906
178 65.80446980591485
179 907.6082264895565
180 374.7455411564769
