evaluations raw_y
1 3.2300583308097313
2 6.69963329338377
3 7.604897825979438
4 9.046342046073326
5 8.06461559535676
6 5.945520148184923
7 6.086025794197734
8 6.104225927070706
9 6.084899507062835
10 5.995683244495879
11 8.002324989480451
12 6.096177555417686
13 8.102161819003403
14 8.0097383961494
15 8.10478138115061
16 7.910272493422396
17 6.105209426312675
18 6.763639708952392
19 6.071433468086038
20 8.544453564105611
21 6.882654702802168
22 6.006969633199215
23 6.0021408943881145
24 5.913711240624104
25 6.080421259300672
26 5.9417164251266525
27 4.855756322300066
28 3.131539037191636
29 7.074149065308289
30 8.292007978584918
31 1.9536698422211658
32 1.993626936333008
33 1.5686033366497412
34 1.902949990864327
35 2.024086887295068
36 1.987387812848334
37 1.9761380724085216
38 1.9761380724085216
39 0.027118228817903507
40 1.4853555770075118
41 0.027118228817903507
42 2.024086887295068
43 0.027118228817903507
44 0.027118228817903507
45 1.9822866518718956
46 1.993626936333008
47 1.5686033366497412
48 1.5686033366497412
49 2.1033304315757335
50 0.027118228817903507
51 0.027118228817903507
52 1.902949990864327
53 0.027118228817903507
54 0.027118228817903507
55 1.9331384806210548
56 1.6112295410521553
57 2.0223911800968137
58 0.027118228817903507
59 0.027118228817903507
60 0.027118228817903507
61 0.012029742939006402
62 0.02052294317567861
63 0.0005788890121219981
64 0.021988911756841527
65 0.011422056733695667
66 0.00040854568448680736
67 0.024979296027742622
68 0.02099288974822065
69 0.02507971602267451
70 0.004905621210751129
71 0.02040333528848692
72 0.0005621903693173203
73 0.01665346990066609
74 0.02422797765992987
75 0.0004861374322166048
76 0.01378346824790922
77 0.02052627894918882
78 0.0005788890121219981
79 0.024979296027742622
80 0.00042397280265692725
81 0.012029742939006402
82 0.012029742939006402
83 0.0026684371432550893
84 0.01184325705392138
85 0.020402505183620724
86 0.0269524122246233
87 0.02117088372390014
88 0.0032491065281730278
89 0.0026684371432550893
90 0.013049205490006979
91 0.005156308498680333
92 1.0632995421093078e-05
93 0.0032535528560209276
94 0.004586405214797612
95 0.0034607253067091277
96 0.0034703745322894873
97 0.005843223909976323
98 0.005180935733728724
99 0.0034013490012437695
100 0.0036086632499435735
101 0.006064080679416256
102 0.004696410840291444
103 1.6293054990561803e-06
104 0.003401349539546269
105 5.611265394077766e-06
106 0.005855957072958237
107 1.0598787757746937e-05
108 1.181509395124645e-05
109 0.0033652222526485364
110 0.004969732794510133
111 0.0056918072858817385
112 0.005882945852978076
113 5.351653709524597e-06
114 0.0034013497316857876
115 0.006044865318469954
116 0.005116168288768554
117 0.004484314729889113
118 0.003470378264682263
119 0.004801016562266469
120 0.00458640569925538
121 0.0040635384943453826
122 0.004063872069787658
123 0.0049880145402858645
124 0.004063015138714405
125 0.004062560515487285
126 0.004063079092759389
127 0.002865261293556109
128 0.002865997847653213
129 0.004064316094942124
130 0.006462468475469142
131 0.005770766187827761
132 0.0028663696540296778
133 0.0028652612938002944
134 0.0028663696539669077
135 0.004063412303331599
136 0.004064126306587628
137 0.004063666393839535
138 0.0028659978473253257
139 0.005770762307102358
140 0.0028652612937337123
141 3.793245899818454e-08
142 0.00286499438361621
143 5.655578479300478e-08
144 0.0057695488804060755
145 0.004062624476429147
146 5.655578479300478e-08
147 5.3149910623420134e-08
148 0.004064649608760234
149 0.004062888846360584
150 0.004063666393894434
151 0.004237423000337427
152 0.002435905245995772
153 0.004237442369471281
154 0.00243591463007813
155 0.0034533530944699923
156 0.004237398388919398
157 0.004900682468990486
158 0.0042374008982994414
159 0.002435879433629905
160 0.0034533472630268545
161 0.002435887640431224
162 0.0024358762795899072
163 0.003453335573846291
164 0.00423744533340678
165 0.004900725819034848
166 0.002435862983146325
167 0.0034533097437641127
168 0.002435891949550624
169 0.0024358887955098297
170 0.003453298054582633
171 0.0034533316911822126
172 0.0042374434966966
173 0.004237408186856331
174 8.981016525204321e-10
175 0.003453322243227053
176 0.00243590524599576
177 0.0034533414212771663
178 0.0024358794336300604
179 0.004237406350121161
180 0.002435879433629561
181 0.002956506098961237
182 0.0029565065147267038
183 0.002956507146805458
184 0.002956506670327138
185 0.0036268175334066306
186 0.003626817555438687
187 0.004694179904746555
188 0.0036268180609087606
189 0.0036268182895961977
190 0.0036268170474486397
191 0.002956506736155387
192 0.0036268168825390567
193 0.0036268177245384935
194 0.0020861631919340375
195 0.0020861623017779003
196 0.002086163318360163
197 4.326145936909848e-11
198 0.0029565059095454206
199 0.002956505824888792
200 0.002956507146805458
201 0.0036268181940302792
202 0.002086163318360163
203 0.003626818019263843
204 0.0036268181246866546
205 0.002956506529713687
206 1.2213625762182823e-11
207 0.004193584543389295
208 0.003626817969533089
209 0.004193583758268314
210 0.0029565059753736845
211 0.003108685331296198
212 0.002534712129619283
213 0.003108685327665301
214 0.002534712124311583
215 0.003108685334628942
216 0.0017890694525619162
217 0.004022118195346533
218 0.0031086853192462925
219 0.0017890694472073056
220 0.002534712129921384
221 0.0017890694499241582
222 0.0025347121164411065
223 0.0025347121253027826
224 0.0017890694397280776
225 0.0035937958369869462
226 0.002534712119606315
227 0.003108685319739534
228 0.0025347121230421066
229 0.0031086853275147193
230 0.0017890694472073056
231 0.003108685323169042
232 0.002534712129619283
233 0.003108685334628942
234 4.3677759092021225e-13
235 0.0025347121268420535
236 0.002534712131547322
237 0.0025347121205116364
238 0.0025347121256048834
239 0.003593795844790148
240 0.0031086853169466316
241 0.0021665927940492345
242 0.0030707379622764873
243 0.002656677815081134
244 0.0026566778151957083
245 0.0030707379623933816
246 0.0015296390154058632
247 0.0015296390155990097
248 0.002166592794605515
249 0.002656677815444388
250 0.002656677815212434
251 0.0026566778152133583
252 0.003070737962278922
253 0.003070737962887867
254 0.0034362140181809693
255 0.0021665927946078146
256 0.002656677815199099
257 0.0026566778154304836
258 0.0034362140179902737
259 0.002656677815206238
260 0.0021665927940621005
261 0.001529639015996991
262 0.002656677815306907
263 0.0030707379624952376
264 0.0030707379624761617
265 0.001529639015996991
266 0.0021665927944708174
267 0.0021665927941851037
268 0.002166592794618381
269 0.0015296390157814826
270 0.002656677815203432
271 0.002254533950220795
272 0.0026055272937165514
273 0.002254533950679514
274 0.002605527293312452
275 0.002605527293805035
276 0.002254533950220795
277 0.001838960792848801
278 0.0018389607929746
279 0.0018389607927056075
280 0.001838960793124226
281 0.001838960792848801
282 0.0022545339507886192
283 0.0022545339506767135
284 0.0018389607928465052
285 0.0026055272938034055
286 0.0018389607928325329
287 0.0029152505722016314
288 0.0022545339504661927
289 0.0018389607929874454
290 0.0022545339509249117
291 0.0022545339505852234
292 0.0026055272935095286
293 0.0022545339509172026
294 0.0018389607928559276
295 0.0018389607925665306
296 0.0026055272935261325
297 0.002254533950448931
298 0.001298629024015806
299 0.002254533950239935
300 0.0018389607925559815
301 0.0018914639321191784
302 0.0021856367297138396
303 0.0024451550331834287
304 0.0015430634277109015
305 0.0018914639316837676
306 0.0015430634278474859
307 0.0018914639322515161
308 0.0018914639320127221
309 0.001543063427967113
310 0.002185636730011971
311 0.0015430634277014926
312 0.002445155033710155
313 0.002445155033713041
314 0.002185636729728814
315 0.002185636729728814
316 0.0015430634281055583
317 0.002445155033534268
318 0.0010899030460652854
319 0.0024451550333622015
320 0.0021856367298302374
321 0.0018914639317936018
322 0.0010899030460471853
323 0.002185636730011971
324 0.0015430634282526767
325 0.0010899030458651029
326 0.0018914639318877266
327 0.002185636730104003
328 0.0021856367300141025
329 0.0015430634277109015
330 0.0018914639318914424
331 0.0020160835929899823
332 0.0018023022905772504
333 0.0018023022907631945
334 0.0018023022905702965
335 0.001559917830037982
336 0.0015599178300259883
337 0.0018023022904618954
338 0.0015599178296994349
339 0.0015599178302662707
340 0.001272774854011035
341 0.0008991650690469541
342 0.0012727748537247228
343 0.001802302290473595
344 0.0015599178301532214
345 0.0018023022907695508
346 0.002016083593004791
347 0.0015599178298109646
348 0.0018023022903771995
349 0.0015599178295722016
350 0.0015599178298057199
351 0.0015599178300364624
352 0.0012727748541387777
353 0.001802302290852929
354 0.001559917829680359
355 0.0015599178296861699
356 0.0020160835924643455
357 0.0015599178300259883
358 0.0015599178301313546
359 0.0015599178300189063
360 0.0020160835924643455
361 0.0010236293908981973
362 0.0014491374428985482
363 0.0012543929128376395
364 0.0010236293907555706
365 0.0016208638522566456
366 0.001254392912501113
367 0.0012543929126044532
368 0.0016208638520904901
369 0.0014491374432942634
370 0.0014491374430788393
371 0.0014491374429054904
372 0.0014491374432950587
373 0.0014491374426975118
374 0.0014491374428980451
375 0.0014491374431972075
376 0.001254392913048059
377 0.0014491374431988282
378 0.0014491374430857813
379 0.0016208638526208693
380 0.0012543929127253582
381 0.001254392912377773
382 0.0016208638522566456
383 0.0014491374428964247
384 0.0014491374428052238
385 0.0014491374432950587
386 0.001620863852267101
387 0.0016208638524294779
388 0.00162086385262232
389 0.0016208638522699755
390 0.0014491374428036333
391 0.0007922647182781808
392 0.0011213352130565832
393 0.0012540980530248525
394 0.0009707467920048319
395 0.0011213352126689335
396 0.001121335213059789
397 0.000970746791993472
398 0.0012540980532025966
399 0.0011213352131545526
400 0.0011213352132703502
401 0.0012540980532040175
402 0.0012540980526907595
403 0.0012540980526774535
404 0.0011213352128744728
405 0.0009707467921280012
406 0.0012540980530424755
407 0.0012540980530277215
408 0.0012540980526760054
409 0.0011213352128611937
410 0.0011213352128723526
411 0.0012540980526774535
412 0.0011213352128691466
413 0.0012540980526731364
414 0.0012540980526922075
415 0.0011213352131710375
416 0.0012540980532040175
417 0.0009707467916745653
418 0.0011213352132514534
419 0.0012540980526922075
420 0.0012540980526907595
421 0.0008151811580487628
422 0.0009116157520890977
423 0.0009116157521024082
424 0.0009116157519263802
425 0.0009116157519235155
426 0.0009116157519116505
427 0.0009116157517512798
428 0.000815181158253965
429 0.0007057781134738948
430 0.0009116157520862333
431 0.0009116157517408602
432 0.0009116157521024082
433 0.0008151811580593863
434 0.0009116157519278256
435 0.000815181157848849
436 0.0008151811578578867
437 0.0009116157515634131
438 0.0009116157515591031
439 0.0007057781140325862
440 0.0008151811584379203
441 0.0008151811582523794
442 0.0008151811582343037
443 0.0009116157515781427
444 0.0009116157519278256
445 0.0007057781139248789
446 0.000815181158054081
447 0.0008151811580376206
448 0.0007057781139276582
449 0.0009116157520862333
450 0.0008151811578414265
451 0.000590123724295144
452 0.000590123724298004
453 0.0005277418028460929
454 0.0005901237246324302
455 0.0005901237248081815
456 0.0005901237246442767
457 0.0005901237246471367
458 0.0005901237248243045
459 0.0005901237244576056
460 0.0005901237248243045
461 0.000590123724298004
462 0.000590123724298004
463 0.0005901237244723119
464 0.0005901237244751718
465 0.0005277418029257575
466 0.0005901237246295704
467 0.0005901237242804377
468 0.0005901237242832975
469 0.0005901237248257477
470 0.00045695828226940385
471 0.0005901237244619088
472 0.0005901237248214445
473 0.000527741802847706
474 0.0005901237246442767
475 0.0005277418027470983
476 0.0005277418033196946
477 0.0005901237248095981
478 0.0005901237244619088
479 0.0005277418033239101
480 0.000527741802831269
481 0.00028697319819957464
482 0.0002566574710788084
483 0.0002869731981820346
484 0.0002869731987089663
485 0.0002869731985467465
486 0.0002869731985481877
487 0.00028697319835893875
488 0.00022225305601305883
489 0.0002869731985320621
490 0.00028697319837647886
491 0.0002869731987089663
492 0.0002869731985481877
493 0.00028697319819671896
494 0.00028697319837503774
495 0.0002869731983617945
496 0.0002566574714565962
497 0.00028697319853350327
498 0.000286973198720795
499 0.00025665747127525605
500 0.00028697319835749763
501 0.00025665747166386517
502 0.00028697319871040744
503 0.000286973198372182
504 0.0002566574712609392
505 0.0002566574711776712
506 0.00028697319871040744
507 0.00028697319870611064
508 0.0002566574711596747
509 0.00028697319854533197
510 0.0002566574711596747
evaluations raw_y
1 7.794786104426507
2 6.009676490785994
3 8.029650920996664
4 6.074027282191503
5 8.104915419731048
6 9.877833285729725
7 6.854068148475168
8 7.868037545337182
9 7.911950195603953
10 6.457678049998433
11 6.584766363387514
12 6.196643776040972
13 6.81647386958576
14 5.764201779494085
15 8.0997474769927
16 7.184069792572781
17 6.008018273732737
18 6.9405212136598395
19 6.072266533612943
20 8.049751565751798
21 6.066433144003517
22 8.929390314502973
23 8.099158455668308
24 8.030007807751803
25 10.082548319930758
26 5.956007244255862
27 8.033165010988501
28 6.1163020059536075
29 8.386111100903477
30 8.102490100836462
31 4.926114274449768
32 4.841635690102503
33 1.8071686314110629
34 4.88707358485241
35 4.836114404064473
36 0.05407154804438563
37 5.596535905983623
38 1.9104577620820782
39 4.88707358485241
40 4.836114404064473
41 0.6765515915769698
42 0.05407154804438563
43 4.836114404064473
44 0.05407154804438563
45 0.05407154804438563
46 0.19946088153757846
47 0.19946088153757846
48 4.88707358485241
49 0.6765515915769698
50 0.23258878548689105
51 0.05407154804438563
52 0.05407154804438563
53 1.921263334490375
54 1.8398782446086246
55 0.05407154804438563
56 1.9067190455240837
57 0.6765515915769698
58 5.617909513941045
59 0.05407154804438563
60 1.8071686314110629
61 0.013349240949873116
62 0.021699192912171344
63 0.004588480783751435
64 0.0004404597046688339
65 0.0010541773672160923
66 0.008000823725183508
67 0.021688398288504173
68 0.0545623072424131
69 0.013330953700239566
70 0.00583126209495262
71 0.005924904401880355
72 0.001246042047779112
73 0.0011205622984880423
74 0.004451494848310517
75 0.05705981083580163
76 0.021920133371024497
77 0.05465786154511407
78 0.012554299334469794
79 0.0002218936083856666
80 0.05456787375510531
81 0.00020578456537305955
82 0.012818221437224157
83 0.0004838744497782007
84 0.0011384141585193542
85 0.005963325789678598
86 0.008003469676489485
87 0.008010295286394152
88 0.00048264566827961494
89 0.0010508842854498352
90 0.002827491853602801
91 6.028653467788334e-06
92 0.005943163527294129
93 8.298841534138674e-07
94 0.003468494011801427
95 0.0050122912891439
96 0.0036235331162686913
97 0.003415489573679558
98 1.2831691741180576e-06
99 0.004682344107982989
100 0.00490872744073958
101 0.003468493404415299
102 0.003468493987446944
103 0.004722590977880272
104 6.998198976761196e-07
105 0.003415493980644616
106 0.004930628463114358
107 6.025813784352577e-06
108 0.0049087306620339026
109 0.0060440920327137744
110 0.006799574934932655
111 0.004814099561248587
112 0.0034245814787934414
113 0.0048911193771238246
114 0.003415489578816791
115 5.674680921948448e-06
116 0.0047614196597223525
117 0.0058871877012897445
118 6.04230083163492e-06
119 0.004807571951868639
120 0.004908727444352343
121 0.004063474547182361
122 0.004063895755267462
123 0.0040633938794244024
124 0.005770429342202621
125 0.004062967040712538
126 0.00406373601935082
127 0.004988270056172091
128 0.004063624376540511
129 0.004063468863473369
130 0.0028651805555251794
131 0.004063153676552572
132 0.004063757958491793
133 0.004987661534507983
134 0.0040633409698190475
135 0.0028657807682988933
136 0.004063153676561325
137 0.004063757958491793
138 0.0040630477167072875
139 0.004987927388739155
140 0.0040634688634709985
141 0.004063549395269196
142 0.004987753616556828
143 0.004988185921986252
144 0.004063976413355253
145 0.0028648872906085923
146 2.4517709508583458e-08
147 0.002865105972214536
148 0.0028651497042359374
149 0.004063736019350747
150 2.3150501785598716e-08
151 0.00345333661192736
152 0.002435883431585394
153 0.004237431368526345
154 0.00423741990045291
155 0.0024358848815217737
156 0.002435879656039347
157 0.0034533321299775512
158 0.004237416955235378
159 0.003453339235034749
160 0.004237416910146069
161 0.002435883431585204
162 0.0034533179351500863
163 0.0034533355816534638
164 0.003453330271131206
165 9.521812190300898e-10
166 0.0042374160168911984
167 0.003453319794003732
168 0.004237403127087633
169 0.00490069191342083
170 0.004237421258555271
171 9.555616547739824e-10
172 0.0034533373761914425
173 0.004237416231094021
174 0.0024358834315853927
175 0.0024358834315852122
176 0.004900710069180087
177 0.0024358612130831094
178 0.0042374343626317085
179 0.003453351511422911
180 0.003453351511422911
181 0.002956506582556507
182 0.002956505908933458
183 0.0036268170333315555
184 0.0041935846437122
185 0.0029565065780661525
186 0.003626817689304698
187 0.002956506582412378
188 0.0020861631748482585
189 0.002956506707906136
190 4.58758649028734e-11
191 0.004694180628382333
192 0.004193584545624785
193 0.0020861633568126795
194 0.002086162989175882
195 4.503253090700818e-11
196 0.0036268182411986517
197 0.002086162989175882
198 0.002956506446856
199 8.978708116113095e-12
200 0.0020861622288009035
201 0.002956507249831931
202 0.0036268175814291766
203 8.982012558071085e-12
204 0.0020861622288009035
205 0.00419358359484805
206 0.0029565067142539145
207 0.004193583598144505
208 8.981233638489403e-12
209 0.002086163174645281
210 0.0020861622288009035
211 0.0035937958426057385
212 0.0017890694578566527
213 0.0035937958450845625
214 0.0031086853189860797
215 0.002534712131341583
216 0.0017890694490167878
217 0.00310868532525421
218 0.0025347121174035562
219 0.002534712129959434
220 0.0035937958495432186
221 0.002534712117398401
222 0.0031086853189753144
223 0.0040221181998272995
224 0.003108685325258676
225 0.00359379584161115
226 0.002534712117407404
227 0.0017890694578566527
228 0.002534712123667544
229 0.0031086853178439247
230 0.003593795840635463
231 0.002534712131341583
232 0.003593795847058502
233 0.0025347121285641365
234 0.0025347121174032583
235 0.004022118209591688
236 0.0017890694578566527
237 0.0025347121174032583
238 0.0025347121285641365
239 0.002534712117398103
240 0.0025347121236716894
241 0.0026566778141786547
242 0.002656677811326604
243 0.0026566778164595715
244 0.0015296390246305753
245 0.0015296390158072526
246 0.0021665928005999697
247 0.002656677815318579
248 0.002656677810182468
249 0.002656677821577342
250 5.891892210150348e-13
251 0.003070737961603337
252 0.0021665927929446892
253 0.003070737957143256
254 0.0030707379680198783
255 0.003070737957153293
256 0.002656677810189823
257 0.002656677820444529
258 0.003070737961594439
259 0.002656677821577342
260 0.003436214021189101
261 0.0021665927943323657
262 0.003070737963572773
263 0.0030707379660545203
264 0.003436214021190904
265 0.002166592788061218
266 0.0021665927866773823
267 0.0026566778204371736
268 0.0021665927866773823
269 0.002166592788066066
270 0.0034362140211974526
271 0.0022545339506473087
272 0.0022545339509829716
273 0.002915250572440237
274 0.0022545339509081647
275 0.0022545339509829716
276 0.002605527293908538
277 0.0022545339506476574
278 9.861720945331997e-15
279 0.0022545339509088052
280 0.0018389607929360232
281 0.0018389607928451961
282 0.0018389607928449448
283 0.0026055272939729457
284 0.0018389607927545512
285 0.0026055272932609653
286 0.0018389607932558368
287 0.0022545339503114957
288 0.002254533950647365
289 0.0022545339506470164
290 0.0018389607932562631
291 0.0018389607925257468
292 0.0022545339509085194
293 0.0026055272939732484
294 0.0022545339503113474
295 0.002254533950646811
296 0.0022545339506466616
297 0.0029152505718025505
298 0.0022545339509085194
299 0.00260552729355302
300 0.002254533950162741
301 0.0021856367299230126
302 0.001089903046063668
303 0.00244515503345902
304 0.0018914639318996416
305 0.0024451550334494035
306 0.002185636729917667
307 0.0018914639319057782
308 0.002185636729912697
309 0.0018914639319058328
310 0.0021856367299229657
311 0.0021856367299176198
312 0.002185636729918419
313 0.0021856367299126975
314 0.0021856367299229657
315 0.0018914639318947787
316 0.0015430634279695163
317 0.0015430634279840585
318 0.001543063427976555
319 0.0015430634279765551
320 0.0015430634279695163
321 0.0018914639319001024
322 0.0021856367299233894
323 0.0018914639319000486
324 0.0018914639318939116
325 0.0018914639318943184
326 0.0018914639319004818
327 0.0018914639319000486
328 0.0015430634279770857
329 0.0015430634279765215
330 0.002185636729922613
331 0.0018023022906637216
332 0.0012727748540004818
333 0.0020160835927386937
334 0.002016083592738652
335 0.0018023022906693861
336 0.0020160835927386517
337 0.0018023022906587607
338 0.0018023022906686582
339 0.0020160835927297695
340 0.0018023022906644732
341 0.001559917829921143
342 0.0012727748539999844
343 0.0018023022906594657
344 0.00155991782991008
345 0.0015599178299211152
346 0.0015599178299158007
347 0.0020160835927393664
348 0.001559917829921089
349 0.0015599178299206824
350 0.0012727748540074782
351 0.0015599178299101073
352 0.001559917829909647
353 0.0015599178299153674
354 0.0015599178299096736
355 0.0012727748540010114
356 0.0012727748539999848
357 0.0015599178299092408
358 0.0020160835927304846
359 0.0018023022906590899
360 0.0020160835927393256
361 0.0016208638523530375
362 0.0014491374429871893
363 0.001449137442997492
364 0.0014491374429872368
365 0.001449137442996765
366 0.0014491374429974916
367 0.0014491374429970929
368 0.0014491374429917664
369 0.0014491374429872368
370 0.0012543929127171573
371 0.0016208638523435
372 0.001254392912710607
373 0.001620863852353079
374 0.0014491374429871898
375 0.0010236293908877667
376 0.0016208638523523657
377 0.001254392912716319
378 0.001449137442997468
379 0.0010236293909017433
380 0.0012543929127110662
381 0.0014491374429918132
382 0.001620863852343542
383 0.0016208638523442136
384 0.0016208638523435
385 0.0012543929127110667
386 0.001023629390894821
387 0.0016208638523435002
388 0.0012543929127110662
389 0.0014491374429872366
390 0.0014491374429876115
391 0.0012540980529425674
392 0.0011213352129609802
393 0.0012540980529514587
394 0.0011213352129709148
395 0.0009707467918974499
396 0.0011213352129610275
397 0.0009707467918978822
398 0.0012540980529514587
399 0.0009707467918974772
400 0.0012540980529426094
401 0.0012540980529507882
402 0.0012540980529514587
403 0.00112133521296672
404 0.0009707467918974773
405 0.001121335212971664
406 0.0011213352129708918
407 0.0011213352129716399
408 0.0011213352129712424
409 0.0012540980529507464
410 0.0012540980529514587
411 0.0012540980529426088
412 0.0011213352129617526
413 0.001121335212961027
414 0.0009707467918913401
415 0.0011213352129617762
416 0.0011213352129709146
417 0.0011213352129712429
418 0.0012540980529425674
419 0.0009707467918865004
420 0.0012540980529514168
421 0.0009116157518274152
422 0.0007057781136903897
423 0.0008151811581510796
424 0.0008151811581412538
425 0.000705778113691225
426 0.0009116157518280838
427 0.0009116157518274569
428 0.0009116157518274154
429 0.0008151811581404822
430 0.0009116157518369192
431 0.0008151811581412072
432 0.0009116157518369188
433 0.0008151811581510797
434 0.0009116157518281261
435 0.0008151811581412072
436 0.0007057781136960595
437 0.0007057781136907934
438 0.0008151811581511035
439 0.0009116157518362496
440 0.0009116157518362914
441 0.0007057781136969762
442 0.0008151811581510796
443 0.0009116157518362917
444 0.0008151811581453957
445 0.0008151811581507056
446 0.0008151811581503786
447 0.0007057781136964911
448 0.0009116157518362914
449 0.000911615751827415
450 0.0009116157518274566
451 0.00037302785350793827
452 0.0005277418030268908
453 0.0005901237245489957
454 0.0005277418030272411
455 0.0004569582825084626
456 0.000590123724557816
457 0.0005901237245483695
458 0.0005901237245571483
459 0.0005901237245489954
460 0.0005277418030317971
461 0.0005901237245483691
462 0.0005901237245483695
463 0.000527741803036727
464 0.0005901237245489951
465 0.0005901237245483277
466 0.0005277418030272879
467 0.0005277418030272875
468 0.0005277418030317974
469 0.0005901237245578577
470 0.0005277418030371005
471 0.00059012372455719
472 0.0005901237245571482
473 0.0005277418030272412
474 0.0005901237245578584
475 0.0005277418030374968
476 0.0005901237245489955
477 0.0005901237245571482
478 0.0005901237245483695
479 0.0005277418030276146
480 0.0005277418030374968
481 0.00028697319844812614
482 0.00028697319844812614
483 0.0002869731984576005
484 0.0002869731984569342
485 0.0002869731984569338
486 0.00028697319844879347
487 0.00028697319845755913
488 0.0002869731984481264
489 0.00028697319845755886
490 0.0002566574713684237
491 0.00028697319845760115
492 0.0002869731984576005
493 0.00028697319845755913
494 0.00028697319845760115
495 0.0002869731984576009
496 0.0002869731984481261
497 0.00028697319845755886
498 0.0002869731984569338
499 0.00028697319845755946
500 0.0002869731984576009
501 0.00028697319845689186
502 0.00028697319845755946
503 0.0002869731984487932
504 0.0002869731984568922
505 0.0002222530558975301
506 0.0002869731984487517
507 0.0002869731984576005
508 0.00025665747136884335
509 0.00028697319845689186
510 0.0002869731984487932
evaluations raw_y
1 5.901019171867759
2 5.583992785229914
3 5.987810383254762
4 8.073501751258329
5 8.038042409465154
6 5.899312235054325
7 4.088890020558447
8 6.0737895660777435
9 6.510223389894427
10 6.048534022847142
11 5.902917794257515
12 9.9071664814592
13 5.911086649239123
14 7.732598383129401
15 5.262775031299858
16 7.5027239127468315
17 6.104835465731446
18 6.669447479127598
19 6.712457274612217
20 5.972203024695716
21 8.05107044104055
22 6.073888892273031
23 5.96703000094449
24 5.785533251161064
25 5.973326621021629
26 7.467967723531379
27 5.897675772858512
28 7.973649727955079
29 6.762231768907746
30 7.469637093355878
31 2.0312023059187885
32 0.03588194209994444
33 3.992467932230838
34 0.060930562317316535
35 0.03588194209994444
36 0.03588194209994444
37 3.992467932230838
38 2.0572543940152754
39 0.03588194209994444
40 0.03588194209994444
41 0.6566683040136472
42 2.047252287420869
43 3.988641564730916
44 0.22662235880342774
45 0.08289821405631317
46 4.010677611280288
47 0.03588194209994444
48 0.5906772951330412
49 4.091088594152641
50 0.03588194209994444
51 0.26214966718110955
52 0.22662235880342774
53 0.26214966718110955
54 2.0572543940152754
55 0.060930562317316535
56 0.03588194209994444
57 0.584345000226383
58 0.08289821405631317
59 0.03588194209994444
60 0.03588194209994444
61 0.0028914363257035234
62 0.011206011397834862
63 0.0007797822350795358
64 0.0003641779032647413
65 0.006038592695971288
66 0.0038484279307592325
67 0.03855799946435753
68 0.03733549496528462
69 0.019534897791347428
70 0.0007761069658107527
71 0.027205149883375617
72 0.020912128953079166
73 0.00016439279774520425
74 0.028392617037839612
75 0.0007796878208814758
76 0.006038580035443787
77 0.019534942531828914
78 0.02718165137579228
79 0.010021308127015774
80 0.00607951618917583
81 0.010392561680727053
82 0.0007046466692869467
83 0.0007096712008229251
84 0.0026757042069843156
85 0.00777740942288348
86 0.01956604696072632
87 0.003770897924650885
88 0.007657205254680181
89 0.0026956575296798154
90 0.007650048680557111
91 3.924384853798161e-06
92 0.005987797067343333
93 4.294744941731329e-06
94 0.004896210175684354
95 0.003370268624335481
96 0.0033019798169059054
97 0.004895632308689625
98 0.003507988350330593
99 0.00496701719411845
100 5.591140660123409e-07
101 2.279859734031336e-06
102 0.005909255581904698
103 0.00612332446997079
104 0.0047340591195065805
105 0.004925621761996707
106 0.003390587177851585
107 0.004816098614446348
108 0.0033702678822148946
109 0.005874904462516863
110 0.004796912869190297
111 4.5030627928384125e-06
112 0.006009896653697093
113 0.0033019803655255755
114 0.0070149810706081495
115 0.003301981046822264
116 0.004776283375989429
117 0.006827723293375627
118 3.748103108413044e-06
119 0.0035601496549331714
120 0.00496701719411845
121 0.002865388945909135
122 5.000733783894041e-09
123 0.0040636905412596005
124 0.0057699396834192925
125 0.004987794525009647
126 0.0028649906060729613
127 0.004063144296163523
128 0.0028651201475766446
129 0.004063105247054418
130 0.004063514350374264
131 0.00498766647272487
132 0.005770181848338369
133 0.004987794524991123
134 0.004063563401649115
135 0.0040637935990690145
136 0.004063743611501033
137 0.0028651355288359204
138 0.005770045243147891
139 0.002865120147615999
140 0.002864921637878999
141 1.612798697581891e-09
142 0.004063270104860001
143 0.002864866730869496
144 0.004063705500656368
145 0.004988148270070924
146 9.163547831453932e-09
147 0.0028652650704256623
148 0.005769808341289901
149 0.002864921637852679
150 0.004063885721179286
151 0.00423741879813723
152 2.41694860246115e-11
153 0.00490070138060705
154 0.004237417481576038
155 0.004237416874895548
156 0.004237418030852709
157 0.004237417437360396
158 0.003453334061055333
159 0.0024358838448213273
160 0.003453333342597309
161 0.0024358835291072253
162 0.0024358837249280224
163 0.0034533338102890566
164 0.004237418821386443
165 5.911539500839221e-11
166 0.004900701031493544
167 0.0034533342845428855
168 0.004900701267998077
169 0.0024358835291072253
170 0.002435884384317926
171 0.0034533340610553333
172 0.0024358833732102503
173 0.004900701146689152
174 0.0034533350881928424
175 0.003453333592515735
176 0.005486787309260982
177 0.003453334417972048
178 4.323372790986195e-11
179 0.002435882870910348
180 0.0024358828709103485
181 0.002086163174786393
182 0.004193584174542022
183 0.0020861631736463523
184 0.004193584177917012
185 0.002956506582290511
186 0.0029565065788832454
187 0.002956506582226663
188 0.002086163169987942
189 0.002956506581158675
190 0.0036268175892377958
191 0.002956506598363391
192 0.002086163172052387
193 0.002956506579692761
194 0.002086163169987942
195 0.002956506597231555
196 0.003626817585909182
197 0.002956506598967112
198 0.00419358415443089
199 0.00295650656468787
200 0.002956506577147688
201 0.0036268175726913215
202 0.004193584178813319
203 0.00419358415443089
204 0.003626817571321997
205 0.0036268175986853032
206 0.003626817598906173
207 0.004193584154806534
208 0.004193584150818274
209 0.004193584154193265
210 0.004193584166292764
211 0.0031086853089189784
212 0.0040221182133120354
213 0.0031086853124075203
214 0.0031086853122393667
215 0.0025347121245372925
216 0.00253471212480639
217 0.0031086853086986555
218 0.002534712120878975
219 0.003108685337201249
220 0.0025347121044415138
221 0.0025347121061098385
222 0.003108685325697531
223 0.00310868532220899
224 0.0035937958583700897
225 0.002534712140319685
226 0.00253471214144923
227 0.0025347121395118072
228 0.001789069449953485
229 0.003108685337421573
230 0.001789069473115968
231 0.0035937958340570538
232 0.0031086853122393667
233 0.0017890694460109284
234 0.002534712126474715
235 0.0031086853382942176
236 0.0017890694508024818
237 0.0035937958438057287
238 0.0035937958346764992
239 0.0025347121253451697
240 0.0031086853267905
241 0.0021665927777152058
242 0.0021665927759862346
243 0.0021665927932009834
244 0.001529639016737356
245 0.0021665927928681736
246 0.0026566778020460755
247 0.002166592796916417
248 0.002166592792394539
249 0.003436214005778256
250 0.0026566778165227367
251 0.0030707379746100286
252 0.0015296390127997623
253 0.0021665927928681736
254 0.003436214006804574
255 0.002166592812069386
256 0.0026566778278766913
257 1.5817436211620192e-12
258 0.003070737976074282
259 0.0026566778278766913
260 0.0021665927935220802
261 0.002166592812069386
262 0.0015296390148586447
263 0.00216659277852165
264 0.003070737951166757
265 0.00343621403182795
266 0.0034362140092501093
267 0.002656677814499739
268 0.00307073795334102
269 0.003070737950320403
270 2.419649873438595e-13
271 0.001838960792662396
272 0.0026055272935670026
273 0.0018389607930677646
274 0.002254533950508372
275 0.002254533950444403
276 0.0018389607929544878
277 0.0022545339506723854
278 0.0026055272934990977
279 0.0029152505721651463
280 0.0022545339507438126
281 0.002254533950447873
282 0.002915250572060563
283 0.00129862902421554
284 0.002605527293709984
285 0.002605527293589026
286 0.002605527293709984
287 0.0018389607927321015
288 0.002605527293589026
289 0.002254533950519361
290 0.002254533950447873
291 0.0029152505721490984
292 0.0026055272935920893
293 0.0029152505722377193
294 0.0022545339504911606
295 0.0018389607928411367
296 0.0012986290239574427
297 0.0018389607927363433
298 0.0022545339506263454
299 0.0026055272938273087
300 0.002254533950594168
301 0.0024451550333381483
302 0.0024451550336202724
303 0.0021856367298656435
304 0.0015430634278809818
305 0.0021856367298258377
306 0.0018914639319075753
307 0.0015430634278676433
308 0.0010899030461062507
309 0.0024451550335648936
310 0.0015430634279807577
311 0.0015430634278634078
312 0.0015430634280854006
313 0.0018914639317753747
314 0.002445155033426475
315 0.0018914639319103832
316 0.0018914639319075753
317 0.0021856367300785388
318 0.002185636729988792
319 0.0018914639320707347
320 0.0015430634277938025
321 0.002185636729927481
322 0.0021856367297111855
323 0.002185636730124854
324 0.0018914639320173308
325 0.0018914639316937704
326 0.0018914639316937704
327 0.0024451550336032322
328 0.0010899030460021584
329 0.001891463932046048
330 0.002445155033464908
331 0.0015599178300324617
332 0.0020160835925688513
333 0.0018023022906913633
334 0.0018023022906516314
335 0.0020160835927069834
336 0.0018023022906546301
337 0.0015599178300892385
338 0.00180230229069493
339 0.0012727748538917051
340 0.0018023022906516314
341 0.0018023022905714944
342 0.0018023022907537067
343 0.002016083592905655
344 0.001559917829940097
345 0.0015599178298832594
346 0.001802302290575061
347 0.001559917829982463
348 0.0018023022906516314
349 0.00155991782985113
350 0.0018023022906392147
351 0.0018023022908331707
352 0.0015599178299796593
353 0.001802302290614225
354 0.0012727748539828896
355 0.0012727748541829938
356 0.0015599178300289424
357 0.002016083592739873
358 0.0012727748540565594
359 0.0020160835927069834
360 0.0015599178298052448
361 0.0016208638521998618
362 0.001449137442832218
363 0.0014491374431094544
364 0.0014491374429057315
365 0.0014491374428843554
366 0.0014491374428748755
367 0.0010236293908555405
368 0.0014491374431243017
369 0.0007232825216957417
370 0.0014491374430626847
371 0.0016208638523376357
372 0.001449137442860028
373 0.0014491374429619285
374 0.0010236293910770458
375 0.0014491374429424016
376 0.0016208638523917695
377 0.0016208638522708743
378 0.0014491374429127847
379 0.0014491374429246911
380 0.0016208638522157161
381 0.001254392912592437
382 0.0014491374431183147
383 0.001254392912599859
384 0.0014491374428849747
385 0.001449137442832218
386 0.0014491374429033048
387 0.0016208638524638909
388 0.0012543929127809212
389 0.0016208638524638909
390 0.0014491374429613612
391 0.001121335212822073
392 0.0011213352128374373
393 0.0011213352130550402
394 0.0012540980528809836
395 0.0009707467920480134
396 0.0012540980529741608
397 0.0011213352130952068
398 0.0012540980529573127
399 0.0009707467917327969
400 0.0009707467920651178
401 0.0012540980527762232
402 0.0009707467920159156
403 0.0011213352128776038
404 0.001254098052848216
405 0.0012540980530070225
406 0.0011213352128616732
407 0.0007922647187177939
408 0.0011213352129787232
409 0.0009707467917641205
410 0.0012540980527762232
411 0.001254098052848216
412 0.001254098052814341
413 0.001254098052831283
414 0.0009707467920194247
415 0.001121335213120036
416 0.0012540980530123724
417 0.0012540980529573127
418 0.001121335212929658
419 0.0009707467920159156
420 0.001254098052814341
421 0.0008151811581210531
422 0.0009116157517550397
423 0.0009116157519801032
424 0.0008151811583146961
425 0.0009116157517666032
426 0.0009116157517169856
427 0.0008151811583052456
428 0.0008151811582532694
429 0.0009116157518046573
430 0.000815181158351253
431 0.000815181158234996
432 0.0009116157520350709
433 0.0009116157520023579
434 0.0009116157518374639
435 0.000815181158194837
436 0.0009116157518215709
437 0.0007057781137017218
438 0.0008151811582343783
439 0.000911615751662018
440 0.0009116157517719445
441 0.0009116157518924315
442 0.0008151811581032149
443 0.0009116157519420492
444 0.0008151811581339756
445 0.000911615751788858
446 0.0007057781136268233
447 0.0007057781137617065
448 0.0009116157518046573
449 0.0009116157516673591
450 0.0008151811581032149
451 0.0005277418030817336
452 0.0005901237244876112
453 0.0005277418030050735
454 0.0005277418031112175
455 0.0005277418030322461
456 0.0005901237247556564
457 0.0005277418031206547
458 0.0005277418031637372
459 0.0005901237244380717
460 0.0005277418028665087
461 0.000527741803074712
462 0.0005277418031607048
463 0.0005901237244054102
464 0.0005901237243505289
465 0.000590123724509831
466 0.0005901237244054102
467 0.0005901237244434043
468 0.0005901237246132415
469 0.000527741802824043
470 0.0005901237244434043
471 0.000590123724509831
472 0.0005901237246627811
473 0.0005277418030628591
474 0.0005901237244054102
475 0.0005901237247556564
476 0.0005901237244434043
477 0.0005901237244380717
478 0.00045695828242219575
479 0.0005901237246301196
480 0.0005277418028270232
481 0.0002869731985508395
482 0.00028697319845810243
483 0.0002869731986171672
484 0.00028697319828319335
485 0.0002869731984422581
486 0.00025665747151658823
487 0.0002869731982505805
488 0.0002869731985845544
489 0.0002869731985623677
490 0.0002869731986171672
491 0.0002869731983379928
492 0.0002869731983759304
493 0.0002869731983379928
494 0.0002869731983927833
495 0.00028697319849604
496 0.0002869731985508395
497 0.0002869731985129019
498 0.0002869731985845544
499 0.0002869731984253963
500 0.00025665747150716364
501 0.0002566574715684221
502 0.00028697319828319335
503 0.00025665747125634225
504 0.00028697319849604
505 0.0002566574713329002
506 0.0002869731985129019
507 0.0002869731983053799
508 0.0002869731985676925
509 0.00028697319832113094
510 0.0002869731985508395
evaluations raw_y
1 5.932650867246152
2 7.917023528293653
3 5.905273004827462
4 5.9949191334843235
5 5.13991412650906
6 6.496398808205178
7 8.035669133325777
8 6.070376217669705
9 4.096977286703065
10 5.803049323466965
11 5.919096152191423
12 4.794359098727432
13 4.103700467141622
14 8.02281715976017
15 4.025049816308169
16 9.288426205503931
17 7.864630383208658
18 6.516997440444001
19 6.037936878351092
20 6.001602553591232
21 7.9611256787051135
22 7.264874598267502
23 6.0743017642797215
24 8.096067527069703
25 5.25705318945588
26 7.904203291354575
27 7.896303467140881
28 7.749304094892022
29 6.375747124026796
30 6.0925672910191775
31 0.0375008972022455
32 0.0375008972022455
33 0.0375008972022455
34 0.42072480045451954
35 0.0375008972022455
36 3.921101177363089
37 2.811047635737113
38 0.0375008972022455
39 1.9759191520310346
40 3.4576842754314647
41 2.005937844185254
42 0.0375008972022455
43 0.0375008972022455
44 0.0375008972022455
45 4.090427470136519
46 0.0375008972022455
47 2.35402076237771
48 0.0375008972022455
49 1.948702987427771
50 2.3954873672444923
51 2.8305147783383706
52 1.9913967030417687
53 2.8704206738592477
54 2.8704206738592477
55 0.0375008972022455
56 0.0375008972022455
57 1.952702539892275
58 4.081024078350635
59 0.0375008972022455
60 0.37881011477592974
61 0.006861633395605115
62 0.019226317358990174
63 0.011101926083649367
64 0.014521024587688561
65 0.005528076335420075
66 0.016476488569484738
67 0.021502793686078953
68 0.024764807692520936
69 0.0005208100217593851
70 0.0006414943291780529
71 0.00026760166655105525
72 0.0006976602995261515
73 0.02220377979437061
74 0.040510831828581284
75 0.000158014596222662
76 0.00058610993645688
77 0.0005832647241217441
78 0.005520714578317013
79 0.021495265156603167
80 0.03557711029442519
81 0.015448473491631996
82 0.006885903590372209
83 0.015445100143396664
84 0.00027373358661253184
85 0.006861633395605115
86 0.0290614465850278
87 0.0006414943291780529
88 0.019816725779170277
89 0.012443377390590768
90 0.0006818856982637411
91 0.004873733294330103
92 0.0048866076416438425
93 0.00495782288009956
94 1.945533228949801e-06
95 0.004780221535227397
96 3.3092714403694503e-06
97 0.0047676216152132845
98 3.0734752949896647e-06
99 3.3092714403694503e-06
100 0.0034905438722616484
101 0.003496161014519436
102 0.0033481719901316334
103 0.004770329267556846
104 4.249148440744918e-06
105 0.004873733294330103
106 0.0034961631975668323
107 0.0059691502223381395
108 2.8341050292820557e-06
109 0.0033715259157261813
110 0.0033341280779218474
111 0.003472865834113321
112 0.003472866350380943
113 0.004909137261999313
114 0.0033715252745789227
115 0.004770329881787817
116 0.003348172216047063
117 0.0034905420088076917
118 4.075840608999281e-06
119 0.003490543040457492
120 0.004796812237104941
121 0.0028652697980654255
122 0.004064760297434236
123 0.004063469522312026
124 0.0028652697988552646
125 0.004063168572688683
126 0.0028632189379038143
127 0.004065194023017309
128 0.0028648466357199124
129 6.71473616467332e-08
130 0.0028647989635871745
131 0.00286492591209764
132 0.005769264934736399
133 0.002863218937922444
134 1.4435784840372615e-08
135 0.0028654090410626777
136 0.002867036755984315
137 0.0049889107671263625
138 0.004988016833930048
139 0.002864985879202909
140 0.0028647989636039948
141 0.0028632189379119654
142 0.0028654090410669634
143 0.002864985879202909
144 0.0028654567140864776
145 0.00406316857214051
146 0.004989340502632308
147 5.53531630898376e-09
148 0.002864846635688233
149 1.1181045191417494e-08
150 0.004062445172107097
151 0.0049006986342850075
152 0.0042374193257133826
153 0.0024358833161542866
154 0.002435883180797085
155 0.003453330494476255
156 0.004237421238523992
157 0.0042374186260427165
158 0.004237421369602259
159 0.003453330238355686
160 0.004237418348917927
161 0.004237418657970713
162 0.004237418296663679
163 0.004237418296663679
164 0.004237414748044107
165 0.0034533356068122876
166 0.004900699624478897
167 2.248116704469933e-10
168 0.00345333447216015
169 0.003453331469189362
170 0.002435883180797085
171 0.004237417538495231
172 0.0024358850483421823
173 0.0024358846878962323
174 0.003453334496962205
175 0.003453334874064568
176 0.003453334593142303
177 0.002435883711504858
178 0.002435884687896232
179 0.0034533346569024697
180 0.004237414258275176
181 0.0029565064050998766
182 0.0036268175901523025
183 0.0029565064211923616
184 0.0020861629495383437
185 0.0029565067158518056
186 0.0029565067399175554
187 0.004694180044170588
188 0.0036268176070931237
189 0.0029565064050998766
190 1.6405609853928656e-12
191 0.0020861633964502175
192 0.003626817441782718
193 0.0029565065653734245
194 0.0036268175741988504
195 0.002956506581465909
196 0.0029565065403967185
197 0.002956506422576075
198 0.0029565065966474387
199 1.0717250054477379e-11
200 0.0020861633964502175
201 0.0029565065403967185
202 0.0020861631400768345
203 0.0029565065644624696
204 0.002956506555578248
205 0.00295650643866856
206 0.002956506563078756
207 0.002956506603236992
208 0.0036268176044673447
209 0.0036268177141578076
210 0.002086163173968622
211 0.0031086853232024634
212 0.0025347121235650113
213 0.0025347121236753457
214 0.0017890694485498218
215 0.0035937958468687417
216 0.0025347121237191466
217 0.0025347121234252524
218 0.003108685323110899
219 0.003108685324298941
220 0.0025347121225862282
221 0.003108685324240215
222 0.0025347121247674617
223 0.0025347121244720682
224 0.00310868532349879
225 0.0035937958455596
226 0.004022118205632959
227 0.0017890694485498218
228 0.0035937958466899346
229 0.0035937958454317683
230 0.0035937958450129605
231 0.002534712124835494
232 0.003108685323533425
233 0.0031086853243917326
234 0.0031086853253379206
235 0.002534712123678344
236 0.0035937958457891305
237 0.0031086853252834464
238 0.0025347121233149188
239 0.0017890694489043472
240 0.0017890694494760691
241 0.0026566778165325153
242 0.0021665927943964364
243 0.0026566778151044935
244 0.0015296390157511826
245 0.0021665927943270284
246 0.0021665927947335326
247 0.0015296390157511826
248 0.00216659279444016
249 0.003070737963534925
250 0.0030707379636431336
251 0.0021665927932835666
252 0.0026566778151044935
253 0.002656677816291186
254 0.0030707379636441966
255 0.0015296390157511826
256 0.003070737962453264
257 0.0026566778146949197
258 0.002166592794286298
259 0.0030707379624060963
260 0.002656677815140278
261 0.0026566778144905996
262 0.0030707379632772826
263 0.00265667781415913
264 0.003070737963373743
265 0.0026566778143980096
266 0.003436214019014008
267 0.002656677815530346
268 1.0335610690975949e-13
269 0.001529639014216299
270 0.0026566778159041356
271 0.002605527293563199
272 0.002605527293620907
273 0.0029152505721688157
274 0.0026055272935676817
275 0.0018389607928509177
276 0.0026055272935685252
277 0.0022545339505090026
278 0.002605527293620338
279 0.002254533950511266
280 0.0026055272935672654
281 0.002254533950630645
282 0.002254533950636629
283 0.002254533950635257
284 0.002915250572081015
285 0.002254533950630645
286 0.0018389607927740514
287 0.002915250572174473
288 0.002254533950636629
289 0.0018389607929166073
290 7.984101158162776e-15
291 0.0018389607928452803
292 0.0012986290240222216
293 0.0022545339505090777
294 0.0022545339505149814
295 0.002605527293571613
296 0.0022545339505733422
297 0.0022545339505701013
298 0.002915250572068949
299 0.0026055272936676027
300 0.002254533950636704
301 0.001543063427976743
302 0.0021856367299138415
303 0.0021856367299139656
304 0.0024451550334505805
305 0.0015430634279763008
306 0.0015430634279820167
307 0.001891463931904576
308 0.0015430634279768652
309 0.0018914639319003565
310 0.0024451550334575714
311 0.002445155033451075
312 0.0018914639319002505
313 0.001543063427976346
314 0.0018914639318949828
315 0.0021856367299180526
316 0.001543063427982024
317 0.001891463931904395
318 0.0015430634279820167
319 0.0018914639319050311
320 0.002185636729914398
321 0.0018914639319002505
322 0.002445155033458278
323 0.001891463931895575
324 0.0015430634279710274
325 0.0021856367299143936
326 0.002445155033450145
327 0.0015430634279763548
328 0.0021856367299220463
329 0.0015430634279821926
330 0.0021856367299141503
331 0.0012727748540060095
332 0.0008991650690458861
333 0.001559917829920162
334 0.002016083592737912
335 0.0018023022906604538
336 0.0015599178299201683
337 0.0020160835927384136
338 0.0008991650690455747
339 0.0015599178299159926
340 0.0015599178299106284
341 0.0018023022906684877
342 0.0012727748539946844
343 0.0015599178299109389
344 0.0012727748540007275
345 0.0012727748540007275
346 0.0018023022906598159
347 0.0020160835927307223
348 0.0015599178299106275
349 0.0018023022906682395
350 0.0018023022906596656
351 0.0012727748539946844
352 0.0018023022906599035
353 0.0018023022906686064
354 0.0018023022906680558
355 0.0020160835927307327
356 0.0018023022906599035
357 0.0015599178299203426
358 0.0015599178299154014
359 0.0020160835927309447
360 0.001272774854000735
361 0.001620863852344673
362 0.0016208638523518483
363 0.0010236293908951306
364 0.0012543929127216548
365 0.001254392912712135
366 0.0007232825217573878
367 0.0016208638523444615
368 0.0012543929127125828
369 0.001449137442995903
370 0.0014491374429960156
371 0.0014491374429879153
372 0.001449137442995892
373 0.001254392912721555
374 0.0014491374429883087
375 0.0012543929127124462
376 0.001620863852352128
377 0.0014491374429963235
378 0.001620863852344673
379 0.0014491374429924447
380 0.0014491374429883132
381 0.0012543929127172063
382 0.0014491374429921966
383 0.00144913744299614
384 0.0016208638523442394
385 0.0014491374429921333
386 0.0012543929127121227
387 0.0014491374429881254
388 0.0014491374429918841
389 0.0012543929127215487
390 0.001254392912712309
391 0.0009707467918915995
392 0.001254098052942847
393 0.001121335212970291
394 0.0011213352129627134
395 0.0009707467918965254
396 0.0009707467918965691
397 0.0011213352129699307
398 0.0007922647185531518
399 0.0011213352129618044
400 0.0012540980529505098
401 0.001121335212966839
402 0.0012540980529433478
403 0.001254098052942856
404 0.0011213352129707155
405 0.0011213352129701675
406 0.001121335212962289
407 0.0012540980529433382
408 0.0011213352129658051
409 0.0011213352129708395
410 0.0009707467918872923
411 0.0009707467918965326
412 0.0009707467918962094
413 0.0011213352129699307
414 0.0009707467918919459
415 0.001121335212962601
416 0.0009707467918920527
417 0.0007922647185533184
418 0.001121335212970054
419 0.0009707467918918097
420 0.0011213352129705648
421 0.0009116157518360037
422 0.0007057781136863898
423 0.0009116157518353009
424 0.0009116157518360123
425 0.0009116157518362248
426 0.0009116157518360037
427 0.0009116157518283635
428 0.0009116157518353018
429 0.0009116157518362241
430 0.0008151811581493907
431 0.0009116157518290749
432 0.000815181158150185
433 0.0007057781136954253
434 0.0008151811581418027
435 0.0008151811581495192
436 0.0008151811581503036
437 0.000705778113686669
438 0.0008151811581498201
439 0.0005760819042602295
440 0.0007057781136860303
441 0.0007057781136858934
442 0.0009116157518290741
443 0.0009116157518353018
444 0.0008151811581500565
445 0.0008151811581501797
446 0.0008151811581493907
447 0.0009116157518288625
448 0.0008151811581492722
449 0.0009116157518281518
450 0.0009116157518285837
451 0.0005901237245492839
452 0.0005277418030321615
453 0.0005901237245492735
454 0.00045695828250285454
455 0.0005901237245494943
456 0.0005901237245494943
457 0.0005277418030286011
458 0.0005901237245564226
459 0.0005277418030360338
460 0.000527741803028054
461 0.0005277418030327086
462 0.0005901237245494943
463 0.0005901237245569121
464 0.0005277418030281988
465 0.0005277418030365799
466 0.0005901237245495517
467 0.0005277418030357922
468 0.0005901237245564121
469 0.0005901237245569121
470 0.0005277418030285967
471 0.00045695828249902974
472 0.0005277418030365809
473 0.000527741803028054
474 0.0005901237245569112
475 0.0005901237245490621
476 0.00037302785352092826
477 0.0005901237245495517
478 0.0005277418030365809
479 0.0005277418030283596
480 0.0005901237245492839
481 0.00028697319844881884
482 0.00028697319845665626
483 0.00028697319844951864
484 0.00028697319844951864
485 0.0002869731984490299
486 0.0002869731984495178
487 0.00028697319845616664
488 0.00028697319845615797
489 0.0002566574713671126
490 0.00028697319845637844
491 0.0002869731984566467
492 0.00028697319844973916
493 0.0002869731984566459
494 0.00028697319845686725
495 0.00028697319844925035
496 0.0002869731984493069
497 0.00025665747135939
498 0.0002869731984495282
499 0.00028697319844924954
500 0.00028697319845665626
501 0.00025665747136324643
502 0.0002869731984495178
503 0.0002869731984490386
504 0.0002869731984564349
505 0.00028697319845615797
506 0.0002869731984490386
507 0.00028697319845615797
508 0.000256657471367659
509 0.00025665747136751347
510 0.0002869731984493069
evaluations raw_y
1 8.100034426661766
2 7.905045254862024
3 8.055124301266252
4 8.38538300919971
5 8.10054659936817
6 6.0350898640862525
7 7.713542318545287
8 2.54688353741883
9 5.371941486441141
10 4.064843151492761
11 6.064410793158995
12 6.4986219831033
13 5.903950963859288
14 6.324559717080928
15 6.7524681962773565
16 5.910663081086187
17 6.477038953876099
18 6.501964848179759
19 5.90404194658882
20 3.9635986026955283
21 7.717837498623039
22 6.25172635561488
23 7.319601570325648
24 7.9037805616338375
25 7.912074464649025
26 8.51770739270202
27 6.076443504113439
28 8.104627123896604
29 5.898193045615857
30 7.002805101547334
31 2.025456372813304
32 2.0067561132379694
33 0.02450251050530117
34 1.026549132651823
35 0.02450251050530117
36 1.9952114418108025
37 0.02450251050530117
38 2.0067561132379694
39 1.995346675921461
40 2.0702248547458293
41 2.0702248547458293
42 0.3655404065212239
43 0.8529513272911218
44 1.995346675921461
45 1.9952114418108025
46 1.995346675921461
47 2.0611597410487237
48 0.02450251050530117
49 0.02450251050530117
50 1.9704562042081675
51 0.02450251050530117
52 0.02450251050530117
53 0.02450251050530117
54 0.02450251050530117
55 0.02450251050530117
56 2.0076613176867415
57 0.02450251050530117
58 1.9952114418108025
59 0.02450251050530117
60 2.021172571016418
61 0.00025454101463873066
62 0.00014371877568746132
63 0.008977767683147021
64 0.0018871985547695147
65 0.00569243047555079
66 0.00041699277670870216
67 0.005682164927999779
68 0.0056838800321449045
69 0.022251582360283417
70 0.017299590469774046
71 0.025259060948403415
72 0.006816946101260591
73 0.014603168731089132
74 0.01882401921908463
75 0.018484399840439068
76 0.005682164927999779
77 0.022248943020863433
78 0.02103580831082377
79 0.02338709921154726
80 0.02015156057355509
81 0.0003331711354315835
82 0.009737787372030252
83 0.008983578529065232
84 0.018919817481718965
85 0.02338863675815783
86 0.024179310000503884
87 9.867968056117237e-05
88 0.009917694692111338
89 0.0018547407770456903
90 0.010851899413195105
91 0.004831119049366632
92 0.003371476001319345
93 0.0034736615246467773
94 0.0034736615246467773
95 0.0034958701888033795
96 0.004819143651930638
97 0.00347366246785915
98 0.0034505896031262356
99 0.006000694246029288
100 2.899559682478487e-06
101 0.005936029962976768
102 0.003490590481999451
103 0.0034415874534063037
104 0.004796207974972134
105 0.00337147652799166
106 2.844634830224857e-06
107 7.211983745142084e-07
108 0.0034114624132801524
109 0.0034415874534063037
110 0.0034736619563049635
111 0.0059879531710454615
112 0.0034204634038307777
113 0.003366199659610752
114 0.004918982742726878
115 0.003366199611584484
116 0.004873486589793469
117 0.0034958699689908
118 0.00595943881100834
119 0.004837074252380434
120 2.223126762930148e-06
121 0.004063861773152411
122 0.0049875891053916275
123 0.0028654374220380184
124 0.0028652725015070927
125 0.0028649831751276895
126 0.0028653478412151187
127 1.1982271713840078e-08
128 0.002865347841178707
129 0.002864818254881729
130 0.00498801831632211
131 0.00406330225741876
132 0.004063351131949694
133 0.004063902615185692
134 0.004988143022414014
135 0.004064230405952618
136 0.005770296168279031
137 0.0049877390885619015
138 0.004063790120714032
139 5.402525562593597e-09
140 0.005769568102210175
141 0.004063038186178711
142 0.004063355836223655
143 0.0040639790586096455
144 0.005770421771264426
145 1.3867933401614429e-08
146 0.004988201782038894
147 0.004063561601146993
148 0.0028649831751173943
149 0.0040639790586064805
150 0.0028653299318345403
151 0.00490070088149903
152 0.004237413568285997
153 0.003453334716950482
154 0.0034533395154259933
155 0.0034533363538297827
156 0.0034533315553573344
157 0.0024358790405087263
158 0.0034533387662583
159 0.004237420760225345
160 0.004237419079360365
161 0.004237420062317701
162 0.0024358846883713813
163 0.0034533323045265523
164 0.0024358832355726836
165 0.0024358824864405305
166 2.0868959360651209e-10
167 0.0024358835407678908
168 0.004237419079360365
169 0.004237418085220935
170 0.003453334933811622
171 0.0034533355022510082
172 0.0034533345362214507
173 0.0034533379508120817
174 0.004900704272163044
175 2.0713213642506036e-10
176 0.0034533388023902678
177 0.004237414880172623
178 0.003453334789214481
179 0.0024358834899182173
180 0.003453339515425993
181 9.977681707791483e-12
182 0.003626817582093389
183 0.002956506579269076
184 0.002086163174504271
185 0.0029565065822774145
186 0.002956506579269076
187 0.0020861631716072105
188 0.0029565065826120877
189 0.003626817708100815
190 0.002956506580118373
191 0.0029565065844218306
192 0.0020861631690585504
193 0.0036268177056290652
194 0.004193584162296432
195 0.004193584061065872
196 0.0029565064348046795
197 0.0036268175879991277
198 0.002956506582364697
199 0.003626817461224542
200 0.002086163174504271
201 0.002956506432994936
202 0.0036268177078146984
203 0.0036268175863140954
204 0.002956506432994936
205 0.004193584272693023
206 0.004193584163697563
207 0.0020861631716072105
208 0.004193584267972154
209 0.004193584268655309
210 0.0029565065787452113
211 0.003108685318230013
212 5.601534016158204e-13
213 0.0017890694389483038
214 0.0035937958410222643
215 0.0017890694389483038
216 0.0025347121237219816
217 0.0017890694490047883
218 0.002534712116461836
219 0.0017890694389483038
220 0.001789069448946212
221 0.002534712116581741
222 0.003593795841049272
223 1.902655231443389e-14
224 0.0035937958460968544
225 1.8162652452699295e-14
226 0.0035937958512066797
227 0.003108685329948679
228 0.003108685324021424
229 0.0031086853300128165
230 0.0025347121237219816
231 0.0017890694389483038
232 0.0017890694389483038
233 0.0035937958511984515
234 0.0025347121308170856
235 0.002534712123602077
236 0.002534712130821528
237 0.0017890694389483038
238 0.0035937958409807684
239 0.0031086853181753545
240 0.002534712123702034
241 0.0021665927943155007
242 0.0026566778153047517
243 0.00265667781532972
244 0.002656677815325743
245 0.001529639015797825
246 0.002656677815304959
247 0.002166592794328529
248 0.0026566778153300913
249 0.0021665927943261953
250 0.0030707379625923635
251 0.0021665927943259997
252 0.0021665927943308547
253 0.0026566778153071895
254 0.00216659279433105
255 0.0021665927943315035
256 0.0021665927943308547
257 0.0021665927943411
258 0.0030707379625746025
259 0.0015296390157984575
260 0.00265667781532988
261 0.0021665927943411
262 0.0021665927943287787
263 0.0021665927943289778
264 0.0015296390158159054
265 0.0026566778153049556
266 0.0026566778153093032
267 0.0034362140180953463
268 0.0030707379625902107
269 0.0026566778153049556
270 0.0026566778153173615
271 0.002605527293610068
272 0.002254533950572911
273 0.002605527293615391
274 0.0026055272936280666
275 0.0018389607928426042
276 0.0022545339505708486
277 0.0018389607928554084
278 0.0022545339505731146
279 0.0022545339505832232
280 0.002254533950570689
281 0.0026055272936189758
282 0.0029152505721114393
283 0.0012986290240152771
284 0.002915250572128137
285 0.0022545339505621125
286 0.0026055272936258175
287 0.0018389607928478995
288 0.0012986290240227522
289 0.0012986290240188394
290 0.0012986290240194715
291 0.0026055272936277452
292 0.0026055272936189758
293 0.0012986290240011298
294 0.0022545339505708924
295 0.0022545339505628463
296 0.0012986290240191963
297 0.001298629024018833
298 0.0022545339505602095
299 0.0018389607928325697
300 0.002605527293609923
301 0.0015430634279769693
302 0.0021856367299267748
303 0.0018914639318979075
304 0.0018914639318998146
305 0.0018914639318979075
306 0.0015430634279888602
307 0.0018914639319102717
308 0.0018914639319024026
309 0.002185636729919947
310 0.0018914639319022358
311 0.0018914639318893503
312 0.0015430634279792967
313 0.0024451550334446902
314 0.0018914639319123306
315 0.0021856367299285567
316 0.002185636729919488
317 0.0021856367299267748
318 0.0024451550334607763
319 0.0015430634279637364
320 0.0015430634279893123
321 0.002185636729929016
322 0.0018914639318893503
323 0.0015430634279762696
324 0.0015430634279792967
325 0.001543063427974
326 0.0024451550334609394
327 0.001089903046045801
328 0.0018914639319001331
329 0.0024451550334476414
330 0.0015430634279635371
331 0.0012727748540007136
332 0.0015599178299050519
333 0.0015599178299073176
334 0.0018023022906571615
335 0.001272774853997549
336 0.0015599178299135995
337 0.001802302290655335
338 0.0020160835927280174
339 0.001802302290652919
340 0.002016083592740552
341 0.0012727748539977481
342 0.0008991650690448821
343 0.00155991782990279
344 0.0018023022906621501
345 0.001802302290653095
346 0.0015599178299048493
347 0.0018023022906714814
348 0.0020160835927285846
349 0.0018023022906532328
350 0.0015599178299054248
351 0.002016083592728427
352 0.0018023022906624325
353 0.0018023022906548834
354 0.0020160835927280174
355 0.0018023022906568415
356 0.0020160835927409623
357 0.0012727748539879936
358 0.0015599178299050519
359 0.002016083592728427
360 0.0012727748540003153
361 0.0014491374429991028
362 0.0016208638523421603
363 0.0014491374429995631
364 0.0010236293909072897
365 0.0012543929127187504
366 0.0014491374429989243
367 0.001449137443001164
368 0.0016208638523548338
369 0.001449137443002981
370 0.0012543929127164918
371 0.0014491374429812048
372 0.0014491374429900692
373 0.001449137443002981
374 0.0012543929127041698
375 0.0014491374429814834
376 0.0016208638523423173
377 0.0012543929127251817
378 0.001620863852338397
379 0.0016208638523421603
380 0.0007232825217569596
381 0.0016208638523421547
382 0.0012543929127185405
383 0.0012543929127062656
384 0.001023629390894987
385 0.0014491374430026646
386 0.0010236293908972992
387 0.0014491374430007067
388 0.0012543929127045346
389 0.0012543929127060596
390 0.0014491374429944422
391 0.001121335212973252
392 0.0012540980529527964
393 0.0007922647185556399
394 0.0011213352129646862
395 0.0011213352129735303
396 0.001121335212964405
397 0.001121335212955836
398 0.0011213352129593919
399 0.0009707467918794099
400 0.0011213352129577938
401 0.0012540980529401511
402 0.0009707467918942951
403 0.001121335212977127
404 0.001121335212955517
405 0.001254098052937374
406 0.0012540980529565527
407 0.0012540980529526398
408 0.0011213352129556984
409 0.0012540980529530481
410 0.0012540980529401511
411 0.0012540980529401511
412 0.0012540980529529588
413 0.0009707467918939307
414 0.0012540980529401453
415 0.0009707467918894596
416 0.0012540980529372116
417 0.0011213352129642235
418 0.0009707467918918303
419 0.0012540980529372175
420 0.001254098052952802
421 0.0009116157518416327
422 0.0008151811581384205
423 0.0005760819042581378
424 0.0007057781136885108
425 0.0008151811581531684
426 0.0008151811581546644
427 0.000705778113689033
428 0.0009116157518259176
429 0.000911615751838704
430 0.0009116157518225808
431 0.0009116157518387096
432 0.0008151811581384205
433 0.000911615751826074
434 0.0009116157518387096
435 0.0007057781136990697
436 0.0009116157518224918
437 0.0009116157518227374
438 0.0008151811581441596
439 0.000815181158153028
440 0.000911615751822173
441 0.0009116157518414762
442 0.0009116157518223296
443 0.0009116157518255097
444 0.0008151811581438786
445 0.000815181158153028
446 0.0008151811581366468
447 0.0008151811581551202
448 0.0009116157518262362
449 0.000705778113703373
450 0.0008151811581478882
451 0.0005901237245629356
452 0.0005277418030215638
453 0.0005901237245468323
454 0.0005901237245627736
455 0.0005901237245594422
456 0.0004569582825053291
457 0.0005901237245627736
458 0.0005901237245593532
459 0.000527741803025465
460 0.0005901237245597604
461 0.0005277418030415082
462 0.0005901237245468323
463 0.0005277418030211087
464 0.0005901237245469885
465 0.0005277418030215638
466 0.0005277418030235159
467 0.0005901237245468323
468 0.0005277418030212456
469 0.0005277418030252872
470 0.0005901237245630918
471 0.0005901237245435008
472 0.00045695828249514656
473 0.0005277418030432793
474 0.000590123724543819
475 0.00045695828250553067
476 0.0005901237245597604
477 0.000590123724543819
478 0.0003730278535024381
479 0.0005901237245591969
480 0.000527741803030563
481 0.0002869731984589321
482 0.0002869731984595004
483 0.00028697319844674747
484 0.0002869731984589378
485 0.0002869731984595004
486 0.0002869731984589321
487 0.00028697319844634095
488 0.00028697319844634095
489 0.00028697319845909377
490 0.00025665747137265183
491 0.0002869731984431761
492 0.00028697319844342103
493 0.00028697319844659145
494 0.000286973198443265
495 0.0002869731984469091
496 0.0002869731984626708
497 0.00028697319845918267
498 0.00028697319846210254
499 0.00028697319846266513
500 0.00028697319844302015
501 0.00025665747135290515
502 0.0002869731984434267
503 0.0002869731984628268
504 0.0002566574713542228
505 0.00028697319844659145
506 0.00022225305591361982
507 0.00028697319845918267
508 0.00028697319844301445
509 0.000286973198443265
510 0.0002869731984593387
