evaluations raw_y
1 -0.04406558278817513
2 -0.9979758477381167
3 -0.6053297376802086
4 0.4165790753942912
5 1.2220896202462852
6 -1.1788101076645043
7 -1.7182277810092224
8 1.667996816124727
9 -2.324091889576646
10 0.36557481722766805
11 2.1371979375266017
12 -4.530272186880396
13 -0.9733286882210329
14 0.8590229364272752
15 1.17581383040496
16 1.144270000649131
17 0.42798755666964794
18 -0.2766314843979523
19 0.42181958572334216
20 1.8372856487187397
21 -2.0637113622397956
22 -0.2613674440888132
23 1.0036214114456203
24 2.882137804486285
25 -1.3252615581799851
26 1.9432380757228842
27 0.15595836306488314
28 -1.9570144753826069
29 1.6770367456520905
30 4.06243301977352
31 0.9233179436031689
32 -0.39938292034182454
33 -1.0864552217858583
34 0.45074457536987633
35 1.0073729134565084
36 -1.6553142404102632
37 1.0375112114746794
38 -0.18978286914384235
39 -2.0001204800052967
40 -3.1060191932637453
41 -0.05454146035381252
42 -1.651373435364373
43 -2.7562409584012912
44 -0.7107815242812338
45 -2.7277543410179663
46 0.9512401865756125
47 -0.8510599099751284
48 -0.5947447750950712
49 -0.22268915303623527
50 -1.0242041180651544
51 -1.7504028557457498
52 2.4525582082799566
53 3.3059742900919034
54 0.4699966688213185
55 -1.7287183998288373
56 -1.802503613541809
57 2.4073672511830777
58 0.5030181817289114
59 -2.5205707267840105
60 -0.30425348219424775
61 1.3901727465453515
62 -2.860415756745657
63 0.2134107034563461
64 1.3132041843183455
65 -3.089785349048484
66 -2.5639809140323004
67 -0.12660625964043692
68 -3.081121241057188
69 -2.7851808256847144
70 -3.575195629635167
71 -0.08426203295838774
72 -2.909165197193702
73 -0.0582869238080983
74 -0.7785809609806693
75 0.9300389980800333
76 -0.9513673877559373
77 -0.39248175940593344
78 -3.312993213651916
79 3.8726451741188566
80 -1.138903956831946
81 0.8240755021094824
82 -1.521682644130491
83 0.25888899686376204
84 -1.1052833233820865
85 -0.43033291842784926
86 0.6474511845533774
87 -0.5579703837291767
88 -0.787156081044387
89 -2.3849271615886405
90 1.3166503193108317
91 2.505731574107047
92 -0.0627746170324491
93 0.19358894091781131
94 0.5894918319575335
95 1.7095089525589677
96 -0.1901793559440686
97 1.3035210397356392
98 -2.3788340596757243
99 0.09619343485154834
100 -0.386513073564787
101 -0.45530901212467184
102 0.9179402100456808
103 -3.2982543713766064
104 1.3346122269650698
105 0.158815167306133
106 -0.6041292284239499
107 0.12730347372958156
108 -1.2862880342077117
109 -2.0389446155062583
110 4.220507292780094
111 -0.496391017573293
112 2.7722937206856564
113 1.6141090757352425
114 0.5517421759992751
115 0.7436449646505222
116 -0.613526274353587
117 0.08973902290222247
118 2.824569998482712
119 0.241202969571141
120 -0.19239404294401308
121 0.675783491060897
122 1.7525935858702333
123 -2.6710653651442082
124 1.522197066485853
125 1.6558963307493222
126 1.91721507712629
127 0.8555832562021253
128 1.3567639587242528
129 -0.053255251559484074
130 1.8769887184119023
131 3.330075580155328
132 0.12729674590755324
133 -0.7331516337792355
134 -1.72608978192604
135 -0.3178978259462163
136 -0.048938568362879124
137 -2.6249115468837068
138 1.5505559267490392
139 -1.5926920304364771
140 -1.1700078279950479
141 -0.7113818126673175
142 1.3185195604583846
143 -0.07242437110164343
144 2.9409199216555475
145 0.9579696742586523
146 0.41350587854319953
147 0.10159573956606982
148 1.6151265583042564
149 2.5133803017534175
150 -0.4525218867756343
151 0.9125558028924956
152 0.13731658967351612
153 -0.9606542898777868
154 0.0764756302140609
155 0.9496853694254831
156 0.011564919384763894
157 0.9595254370681484
158 0.010361880013941838
159 1.364379987088317
160 1.7198492742391276
161 0.8361482724702813
162 2.12213313958402
163 0.9431213526065633
164 -3.1124252873863147
165 -2.4841736951595284
166 -2.23590487602804
167 -1.535811799144824
168 -3.0883395898394332
169 1.101861336786544
170 -0.17820047133023575
171 1.2854529472015184
172 2.1636354214250457
173 2.6519568627425025
174 -0.05825789551559537
175 1.5079768663817672
176 0.10490784073527926
177 1.1453882924194387
178 1.8658869972920966
179 1.8705341250752523
180 2.145509974786852
181 -1.63709107549538
182 -3.612273611198164
183 0.7566313465762302
184 2.5527115072118
185 -1.261339521320678
186 0.28726596950886285
187 -0.13248098000669395
188 -1.4506266927965688
189 -1.2241555796799146
190 0.19716563890076555
191 0.49436083201272496
192 1.0792782929062859
193 1.6778077369698972
194 -0.44288578556274216
195 -2.737932526471087
196 -3.4342998181856714
197 -2.44210758469817
198 -2.53185356667526
199 -1.066108778843398
200 1.949720983569553
201 -0.22660943277107926
202 1.715813743131524
203 3.164586211070014
204 1.5264922703097061
205 2.498642932890963
206 0.029231362279619755
207 -1.285729553473148
208 1.2810964313055049
209 1.5221944723770515
210 1.9879504413510234
211 -2.2004694703988923
212 -2.475088060330799
213 -0.7451273582972306
214 -1.425911787672345
215 3.8382961809328613
216 -2.434197922842327
217 -1.7204308365618093
218 -0.7578432972076496
219 -2.080556865038279
220 -2.805996277968478
221 -0.11283692272096713
222 0.5487614021783059
223 2.2178576417456015
224 2.0502429153113004
225 -0.9986559789543626
226 -2.4789817013857145
227 -3.1857515060027235
228 -1.8124523333930092
229 -3.2763273765849457
230 0.2809313190975573
231 2.4997751955882035
232 -0.25592125032292157
233 0.8824937776087431
234 1.5546410580978451
235 -0.3793909772369548
236 2.3733207861239727
237 0.026971055024203036
238 -0.771711779588619
239 2.0297181243761298
240 1.608610583763069
241 1.4231188538667778
242 0.9633640859479223
243 -3.7183077838325103
244 -1.4280975338182014
245 0.5821810473748954
246 3.7513158996928775
247 -2.0823514162955
248 -3.0932289657188976
249 -0.9997682782314972
250 -0.5931247013150771
251 -2.5011532073772926
252 -0.3463306521995482
253 1.385787463597448
254 2.0207215485352523
255 2.00173578310188
256 -1.3654017782583334
257 -2.742603092959871
258 -3.5969148846222336
259 -2.231568503157507
260 -3.092870909276264
261 0.8174539542103074
262 2.373196763208612
263 -0.18446839706870913
264 0.4626852553067009
265 0.6809755739727223
266 0.6901030108580211
267 1.935154657729385
268 0.044578122697183115
269 -0.2624924098978887
270 1.912730806850347
271 -4.990881860268471
272 -3.1175914869341765
273 -2.537867366886965
274 -4.788584414816283
275 -0.0034898404460114163
276 0.6968837887723005
277 1.8952326178374765
278 -1.154565370001678
279 -2.692529767002048
280 -0.5059567501306244
281 0.3514642197082731
282 -1.3025005782319137
283 -0.42839085024103246
284 2.0403477674379524
285 1.3637181544523207
286 1.4579629096237798
287 -1.7416631712879145
288 -2.6564179812815807
289 -3.9882630896029174
290 -2.558699029211048
291 -2.387641972083496
292 1.326184068115013
293 2.4700442454190035
294 0.924619216256169
295 0.045170567498346026
296 1.1757373720653153
297 1.2354082754584403
298 1.18568506616649
299 -0.23982031257108433
300 0.050518821593211555
301 -4.898863961322843
302 -4.077859904584996
303 -3.1594200666827503
304 -3.707202125470697
305 -4.499509794120068
306 1.0005966757612599
307 1.0179162207657968
308 1.5787932018667425
309 -1.0596560457300574
310 -1.932555393396195
311 -0.5801084345977962
312 0.7717679163597123
313 -0.639512923138119
314 0.32522328966881814
315 1.0706211619558528
316 0.6408395455751928
317 0.6290203613182574
318 -1.83693114602826
319 -2.2380255074024573
320 -3.329523178680855
321 -1.9640544954682513
322 -1.8630691116889002
323 1.8476801363011777
324 2.8821852620658444
325 1.8722374052146322
326 1.2117442637586568
327 2.149741243096425
328 1.2928152233719534
329 0.501776886072441
330 -0.5911552876879783
331 -5.116730695858483
332 -4.971173772694248
333 -3.5224246474036276
334 -2.7288854341923745
335 -4.335743711511885
336 -2.821924745979667
337 0.7225090835765329
338 0.9877871707475963
339 1.2991330555560876
340 -1.1763817789844557
341 -1.72471323545222
342 -1.219024436278688
343 1.0364944337404478
344 -0.3316850394670149
345 0.6446428307490852
346 0.38483293293316506
347 0.23300832826283446
348 -0.023407749009360407
349 -1.4328119616785484
350 -1.8586419160148286
351 -2.0164519142811312
352 -1.0078515984308634
353 -1.5023154928553497
354 2.166779569026061
355 3.279968776915622
356 2.341225474916351
357 1.7160874299098716
358 2.1168686887988843
359 1.3562247528987115
360 0.09824900642210016
361 -5.088134956136156
362 -5.164559644759648
363 -4.492774232225097
364 -3.494992465254924
365 -2.7835637906530617
366 -4.445245724476311
367 -1.1338709922158752
368 0.3768915094663253
369 0.4914684853723428
370 0.7901134532069559
371 -1.0978733093527604
372 -1.9867366120739698
373 -1.7669506716948296
374 0.9713805007811059
375 0.3347670226723565
376 0.6290168980551187
377 0.6565729928748607
378 0.3766182796208427
379 -0.17230767271089087
380 -0.844065091537437
381 -1.423476980122287
382 -0.9765106279223499
383 -0.3386688859386572
384 -1.0823370325510808
385 2.212204091040761
386 3.2928449742208756
387 2.976601997174644
388 1.888929915560038
389 2.0140571046553197
390 1.1803011055355968
391 -5.1758533629076675
392 -5.170248634879873
393 -4.983201828884271
394 -3.936831710244101
395 -3.5831164766879704
396 -3.4916850258231804
397 -4.241373518333124
398 -0.1698609398141
399 0.5353893761974826
400 0.136806387414044
401 0.4285529206741863
402 -0.8538101974092491
403 -2.3398537263147476
404 -1.9677749435376313
405 0.523695467639949
406 1.0751853285706285
407 0.657468341722913
408 1.220869718595396
409 0.7945030381077143
410 -0.014635260339640327
411 -0.497714310347701
412 -0.7033166710368626
413 -0.5101995606877537
414 -0.011371401079915744
415 -0.6011626852470704
416 2.0310027515335705
417 2.8321414030917933
418 3.5402635348175973
419 2.1589000215851253
420 1.8246835230285439
421 -5.173677656490091
422 -5.171969266135035
423 -5.124497865528317
424 -4.64109552574549
425 -3.707401602314822
426 -3.4495200508531645
427 -4.193036808868035
428 -3.750246415273898
429 0.18255331756700655
430 0.7859923674025622
431 0.011267382334524706
432 0.3497492475902332
433 -0.527237887793825
434 -2.512997306076019
435 -2.040121763889481
436 0.05744649783085931
437 1.3152747680258194
438 0.7925310115486863
439 1.427545833395091
440 0.987426859258421
441 0.04105541264941648
442 -0.3151220245005112
443 0.108234114872642
444 -0.38631918275271143
445 0.14923967942886163
446 -0.15502189659257967
447 1.7192915430663387
448 2.1073963534278484
449 3.5157173002721613
450 2.080328213965934
451 -5.175401012282087
452 -5.173689307929913
453 -5.161299003037518
454 -4.999022544834709
455 -4.261598894222727
456 -3.763620614969625
457 -3.2437784658047075
458 -4.366714403461061
459 -3.0154858748629954
460 0.3451969142571809
461 0.7367539517519618
462 -0.06682387799684614
463 0.4711499378865014
464 -0.152787537188377
465 -2.448092320914718
466 -2.265823786892528
467 -0.11800406719463685
468 1.012491075669235
469 0.9591360381528672
470 1.2588533311307146
471 0.818946465793605
472 -0.027833545847692376
473 0.045644757326038676
474 0.6341064395827332
475 -0.3356323072481066
476 0.2681866105104057
477 0.18516642998266117
478 1.3677002890108905
479 1.3924010025431883
480 2.891887171047704
481 -5.1759037411394875
482 -5.174797738944981
483 -5.1711230535431145
484 -5.124629077842813
485 -4.7900051458793955
486 -3.979731170046881
487 -3.8768977353402336
488 -3.2214983359386498
489 -4.025039966034179
490 -2.21074640104369
491 0.5980253636428204
492 0.39258297259511726
493 -0.21259143418563797
494 0.6737761695931345
495 0.2584312056652849
496 -2.2414081463910605
497 -2.6897036751749734
498 -0.06495235944383665
499 0.5248661134668606
500 1.0944742169062203
501 1.09523150275632
502 0.6326632364121655
503 0.10687260318745062
504 0.626077854300902
505 0.7309542889866815
506 -0.23988003301152155
507 0.38586093625612283
508 0.39976741988761444
509 1.0369943833894655
510 0.8523900458471609
evaluations raw_y
1 1.8755311989211778
2 0.6452241088091719
3 1.9226798619676233
4 -0.4529268858659757
5 2.521017873038889
6 0.9690622857792839
7 -0.1841584248655347
8 -0.06677524225790168
9 1.7674316599412472
10 0.9332639068993052
11 1.5933615837144344
12 -0.22238807904874744
13 2.3380945135751694
14 -0.7975930959000712
15 2.2019547523137413
16 -3.336490077573495
17 -1.8345821926191779
18 -1.2568378963660143
19 0.3653314665254562
20 2.4555175724179037
21 -0.33462937786752467
22 1.3185438421741094
23 -0.6604753920551328
24 -1.7801129308592136
25 -2.5408262639030323
26 -1.9931189108707734
27 0.6002769565304815
28 -0.46453151822800526
29 -3.4815570173856845
30 1.5276122281942823
31 0.4361708909048465
32 -2.433927675064512
33 -0.075492081130631
34 -3.0595736402296865
35 1.066018997837469
36 2.5782432486303257
37 0.14615101208016962
38 0.850924023088804
39 2.4259972488474175
40 1.4901709446997022
41 1.3002994394555927
42 -2.7454368665358033
43 -1.8936948222982068
44 0.9034000184939528
45 -0.13910371012772796
46 -1.6296911652631478
47 -2.497409652967207
48 -0.9204154977180957
49 -0.1180416892139004
50 0.23337275727628795
51 -1.4299073313321597
52 -0.6717193314957053
53 -0.04820881490756532
54 0.9243173822393715
55 -1.7864671007206554
56 1.1967973986896598
57 2.1422920096302582
58 0.9988315075448198
59 -1.3816483603516194
60 0.7573071681148126
61 3.5884002328414066
62 3.995865573699771
63 0.10218216592089868
64 0.08635356527732517
65 -1.9676023436139067
66 -2.057630479196981
67 -1.0658406236878204
68 -0.4473217806327623
69 -0.7502715090137887
70 1.5855887330745606
71 1.630367213461246
72 2.5399940153331353
73 1.8028365329061538
74 0.969398543830591
75 -0.7320380726254264
76 0.10004990063135855
77 -1.751559516525972
78 0.6266634838566675
79 0.7712020389449943
80 -0.3194342848907446
81 2.0364097810602844
82 -3.256394898662724
83 2.2403611003060875
84 -3.0568672361930576
85 -1.22378768907662
86 0.8963553265789445
87 -1.7584533563035298
88 1.6305546210908406
89 -1.8151367764108635
90 -2.546899836189418
91 0.9006475068145199
92 1.644113445709301
93 -1.3865857611215557
94 0.8137027156044931
95 2.3231466113630685
96 -1.4412572605513296
97 -1.1563566991743066
98 -3.4479314582609852
99 1.6749393896129234
100 1.6719795117878564
101 -0.06445732156075573
102 0.14581343657180068
103 2.2792234142388126
104 3.8460441059153463
105 0.355351455153452
106 -2.0610051073126905
107 -0.9123272096034953
108 0.04441315280740593
109 -0.19638379394459343
110 1.3324281302587502
111 -2.0377124348074345
112 -0.8257643296040325
113 1.226701707368795
114 -0.6847960435113712
115 0.9772383510323537
116 2.6793554076485235
117 -0.978985990993833
118 0.41237112718949903
119 -1.227247103989626
120 1.6246492980991674
121 0.8732561219192603
122 0.14862530980473887
123 2.476567761647134
124 1.8591597207049468
125 -0.6514756845117142
126 -1.1362091239069498
127 2.798102052338599
128 1.6660401737861037
129 0.7802373970097576
130 -0.8342981753891268
131 -0.7056028619567069
132 1.0223785553276543
133 1.3443253824900792
134 -0.761175310891397
135 1.5774538050471612
136 0.6846410217780345
137 1.5508332640005156
138 -0.4435902851853257
139 2.311303146328399
140 0.8154798756538177
141 0.7773380946403581
142 -1.1989081481579633
143 1.0694983611242828
144 -0.38498307899404
145 -1.9271558377010864
146 1.7349450424566153
147 0.18232442926229736
148 1.2504387782122812
149 0.741416768047021
150 2.8524311199972
151 4.500545390523205
152 0.4819227892468515
153 0.8203241245343196
154 0.9633560344167835
155 1.1831467731970804
156 1.197285690011134
157 0.31934836128624755
158 4.893139231539588
159 0.7472599941069658
160 2.253439803936918
161 -1.7273028173092964
162 1.711790250355906
163 1.732279898074336
164 1.97201077937887
165 1.6856830609012459
166 1.1839493987770724
167 0.4899570922861428
168 -0.55123936306192
169 -0.23562732475914494
170 2.881348453952882
171 -0.9833643250971881
172 -0.33979084116711983
173 0.5282965532663196
174 -0.14403616325554636
175 0.4345792432804359
176 1.283667557704665
177 0.027573906389310565
178 0.68581848517498
179 1.4043200976791501
180 4.902198947183587
181 2.8233384838125066
182 -0.19178340151812057
183 2.759910668093305
184 -0.05232334282277229
185 0.40125846325374404
186 0.12293313067039685
187 1.2503567855504978
188 -0.41195128803402353
189 3.7275240870718958
190 -1.8077035425823047
191 2.9906502065902862
192 0.6352504823714641
193 2.651365197752346
194 1.3821254964134322
195 1.7376084640898548
196 2.0992268013744306
197 1.6487593911196963
198 0.0785346244842062
199 -1.597310698808644
200 -0.19843736362574144
201 1.8735017604738116
202 -0.16880895117841788
203 -0.208845535536547
204 -1.8038337025784017
205 -1.6350192036234246
206 1.704948730899522
207 1.4794983829414843
208 0.16885411447292273
209 -1.0282004039252666
210 1.5264671266775633
211 0.32225311352356534
212 -1.9680030413896665
213 -0.14896272848189188
214 -2.3688844639079996
215 2.0810578391699868
216 -1.00893165570736
217 0.46631551354756706
218 1.1737286010237167
219 -1.7525099024547113
220 2.59543621982603
221 -1.701424073859878
222 1.403749391114332
223 1.2540082353563846
224 2.035105442292838
225 0.4983165743087604
226 -0.17693181828448268
227 2.2624111020838287
228 1.88524432874127
229 -1.009379725373187
230 -2.9008836631687034
231 -0.8373727752394723
232 1.0337776786539292
233 -0.2529993798375948
234 -0.2828511517574329
235 -1.952301140239754
236 -1.698512425922553
237 1.4409330170826609
238 1.0006665476450092
239 -0.5097874810096459
240 -0.7569345589841004
241 1.6247334810680019
242 0.271574489979106
243 -0.23739433492166584
244 -1.2043057507803492
245 -1.5687510653834025
246 1.3068941510620586
247 -2.351553256625185
248 0.8872344170471258
249 1.4683201258771161
250 -2.2669132860272003
251 2.139850989372225
252 -1.6868902637562693
253 -1.0765637327193485
254 1.0560062714945249
255 2.2472157450688934
256 -0.4863263261776424
257 -0.6261626420580921
258 1.1076039643569953
259 1.1341438175809906
260 -1.4702026029921222
261 -3.618363169844512
262 -0.782879740553841
263 0.8838283352292085
264 -0.4542772213143439
265 -0.8232750768050412
266 -2.5920537571842446
267 -1.8524853586070122
268 0.3613693674476217
269 0.9907728763098719
270 -1.5751070350290888
271 -2.1438697504815813
272 -3.297226334292655
273 -1.5287762413316406
274 3.440760960779355
275 -0.9710401679072722
276 0.4009747102807801
277 1.0440506918873789
278 -3.2657036355986473
279 2.108670080355956
280 2.0204511114482955
281 -2.359792942741072
282 2.012348312939775
283 -2.544695139827582
284 -2.1682527325231113
285 1.8055435334947898
286 2.3377811771463692
287 -0.9855894048073482
288 -0.825071503004251
289 1.0356811383595308
290 1.1279256545584653
291 -1.8839940789209357
292 -3.38566769353474
293 -0.0395873311069917
294 0.34799587153214273
295 -0.9286385991692587
296 -0.6087568696530329
297 -2.709079632860168
298 -1.3981779227956257
299 -1.404753057402667
300 -0.5188565568055494
301 -2.9883512231631757
302 -2.448619646115764
303 -3.147914470815143
304 -0.8417079172613506
305 2.5566430102739295
306 2.5495603078199607
307 1.2944602954725604
308 -2.265029331755365
309 -3.230211856137183
310 1.230266269139852
311 2.0440030216905565
312 -2.2449220311214275
313 1.587309643189498
314 -2.6644297745635015
315 -1.530317972752333
316 1.9912576493498948
317 1.8818510822199377
318 -0.7298268467264791
319 -1.3466622587148034
320 0.8665208322377683
321 0.8143100138500796
322 -2.10528106843865
323 -3.138097009364206
324 0.1778437962757596
325 -0.3482249383319861
326 -1.1349042007314525
327 -0.3847940599209305
328 -2.035835224951806
329 -0.8946208944977647
330 -1.8399398938964615
331 -3.6259839433726766
332 1.7651197333510418
333 -1.0504164871150634
334 -3.157797971223665
335 2.776615350259316
336 -1.3500332877490557
337 -0.3995002101894155
338 -0.8231490308652134
339 -2.167733670836637
340 -2.9193527109645347
341 0.9646948850046722
342 1.365668214303516
343 -2.1793843573536384
344 0.7436821408213938
345 -1.831872679901765
346 -0.8441014054148632
347 1.4916137146255728
348 1.2276480655152526
349 -0.17012702289159243
350 -1.547667344933543
351 0.42762699281892275
352 0.3039810495381119
353 -2.0065010454318166
354 -2.7361368093983853
355 0.16329271468855105
356 -0.8676821573283537
357 -1.048276837525679
358 -0.26823288628261793
359 -0.9589518151133116
360 -0.851879754164096
361 -3.663303648220604
362 -2.729429046047506
363 1.6506887318764134
364 2.7549202457871784
365 -3.252937100221375
366 4.269683822590702
367 -1.9276236654453869
368 -1.1465916909064566
369 -1.655595387747654
370 -3.101693651391654
371 -1.3751868585110765
372 0.7546617232393591
373 0.7298067508048665
374 -2.330093876583405
375 0.0015131721553049982
376 -0.8609693000497367
377 -0.6218988630255976
378 0.998799154122231
379 0.7565897243653326
380 0.22281200962371417
381 -1.275162192437323
382 0.1352964281057118
383 -0.20076562260029188
384 -1.773632491140099
385 -2.1150538080560315
386 0.2167691988951641
387 -1.0549143078242829
388 -0.9447580831837437
389 -0.07600648533388923
390 0.06863393550667884
391 -3.65303944032107
392 -2.237517046539267
393 1.9983773584804378
394 -3.0609763739022133
395 3.630050813268459
396 -3.2992722258616554
397 4.7929423546730705
398 1.2890541415050256
399 -3.39254624702264
400 -2.7919498699204492
401 -2.9157616372179285
402 -0.3530777724774254
403 1.1733151417392678
404 0.38823144014759503
405 -2.5647808388991726
406 -0.2745586733582199
407 -0.24194609163381875
408 -0.6191446894385404
409 0.8051657676501365
410 0.5131663981464805
411 0.36081971488013076
412 -0.8044746220146668
413 0.038251077707267156
414 -0.6336001529999357
415 -1.5906583242917898
416 -1.4252046019749436
417 0.44469527993200836
418 -0.9704671415640642
419 -0.9120392726637292
420 0.23073673916694945
421 -3.6632076031863186
422 -2.89086458110831
423 -2.7843186748274196
424 0.6661471230341007
425 -2.3929407376041825
426 3.6361455679313983
427 -3.179357835161537
428 2.9935362778966192
429 1.1923475181927374
430 -0.8222572780218194
431 -2.134999136229402
432 -0.925468196045975
433 -0.3600856782523534
434 1.544547436273207
435 0.031186194408136192
436 -2.6540519726554743
437 -0.19431138657665603
438 0.03660402833858778
439 -0.6019154862461977
440 0.8688116298729407
441 0.37398914660641736
442 0.3609615539037607
443 -0.35046694966704905
444 0.036106006874186414
445 -0.9925836593856096
446 -1.5183504203251443
447 -0.7991153907886472
448 0.8095032722787281
449 -0.7568364767056746
450 -0.9133606231148378
451 -3.6632912689111965
452 -3.346251494076534
453 -2.2199746874166113
454 -0.11620710181429575
455 1.7662665975030083
456 -2.1290480909357083
457 3.568907554768653
458 -2.8474269440747486
459 1.340985231260903
460 2.7823512140068942
461 0.5336660966074176
462 0.26953672168671927
463 0.19613554030022873
464 -0.16636817441943197
465 0.897253036945062
466 -0.6174085451114364
467 -2.5233769179830876
468 -0.031230031785964285
469 0.1635738771216761
470 -0.5021867887382866
471 1.060395885068333
472 0.24977745978893345
473 0.33714842580108895
474 0.007898620563531251
475 0.05961285494135313
476 -1.3074958691711107
477 -1.5727630092893465
478 -0.34435256353487187
479 1.1829431422054608
480 -0.5308085183281822
481 -3.663279181560106
482 -3.532027873894554
483 -2.6680362534299276
484 -2.735612292047317
485 2.1012052379612296
486 1.123246192637642
487 -2.346452646246508
488 3.5200047899610194
489 -2.3353878304128175
490 0.8923294262792537
491 4.580515348664095
492 0.2193513062738146
493 0.14023093167243533
494 -0.07402235173393457
495 1.23095601511421
496 0.036492669718527604
497 -1.4917662722602454
498 -2.2585574197812273
499 0.045775968018036184
500 0.2856103770681184
501 -0.3406117996009406
502 1.2746613888193763
503 0.11670480248597226
504 0.3525309086646066
505 0.2587782622986945
506 0.09535626845299497
507 -1.5968966045392738
508 -1.7605443052475105
509 -0.1457174484345898
510 1.4308221094437252
evaluations raw_y
1 -2.2271653698827443
2 1.4074297788094077
3 0.3693213029682231
4 -0.32521388390618566
5 0.4851147855627105
6 0.7549153278954086
7 1.880887665390457
8 1.7253844749558567
9 -0.22243628432324494
10 -2.1938570130931137
11 -0.5490661509583304
12 -1.1123354443089053
13 1.8234695821587255
14 -2.2373573285126636
15 -0.13835587954922446
16 1.5009271673343585
17 0.5449836650034559
18 -0.3686970538010373
19 -0.6877467879802028
20 -0.7437399344694302
21 -0.3185027093475853
22 -0.479455777032191
23 0.7824787367304988
24 0.8878413247301258
25 0.8969526107957991
26 2.053374232121713
27 2.414804991856526
28 -2.6178959476349455
29 -1.8961702498382875
30 0.0028182605411089523
31 3.369005834186817
32 -0.6413882292662157
33 1.5998884452702433
34 -0.685145853477418
35 0.5574586190876776
36 -3.3079824443877532
37 -1.163888515083408
38 -1.6705099143254665
39 3.1708293478223295
40 -1.6052191415197745
41 -1.8896133443529066
42 1.8124726142928096
43 -1.6790404642088297
44 0.7492845578140723
45 -2.661265622697633
46 -1.5833008655464693
47 3.1873479976774357
48 1.3918749194652167
49 0.9852816529817939
50 0.5397745103621556
51 0.39109180217779527
52 -0.03029830034893305
53 -0.9702940024480395
54 2.290859209135215
55 0.09447177052007416
56 -2.212976960218254
57 -0.5092460042447107
58 2.4345175027256363
59 0.3166387184746235
60 3.7136598064221533
61 -0.408982492397439
62 0.8105521646387966
63 2.87110062305391
64 -0.06439714247197093
65 -0.24619220066699776
66 0.12218821314645198
67 0.44117294744794827
68 -0.008345331542950474
69 2.5212288205746236
70 -1.6032622038838658
71 3.2109874489924604
72 -2.1850180429310075
73 2.9372513912081955
74 -0.003935430942657248
75 2.5290082587522233
76 -1.7106796880654482
77 2.6752039526216835
78 1.5625390595397364
79 1.9819515566753336
80 -1.7652295374543554
81 -0.7098742379062026
82 -2.1945666724682997
83 0.16038253789775184
84 -0.8915198584871948
85 -0.3059417829052625
86 -0.8886131566894753
87 -0.07984554678202971
88 0.2869215247582904
89 -2.9684100867748215
90 0.8116684174437703
91 -0.5703389499791586
92 0.9901024331125354
93 -2.4721327686775365
94 -1.9468386270373919
95 0.5900038588527334
96 -0.7419210239312517
97 -0.07598782296283163
98 1.7888652085284387
99 -0.12906558024159664
100 -1.6071225397058535
101 0.5888099080388446
102 -0.034667778445741315
103 1.131581294331796
104 2.188079203651
105 3.9408785431316793
106 -0.9637402629901017
107 -0.24208780914107617
108 -1.898300539065835
109 -1.1170381476745703
110 2.6136405423242817
111 3.5705926994656894
112 0.2805302605134702
113 0.5003637274919553
114 0.17352130702766086
115 0.26234343480025907
116 1.7007368537236978
117 -1.1512869839703748
118 -2.5424378336900455
119 -0.15100740736751417
120 -2.656717407830096
121 -0.030934920501359223
122 0.7493801699702369
123 2.5399242959337256
124 -1.0710626971108348
125 1.0301685498346975
126 0.7493789277371042
127 -1.9337174760982845
128 -1.2347672580918623
129 -1.328397985498034
130 -0.6818395100660163
131 -2.3268290265758567
132 -1.7852270549544191
133 3.004960466369388
134 1.5566096755213967
135 2.1068413169846054
136 2.0666213329313834
137 -2.7206938140081727
138 -1.8392014270336032
139 -1.0242808257573865
140 -0.08789162057719069
141 3.101229766732447
142 3.371353770600109
143 2.6196994431742575
144 0.7490099935300272
145 -0.9738197978499337
146 -2.4173212299646303
147 -0.24235323109945195
148 -0.05429205124407116
149 -2.37983482764199
150 -1.0299804975997464
151 1.5079707065790098
152 -0.4750734793306661
153 -0.430384712195771
154 -0.08330558829211476
155 -3.0696792499718146
156 1.8015586068078036
157 2.5533281030339774
158 -2.4924510835047036
159 -0.7476055105909447
160 -1.3204103349633736
161 -1.4528534898586827
162 2.32955491502772
163 0.2551446099763066
164 2.0642884648156503
165 1.1509621938010313
166 0.8338943935422305
167 -0.5105063252622368
168 -0.8369183703347407
169 0.697387514328693
170 1.1955545765906062
171 0.6402312425768001
172 2.438658411358974
173 4.482733035065871
174 2.8953127161354213
175 2.335587721631155
176 -2.0064127364087305
177 0.6828374775750836
178 0.21075889384144952
179 1.2481131003461958
180 -2.165150468589087
181 2.073484105847168
182 -1.6267759799463195
183 -0.6560692719424882
184 -0.19163975569051128
185 0.16312808984754645
186 -4.350029635050215
187 1.2117553339931604
188 3.250903322162268
189 -1.9464362702095612
190 -0.9849222930641868
191 -0.9806725682903805
192 -1.7693450668224622
193 2.042106330504656
194 0.5498190344531448
195 0.7294815531750528
196 -1.6694985245309182
197 -1.5424900307247462
198 -1.381525372256452
199 0.2625774554598662
200 1.956614765615301
201 1.5034234830353468
202 3.1118347496750642
203 2.9801260812068424
204 2.170112467086334
205 1.0092239372540197
206 0.029546154274734393
207 0.45897103890372726
208 0.16948065125499712
209 -1.0935850965825518
210 0.669236178214009
211 -0.5655038745749629
212 -0.7333879868101278
213 0.3370388151109035
214 0.17746663028020093
215 2.0501011708586
216 -2.434805431731599
217 -4.488827392171934
218 1.2426138894171366
219 2.069649284383321
220 -1.1581583001983822
221 -1.2114926703047337
222 0.07559311388809849
223 -2.1179850714555206
224 2.1693134668075538
225 1.1956910685137718
226 0.12345385984313212
227 -1.657559098326101
228 -2.3016407494950655
229 -0.5994955634007257
230 1.1857632026717964
231 1.939801050443143
232 1.5437646108249403
233 3.6499539524235045
234 2.824514351961909
235 0.5410025240769363
236 -0.7522770935467488
237 -0.8861473987322139
238 0.7450341218632105
239 0.030739274660274818
240 -1.5463560498112443
241 -1.1346368232961908
242 -0.9236993444037314
243 -1.4827025275970804
244 -0.09671637073134018
245 0.9059188484507361
246 1.0224038419467991
247 -3.2284582590429736
248 -4.089991160945592
249 1.323379439062097
250 0.6594851821891825
251 -0.6940309394177284
252 -0.32840182715162525
253 1.1739849628788501
254 -2.2332885446482877
255 1.258233170691792
256 0.9444738305588745
257 -0.9006600068341958
258 -0.48946000741758755
259 -1.8532960300792451
260 -1.145502105439425
261 0.94762147137238
262 0.8989019738150118
263 1.28924367580481
264 3.4244548755723403
265 1.7880118891657621
266 0.3878047802362399
267 -0.3486134877381038
268 0.11762145803204527
269 1.0515049285095004
270 0.24903566393231996
271 -2.761707520510536
272 -2.791022332031995
273 -1.2770958119469853
274 0.12340384544346181
275 0.7824025352926849
276 1.3871970017196928
277 -0.5738923673530401
278 -3.174435814129989
279 -3.285427898658783
280 1.7773366129124666
281 0.003507635623244243
282 -0.4760773409880778
283 0.6624931607459825
284 1.798882082820702
285 -1.7119679167032213
286 -0.13518034490505143
287 -0.2745357713935952
288 -0.1545791140062514
289 -0.03588195248385724
290 -1.9847474810481367
291 -2.0920860358666973
292 0.16071207467265552
293 0.47835602305615665
294 1.461841847594411
295 2.54663439206694
296 1.6018133430127306
297 -0.08125538299306889
298 -0.21544757500510966
299 0.6293166722406502
300 1.5374283511698625
301 -4.406498668810397
302 -3.3411262026612483
303 -2.367068217586926
304 -1.094364618250269
305 0.21909882299888694
306 0.8129402939044472
307 0.09624111070433039
308 -1.6829246804602027
309 -3.2464895458231826
310 -2.4009246601404324
311 1.8825026832072962
312 -0.4627847220863923
313 -0.4945888693961088
314 1.1266227719551956
315 2.039426762719861
316 -1.2512864924197205
317 -0.4142988154513
318 -0.4557082842634788
319 0.8525526741616851
320 0.7612265492240606
321 -1.7793874063377282
322 -2.553305744249897
323 0.00381642862379572
324 -0.10373716098044433
325 1.3929943551895387
326 1.9415425203936967
327 1.745240187294747
328 -0.15278923973536251
329 -0.42897801458144935
330 0.6440556929073624
331 -4.455234078298568
332 -3.952188813996965
333 -3.281690056277427
334 -2.0816764405522523
335 -1.0735009262485116
336 -0.2882025978006248
337 -0.10766429328084226
338 -0.8851253814487101
339 -2.1568105946202607
340 -3.479267239896096
341 -1.6712772052831537
342 1.1454463012626963
343 -1.1791269869788754
344 -0.5780937222484384
345 1.102266166766546
346 2.106286630236397
347 -1.021770951634453
348 -0.3799621335608694
349 -0.3279973576300303
350 0.691660400710122
351 1.60289484550749
352 -1.3120501415535657
353 -2.3341284528515844
354 -0.3757629241278986
355 -0.23441482939575334
356 1.3795725128703609
357 1.70790267347836
358 1.7715519599752607
359 -0.04933549655206404
360 -0.1651239468130984
361 -4.436161045083404
362 -4.307070305125683
363 -3.547166897295192
364 -3.2199680902024808
365 -2.019038778332393
366 -1.1476612138903326
367 -0.7240254112379148
368 -0.8021024876281101
369 -1.4870478540239227
370 -2.373071471967071
371 -3.483869690358227
372 -1.0317942374942985
373 0.011137080228242335
374 -1.913501945862828
375 -0.6514085898124525
376 0.8576567039341485
377 2.048232954894698
378 -0.6342214002936837
379 -0.34193327307311044
380 -0.5484970351436018
381 -0.010053990524366285
382 1.5364800265249279
383 -1.0052816061473564
384 -1.8645648961361716
385 -1.1845165571146807
386 -0.16129562396922606
387 1.4342707567296245
388 1.5620463234039732
389 1.5580056848110002
390 -0.07900395435211427
391 -4.502058633982538
392 -4.438834267154884
393 -4.0298831135805795
394 -3.390193431712971
395 -3.1375846724235403
396 -2.0762783629261294
397 -1.308852417765213
398 -1.0658447034677443
399 -1.2859572935196404
400 -1.825547792827126
401 -2.698092259329689
402 -3.026161504608239
403 -0.3861336719905833
404 -0.8506722266960072
405 -2.363042850797258
406 -0.6647319808761672
407 0.616442173680438
408 1.8340635815771398
409 0.029709130886592217
410 -0.11859620975759727
411 -1.1489122971139996
412 -0.42422074309726554
413 0.8820566693060434
414 -0.8704310122147958
415 -1.5848308911884301
416 -1.9753041625181171
417 -0.33691632487862216
418 1.28759039109337
419 1.2403545513205831
420 1.026351480048136
421 -4.504689070490259
422 -4.481137381122047
423 -4.317745237919955
424 -3.7692052655143264
425 -3.344120073947174
426 -3.085520375995828
427 -2.2012445404679224
428 -1.5499336281549465
429 -1.407126815666777
430 -1.6574725031077224
431 -2.026891047550829
432 -3.150282630558968
433 -2.255281863728502
434 0.1836693939486065
435 -1.2229526091278013
436 -2.4509349068110535
437 -0.5811765137016458
438 0.49045547611546214
439 1.4875028517670903
440 0.7338409433010207
441 0.2249340859978483
442 -1.7144897667066061
443 -0.6677273617451466
444 0.2806219553809277
445 -0.7598546855632884
446 -1.6339778678328793
447 -2.446817809270784
448 -0.8361893823740237
449 0.7536692081783953
450 0.5991802976445104
451 -4.504414647653666
452 -4.495231379399675
453 -4.436095939779864
454 -4.144816088056672
455 -3.594227877333354
456 -3.329871775971083
457 -3.0711181689720073
458 -2.3602212558630766
459 -1.8340874126463842
460 -1.7440761036479064
461 -1.9197463034674218
462 -2.267226032714335
463 -3.459297243272914
464 -1.4815101714847394
465 0.463374159344621
466 -1.328503199827785
467 -2.294240343043758
468 -0.4038896847236992
469 0.4975082571374807
470 1.0894813354658295
471 1.2422183951158468
472 0.552835098768323
473 -1.899348109140115
474 -1.080947137623685
475 -0.040967279579692595
476 -0.5967232682011343
477 -1.9135085665006013
478 -2.589243878457875
479 -1.4195702077853596
480 -0.06582337273916467
481 -4.504594669634481
482 -4.5005301872113
483 -4.479114064674804
484 -4.353654188363846
485 -3.971056368141925
486 -3.4929359122348407
487 -3.3235495840223006
488 -3.0832421050330723
489 -2.5256732617399735
490 -2.113073003470057
491 -2.0285686587322136
492 -2.1037138438825114
493 -2.6392904035286353
494 -3.381963497861856
495 -0.8650270345673094
496 0.34265228566649286
497 -1.4839008019797029
498 -2.074867199928616
499 -0.172936854690101
500 0.6013376877867881
501 0.7155040455902264
502 1.483010956107507
503 0.8453866288151506
504 -1.6954171514181087
505 -1.7020530902325344
506 -0.18725805158316683
507 -0.403602131962841
508 -2.2225003249450896
509 -2.557889401115399
510 -1.8029398959533607
evaluations raw_y
1 2.3290292103837946
2 0.017550031250623797
3 -1.8059847822659285
4 -1.2965676575988192
5 -1.3008861134161513
6 1.632996487927399
7 1.2861017281405864
8 -3.049241956707102
9 0.12493590612847023
10 -0.8187550233789156
11 4.043575299688913
12 0.49010627479432284
13 -0.8661635991097815
14 -2.7771061611013073
15 0.41348419207954223
16 0.499977504257483
17 -1.7373527770418236
18 -1.0500333884732282
19 -2.236866973917444
20 -0.6469662289189552
21 -0.24287906026030837
22 0.44302405088927965
23 0.26691238832383857
24 -0.7435069474687016
25 0.3246205927366899
26 -4.107466147764566
27 -1.773443515838289
28 -1.012628468684086
29 -1.2440967593708945
30 -3.011631881738303
31 4.48333790914381
32 2.3230578526320773
33 4.211789150131888
34 -3.76526160078056
35 -3.137130126418451
36 1.6820769268184745
37 0.2784968347581869
38 1.408387334276252
39 -0.09909852743189579
40 -3.797537192081647
41 -0.06021942031127436
42 -0.23663578903391988
43 1.0539171014241884
44 -1.9924707368543435
45 -0.1825151627896299
46 2.3418104007812204
47 0.9366086786163073
48 -0.6875211420844637
49 -3.4847334901268896
50 -2.5276341674276352
51 -2.18041098875704
52 0.8048167570887459
53 2.390403061068392
54 -0.6204007798977085
55 -3.339886096956311
56 -2.364689024903278
57 -0.7517758218983943
58 1.6980704469646506
59 2.5641247172402917
60 0.8853545641112754
61 0.3744961549783272
62 2.0177654373484804
63 1.815009953251214
64 -0.41951616489291593
65 1.7376779523078718
66 -0.24167489354846303
67 -1.2446485182115656
68 -4.04587169917266
69 -0.6393319909875673
70 -2.335030441975341
71 -0.7356453447850331
72 2.70863728672553
73 0.1851678795184552
74 1.8343136636401869
75 1.1587080307589523
76 0.4169819709741601
77 1.232882246644817
78 0.7523115307020858
79 0.20339683776804895
80 0.6022138795548421
81 -0.9593715701076664
82 0.44350802423289615
83 -0.23443996855644184
84 0.5646066338659026
85 0.5555537952289069
86 -0.3348206553936823
87 0.04498489035303016
88 -2.3981534099682316
89 -1.477693502902944
90 -0.19457231268069297
91 4.216195226597806
92 0.2860517064601499
93 -0.5357724677520619
94 -1.4002300377423225
95 -0.6520392703620465
96 -1.4468585372453853
97 -0.21190995877868019
98 -1.1555771312165415
99 -0.8422635500536185
100 -2.64921375116088
101 -0.08203667240878398
102 1.1524390675639844
103 0.8341747164227505
104 -1.0118370416474507
105 -2.868569679018313
106 -0.08241741752733883
107 1.426308446478254
108 -2.351760379657009
109 1.614613698865324
110 2.1288935940825167
111 -0.6191788276331378
112 2.7758891876032994
113 1.3243191278873545
114 -2.4524115064795176
115 0.6338946105370208
116 1.785648796602072
117 -0.25424847108053994
118 1.865016724828497
119 -0.40658237160990446
120 -0.6631809798564277
121 2.632885276957005
122 -0.9574459179781694
123 -0.26760885575551485
124 -0.8666841825277314
125 -1.2255009536486532
126 0.8921328657462323
127 -0.09062948011401428
128 0.534580522076644
129 0.6937886093696266
130 -1.8328848560270723
131 -1.579280541852194
132 -1.0390559621969908
133 0.21752663550023638
134 -2.378556518480491
135 -1.78628101963895
136 -1.984450352724661
137 0.0459598625538582
138 -0.32110884505766524
139 0.4311206677993624
140 0.9592934694793483
141 0.40412547970224283
142 0.5970085474235053
143 1.5048236380992859
144 0.2687106705744018
145 -1.3115693396676629
146 -2.629118525970698
147 1.22514077485918
148 -0.2868096096232788
149 -3.054758915717099
150 -2.4469616428113357
151 -0.8278048524818437
152 -0.8699418657354143
153 -3.2314993751803667
154 -0.35355559054550495
155 1.2693966967053676
156 -1.170436445953302
157 2.2996214781896325
158 -1.7147046830949424
159 -0.04376706483457571
160 -0.2529363772426249
161 -2.01732910430799
162 -1.2522179581048551
163 -0.6613383254255439
164 -0.8056355832930242
165 -3.0237473115813587
166 -1.7476281074661764
167 -1.4356392302940881
168 -0.348954240350825
169 0.8280531789021186
170 1.8573945234013192
171 -0.6059698377915077
172 0.2620331156487027
173 1.3187161869548192
174 1.1671691779448747
175 -0.05704575397338629
176 -0.9932327078727478
177 -0.16493702601739413
178 -1.0467138848139823
179 0.8986460996196824
180 -0.17246931480424726
181 2.4195653027954043
182 1.2404143964875725
183 -0.20115277479736665
184 1.223514332451098
185 -0.03368509560949617
186 1.4950271969169464
187 0.6664747657119734
188 2.7812207262401
189 -1.5597498775896197
190 0.3820862660557105
191 0.14736865343680194
192 -1.963898727680944
193 -1.7495983233405241
194 -1.320017930176284
195 -2.037964254357081
196 -3.183151650220193
197 -1.3516524493799906
198 -0.6564371376868319
199 -1.6169059310890872
200 1.229266522976244
201 1.344936451803331
202 -1.4205366360525074
203 -0.43176286884701
204 0.09751852373618841
205 2.359910566979287
206 0.08382816942495297
207 0.057888716311586486
208 0.49233386522390754
209 -0.3760932200768592
210 2.7667121985960987
211 2.064740802183449
212 0.6442507498351762
213 1.1001875714477258
214 -0.6473517354259866
215 3.2956830596959565
216 1.0151233132346538
217 1.170544550341707
218 1.0235350512235348
219 2.7522271880902927
220 -1.3494827272899834
221 -0.21572335092661066
222 -0.7076632083159239
223 -2.0671906564646814
224 -2.2753336872964534
225 -1.1312416881573173
226 -2.390979159359876
227 -3.4285386285214665
228 -0.9036276639722676
229 -0.8049045699665685
230 -2.2734186593344967
231 0.6629342187883501
232 0.7226363559823048
233 -1.2278411575121146
234 -0.7064451848033133
235 0.7642317018127192
236 0.9553365486308389
237 -1.4776773393139064
238 0.8169345939879361
239 -0.1877492217070693
240 0.6628706125273249
241 -4.087366177954732
242 -0.10169176605214214
243 0.44201815481175294
244 0.5238024741362012
245 0.7541491397450019
246 2.205799304592216
247 2.230042009955917
248 0.5917001172316922
249 0.6458980415667017
250 2.5670306688019275
251 -0.8030214088417532
252 -0.12978334790077295
253 -1.2155317477503176
254 -1.78406329910435
255 -2.495383241847359
256 -1.2017756492628366
257 -2.64120399995807
258 -3.296561170157582
259 -0.9739325214772301
260 -1.0749729531756673
261 -2.1387097339848853
262 0.5312437825932508
263 0.7715964159089036
264 -0.6479218852778877
265 -0.3194204576563886
266 0.5872043252456909
267 1.017987912081721
268 -1.1853655765605393
269 0.589429123071942
270 0.06595247292439638
271 -1.6919434616025346
272 -1.6913155163009441
273 1.3273114274347362
274 -0.15465492316094942
275 1.3697000786827498
276 0.6954266161531459
277 1.3319864869727094
278 3.38252970848536
279 0.46410504040152434
280 0.37434002558128154
281 2.2703742474624073
282 0.31227881063253193
283 -0.4622262995641437
284 -1.0656813262433202
285 -1.3152145388799423
286 -2.426899350812574
287 -1.239114955896481
288 -2.8754219841917674
289 -3.0138749692626763
290 -1.1442257319733116
291 -1.2051286886692087
292 -1.740235522011754
293 0.49624225137542993
294 0.8210522663621933
295 -0.39242303665464884
296 0.6775901991609032
297 0.8211254904007623
298 -0.1567923106331447
299 -0.35812432205908185
300 0.4843060270905666
301 -3.52545968054949
302 -2.7411504441060113
303 -1.1012067774897312
304 1.0779548236928296
305 0.2659689651030138
306 2.0291722704383073
307 0.6485456390055139
308 0.803935876130089
309 3.9833245710200056
310 0.6042030558297125
311 0.16755297939346525
312 2.088932854165957
313 1.1687959279040068
314 -0.7878894376774163
315 -0.7618706032910808
316 -0.9445031219833078
317 -2.189765249461998
318 -1.2596916998977727
319 -3.0485684127260715
320 -2.74219055598126
321 -1.2055547330445309
322 -1.2776365872625386
323 -1.481312728632051
324 0.3567515419754917
325 0.7439355842305392
326 -0.3023764982512208
327 0.751602035329805
328 1.0337347946227506
329 -1.5946783960154303
330 -0.3434891259162917
331 -3.9787670130960633
332 -3.6102865022285453
333 -1.9987578298917075
334 -0.5820368532309286
335 0.3279442952129073
336 1.5952694185100635
337 2.0645778538551034
338 -0.026720637077189746
339 0.30549971581426777
340 3.9873103484417696
341 0.6774388169825103
342 -0.10918280998580354
343 2.006905010596495
344 1.5042539127908552
345 -0.7536870406827445
346 -0.49870667950870357
347 -0.7205466850074341
348 -1.9099458499881221
349 -1.3027780123496298
350 -3.1896430024699782
351 -2.5676637414160393
352 -1.1191818304613612
353 -1.2549245301548884
354 -1.428188700671759
355 0.12208235983937354
356 0.5215395147961264
357 0.22438086226475373
358 0.7790861302142218
359 0.8226020381986193
360 -1.467898363342137
361 -4.102795395873798
362 -3.92503024471708
363 -3.073853613496541
364 -1.565781514086662
365 0.4511539793304118
366 0.6012590391952068
367 2.578650383286635
368 2.3236215617560108
369 -0.9510182573417323
370 -0.12707654947368138
371 3.6409695185232054
372 0.5390833546112355
373 -0.4331560195846018
374 1.9637325060983635
375 1.5000550007340385
376 -0.40339890229483677
377 -0.27974411008866606
378 -0.6153969053163062
379 -1.6432279702672283
380 -1.3641217175864067
381 -3.3279018634740813
382 -2.5349779263497942
383 -0.9556093043595557
384 -1.1769963535327685
385 -1.4746599364295572
386 -0.13315543924421142
387 0.25856545415559873
388 1.0676875570119553
389 1.5507106585916297
390 0.5162755407080664
391 -4.104065511842725
392 -4.031534769836664
393 -3.6720692145837406
394 -2.35607773192234
395 -1.352533400130326
396 1.0344899498098221
397 1.227133373845256
398 2.8855411092885572
399 2.6338573472254816
400 -1.5133133586977252
401 -0.30969890326740107
402 3.1880660208315637
403 0.23686151685034068
404 -0.7279354092284809
405 1.921617388989267
406 1.3426665417880264
407 0.0867804291869177
408 -0.04880642634377677
409 -0.5723615239795927
410 -1.3859875964727122
411 -1.4553461709595568
412 -3.435153020601639
413 -2.6361831956236106
414 -0.8220978361374426
415 -1.081605098691757
416 -1.5000961805472852
417 -0.3709086325452216
418 0.15773655440040268
419 1.6491939397793307
420 2.1734448022144015
421 -4.110215101669118
422 -4.074825581870733
423 -3.923805273588556
424 -3.2110801754256615
425 -1.8139902833400818
426 -0.8826560170553276
427 1.11168774521444
428 1.6547725132277917
429 2.8579854645421765
430 2.489929201020501
431 -1.6689114810611727
432 -0.21814892989840015
433 2.7620356721514683
434 -0.1280713379019315
435 -0.942590729102172
436 1.8379384729106458
437 1.1542097112657455
438 0.5406933868239413
439 0.2156159218682106
440 -0.5352748196721249
441 -1.120147034552688
442 -1.5860397702679059
443 -3.4801421355479785
444 -2.8235238485906864
445 -0.7900212829992364
446 -0.9821672810657299
447 -1.4390539913007119
448 -0.5923876008551524
449 0.3018145412213972
450 1.685951641259325
451 -4.110293806533649
452 -4.09351953685296
453 -4.025702866316376
454 -3.699498822178711
455 -2.645851808459314
456 -1.5120123724075907
457 -0.158776160743254
458 1.0755336195662715
459 1.751261167388771
460 2.852829430490108
461 1.790221131373643
462 -1.6822711093586915
463 0.0417640077270561
464 2.408853882321972
465 -0.4783199105928029
466 -1.0651020418793151
467 1.6780733019921166
468 1.0178865650082862
469 0.8481706498755219
470 0.48900089935199487
471 -0.4638445651716479
472 -0.8370900870661102
473 -1.7436779532457858
474 -3.4574862174702807
475 -3.03456499940328
476 -0.8829560721656271
477 -0.8901906362637385
478 -1.2976230876725547
479 -0.8110720196005671
480 0.5486842493686697
481 -4.110335302576455
482 -4.1021625753553534
483 -4.069270733753569
484 -3.923451063183758
485 -3.3528442844280635
486 -2.1156888535147544
487 -1.2980536289133897
488 0.5412381889200358
489 1.1762082602415014
490 1.6309669244559128
491 2.961071201425743
492 0.795585677404425
493 -1.7666459635871048
494 0.34953600033371535
495 2.130485506157128
496 -0.7711252549684647
497 -1.111324228379683
498 1.4365182672084438
499 0.9736778122377546
500 0.9814102140920594
501 0.7268734681036355
502 -0.3351812591512393
503 -0.5436163774418504
504 -1.8968768262997462
505 -3.3861901240599828
506 -3.2152716086249415
507 -1.089162180932456
508 -0.8270326862551415
509 -1.139615993016589
510 -1.0327551212126957
evaluations raw_y
1 0.3968253766067082
2 0.4979957380298209
3 0.1640445086050487
4 0.6118234392939677
5 -1.3150303653131648
6 1.6458212912598396
7 -0.9697684742163286
8 -1.3851571131980478
9 0.9734023111050919
10 -1.032564414620718
11 0.7798466934804043
12 0.309436115828234
13 1.229047943113136
14 0.3140922268023416
15 1.385843707988793
16 -1.4648104169241714
17 1.4370068080575717
18 1.6261718115417498
19 -3.736968291707165
20 0.990050915150118
21 1.7197404628862007
22 -0.09833710653656297
23 -2.3726878957447357
24 0.8037155147415785
25 -1.967788972200053
26 -2.2615325987165145
27 -2.436258739564564
28 1.7117721679426892
29 0.2443841519139115
30 0.16697051291488185
31 3.1005212849060344
32 0.9782821185040219
33 -0.2856292059887584
34 -0.8999615234399586
35 0.4075121268222208
36 0.2105510868979954
37 0.5395723639423763
38 -1.8384778346453903
39 -1.3070489567343742
40 -2.6247675019426584
41 2.989437251054653
42 -0.45268488271943086
43 -1.636440388292276
44 -1.626029773026654
45 -1.4636432209609196
46 1.06280008661764
47 -0.030069016596648346
48 2.8809555095575123
49 -1.860947867246046
50 -0.6983699027079386
51 -0.5922747577517327
52 0.5300282384848658
53 0.4267447708189692
54 1.438934892914858
55 -1.2011139644422208
56 -0.9587023417782197
57 0.6120198956384739
58 -0.7071120348630866
59 1.0029501975006925
60 -0.7223701063596717
61 4.344596617703606
62 0.3172587187033905
63 -0.48700315157115376
64 -1.7059945784127455
65 -1.2590782728548269
66 -0.7388221167679716
67 2.65258654443712
68 -0.3105586723133284
69 -0.13652560861117846
70 -2.0754894740297014
71 -1.0952616350109803
72 0.2457437583151092
73 0.6794580318563134
74 -0.15710615499215982
75 0.2774669610560745
76 -2.093452556436203
77 4.77426392740647
78 2.6353765392432953
79 1.1255062956808422
80 -0.015672927915678703
81 1.1258314356871861
82 1.6684304734217856
83 -2.0286376269745854
84 -0.6083754321972156
85 -0.942885438441494
86 0.8046583573548151
87 1.90706112425124
88 1.944798556772071
89 1.8674562630695986
90 0.4941183586545069
91 2.9406137034622604
92 2.5585057183023654
93 1.749767281972242
94 -0.8302870719133442
95 0.18166016667678983
96 2.1874992092208494
97 2.8616907383512236
98 -1.0791948920576993
99 0.8035012265278239
100 0.7258231981697062
101 0.47725839370095874
102 0.5471152731966781
103 1.0932480134198235
104 4.244942807390855
105 -2.1727777404134554
106 -0.3084061260276738
107 0.6078834894181787
108 -1.110918321122148
109 -2.3541382475287973
110 -1.6815489092102522
111 1.2924234848150151
112 -1.5050171180851097
113 -0.6180027592518276
114 -0.05861768136393064
115 0.3026071721108418
116 0.033010913251009355
117 -2.998112800755613
118 -3.1840335088925853
119 1.4219170306368625
120 -0.4244600857643736
121 0.8626870569435003
122 1.8052961808990828
123 2.3436674473806893
124 -1.230880285874152
125 -2.5586881176912515
126 -2.9084271769529053
127 -0.2748430693012194
128 0.1382894717367717
129 -1.5927112628628763
130 -0.7006758533279909
131 0.32613635265346025
132 1.708549865616349
133 3.120268474128867
134 0.4211702714479227
135 2.0859414019066405
136 -0.3782042120445982
137 -1.602683714422588
138 3.7240875209560804
139 -1.0628251415534429
140 -1.3292384078435373
141 1.4116345435862394
142 0.6311010165775888
143 -2.093806880279041
144 2.0864728897055405
145 0.21787637639354482
146 0.28503290422938427
147 -0.8271719227448157
148 -1.1914535116705467
149 -3.586515915906144
150 0.008066818545462928
151 0.899716895979965
152 1.0455205090676203
153 -0.12292917999344566
154 2.7398060107323117
155 -1.2910529381808422
156 -1.1934261398330577
157 -1.9744328217930576
158 -1.119917546641476
159 -1.0253331155857064
160 -0.9927540344765445
161 -0.7905368679836997
162 0.7329758979848822
163 0.0799473344491568
164 0.2511303846683989
165 0.1555960201116422
166 1.896565562294972
167 1.4310586376722552
168 1.33912167717648
169 2.7612396925084117
170 -0.25268764512418995
171 -0.3767047014531949
172 2.572655425479395
173 0.36039957906833076
174 -0.6785067402254842
175 3.002054392825787
176 0.2503858861325704
177 -0.3683739853444216
178 0.29034975020316056
179 -1.2093674970787758
180 -2.091738768050311
181 0.10889445030809913
182 -0.7795835936115753
183 -1.1457972375828533
184 -2.208710767408172
185 0.5806269589245558
186 0.4979307469467012
187 -2.561380037609428
188 -1.6052707376650064
189 -1.2432702913913367
190 -1.130060931487678
191 -1.6819196649246422
192 -1.4773267856418082
193 -0.7462929670082941
194 1.3212435384920918
195 -1.7852473511639673
196 -0.8210617727173711
197 -0.4599057196017331
198 0.16809161318409885
199 1.9817371471471406
200 2.3497012642125013
201 -1.6560247322745356
202 -0.24483936780719423
203 2.5672841549774836
204 0.7579826363530027
205 -1.448461037012895
206 1.5263496208030678
207 0.12365611793088771
208 0.2838979892825472
209 -0.6012564914130232
210 -2.3896984451047962
211 -4.520298127318677
212 -0.46527405944994626
213 2.9469205637075935
214 -0.09182260704148915
215 -0.7308512613811177
216 0.5765566147221767
217 0.730819880001053
218 -0.13567533594767248
219 -3.235804861001597
220 -1.1669847965236269
221 -1.193000946799131
222 -1.9683890867441542
223 -1.7453381868666566
224 0.16469493057542597
225 1.2694458291524073
226 -1.3991332488278423
227 -1.531781032752131
228 -0.2026295727797953
229 0.8220406384030046
230 2.356776895389155
231 2.1638136348389847
232 -2.779891326901514
233 -0.17698210562242395
234 1.5445136828130357
235 0.04084112531864936
236 -1.2724858296573842
237 0.44091428156999585
238 -0.20229086319837342
239 0.291828833223449
240 -0.11901761036815983
241 -0.5091623388541092
242 -0.8225614577387982
243 -1.1467785336730285
244 1.9980276342366243
245 -0.30335627132649523
246 -0.26498456684829985
247 0.2693692601138119
248 1.3383520655535834
249 -0.030325542172245812
250 -3.4133397367477127
251 -1.4003038432886097
252 -1.6651121517480874
253 -2.352912094605697
254 -0.4377778126646652
255 1.4109015870546808
256 -0.026156785426043216
257 -1.0429532725699207
258 -1.3501918467001852
259 -0.8246571898822762
260 1.8726735958240572
261 2.7382576157542777
262 1.4678492200332796
263 -2.9757879199319484
264 -0.2587708522150859
265 1.1841597251178928
266 0.19562361836366093
267 -1.9102652662472557
268 -0.014203677148584282
269 -0.01654657124187189
270 -0.012329439064057812
271 -1.8803695989768596
272 -0.571845176737535
273 -0.2343713790017936
274 -2.5723865552414162
275 0.9594768898567093
276 -0.6079365912511865
277 -0.6087376368041146
278 -1.0043024934631597
279 1.0465907738719817
280 1.0304208345597297
281 -3.283909051344285
282 -1.5631774006119996
283 -2.485264132317587
284 -2.5671632618394065
285 1.1456312560133415
286 1.6156731710754255
287 -0.7379609947621343
288 -1.6885516139716592
289 -2.001715827751965
290 -1.4324191515021116
291 1.7610269319365865
292 2.484467243113256
293 0.5207720038793722
294 -2.719321935630361
295 -0.5648783146078411
296 1.0718719112296662
297 0.0902520108285737
298 -2.7621090589443464
299 -0.45910567462334717
300 0.46646185118018557
301 -4.554149797628535
302 -3.118563144420874
303 -1.6893838249834456
304 -1.6168052554495247
305 -2.8935532892012183
306 0.505721592275701
307 -0.6375599268142531
308 -0.7487411715894023
309 -1.5045964875473965
310 0.2671982063967697
311 0.6493032840002351
312 -2.3310152506465696
313 -1.0501381092892925
314 -3.04310878586048
315 -2.349423670855012
316 1.8199294376492494
317 1.3786605244827703
318 -0.3566713685485355
319 -2.150616289447288
320 -2.2469107454643042
321 -1.3772385006002832
322 1.2644071890413353
323 1.7665934682562554
324 -0.12195346026816062
325 -2.410024002403025
326 -1.0074296963770981
327 0.8238832653399356
328 -0.5192860474655987
329 -2.928532898038896
330 -0.982335198201528
331 -4.568589210731933
332 -4.436659105137492
333 -2.3560297844243965
334 -1.7167612770816123
335 -2.511880872025283
336 -2.8287512869542812
337 0.47419306666008015
338 -0.6769088294974797
339 -0.38348123645989124
340 -0.907146373864002
341 0.7437571346270992
342 -0.047823547183948434
343 -0.9002462633202146
344 0.2394930052277494
345 -2.8098750561198242
346 -1.9456942758784863
347 1.6138936621138984
348 1.4155278200912864
349 0.2863264413352643
350 -1.5917932406417663
351 -1.5701035535100638
352 -1.343203060627113
353 1.2418034762248826
354 1.1497285241102162
355 -0.4546551551153307
356 -2.1916543164893993
357 -1.4227343857649564
358 0.5438620161141636
359 -0.9925780856881614
360 -2.5759882542910693
361 -4.523713242270873
362 -4.647540149690788
363 -3.8669096769814617
364 -2.360911569255152
365 -1.459033666694629
366 -3.4263674021402926
367 -2.7220992244458575
368 0.5110684091344285
369 -0.6536083646719497
370 0.30002348776405796
371 -0.274257751472037
372 1.3320621482462143
373 -0.28379892394428907
374 0.3704935679872127
375 1.7721907750303163
376 -1.8981175949942228
377 -1.65738564683304
378 1.2289607704646075
379 1.9783234967103331
380 0.6678841455542617
381 -0.9267949674833087
382 -1.0552550311025384
383 -1.1854338322579832
384 1.713619100550606
385 0.9377358029584026
386 -0.6310238212107353
387 -2.096892821985341
388 -1.6454784849363486
389 0.4757391844467077
390 -1.08018084631293
391 -4.646330064854008
392 -4.646962959386816
393 -4.46998247031151
394 -3.0890494355592604
395 -2.499544547882894
396 -1.7455635528307774
397 -4.280002577734008
398 -2.427269788000513
399 0.5335764803997134
400 -0.5033527152392566
401 0.9079413181958755
402 0.1822500225874068
403 1.074970121693293
404 -0.1901655646198594
405 1.2890084125042662
406 2.889217175828831
407 -0.8509273259591034
408 -1.4286326989286011
409 1.1665770919002045
410 2.77137162023018
411 1.16233047038254
412 -0.6200590289121308
413 -0.8783355730936954
414 -0.5024005819061338
415 2.1846052341244238
416 1.1082740494177488
417 -0.7681939849070996
418 -2.104168943604774
419 -1.6564558059521535
420 0.6268672735603646
421 -4.648761327658379
422 -4.647873997786082
423 -4.619995297943672
424 -4.036638727204384
425 -2.674926626249795
426 -2.1873485718713717
427 -2.036749921043224
428 -4.52702682018511
429 -1.9865672742727285
430 0.5565545186404479
431 -0.24215553846708182
432 1.179870770971156
433 0.5802798649241457
434 0.2154776272935382
435 0.02162307526474233
436 1.996559487857428
437 3.3958032978029733
438 -0.061242346005692255
439 -1.095793021220085
440 1.5275416521290541
441 3.3671887458726113
442 2.0614233794310564
443 -0.21863633799436422
444 -0.48228881591912803
445 0.5377952766578602
446 2.3669052912942794
447 1.4743258063866718
448 -0.9320593200041514
449 -2.1780783626549693
450 -1.5426088316730495
451 -4.649034497827734
452 -4.648457501533739
453 -4.6496543263973455
454 -4.476479503579996
455 -3.49071653618814
456 -2.6084253821734222
457 -1.7197499372120473
458 -2.1241482267034724
459 -4.222911050004502
460 -1.503203432186879
461 0.607574422163779
462 0.0464382266711737
463 1.1139239764163507
464 0.9108321254429782
465 -0.6692705093512258
466 0.24999263791273652
467 2.6341037397360303
468 3.583898530502768
469 0.4228381683240145
470 -0.6361250809580415
471 2.1295136396392524
472 3.598272416229137
473 3.0493197632523468
474 0.5130006014238121
475 0.26982161456453324
476 1.4133941991548924
477 2.336846644449099
478 1.827032375125543
479 -1.1364408218656834
480 -2.284963211990251
481 -4.649691158931649
482 -4.652906113804756
483 -4.65224392766243
484 -4.609603702467705
485 -4.183846967215809
486 -3.0219740488591316
487 -2.571445775996978
488 -1.5134071733503818
489 -2.286198872361021
490 -3.7128057300184647
491 -1.0447011032347517
492 0.6980971875452884
493 0.26589512085379396
494 0.8718031210538073
495 1.0952231949582742
496 -1.2360461385651271
497 0.4419376618595625
498 3.2011830938289147
499 3.8197490512894485
500 0.740310264240001
501 -0.15529899210217216
502 2.6919909610659287
503 3.568740437074057
504 3.6525939704028607
505 1.254271381964986
506 0.9909597060421602
507 1.8290424852694294
508 2.285906462670877
509 2.0252580501911144
510 -1.3590157111037615
