evaluations raw_y
1 8.0
2 8.0
3 7.674063654940704
4 477.78292519364436
5 10.510100670251152
6 7.796533889314682
7 7.772273926163615
8 7.769340805310945
9 7.961763361354203
10 7.771148926667509
11 7.600015564171783
12 7.630383119274791
13 7.6000016662733945
14 7.600001656221818
15 7.600001650392195
16 7.600001650392194
17 7.600001650392194
18 7.600001650392194
19 7.600001650392194
20 7.600001650392194
21 7.600001650392194
22 7.600001650392194
23 7.600001650392194
24 7.274065467302869
25 477.4883549114686
26 10.023653249417801
27 7.033010294418407
28 7.2634885258156485
29 7.437686611900654
30 6.967384772728054
31 6.990865653992528
32 6.896467696932998
33 6.915644479927651
34 6.896383459990259
35 6.896355127114182
36 6.896355118545363
37 6.89635511851292
38 6.896355118512918
39 6.896355118512918
40 6.896355118512918
41 6.896355118512918
42 6.896355118512918
43 6.896355118512918
44 6.896355118512919
45 6.896355118512918
46 6.591403464398743
47 476.94877993961046
48 9.767432958061747
49 6.17728579689983
50 6.46545046028687
51 6.582259846784385
52 6.064295774933949
53 6.0362452806552165
54 6.026684281651671
55 6.026694310777847
56 6.026673070893198
57 6.026673070518885
58 6.026673070516191
59 6.02667307051619
60 6.026673070516193
61 6.026673070516191
62 6.02667307051619
63 6.026673070516191
64 6.026673070516191
65 6.026673070516191
66 6.026673070516191
67 6.02667307051619
68 6.026673070516191
69 6.026673070516191
70 6.026673070516191
71 6.026673070516191
72 6.026673070516192
73 6.02667307051619
74 5.7430480283120975
75 476.33368362310506
76 9.345234858728727
77 5.156386421798587
78 5.225761885693746
79 5.561655343119709
80 5.05039198644781
81 4.9919585177816685
82 4.991591144720829
83 4.991557559272437
84 4.991555360417706
85 4.9915553603083165
86 4.991555360307153
87 4.991555360307153
88 4.991555360307153
89 4.991555360307154
90 4.991555360307153
91 4.991555360307153
92 4.991555360307153
93 4.991555360307153
94 4.991555360307153
95 4.729586430366382
96 475.63028849361524
97 8.757247689834895
98 3.9708694155256876
99 3.838991768148257
100 4.400185716696813
101 3.870570922058681
102 3.7916798515409456
103 3.7916778751000493
104 3.7915823876504895
105 3.7984168702356795
106 3.791582321082598
107 3.791582320888287
108 3.7915823208881863
109 3.7915823208881854
110 3.7915823208881934
111 3.7915823208881867
112 3.7915823208881863
113 3.791582320888185
114 3.791582320888186
115 3.7915823208881854
116 3.7915823208881854
117 3.7915823208881854
118 3.791582320888185
119 3.7915823208881854
120 3.7915823208881854
121 3.791582320888186
122 3.7915823208881854
123 30.28941169459964
124 3.791582320888185
125 33.57122530850864
126 5.019913266833199
127 5.661956836927553
128 3.6996752196155525
129 3.811977112499669
130 5.819131457526332
131 4.330452232486887
132 3.766481254789832
133 3.7156187062802744
134 3.6686925774897503
135 3.6248706201935605
136 3.635321270763776
137 3.6245791750292895
138 3.6245561397959056
139 3.624556042871945
140 3.6245560425773133
141 3.6245560425772507
142 3.6245560425772503
143 3.6245560425772547
144 3.6245560425772516
145 3.624556042577251
146 3.6245560425772503
147 3.6245560425772507
148 3.6245560425772503
149 3.6245560425772507
150 3.6245560425772503
151 3.6245560425772507
152 3.6245560425772503
153 3.6245560425772503
154 3.6245560425772507
155 3.6245560425772503
156 4.66181872631006
157 4.145469993352152
158 4.901030905589706
159 3.5128522431818405
160 3.571073468529872
161 3.2174925240016474
162 3.0995155044681892
163 3.539845925733512
164 2.720666042344594
165 2.691427276681831
166 2.737280685464996
167 2.690730983559093
168 2.690731056252364
169 2.6907309280244287
170 2.6907309280243976
171 2.6907309280243976
172 2.6907309280243976
173 2.6907309280243976
174 2.6907309280243976
175 2.6907309280243976
176 4.0293825213419785
177 3.7562256184414604
178 4.2592309535180926
179 3.2695785750838207
180 2.688528654893381
181 2.7926770946413035
182 2.7010198276351454
183 2.6880484110104996
184 2.6880483960940227
185 2.6880483896793104
186 2.6880483896793055
187 2.6880483896793055
188 2.688048389679305
189 2.688048389679305
190 2.688048389679305
191 2.6880483896793055
192 2.688048389679305
193 2.688048389679305
194 2.688048389679305
195 2.688048389679305
196 4.672590832272425
197 4.0638260424431465
198 4.250415803779512
199 3.6540571878931654
200 2.8540901069073796
201 3.01819397263196
202 2.6878312787378205
203 2.687805980933569
204 2.6877980210553316
205 2.6877980210457277
206 2.687798021042588
207 2.687798021042588
208 2.687798021042588
209 2.687798021042588
210 2.687798021042588
211 2.687798021042588
212 5.362537601537125
213 4.381008824133553
214 4.2421077864687105
215 4.037272005207091
216 3.002081960841899
217 2.9192997091920576
218 2.693437774104601
219 2.6874212867001117
220 2.6874208925018466
221 2.68742081519261
222 2.687420815183834
223 2.6874208151838337
224 2.6874208151838332
225 2.6874208151838337
226 2.6874208151838332
227 2.6874208151838332
228 2.6874208151838332
229 2.6874208151838332
230 2.6874208151838332
231 2.6874208151838332
232 2.6874208151838337
233 39.32048945545517
234 2.6874208151838332
235 191.7828214591886
236 5.037162625563652
237 3.988490731542769
238 10.616360798982635
239 2.8019250734252874
240 2.74639806086925
241 3.87055572668481
242 3.284433825559824
243 2.8999990871044
244 2.816089817635498
245 2.734643438255942
246 2.704073103350843
247 2.6872660411453433
248 2.687235279370406
249 2.6872352156424517
250 2.68723521547623
251 2.6872352154761874
252 2.687235215476188
253 2.687235215476192
254 2.687235215476188
255 2.687235215476188
256 2.6872352154761874
257 2.687235215476188
258 2.687235215476188
259 2.687235215476188
260 2.687235215476188
261 2.6872352154761883
262 2.6872352154761883
263 2.687235215476188
264 2.6872352154761874
265 120.33695528934027
266 4.438530855010134
267 3.7720717679593614
268 7.108691207477738
269 3.5312187574030025
270 3.3189109998983923
271 2.9501240054440387
272 2.979672914574767
273 2.6877612530317676
274 2.6872416479681496
275 2.6872352141629854
276 2.6872352141601583
277 2.6872352141601574
278 2.687235214160194
279 2.6872352141601636
280 2.6872352141601588
281 2.687235214160158
282 2.687235214160158
283 2.687235214160158
284 2.687235214160158
285 2.687235214160158
286 2.6872352141601583
287 2.6872352141601583
288 2.6872352141601574
289 4.084107007346904
290 3.7569984777675134
291 4.273883364673248
292 3.2275938383959772
293 2.697052860391677
294 3.401908700712004
295 3.3566341056426507
296 2.923412197497423
297 2.6873519880190115
298 2.6872352142352254
299 2.687235214143423
300 2.6872352141434233
301 2.687235214143424
302 2.6872352141434233
303 2.6872352141434233
304 2.6872352141434233
305 2.6872352141434233
306 2.6872352141434233
307 2.6872352141434233
308 2.687235214143423
309 2.6872352141434233
310 2.687235214143423
311 4.631435245397098
312 4.060358003068841
313 4.255577475955798
314 3.6417412612416498
315 2.8352440391162492
316 3.010773809720181
317 2.687248385485491
318 2.687235382259823
319 2.687235209067247
320 2.687235209067227
321 2.6872352090672273
322 2.6872352090672282
323 2.687235209067228
324 2.6872352090672273
325 2.687235209067228
326 2.6872352090672273
327 2.687235209067228
328 2.6872352090672273
329 2.687235209067227
330 5.473920087998918
331 4.377518030018838
332 4.234454195623971
333 4.049518762761678
334 3.0187046893378224
335 2.909992286460825
336 2.694240611879308
337 2.68723640602327
338 2.687235209178694
339 2.6872352088511358
340 2.687235208851136
341 2.6872352088511375
342 2.687235208851136
343 2.6872352088511358
344 2.6872352088511358
345 2.687235208851136
346 2.6872352088511358
347 2.6872352088511358
348 2.6872352088511358
349 2.6872352088511358
350 2.6872352088511358
351 2.687422352420038
352 2.6872352088511358
353 192.37023412612663
354 5.039625051158186
355 3.9813598101535677
356 10.647649863386114
357 2.7989942233086733
358 2.7398256036199466
359 3.8888728480725616
360 3.291416896531704
361 2.8980963965924147
362 2.82562079600557
363 2.7308885606586095
364 2.707879610815974
365 2.6872689493277786
366 2.687235215226525
367 2.687235208851129
368 2.687235208851124
369 2.687235208851124
370 2.687235208851124
371 2.687235208851124
372 2.687235208851124
373 120.33792723717113
374 4.438530652792039
375 3.772078060288111
376 7.10874744788442
377 3.5312294687915085
378 3.3189558357930196
379 2.9501328110806413
380 2.979664629389183
381 2.687761063056863
382 2.6872416605846303
383 2.687235208853886
384 2.687235208851123
385 2.687235208851123
386 2.6872352088511233
387 2.6872361500927484
388 2.6872352088511233
389 2.687235208851123
390 2.687235208851123
391 2.687235208851123
392 2.6872352088511233
393 2.687235208851123
394 2.687235208851123
395 4.0841152619150565
396 3.7570124223287578
397 4.273883173332659
398 3.2275919976117344
399 2.697054267893776
400 3.4019073130389845
401 3.35670286354959
402 2.9235054018682005
403 2.6873521196767376
404 2.6872352089429064
405 2.6872352088510496
406 2.687235208851049
407 2.6872352088510576
408 2.6872352088510505
409 2.687235208851049
410 2.6872352088510496
411 2.6872352088510496
412 2.6872352088510496
413 2.6872352088510487
414 2.6872352088510496
415 2.687235208851049
416 2.687235208851049
417 2.6872352088510496
418 2.6872352088510496
419 2.687235208851049
420 2.6872352088510487
421 4.631253920614428
422 4.060359278925959
423 4.255601476075682
424 3.6416899818384953
425 2.8351639409053817
426 3.010735053443393
427 2.687248330522791
428 2.687235374510722
429 2.687235208851071
430 2.687235208851045
431 2.687235208851045
432 2.687235208851045
433 2.687235208851045
434 2.687235208851045
435 2.687235208851045
436 2.6872352088510456
437 2.687235208851045
438 2.687235208851045
439 2.6872352088510456
440 2.687235208851045
441 2.687235208851045
442 5.474000670172571
443 4.377514621019972
444 4.234448429754064
445 4.04952814805765
446 3.01871729254993
447 2.909984680757182
448 2.694241369236518
449 2.687236406889536
450 2.6872352091879965
451 2.6872352088510447
452 2.6872352088510483
453 2.6872352088510456
454 2.6872352088510456
455 2.6872352088510456
456 2.687235208851045
457 2.687235208851045
458 2.687235208851045
459 2.6872352088510447
460 2.687235208851045
461 2.6872352088511455
462 2.6872352088510447
463 192.37023885929648
464 5.039625107242376
465 3.981359747014706
466 10.647650111550472
467 2.7989941983427116
468 2.739825536819015
469 3.8888729942570732
470 3.2914169511266307
471 2.8980963851787065
472 2.825620873427112
473 2.73088853228123
474 2.7078796428658207
475 2.687268949341895
476 2.6872352152262224
477 2.6872352088510496
478 2.6872352088510447
479 2.687235208851045
480 2.6872352088510456
481 2.687235208851045
482 2.687235208851045
483 2.687235208851045
484 2.687235208851045
485 2.6872352088510447
486 2.6872352088510447
487 2.6872352088510447
488 2.6872352088510447
489 120.33792628926975
490 4.438530656292242
491 3.7720780580120805
492 7.108747391626711
493 3.5312294602434484
494 3.3189557913502172
495 2.9501327996482725
496 2.979664637271354
497 2.6877610632539035
498 2.6872416605668366
499 2.687235208853808
500 2.687235208851045
evaluations raw_y
1 8.0
2 8.0
3 7.674063654940704
4 477.78292519364436
5 10.510100670251152
6 7.796533889314682
7 7.772273926163615
8 7.769340805310945
9 7.961763361354203
10 7.771148926667509
11 7.600015564171783
12 7.630383119274791
13 7.6000016662733945
14 7.600001656221818
15 7.600001650392195
16 7.600001650392194
17 7.600001650392194
18 7.600001650392194
19 7.600001650392194
20 7.600001650392194
21 7.600001650392194
22 7.600001650392194
23 7.600001650392194
24 7.274065467302869
25 477.4883549114686
26 10.023653249417801
27 7.033010294418407
28 7.2634885258156485
29 7.437686611900654
30 6.967384772728054
31 6.990865653992528
32 6.896467696932998
33 6.915644479927651
34 6.896383459990259
35 6.896355127114182
36 6.896355118545363
37 6.89635511851292
38 6.896355118512918
39 6.896355118512918
40 6.896355118512918
41 6.896355118512918
42 6.896355118512918
43 6.896355118512918
44 6.896355118512919
45 6.896355118512918
46 6.591403464398743
47 476.94877993961046
48 9.767432958061747
49 6.17728579689983
50 6.46545046028687
51 6.582259846784385
52 6.064295774933949
53 6.0362452806552165
54 6.026684281651671
55 6.026694310777847
56 6.026673070893198
57 6.026673070518885
58 6.026673070516191
59 6.02667307051619
60 6.026673070516193
61 6.026673070516191
62 6.02667307051619
63 6.026673070516191
64 6.026673070516191
65 6.026673070516191
66 6.026673070516191
67 6.02667307051619
68 6.026673070516191
69 6.026673070516191
70 6.026673070516191
71 6.026673070516191
72 6.026673070516192
73 6.02667307051619
74 5.7430480283120975
75 476.33368362310506
76 9.345234858728727
77 5.156386421798587
78 5.225761885693746
79 5.561655343119709
80 5.05039198644781
81 4.9919585177816685
82 4.991591144720829
83 4.991557559272437
84 4.991555360417706
85 4.9915553603083165
86 4.991555360307153
87 4.991555360307153
88 4.991555360307153
89 4.991555360307154
90 4.991555360307153
91 4.991555360307153
92 4.991555360307153
93 4.991555360307153
94 4.991555360307153
95 4.729586430366382
96 475.63028849361524
97 8.757247689834895
98 3.9708694155256876
99 3.838991768148257
100 4.400185716696813
101 3.870570922058681
102 3.7916798515409456
103 3.7916778751000493
104 3.7915823876504895
105 3.7984168702356795
106 3.791582321082598
107 3.791582320888287
108 3.7915823208881863
109 3.7915823208881854
110 3.7915823208881934
111 3.7915823208881867
112 3.7915823208881863
113 3.791582320888185
114 3.791582320888186
115 3.7915823208881854
116 3.7915823208881854
117 3.7915823208881854
118 3.791582320888185
119 3.7915823208881854
120 3.7915823208881854
121 3.791582320888186
122 3.7915823208881854
123 30.28941169459964
124 3.791582320888185
125 33.57122530850864
126 5.019913266833199
127 5.661956836927553
128 3.6996752196155525
129 3.811977112499669
130 5.819131457526332
131 4.330452232486887
132 3.766481254789832
133 3.7156187062802744
134 3.6686925774897503
135 3.6248706201935605
136 3.635321270763776
137 3.6245791750292895
138 3.6245561397959056
139 3.624556042871945
140 3.6245560425773133
141 3.6245560425772507
142 3.6245560425772503
143 3.6245560425772547
144 3.6245560425772516
145 3.624556042577251
146 3.6245560425772503
147 3.6245560425772507
148 3.6245560425772503
149 3.6245560425772507
150 3.6245560425772503
151 3.6245560425772507
152 3.6245560425772503
153 3.6245560425772503
154 3.6245560425772507
155 3.6245560425772503
156 4.66181872631006
157 4.145469993352152
158 4.901030905589706
159 3.5128522431818405
160 3.571073468529872
161 3.2174925240016474
162 3.0995155044681892
163 3.539845925733512
164 2.720666042344594
165 2.691427276681831
166 2.737280685464996
167 2.690730983559093
168 2.690731056252364
169 2.6907309280244287
170 2.6907309280243976
171 2.6907309280243976
172 2.6907309280243976
173 2.6907309280243976
174 2.6907309280243976
175 2.6907309280243976
176 4.0293825213419785
177 3.7562256184414604
178 4.2592309535180926
179 3.2695785750838207
180 2.688528654893381
181 2.7926770946413035
182 2.7010198276351454
183 2.6880484110104996
184 2.6880483960940227
185 2.6880483896793104
186 2.6880483896793055
187 2.6880483896793055
188 2.688048389679305
189 2.688048389679305
190 2.688048389679305
191 2.6880483896793055
192 2.688048389679305
193 2.688048389679305
194 2.688048389679305
195 2.688048389679305
196 4.672590832272425
197 4.0638260424431465
198 4.250415803779512
199 3.6540571878931654
200 2.8540901069073796
201 3.01819397263196
202 2.6878312787378205
203 2.687805980933569
204 2.6877980210553316
205 2.6877980210457277
206 2.687798021042588
207 2.687798021042588
208 2.687798021042588
209 2.687798021042588
210 2.687798021042588
211 2.687798021042588
212 5.362537601537125
213 4.381008824133553
214 4.2421077864687105
215 4.037272005207091
216 3.002081960841899
217 2.9192997091920576
218 2.693437774104601
219 2.6874212867001117
220 2.6874208925018466
221 2.68742081519261
222 2.687420815183834
223 2.6874208151838337
224 2.6874208151838332
225 2.6874208151838337
226 2.6874208151838332
227 2.6874208151838332
228 2.6874208151838332
229 2.6874208151838332
230 2.6874208151838332
231 2.6874208151838332
232 2.6874208151838337
233 39.32048945545517
234 2.6874208151838332
235 191.7828214591886
236 5.037162625563652
237 3.988490731542769
238 10.616360798982635
239 2.8019250734252874
240 2.74639806086925
241 3.87055572668481
242 3.284433825559824
243 2.8999990871044
244 2.816089817635498
245 2.734643438255942
246 2.704073103350843
247 2.6872660411453433
248 2.687235279370406
249 2.6872352156424517
250 2.68723521547623
251 2.6872352154761874
252 2.687235215476188
253 2.687235215476192
254 2.687235215476188
255 2.687235215476188
256 2.6872352154761874
257 2.687235215476188
258 2.687235215476188
259 2.687235215476188
260 2.687235215476188
261 2.6872352154761883
262 2.6872352154761883
263 2.687235215476188
264 2.6872352154761874
265 120.33695528934027
266 4.438530855010134
267 3.7720717679593614
268 7.108691207477738
269 3.5312187574030025
270 3.3189109998983923
271 2.9501240054440387
272 2.979672914574767
273 2.6877612530317676
274 2.6872416479681496
275 2.6872352141629854
276 2.6872352141601583
277 2.6872352141601574
278 2.687235214160194
279 2.6872352141601636
280 2.6872352141601588
281 2.687235214160158
282 2.687235214160158
283 2.687235214160158
284 2.687235214160158
285 2.687235214160158
286 2.6872352141601583
287 2.6872352141601583
288 2.6872352141601574
289 4.084107007346904
290 3.7569984777675134
291 4.273883364673248
292 3.2275938383959772
293 2.697052860391677
294 3.401908700712004
295 3.3566341056426507
296 2.923412197497423
297 2.6873519880190115
298 2.6872352142352254
299 2.687235214143423
300 2.6872352141434233
301 2.687235214143424
302 2.6872352141434233
303 2.6872352141434233
304 2.6872352141434233
305 2.6872352141434233
306 2.6872352141434233
307 2.6872352141434233
308 2.687235214143423
309 2.6872352141434233
310 2.687235214143423
311 4.631435245397098
312 4.060358003068841
313 4.255577475955798
314 3.6417412612416498
315 2.8352440391162492
316 3.010773809720181
317 2.687248385485491
318 2.687235382259823
319 2.687235209067247
320 2.687235209067227
321 2.6872352090672273
322 2.6872352090672282
323 2.687235209067228
324 2.6872352090672273
325 2.687235209067228
326 2.6872352090672273
327 2.687235209067228
328 2.6872352090672273
329 2.687235209067227
330 5.473920087998918
331 4.377518030018838
332 4.234454195623971
333 4.049518762761678
334 3.0187046893378224
335 2.909992286460825
336 2.694240611879308
337 2.68723640602327
338 2.687235209178694
339 2.6872352088511358
340 2.687235208851136
341 2.6872352088511375
342 2.687235208851136
343 2.6872352088511358
344 2.6872352088511358
345 2.687235208851136
346 2.6872352088511358
347 2.6872352088511358
348 2.6872352088511358
349 2.6872352088511358
350 2.6872352088511358
351 2.687422352420038
352 2.6872352088511358
353 192.37023412612663
354 5.039625051158186
355 3.9813598101535677
356 10.647649863386114
357 2.7989942233086733
358 2.7398256036199466
359 3.8888728480725616
360 3.291416896531704
361 2.8980963965924147
362 2.82562079600557
363 2.7308885606586095
364 2.707879610815974
365 2.6872689493277786
366 2.687235215226525
367 2.687235208851129
368 2.687235208851124
369 2.687235208851124
370 2.687235208851124
371 2.687235208851124
372 2.687235208851124
373 120.33792723717113
374 4.438530652792039
375 3.772078060288111
376 7.10874744788442
377 3.5312294687915085
378 3.3189558357930196
379 2.9501328110806413
380 2.979664629389183
381 2.687761063056863
382 2.6872416605846303
383 2.687235208853886
384 2.687235208851123
385 2.687235208851123
386 2.6872352088511233
387 2.6872361500927484
388 2.6872352088511233
389 2.687235208851123
390 2.687235208851123
391 2.687235208851123
392 2.6872352088511233
393 2.687235208851123
394 2.687235208851123
395 4.0841152619150565
396 3.7570124223287578
397 4.273883173332659
398 3.2275919976117344
399 2.697054267893776
400 3.4019073130389845
401 3.35670286354959
402 2.9235054018682005
403 2.6873521196767376
404 2.6872352089429064
405 2.6872352088510496
406 2.687235208851049
407 2.6872352088510576
408 2.6872352088510505
409 2.687235208851049
410 2.6872352088510496
411 2.6872352088510496
412 2.6872352088510496
413 2.6872352088510487
414 2.6872352088510496
415 2.687235208851049
416 2.687235208851049
417 2.6872352088510496
418 2.6872352088510496
419 2.687235208851049
420 2.6872352088510487
421 4.631253920614428
422 4.060359278925959
423 4.255601476075682
424 3.6416899818384953
425 2.8351639409053817
426 3.010735053443393
427 2.687248330522791
428 2.687235374510722
429 2.687235208851071
430 2.687235208851045
431 2.687235208851045
432 2.687235208851045
433 2.687235208851045
434 2.687235208851045
435 2.687235208851045
436 2.6872352088510456
437 2.687235208851045
438 2.687235208851045
439 2.6872352088510456
440 2.687235208851045
441 2.687235208851045
442 5.474000670172571
443 4.377514621019972
444 4.234448429754064
445 4.04952814805765
446 3.01871729254993
447 2.909984680757182
448 2.694241369236518
449 2.687236406889536
450 2.6872352091879965
451 2.6872352088510447
452 2.6872352088510483
453 2.6872352088510456
454 2.6872352088510456
455 2.6872352088510456
456 2.687235208851045
457 2.687235208851045
458 2.687235208851045
459 2.6872352088510447
460 2.687235208851045
461 2.6872352088511455
462 2.6872352088510447
463 192.37023885929648
464 5.039625107242376
465 3.981359747014706
466 10.647650111550472
467 2.7989941983427116
468 2.739825536819015
469 3.8888729942570732
470 3.2914169511266307
471 2.8980963851787065
472 2.825620873427112
473 2.73088853228123
474 2.7078796428658207
475 2.687268949341895
476 2.6872352152262224
477 2.6872352088510496
478 2.6872352088510447
479 2.687235208851045
480 2.6872352088510456
481 2.687235208851045
482 2.687235208851045
483 2.687235208851045
484 2.687235208851045
485 2.6872352088510447
486 2.6872352088510447
487 2.6872352088510447
488 2.6872352088510447
489 120.33792628926975
490 4.438530656292242
491 3.7720780580120805
492 7.108747391626711
493 3.5312294602434484
494 3.3189557913502172
495 2.9501327996482725
496 2.979664637271354
497 2.6877610632539035
498 2.6872416605668366
499 2.687235208853808
500 2.687235208851045
evaluations raw_y
1 8.0
2 8.0
3 7.674063654940704
4 477.78292519364436
5 10.510100670251152
6 7.796533889314682
7 7.772273926163615
8 7.769340805310945
9 7.961763361354203
10 7.771148926667509
11 7.600015564171783
12 7.630383119274791
13 7.6000016662733945
14 7.600001656221818
15 7.600001650392195
16 7.600001650392194
17 7.600001650392194
18 7.600001650392194
19 7.600001650392194
20 7.600001650392194
21 7.600001650392194
22 7.600001650392194
23 7.600001650392194
24 7.274065467302869
25 477.4883549114686
26 10.023653249417801
27 7.033010294418407
28 7.2634885258156485
29 7.437686611900654
30 6.967384772728054
31 6.990865653992528
32 6.896467696932998
33 6.915644479927651
34 6.896383459990259
35 6.896355127114182
36 6.896355118545363
37 6.89635511851292
38 6.896355118512918
39 6.896355118512918
40 6.896355118512918
41 6.896355118512918
42 6.896355118512918
43 6.896355118512918
44 6.896355118512919
45 6.896355118512918
46 6.591403464398743
47 476.94877993961046
48 9.767432958061747
49 6.17728579689983
50 6.46545046028687
51 6.582259846784385
52 6.064295774933949
53 6.0362452806552165
54 6.026684281651671
55 6.026694310777847
56 6.026673070893198
57 6.026673070518885
58 6.026673070516191
59 6.02667307051619
60 6.026673070516193
61 6.026673070516191
62 6.02667307051619
63 6.026673070516191
64 6.026673070516191
65 6.026673070516191
66 6.026673070516191
67 6.02667307051619
68 6.026673070516191
69 6.026673070516191
70 6.026673070516191
71 6.026673070516191
72 6.026673070516192
73 6.02667307051619
74 5.7430480283120975
75 476.33368362310506
76 9.345234858728727
77 5.156386421798587
78 5.225761885693746
79 5.561655343119709
80 5.05039198644781
81 4.9919585177816685
82 4.991591144720829
83 4.991557559272437
84 4.991555360417706
85 4.9915553603083165
86 4.991555360307153
87 4.991555360307153
88 4.991555360307153
89 4.991555360307154
90 4.991555360307153
91 4.991555360307153
92 4.991555360307153
93 4.991555360307153
94 4.991555360307153
95 4.729586430366382
96 475.63028849361524
97 8.757247689834895
98 3.9708694155256876
99 3.838991768148257
100 4.400185716696813
101 3.870570922058681
102 3.7916798515409456
103 3.7916778751000493
104 3.7915823876504895
105 3.7984168702356795
106 3.791582321082598
107 3.791582320888287
108 3.7915823208881863
109 3.7915823208881854
110 3.7915823208881934
111 3.7915823208881867
112 3.7915823208881863
113 3.791582320888185
114 3.791582320888186
115 3.7915823208881854
116 3.7915823208881854
117 3.7915823208881854
118 3.791582320888185
119 3.7915823208881854
120 3.7915823208881854
121 3.791582320888186
122 3.7915823208881854
123 30.28941169459964
124 3.791582320888185
125 33.57122530850864
126 5.019913266833199
127 5.661956836927553
128 3.6996752196155525
129 3.811977112499669
130 5.819131457526332
131 4.330452232486887
132 3.766481254789832
133 3.7156187062802744
134 3.6686925774897503
135 3.6248706201935605
136 3.635321270763776
137 3.6245791750292895
138 3.6245561397959056
139 3.624556042871945
140 3.6245560425773133
141 3.6245560425772507
142 3.6245560425772503
143 3.6245560425772547
144 3.6245560425772516
145 3.624556042577251
146 3.6245560425772503
147 3.6245560425772507
148 3.6245560425772503
149 3.6245560425772507
150 3.6245560425772503
151 3.6245560425772507
152 3.6245560425772503
153 3.6245560425772503
154 3.6245560425772507
155 3.6245560425772503
156 4.66181872631006
157 4.145469993352152
158 4.901030905589706
159 3.5128522431818405
160 3.571073468529872
161 3.2174925240016474
162 3.0995155044681892
163 3.539845925733512
164 2.720666042344594
165 2.691427276681831
166 2.737280685464996
167 2.690730983559093
168 2.690731056252364
169 2.6907309280244287
170 2.6907309280243976
171 2.6907309280243976
172 2.6907309280243976
173 2.6907309280243976
174 2.6907309280243976
175 2.6907309280243976
176 4.0293825213419785
177 3.7562256184414604
178 4.2592309535180926
179 3.2695785750838207
180 2.688528654893381
181 2.7926770946413035
182 2.7010198276351454
183 2.6880484110104996
184 2.6880483960940227
185 2.6880483896793104
186 2.6880483896793055
187 2.6880483896793055
188 2.688048389679305
189 2.688048389679305
190 2.688048389679305
191 2.6880483896793055
192 2.688048389679305
193 2.688048389679305
194 2.688048389679305
195 2.688048389679305
196 4.672590832272425
197 4.0638260424431465
198 4.250415803779512
199 3.6540571878931654
200 2.8540901069073796
201 3.01819397263196
202 2.6878312787378205
203 2.687805980933569
204 2.6877980210553316
205 2.6877980210457277
206 2.687798021042588
207 2.687798021042588
208 2.687798021042588
209 2.687798021042588
210 2.687798021042588
211 2.687798021042588
212 5.362537601537125
213 4.381008824133553
214 4.2421077864687105
215 4.037272005207091
216 3.002081960841899
217 2.9192997091920576
218 2.693437774104601
219 2.6874212867001117
220 2.6874208925018466
221 2.68742081519261
222 2.687420815183834
223 2.6874208151838337
224 2.6874208151838332
225 2.6874208151838337
226 2.6874208151838332
227 2.6874208151838332
228 2.6874208151838332
229 2.6874208151838332
230 2.6874208151838332
231 2.6874208151838332
232 2.6874208151838337
233 39.32048945545517
234 2.6874208151838332
235 191.7828214591886
236 5.037162625563652
237 3.988490731542769
238 10.616360798982635
239 2.8019250734252874
240 2.74639806086925
241 3.87055572668481
242 3.284433825559824
243 2.8999990871044
244 2.816089817635498
245 2.734643438255942
246 2.704073103350843
247 2.6872660411453433
248 2.687235279370406
249 2.6872352156424517
250 2.68723521547623
251 2.6872352154761874
252 2.687235215476188
253 2.687235215476192
254 2.687235215476188
255 2.687235215476188
256 2.6872352154761874
257 2.687235215476188
258 2.687235215476188
259 2.687235215476188
260 2.687235215476188
261 2.6872352154761883
262 2.6872352154761883
263 2.687235215476188
264 2.6872352154761874
265 120.33695528934027
266 4.438530855010134
267 3.7720717679593614
268 7.108691207477738
269 3.5312187574030025
270 3.3189109998983923
271 2.9501240054440387
272 2.979672914574767
273 2.6877612530317676
274 2.6872416479681496
275 2.6872352141629854
276 2.6872352141601583
277 2.6872352141601574
278 2.687235214160194
279 2.6872352141601636
280 2.6872352141601588
281 2.687235214160158
282 2.687235214160158
283 2.687235214160158
284 2.687235214160158
285 2.687235214160158
286 2.6872352141601583
287 2.6872352141601583
288 2.6872352141601574
289 4.084107007346904
290 3.7569984777675134
291 4.273883364673248
292 3.2275938383959772
293 2.697052860391677
294 3.401908700712004
295 3.3566341056426507
296 2.923412197497423
297 2.6873519880190115
298 2.6872352142352254
299 2.687235214143423
300 2.6872352141434233
301 2.687235214143424
302 2.6872352141434233
303 2.6872352141434233
304 2.6872352141434233
305 2.6872352141434233
306 2.6872352141434233
307 2.6872352141434233
308 2.687235214143423
309 2.6872352141434233
310 2.687235214143423
311 4.631435245397098
312 4.060358003068841
313 4.255577475955798
314 3.6417412612416498
315 2.8352440391162492
316 3.010773809720181
317 2.687248385485491
318 2.687235382259823
319 2.687235209067247
320 2.687235209067227
321 2.6872352090672273
322 2.6872352090672282
323 2.687235209067228
324 2.6872352090672273
325 2.687235209067228
326 2.6872352090672273
327 2.687235209067228
328 2.6872352090672273
329 2.687235209067227
330 5.473920087998918
331 4.377518030018838
332 4.234454195623971
333 4.049518762761678
334 3.0187046893378224
335 2.909992286460825
336 2.694240611879308
337 2.68723640602327
338 2.687235209178694
339 2.6872352088511358
340 2.687235208851136
341 2.6872352088511375
342 2.687235208851136
343 2.6872352088511358
344 2.6872352088511358
345 2.687235208851136
346 2.6872352088511358
347 2.6872352088511358
348 2.6872352088511358
349 2.6872352088511358
350 2.6872352088511358
351 2.687422352420038
352 2.6872352088511358
353 192.37023412612663
354 5.039625051158186
355 3.9813598101535677
356 10.647649863386114
357 2.7989942233086733
358 2.7398256036199466
359 3.8888728480725616
360 3.291416896531704
361 2.8980963965924147
362 2.82562079600557
363 2.7308885606586095
364 2.707879610815974
365 2.6872689493277786
366 2.687235215226525
367 2.687235208851129
368 2.687235208851124
369 2.687235208851124
370 2.687235208851124
371 2.687235208851124
372 2.687235208851124
373 120.33792723717113
374 4.438530652792039
375 3.772078060288111
376 7.10874744788442
377 3.5312294687915085
378 3.3189558357930196
379 2.9501328110806413
380 2.979664629389183
381 2.687761063056863
382 2.6872416605846303
383 2.687235208853886
384 2.687235208851123
385 2.687235208851123
386 2.6872352088511233
387 2.6872361500927484
388 2.6872352088511233
389 2.687235208851123
390 2.687235208851123
391 2.687235208851123
392 2.6872352088511233
393 2.687235208851123
394 2.687235208851123
395 4.0841152619150565
396 3.7570124223287578
397 4.273883173332659
398 3.2275919976117344
399 2.697054267893776
400 3.4019073130389845
401 3.35670286354959
402 2.9235054018682005
403 2.6873521196767376
404 2.6872352089429064
405 2.6872352088510496
406 2.687235208851049
407 2.6872352088510576
408 2.6872352088510505
409 2.687235208851049
410 2.6872352088510496
411 2.6872352088510496
412 2.6872352088510496
413 2.6872352088510487
414 2.6872352088510496
415 2.687235208851049
416 2.687235208851049
417 2.6872352088510496
418 2.6872352088510496
419 2.687235208851049
420 2.6872352088510487
421 4.631253920614428
422 4.060359278925959
423 4.255601476075682
424 3.6416899818384953
425 2.8351639409053817
426 3.010735053443393
427 2.687248330522791
428 2.687235374510722
429 2.687235208851071
430 2.687235208851045
431 2.687235208851045
432 2.687235208851045
433 2.687235208851045
434 2.687235208851045
435 2.687235208851045
436 2.6872352088510456
437 2.687235208851045
438 2.687235208851045
439 2.6872352088510456
440 2.687235208851045
441 2.687235208851045
442 5.474000670172571
443 4.377514621019972
444 4.234448429754064
445 4.04952814805765
446 3.01871729254993
447 2.909984680757182
448 2.694241369236518
449 2.687236406889536
450 2.6872352091879965
451 2.6872352088510447
452 2.6872352088510483
453 2.6872352088510456
454 2.6872352088510456
455 2.6872352088510456
456 2.687235208851045
457 2.687235208851045
458 2.687235208851045
459 2.6872352088510447
460 2.687235208851045
461 2.6872352088511455
462 2.6872352088510447
463 192.37023885929648
464 5.039625107242376
465 3.981359747014706
466 10.647650111550472
467 2.7989941983427116
468 2.739825536819015
469 3.8888729942570732
470 3.2914169511266307
471 2.8980963851787065
472 2.825620873427112
473 2.73088853228123
474 2.7078796428658207
475 2.687268949341895
476 2.6872352152262224
477 2.6872352088510496
478 2.6872352088510447
479 2.687235208851045
480 2.6872352088510456
481 2.687235208851045
482 2.687235208851045
483 2.687235208851045
484 2.687235208851045
485 2.6872352088510447
486 2.6872352088510447
487 2.6872352088510447
488 2.6872352088510447
489 120.33792628926975
490 4.438530656292242
491 3.7720780580120805
492 7.108747391626711
493 3.5312294602434484
494 3.3189557913502172
495 2.9501327996482725
496 2.979664637271354
497 2.6877610632539035
498 2.6872416605668366
499 2.687235208853808
500 2.687235208851045
evaluations raw_y
1 8.0
2 8.0
3 7.674063654940704
4 477.78292519364436
5 10.510100670251152
6 7.796533889314682
7 7.772273926163615
8 7.769340805310945
9 7.961763361354203
10 7.771148926667509
11 7.600015564171783
12 7.630383119274791
13 7.6000016662733945
14 7.600001656221818
15 7.600001650392195
16 7.600001650392194
17 7.600001650392194
18 7.600001650392194
19 7.600001650392194
20 7.600001650392194
21 7.600001650392194
22 7.600001650392194
23 7.600001650392194
24 7.274065467302869
25 477.4883549114686
26 10.023653249417801
27 7.033010294418407
28 7.2634885258156485
29 7.437686611900654
30 6.967384772728054
31 6.990865653992528
32 6.896467696932998
33 6.915644479927651
34 6.896383459990259
35 6.896355127114182
36 6.896355118545363
37 6.89635511851292
38 6.896355118512918
39 6.896355118512918
40 6.896355118512918
41 6.896355118512918
42 6.896355118512918
43 6.896355118512918
44 6.896355118512919
45 6.896355118512918
46 6.591403464398743
47 476.94877993961046
48 9.767432958061747
49 6.17728579689983
50 6.46545046028687
51 6.582259846784385
52 6.064295774933949
53 6.0362452806552165
54 6.026684281651671
55 6.026694310777847
56 6.026673070893198
57 6.026673070518885
58 6.026673070516191
59 6.02667307051619
60 6.026673070516193
61 6.026673070516191
62 6.02667307051619
63 6.026673070516191
64 6.026673070516191
65 6.026673070516191
66 6.026673070516191
67 6.02667307051619
68 6.026673070516191
69 6.026673070516191
70 6.026673070516191
71 6.026673070516191
72 6.026673070516192
73 6.02667307051619
74 5.7430480283120975
75 476.33368362310506
76 9.345234858728727
77 5.156386421798587
78 5.225761885693746
79 5.561655343119709
80 5.05039198644781
81 4.9919585177816685
82 4.991591144720829
83 4.991557559272437
84 4.991555360417706
85 4.9915553603083165
86 4.991555360307153
87 4.991555360307153
88 4.991555360307153
89 4.991555360307154
90 4.991555360307153
91 4.991555360307153
92 4.991555360307153
93 4.991555360307153
94 4.991555360307153
95 4.729586430366382
96 475.63028849361524
97 8.757247689834895
98 3.9708694155256876
99 3.838991768148257
100 4.400185716696813
101 3.870570922058681
102 3.7916798515409456
103 3.7916778751000493
104 3.7915823876504895
105 3.7984168702356795
106 3.791582321082598
107 3.791582320888287
108 3.7915823208881863
109 3.7915823208881854
110 3.7915823208881934
111 3.7915823208881867
112 3.7915823208881863
113 3.791582320888185
114 3.791582320888186
115 3.7915823208881854
116 3.7915823208881854
117 3.7915823208881854
118 3.791582320888185
119 3.7915823208881854
120 3.7915823208881854
121 3.791582320888186
122 3.7915823208881854
123 30.28941169459964
124 3.791582320888185
125 33.57122530850864
126 5.019913266833199
127 5.661956836927553
128 3.6996752196155525
129 3.811977112499669
130 5.819131457526332
131 4.330452232486887
132 3.766481254789832
133 3.7156187062802744
134 3.6686925774897503
135 3.6248706201935605
136 3.635321270763776
137 3.6245791750292895
138 3.6245561397959056
139 3.624556042871945
140 3.6245560425773133
141 3.6245560425772507
142 3.6245560425772503
143 3.6245560425772547
144 3.6245560425772516
145 3.624556042577251
146 3.6245560425772503
147 3.6245560425772507
148 3.6245560425772503
149 3.6245560425772507
150 3.6245560425772503
151 3.6245560425772507
152 3.6245560425772503
153 3.6245560425772503
154 3.6245560425772507
155 3.6245560425772503
156 4.66181872631006
157 4.145469993352152
158 4.901030905589706
159 3.5128522431818405
160 3.571073468529872
161 3.2174925240016474
162 3.0995155044681892
163 3.539845925733512
164 2.720666042344594
165 2.691427276681831
166 2.737280685464996
167 2.690730983559093
168 2.690731056252364
169 2.6907309280244287
170 2.6907309280243976
171 2.6907309280243976
172 2.6907309280243976
173 2.6907309280243976
174 2.6907309280243976
175 2.6907309280243976
176 4.0293825213419785
177 3.7562256184414604
178 4.2592309535180926
179 3.2695785750838207
180 2.688528654893381
181 2.7926770946413035
182 2.7010198276351454
183 2.6880484110104996
184 2.6880483960940227
185 2.6880483896793104
186 2.6880483896793055
187 2.6880483896793055
188 2.688048389679305
189 2.688048389679305
190 2.688048389679305
191 2.6880483896793055
192 2.688048389679305
193 2.688048389679305
194 2.688048389679305
195 2.688048389679305
196 4.672590832272425
197 4.0638260424431465
198 4.250415803779512
199 3.6540571878931654
200 2.8540901069073796
201 3.01819397263196
202 2.6878312787378205
203 2.687805980933569
204 2.6877980210553316
205 2.6877980210457277
206 2.687798021042588
207 2.687798021042588
208 2.687798021042588
209 2.687798021042588
210 2.687798021042588
211 2.687798021042588
212 5.362537601537125
213 4.381008824133553
214 4.2421077864687105
215 4.037272005207091
216 3.002081960841899
217 2.9192997091920576
218 2.693437774104601
219 2.6874212867001117
220 2.6874208925018466
221 2.68742081519261
222 2.687420815183834
223 2.6874208151838337
224 2.6874208151838332
225 2.6874208151838337
226 2.6874208151838332
227 2.6874208151838332
228 2.6874208151838332
229 2.6874208151838332
230 2.6874208151838332
231 2.6874208151838332
232 2.6874208151838337
233 39.32048945545517
234 2.6874208151838332
235 191.7828214591886
236 5.037162625563652
237 3.988490731542769
238 10.616360798982635
239 2.8019250734252874
240 2.74639806086925
241 3.87055572668481
242 3.284433825559824
243 2.8999990871044
244 2.816089817635498
245 2.734643438255942
246 2.704073103350843
247 2.6872660411453433
248 2.687235279370406
249 2.6872352156424517
250 2.68723521547623
251 2.6872352154761874
252 2.687235215476188
253 2.687235215476192
254 2.687235215476188
255 2.687235215476188
256 2.6872352154761874
257 2.687235215476188
258 2.687235215476188
259 2.687235215476188
260 2.687235215476188
261 2.6872352154761883
262 2.6872352154761883
263 2.687235215476188
264 2.6872352154761874
265 120.33695528934027
266 4.438530855010134
267 3.7720717679593614
268 7.108691207477738
269 3.5312187574030025
270 3.3189109998983923
271 2.9501240054440387
272 2.979672914574767
273 2.6877612530317676
274 2.6872416479681496
275 2.6872352141629854
276 2.6872352141601583
277 2.6872352141601574
278 2.687235214160194
279 2.6872352141601636
280 2.6872352141601588
281 2.687235214160158
282 2.687235214160158
283 2.687235214160158
284 2.687235214160158
285 2.687235214160158
286 2.6872352141601583
287 2.6872352141601583
288 2.6872352141601574
289 4.084107007346904
290 3.7569984777675134
291 4.273883364673248
292 3.2275938383959772
293 2.697052860391677
294 3.401908700712004
295 3.3566341056426507
296 2.923412197497423
297 2.6873519880190115
298 2.6872352142352254
299 2.687235214143423
300 2.6872352141434233
301 2.687235214143424
302 2.6872352141434233
303 2.6872352141434233
304 2.6872352141434233
305 2.6872352141434233
306 2.6872352141434233
307 2.6872352141434233
308 2.687235214143423
309 2.6872352141434233
310 2.687235214143423
311 4.631435245397098
312 4.060358003068841
313 4.255577475955798
314 3.6417412612416498
315 2.8352440391162492
316 3.010773809720181
317 2.687248385485491
318 2.687235382259823
319 2.687235209067247
320 2.687235209067227
321 2.6872352090672273
322 2.6872352090672282
323 2.687235209067228
324 2.6872352090672273
325 2.687235209067228
326 2.6872352090672273
327 2.687235209067228
328 2.6872352090672273
329 2.687235209067227
330 5.473920087998918
331 4.377518030018838
332 4.234454195623971
333 4.049518762761678
334 3.0187046893378224
335 2.909992286460825
336 2.694240611879308
337 2.68723640602327
338 2.687235209178694
339 2.6872352088511358
340 2.687235208851136
341 2.6872352088511375
342 2.687235208851136
343 2.6872352088511358
344 2.6872352088511358
345 2.687235208851136
346 2.6872352088511358
347 2.6872352088511358
348 2.6872352088511358
349 2.6872352088511358
350 2.6872352088511358
351 2.687422352420038
352 2.6872352088511358
353 192.37023412612663
354 5.039625051158186
355 3.9813598101535677
356 10.647649863386114
357 2.7989942233086733
358 2.7398256036199466
359 3.8888728480725616
360 3.291416896531704
361 2.8980963965924147
362 2.82562079600557
363 2.7308885606586095
364 2.707879610815974
365 2.6872689493277786
366 2.687235215226525
367 2.687235208851129
368 2.687235208851124
369 2.687235208851124
370 2.687235208851124
371 2.687235208851124
372 2.687235208851124
373 120.33792723717113
374 4.438530652792039
375 3.772078060288111
376 7.10874744788442
377 3.5312294687915085
378 3.3189558357930196
379 2.9501328110806413
380 2.979664629389183
381 2.687761063056863
382 2.6872416605846303
383 2.687235208853886
384 2.687235208851123
385 2.687235208851123
386 2.6872352088511233
387 2.6872361500927484
388 2.6872352088511233
389 2.687235208851123
390 2.687235208851123
391 2.687235208851123
392 2.6872352088511233
393 2.687235208851123
394 2.687235208851123
395 4.0841152619150565
396 3.7570124223287578
397 4.273883173332659
398 3.2275919976117344
399 2.697054267893776
400 3.4019073130389845
401 3.35670286354959
402 2.9235054018682005
403 2.6873521196767376
404 2.6872352089429064
405 2.6872352088510496
406 2.687235208851049
407 2.6872352088510576
408 2.6872352088510505
409 2.687235208851049
410 2.6872352088510496
411 2.6872352088510496
412 2.6872352088510496
413 2.6872352088510487
414 2.6872352088510496
415 2.687235208851049
416 2.687235208851049
417 2.6872352088510496
418 2.6872352088510496
419 2.687235208851049
420 2.6872352088510487
421 4.631253920614428
422 4.060359278925959
423 4.255601476075682
424 3.6416899818384953
425 2.8351639409053817
426 3.010735053443393
427 2.687248330522791
428 2.687235374510722
429 2.687235208851071
430 2.687235208851045
431 2.687235208851045
432 2.687235208851045
433 2.687235208851045
434 2.687235208851045
435 2.687235208851045
436 2.6872352088510456
437 2.687235208851045
438 2.687235208851045
439 2.6872352088510456
440 2.687235208851045
441 2.687235208851045
442 5.474000670172571
443 4.377514621019972
444 4.234448429754064
445 4.04952814805765
446 3.01871729254993
447 2.909984680757182
448 2.694241369236518
449 2.687236406889536
450 2.6872352091879965
451 2.6872352088510447
452 2.6872352088510483
453 2.6872352088510456
454 2.6872352088510456
455 2.6872352088510456
456 2.687235208851045
457 2.687235208851045
458 2.687235208851045
459 2.6872352088510447
460 2.687235208851045
461 2.6872352088511455
462 2.6872352088510447
463 192.37023885929648
464 5.039625107242376
465 3.981359747014706
466 10.647650111550472
467 2.7989941983427116
468 2.739825536819015
469 3.8888729942570732
470 3.2914169511266307
471 2.8980963851787065
472 2.825620873427112
473 2.73088853228123
474 2.7078796428658207
475 2.687268949341895
476 2.6872352152262224
477 2.6872352088510496
478 2.6872352088510447
479 2.687235208851045
480 2.6872352088510456
481 2.687235208851045
482 2.687235208851045
483 2.687235208851045
484 2.687235208851045
485 2.6872352088510447
486 2.6872352088510447
487 2.6872352088510447
488 2.6872352088510447
489 120.33792628926975
490 4.438530656292242
491 3.7720780580120805
492 7.108747391626711
493 3.5312294602434484
494 3.3189557913502172
495 2.9501327996482725
496 2.979664637271354
497 2.6877610632539035
498 2.6872416605668366
499 2.687235208853808
500 2.687235208851045
evaluations raw_y
1 8.0
2 8.0
3 7.674063654940704
4 477.78292519364436
5 10.510100670251152
6 7.796533889314682
7 7.772273926163615
8 7.769340805310945
9 7.961763361354203
10 7.771148926667509
11 7.600015564171783
12 7.630383119274791
13 7.6000016662733945
14 7.600001656221818
15 7.600001650392195
16 7.600001650392194
17 7.600001650392194
18 7.600001650392194
19 7.600001650392194
20 7.600001650392194
21 7.600001650392194
22 7.600001650392194
23 7.600001650392194
24 7.274065467302869
25 477.4883549114686
26 10.023653249417801
27 7.033010294418407
28 7.2634885258156485
29 7.437686611900654
30 6.967384772728054
31 6.990865653992528
32 6.896467696932998
33 6.915644479927651
34 6.896383459990259
35 6.896355127114182
36 6.896355118545363
37 6.89635511851292
38 6.896355118512918
39 6.896355118512918
40 6.896355118512918
41 6.896355118512918
42 6.896355118512918
43 6.896355118512918
44 6.896355118512919
45 6.896355118512918
46 6.591403464398743
47 476.94877993961046
48 9.767432958061747
49 6.17728579689983
50 6.46545046028687
51 6.582259846784385
52 6.064295774933949
53 6.0362452806552165
54 6.026684281651671
55 6.026694310777847
56 6.026673070893198
57 6.026673070518885
58 6.026673070516191
59 6.02667307051619
60 6.026673070516193
61 6.026673070516191
62 6.02667307051619
63 6.026673070516191
64 6.026673070516191
65 6.026673070516191
66 6.026673070516191
67 6.02667307051619
68 6.026673070516191
69 6.026673070516191
70 6.026673070516191
71 6.026673070516191
72 6.026673070516192
73 6.02667307051619
74 5.7430480283120975
75 476.33368362310506
76 9.345234858728727
77 5.156386421798587
78 5.225761885693746
79 5.561655343119709
80 5.05039198644781
81 4.9919585177816685
82 4.991591144720829
83 4.991557559272437
84 4.991555360417706
85 4.9915553603083165
86 4.991555360307153
87 4.991555360307153
88 4.991555360307153
89 4.991555360307154
90 4.991555360307153
91 4.991555360307153
92 4.991555360307153
93 4.991555360307153
94 4.991555360307153
95 4.729586430366382
96 475.63028849361524
97 8.757247689834895
98 3.9708694155256876
99 3.838991768148257
100 4.400185716696813
101 3.870570922058681
102 3.7916798515409456
103 3.7916778751000493
104 3.7915823876504895
105 3.7984168702356795
106 3.791582321082598
107 3.791582320888287
108 3.7915823208881863
109 3.7915823208881854
110 3.7915823208881934
111 3.7915823208881867
112 3.7915823208881863
113 3.791582320888185
114 3.791582320888186
115 3.7915823208881854
116 3.7915823208881854
117 3.7915823208881854
118 3.791582320888185
119 3.7915823208881854
120 3.7915823208881854
121 3.791582320888186
122 3.7915823208881854
123 30.28941169459964
124 3.791582320888185
125 33.57122530850864
126 5.019913266833199
127 5.661956836927553
128 3.6996752196155525
129 3.811977112499669
130 5.819131457526332
131 4.330452232486887
132 3.766481254789832
133 3.7156187062802744
134 3.6686925774897503
135 3.6248706201935605
136 3.635321270763776
137 3.6245791750292895
138 3.6245561397959056
139 3.624556042871945
140 3.6245560425773133
141 3.6245560425772507
142 3.6245560425772503
143 3.6245560425772547
144 3.6245560425772516
145 3.624556042577251
146 3.6245560425772503
147 3.6245560425772507
148 3.6245560425772503
149 3.6245560425772507
150 3.6245560425772503
151 3.6245560425772507
152 3.6245560425772503
153 3.6245560425772503
154 3.6245560425772507
155 3.6245560425772503
156 4.66181872631006
157 4.145469993352152
158 4.901030905589706
159 3.5128522431818405
160 3.571073468529872
161 3.2174925240016474
162 3.0995155044681892
163 3.539845925733512
164 2.720666042344594
165 2.691427276681831
166 2.737280685464996
167 2.690730983559093
168 2.690731056252364
169 2.6907309280244287
170 2.6907309280243976
171 2.6907309280243976
172 2.6907309280243976
173 2.6907309280243976
174 2.6907309280243976
175 2.6907309280243976
176 4.0293825213419785
177 3.7562256184414604
178 4.2592309535180926
179 3.2695785750838207
180 2.688528654893381
181 2.7926770946413035
182 2.7010198276351454
183 2.6880484110104996
184 2.6880483960940227
185 2.6880483896793104
186 2.6880483896793055
187 2.6880483896793055
188 2.688048389679305
189 2.688048389679305
190 2.688048389679305
191 2.6880483896793055
192 2.688048389679305
193 2.688048389679305
194 2.688048389679305
195 2.688048389679305
196 4.672590832272425
197 4.0638260424431465
198 4.250415803779512
199 3.6540571878931654
200 2.8540901069073796
201 3.01819397263196
202 2.6878312787378205
203 2.687805980933569
204 2.6877980210553316
205 2.6877980210457277
206 2.687798021042588
207 2.687798021042588
208 2.687798021042588
209 2.687798021042588
210 2.687798021042588
211 2.687798021042588
212 5.362537601537125
213 4.381008824133553
214 4.2421077864687105
215 4.037272005207091
216 3.002081960841899
217 2.9192997091920576
218 2.693437774104601
219 2.6874212867001117
220 2.6874208925018466
221 2.68742081519261
222 2.687420815183834
223 2.6874208151838337
224 2.6874208151838332
225 2.6874208151838337
226 2.6874208151838332
227 2.6874208151838332
228 2.6874208151838332
229 2.6874208151838332
230 2.6874208151838332
231 2.6874208151838332
232 2.6874208151838337
233 39.32048945545517
234 2.6874208151838332
235 191.7828214591886
236 5.037162625563652
237 3.988490731542769
238 10.616360798982635
239 2.8019250734252874
240 2.74639806086925
241 3.87055572668481
242 3.284433825559824
243 2.8999990871044
244 2.816089817635498
245 2.734643438255942
246 2.704073103350843
247 2.6872660411453433
248 2.687235279370406
249 2.6872352156424517
250 2.68723521547623
251 2.6872352154761874
252 2.687235215476188
253 2.687235215476192
254 2.687235215476188
255 2.687235215476188
256 2.6872352154761874
257 2.687235215476188
258 2.687235215476188
259 2.687235215476188
260 2.687235215476188
261 2.6872352154761883
262 2.6872352154761883
263 2.687235215476188
264 2.6872352154761874
265 120.33695528934027
266 4.438530855010134
267 3.7720717679593614
268 7.108691207477738
269 3.5312187574030025
270 3.3189109998983923
271 2.9501240054440387
272 2.979672914574767
273 2.6877612530317676
274 2.6872416479681496
275 2.6872352141629854
276 2.6872352141601583
277 2.6872352141601574
278 2.687235214160194
279 2.6872352141601636
280 2.6872352141601588
281 2.687235214160158
282 2.687235214160158
283 2.687235214160158
284 2.687235214160158
285 2.687235214160158
286 2.6872352141601583
287 2.6872352141601583
288 2.6872352141601574
289 4.084107007346904
290 3.7569984777675134
291 4.273883364673248
292 3.2275938383959772
293 2.697052860391677
294 3.401908700712004
295 3.3566341056426507
296 2.923412197497423
297 2.6873519880190115
298 2.6872352142352254
299 2.687235214143423
300 2.6872352141434233
301 2.687235214143424
302 2.6872352141434233
303 2.6872352141434233
304 2.6872352141434233
305 2.6872352141434233
306 2.6872352141434233
307 2.6872352141434233
308 2.687235214143423
309 2.6872352141434233
310 2.687235214143423
311 4.631435245397098
312 4.060358003068841
313 4.255577475955798
314 3.6417412612416498
315 2.8352440391162492
316 3.010773809720181
317 2.687248385485491
318 2.687235382259823
319 2.687235209067247
320 2.687235209067227
321 2.6872352090672273
322 2.6872352090672282
323 2.687235209067228
324 2.6872352090672273
325 2.687235209067228
326 2.6872352090672273
327 2.687235209067228
328 2.6872352090672273
329 2.687235209067227
330 5.473920087998918
331 4.377518030018838
332 4.234454195623971
333 4.049518762761678
334 3.0187046893378224
335 2.909992286460825
336 2.694240611879308
337 2.68723640602327
338 2.687235209178694
339 2.6872352088511358
340 2.687235208851136
341 2.6872352088511375
342 2.687235208851136
343 2.6872352088511358
344 2.6872352088511358
345 2.687235208851136
346 2.6872352088511358
347 2.6872352088511358
348 2.6872352088511358
349 2.6872352088511358
350 2.6872352088511358
351 2.687422352420038
352 2.6872352088511358
353 192.37023412612663
354 5.039625051158186
355 3.9813598101535677
356 10.647649863386114
357 2.7989942233086733
358 2.7398256036199466
359 3.8888728480725616
360 3.291416896531704
361 2.8980963965924147
362 2.82562079600557
363 2.7308885606586095
364 2.707879610815974
365 2.6872689493277786
366 2.687235215226525
367 2.687235208851129
368 2.687235208851124
369 2.687235208851124
370 2.687235208851124
371 2.687235208851124
372 2.687235208851124
373 120.33792723717113
374 4.438530652792039
375 3.772078060288111
376 7.10874744788442
377 3.5312294687915085
378 3.3189558357930196
379 2.9501328110806413
380 2.979664629389183
381 2.687761063056863
382 2.6872416605846303
383 2.687235208853886
384 2.687235208851123
385 2.687235208851123
386 2.6872352088511233
387 2.6872361500927484
388 2.6872352088511233
389 2.687235208851123
390 2.687235208851123
391 2.687235208851123
392 2.6872352088511233
393 2.687235208851123
394 2.687235208851123
395 4.0841152619150565
396 3.7570124223287578
397 4.273883173332659
398 3.2275919976117344
399 2.697054267893776
400 3.4019073130389845
401 3.35670286354959
402 2.9235054018682005
403 2.6873521196767376
404 2.6872352089429064
405 2.6872352088510496
406 2.687235208851049
407 2.6872352088510576
408 2.6872352088510505
409 2.687235208851049
410 2.6872352088510496
411 2.6872352088510496
412 2.6872352088510496
413 2.6872352088510487
414 2.6872352088510496
415 2.687235208851049
416 2.687235208851049
417 2.6872352088510496
418 2.6872352088510496
419 2.687235208851049
420 2.6872352088510487
421 4.631253920614428
422 4.060359278925959
423 4.255601476075682
424 3.6416899818384953
425 2.8351639409053817
426 3.010735053443393
427 2.687248330522791
428 2.687235374510722
429 2.687235208851071
430 2.687235208851045
431 2.687235208851045
432 2.687235208851045
433 2.687235208851045
434 2.687235208851045
435 2.687235208851045
436 2.6872352088510456
437 2.687235208851045
438 2.687235208851045
439 2.6872352088510456
440 2.687235208851045
441 2.687235208851045
442 5.474000670172571
443 4.377514621019972
444 4.234448429754064
445 4.04952814805765
446 3.01871729254993
447 2.909984680757182
448 2.694241369236518
449 2.687236406889536
450 2.6872352091879965
451 2.6872352088510447
452 2.6872352088510483
453 2.6872352088510456
454 2.6872352088510456
455 2.6872352088510456
456 2.687235208851045
457 2.687235208851045
458 2.687235208851045
459 2.6872352088510447
460 2.687235208851045
461 2.6872352088511455
462 2.6872352088510447
463 192.37023885929648
464 5.039625107242376
465 3.981359747014706
466 10.647650111550472
467 2.7989941983427116
468 2.739825536819015
469 3.8888729942570732
470 3.2914169511266307
471 2.8980963851787065
472 2.825620873427112
473 2.73088853228123
474 2.7078796428658207
475 2.687268949341895
476 2.6872352152262224
477 2.6872352088510496
478 2.6872352088510447
479 2.687235208851045
480 2.6872352088510456
481 2.687235208851045
482 2.687235208851045
483 2.687235208851045
484 2.687235208851045
485 2.6872352088510447
486 2.6872352088510447
487 2.6872352088510447
488 2.6872352088510447
489 120.33792628926975
490 4.438530656292242
491 3.7720780580120805
492 7.108747391626711
493 3.5312294602434484
494 3.3189557913502172
495 2.9501327996482725
496 2.979664637271354
497 2.6877610632539035
498 2.6872416605668366
499 2.687235208853808
500 2.687235208851045
