evaluations raw_y
1 155.9803043511
2 149.1131506162
10 41.7582925936
41 0.5887775765
200 107.5205561439
evaluations raw_y
1 319.0304864908
5 192.6706546172
9 182.4111726754
11 135.9851294726
13 57.3386405996
48 13.8148727835
145 11.6940556105
177 1.0312614274
200 128.7380989626
evaluations raw_y
1 920.7535793205
2 254.5147103856
5 232.7214334022
6 195.8696574724
26 31.3006390101
168 11.6582918950
200 463.3524001475
evaluations raw_y
1 146.9879640769
3 75.5817559101
39 69.1666267534
70 14.1071103746
80 6.6345805075
200 206.7481716830
evaluations raw_y
1 604.0148329605
2 374.7412223983
5 296.7273545063
7 78.9998492302
12 27.4993461705
141 8.7027157868
200 45.4125904623
