evaluations raw_y
1 -0.3685604401178796
2 -0.3685604401178796
3 -3.65941506946786
4 0.37681557754118783
5 1.4733859505793816
6 -0.3396047631198633
7 -3.391997946262391
8 -3.62367723673729
9 -3.6647923434023175
10 -3.6647922391713106
11 -3.6647923460998495
12 -3.6647923460999
13 -3.6647923460999
14 -3.6647923460999
15 -3.6647923460999006
16 -3.6647923460999
17 -3.6647923460999006
18 -0.31987828061943446
19 -6.122071600170239
20 -4.893591794610713
21 -7.150984805333101
22 -6.395613756487597
23 -7.175927857637632
24 -7.1759085351041705
25 -7.17592858441505
26 -7.17592858443548
27 -7.17592858443548
28 -7.17592858443548
29 -7.17592858443548
30 -7.17592858443548
31 -7.17592858443548
32 -7.17592858443548
33 -7.17592858443548
34 -7.17592858443548
35 -7.17592858443548
36 -7.17592858443548
37 -7.17592858443548
38 -7.17592858443548
39 -7.17592858443548
40 -7.17592858443548
41 -8.158566388618983
42 -9.641703235154605
43 -10.509661721848666
44 -10.509661721848666
45 -10.509661721848666
46 -10.509661721848666
47 -10.509661721848666
48 -10.509661721848666
49 -10.509661721848666
50 -10.509661721848666
51 -10.509661721848666
52 -10.509661721848666
53 -10.509661721848666
54 -10.509661721848666
55 -10.509661721848666
56 -10.509661721848666
57 -10.509661721848666
58 -10.509661721848666
59 -10.509661721848666
60 -10.509661721848666
61 -10.509661721848666
62 -10.509661721848666
63 -10.509661721848666
64 -10.509661721848666
65 -10.509661721848666
66 -10.509661721848666
67 -10.509661721848666
68 -10.509661721848666
69 -10.509661721848666
70 -10.509661721848666
71 -10.509661721848666
72 -10.509661721848666
73 -10.509661721848666
74 -10.509661721848666
75 -10.509661721848666
76 -10.509661721848666
77 -10.509661721848666
78 -10.509661721848666
79 -10.509661721848666
80 -10.509661721848666
81 -10.509661721848666
82 -10.509661721848666
83 -10.509661721848666
84 -10.509661721848666
85 -10.509661721848666
86 -10.509661721848666
87 -10.509661721848666
88 -10.509661721848666
89 -10.509661721848666
90 -10.509661721848666
91 -10.509661721848666
92 -10.509661721848666
93 -10.509661721848666
94 -10.509661721848666
95 -10.509661721848666
96 -10.509661721848666
97 -10.509661721848666
98 -10.509661721848666
99 -10.509661721848666
100 -10.509661721848666
101 -10.509661721848666
102 -10.509661721848666
103 -10.509661721848666
104 -10.509661721848666
105 -8.944355284691316
106 -12.000682584220256
107 -9.646466980687475
108 -12.216246553243014
109 -11.769167523297734
110 -12.280138100103088
111 -12.280185771395608
112 -12.280185923913884
113 -12.28018592546697
114 -12.28018592546697
115 -12.28018592546697
116 -12.28018592546697
117 -12.28018592546697
118 -12.28018592546697
119 -12.28018592546697
120 -12.28018592546697
121 -12.28018592546697
122 -12.28018592546697
123 -12.28018592546697
124 -12.28018592546697
125 -12.28018592546697
126 -12.28018592546697
127 -12.28018592546697
128 -12.28018592546697
129 -12.28018592546697
130 -12.28018592546697
131 -14.957566153290237
132 -8.383927465116189
133 -9.038862260708427
134 -11.94485983596577
135 -14.828129251579615
136 -14.937225717982336
137 -14.977715741917391
138 -14.977816859169828
139 -14.977817770447047
140 -14.977817771196163
141 -14.977817771196236
142 -14.977817771196236
143 -14.977817771196236
144 -14.977817771196236
145 -14.977817771196236
146 2.0250286278211664
147 -14.977817771196236
148 -9.975080113414862
149 -12.889647707745617
150 -11.028065368031239
151 -10.987202188199515
152 -14.34668093260303
153 -14.013382029492416
154 -14.97779547669201
155 -14.977817713031365
156 -14.977817771196234
157 -14.977817771196234
158 -14.977817771196234
159 -14.977817771196236
160 -14.977817771196234
161 -14.977817771196236
162 -14.977817771196234
163 -14.977817771196234
164 -14.977817771196236
165 -14.977817771196236
166 -14.977817771196234
167 -14.977817771196236
168 -14.977817771196236
169 -14.977817771196234
170 -14.977817771196236
171 -11.869520716263956
172 -8.721031283274417
173 -13.604499177599665
174 -14.438916572611474
175 -14.977778825043048
176 -14.977817760171051
177 -14.977817771196236
178 -14.977817771196234
179 -14.977817769587555
180 -14.977817770961483
181 -14.977817771161968
182 -14.97781777119123
183 -14.977817771195504
184 -14.977817771196127
185 -14.97781777119622
186 -14.977817771196232
187 -14.977817771196236
188 -14.977817771196236
189 -14.977817771196234
190 -14.977817771196234
191 -14.977817771196234
192 -14.977817771196234
193 -14.977817771196236
194 -14.977817771196234
195 -14.977817771196234
196 -14.977817771196234
197 -14.977817771196236
198 -14.977817771196234
199 -14.977817771196234
200 -14.977817771196234
201 -14.977817771196236
202 -14.977817771196236
203 -14.977817771196236
204 -14.977817771196236
205 -14.977817771196236
206 -13.643899423144337
207 -12.03438787584735
208 -14.384091687749782
209 -14.7489777242494
210 -14.97781592378604
211 -14.977817770638353
212 -14.977817771196236
213 -14.977817771196236
214 -14.977817771196236
215 -14.977817771196234
216 -14.977817771196234
217 -14.977817771196236
218 -14.977817771196236
219 -14.977817771196236
220 -8.557320136516411
221 -13.823888978638847
222 -11.473580805364936
223 -10.652831982925475
224 -14.134509336555146
225 -13.983996290647749
226 -14.97701723322364
227 -14.977811511149238
228 -14.977817771191535
229 -14.977817771196236
230 -14.977817771196236
231 -14.977817771196236
232 -14.977817771196236
233 -14.977817771196236
234 -14.977817771196236
235 -9.975080115138415
236 -12.889647705000012
237 -11.028065366848107
238 -10.987202172050456
239 -14.346680944624197
240 -14.013382009270643
241 -14.97779547670038
242 -14.97781771303168
243 -14.977817771196232
244 -14.977817771196232
245 -14.977817771196236
246 -14.977817771196236
247 -14.977817771196236
248 -14.977817771196236
249 -14.977817771196236
250 -14.977817771196232
251 -14.977817771196236
252 -14.977817771196232
253 -14.977817771196236
254 -14.977817771196232
255 -14.977817771196236
256 -11.869520632565408
257 -8.721031348010222
258 -13.604499247551605
259 -14.438916526536751
260 -14.977778825058582
261 -14.97781776017117
262 -14.977817771196236
263 -14.977817771196236
264 -14.977817771196236
265 -14.977817771196236
266 -14.977817771196236
267 -14.977817771196236
268 -14.977817771196236
269 -14.977817771196236
270 -14.977817771196236
271 -14.977817771196236
272 -14.977817771196236
273 -14.977817771196236
274 -14.977817771196236
275 -14.977817771196236
276 -14.977817771196236
277 -14.977817771196236
278 -14.977817771196236
279 -14.977817771196236
280 -14.977817771196236
281 -13.643899422971282
282 -12.03438787602192
283 -14.38409168789499
284 -14.748977724156767
285 -14.977815923786052
286 -14.977817770638357
287 -14.977817771196236
288 -14.977817771196236
289 -14.977817771196236
290 -14.977817771196236
291 -14.977817771196236
292 -14.977817771196237
293 -14.977817771196237
294 -14.977817771196237
295 -8.557320136505878
296 -13.823888978607663
297 -11.473580805346703
298 -10.652831982770019
299 -14.1345093366609
300 -13.983996290475698
301 -14.977017233224103
302 -14.977811511149287
303 -14.977817771191537
304 -14.977817771196237
305 -14.977817771196237
306 -14.977817771196237
307 -14.977817771196236
308 -14.977817771196237
309 -9.97508011533373
310 -12.88964770468888
311 -11.028065366714035
312 -10.987202170220446
313 -14.346680945986439
314 -14.013382006979118
315 -14.977795476701328
316 -14.977817713031717
317 -14.977817771196236
318 -14.977817771196236
319 -14.977817771196236
320 -14.977817771196236
321 -14.977817771196236
322 -14.977817771196236
323 -14.977817771196236
324 -14.977817771196236
325 -14.977817771196236
326 -14.977817771196237
327 -14.977817771196236
328 -14.977817771196237
329 -11.869520709526759
330 -8.721031288485234
331 -13.604499183230349
332 -14.438916568902753
333 -14.977778825044298
334 -14.97781776017106
335 -14.977817771196234
336 -14.977817770611857
337 -14.977817771110944
338 -14.977817771178701
339 -14.977817771192228
340 -14.977817771195275
341 -14.977817771195998
342 -14.977817771196177
343 -14.97781777119622
344 -14.97781777119623
345 -14.977817771196234
346 -14.977817771196234
347 -14.977817771196236
348 -14.977817771196236
349 -14.977817771196234
350 -14.977817771196236
351 -14.977817771196234
352 -14.977817771196236
353 -14.977817771196236
354 -14.977817771196236
355 -14.977817771196237
356 -14.977817771196237
357 -14.977817771196237
358 -14.977817771196237
359 -13.643899422942946
360 -12.034387876050506
361 -14.384091687918767
362 -14.748977724141598
363 -14.977815923786054
364 -14.977817770638355
365 -14.977817771196236
366 -14.977817771182194
367 -14.977817771194186
368 -14.97781777119591
369 -14.977817771196168
370 -14.97781777119622
371 -14.977817771196232
372 -14.977817771196234
373 -14.977817771196236
374 -14.977817771196236
375 -14.977817771196236
376 -14.977817771196236
377 -14.977817771196236
378 -14.977817771196236
379 -14.977817771196237
380 -14.977817771196236
381 -14.977817771196234
382 -14.977817771196236
383 -14.977817771196236
384 -14.977817771196237
385 -14.977817771196237
386 -8.557320136490887
387 -13.82388897856329
388 -11.473580805320758
389 -10.652831982548802
390 -14.13450933681138
391 -13.98399629023087
392 -14.977017233224768
393 -14.977811511149357
394 -14.977817771191535
395 -14.977817771196236
396 -14.977817771195902
397 -14.977817771196188
398 -14.977817771196225
399 -14.977817771196232
400 -14.977817771196236
401 -14.977817771196236
402 -14.977817771196237
403 -14.977817771196237
404 -14.977817771196236
405 -14.977817771196236
406 -14.977817771196236
407 -14.977817771196237
408 -14.977817771196236
409 -14.977817771196236
410 -14.977817771196237
411 -14.977817771196237
412 -14.977817771196237
413 -9.975080115343989
414 -12.889647704672543
415 -11.028065366706997
416 -10.987202170124341
417 -14.34668094605798
418 -14.013382006858773
419 -14.97779547670138
420 -14.977817713031719
421 -14.977817771196236
422 -14.977817771196237
423 -14.977817771196236
424 -14.977817762707078
425 -14.9778177699565
426 -14.977817771014907
427 -14.977817771169608
428 -14.977817771192285
429 -14.977817771195635
430 -14.977817771196138
431 -14.97781777119622
432 -14.97781777119623
433 -14.977817771196236
434 -14.977817771196236
435 -14.977817771196236
436 -14.977817771196236
437 -14.977817771196237
438 -14.977817771196236
439 -14.977817771196237
440 -14.977817771196236
441 -14.977817771196236
442 -14.977817771196237
443 -14.977817771196236
444 -14.977817771196237
445 -11.869520709526759
446 -8.721031288485234
447 -13.604499183230349
448 -14.438916568902753
449 -14.977778825044298
450 -14.97781776017106
451 -14.977817771196234
452 -14.977817770611857
453 -14.977817771110944
454 -14.977817771178701
455 -14.977817771192228
456 -14.977817771195275
457 -14.977817771195998
458 -14.977817771196177
459 -14.97781777119622
460 -14.97781777119623
461 -14.977817771196234
462 -14.977817771196234
463 -14.977817771196236
464 -14.977817771196236
465 -14.977817771196234
466 -14.977817771196236
467 -14.977817771196234
468 -14.977817771196236
469 -14.977817771196236
470 -14.977817771196236
471 -14.977817771196237
472 -14.977817771196237
473 -14.977817771196237
474 -14.977817771196237
475 -13.643899422717851
476 -12.034387876277574
477 -14.384091688107642
478 -14.748977724021106
479 -14.977815923786066
480 -14.977817770638353
481 -14.977817771196236
482 -14.977817501667563
483 -14.977817771014374
484 -14.977817771185636
485 -14.977817771194562
486 -14.977817771195891
487 -14.977817771196158
488 -14.977817771196218
489 -14.97781777119623
490 -14.977817771196236
491 -14.977817771196237
492 -14.977817771196236
493 -14.977817771196234
494 -14.977817771196236
495 -14.977817771196236
496 -14.977817771196236
497 -14.977817771196236
498 -14.977817771196236
499 -14.977817771196236
500 -14.977817771196236
evaluations raw_y
1 -0.3685604401178796
2 -0.3685604401178796
3 -3.65941506946786
4 0.37681557754118783
5 1.4733859505793816
6 -0.3396047631198633
7 -3.391997946262391
8 -3.62367723673729
9 -3.6647923434023175
10 -3.6647922391713106
11 -3.6647923460998495
12 -3.6647923460999
13 -3.6647923460999
14 -3.6647923460999
15 -3.6647923460999006
16 -3.6647923460999
17 -3.6647923460999006
18 -0.31987828061943446
19 -6.122071600170239
20 -4.893591794610713
21 -7.150984805333101
22 -6.395613756487597
23 -7.175927857637632
24 -7.1759085351041705
25 -7.17592858441505
26 -7.17592858443548
27 -7.17592858443548
28 -7.17592858443548
29 -7.17592858443548
30 -7.17592858443548
31 -7.17592858443548
32 -7.17592858443548
33 -7.17592858443548
34 -7.17592858443548
35 -7.17592858443548
36 -7.17592858443548
37 -7.17592858443548
38 -7.17592858443548
39 -7.17592858443548
40 -7.17592858443548
41 -8.158566388618983
42 -9.641703235154605
43 -10.509661721848666
44 -10.509661721848666
45 -10.509661721848666
46 -10.509661721848666
47 -10.509661721848666
48 -10.509661721848666
49 -10.509661721848666
50 -10.509661721848666
51 -10.509661721848666
52 -10.509661721848666
53 -10.509661721848666
54 -10.509661721848666
55 -10.509661721848666
56 -10.509661721848666
57 -10.509661721848666
58 -10.509661721848666
59 -10.509661721848666
60 -10.509661721848666
61 -10.509661721848666
62 -10.509661721848666
63 -10.509661721848666
64 -10.509661721848666
65 -10.509661721848666
66 -10.509661721848666
67 -10.509661721848666
68 -10.509661721848666
69 -10.509661721848666
70 -10.509661721848666
71 -10.509661721848666
72 -10.509661721848666
73 -10.509661721848666
74 -10.509661721848666
75 -10.509661721848666
76 -10.509661721848666
77 -10.509661721848666
78 -10.509661721848666
79 -10.509661721848666
80 -10.509661721848666
81 -10.509661721848666
82 -10.509661721848666
83 -10.509661721848666
84 -10.509661721848666
85 -10.509661721848666
86 -10.509661721848666
87 -10.509661721848666
88 -10.509661721848666
89 -10.509661721848666
90 -10.509661721848666
91 -10.509661721848666
92 -10.509661721848666
93 -10.509661721848666
94 -10.509661721848666
95 -10.509661721848666
96 -10.509661721848666
97 -10.509661721848666
98 -10.509661721848666
99 -10.509661721848666
100 -10.509661721848666
101 -10.509661721848666
102 -10.509661721848666
103 -10.509661721848666
104 -10.509661721848666
105 -8.944355284691316
106 -12.000682584220256
107 -9.646466980687475
108 -12.216246553243014
109 -11.769167523297734
110 -12.280138100103088
111 -12.280185771395608
112 -12.280185923913884
113 -12.28018592546697
114 -12.28018592546697
115 -12.28018592546697
116 -12.28018592546697
117 -12.28018592546697
118 -12.28018592546697
119 -12.28018592546697
120 -12.28018592546697
121 -12.28018592546697
122 -12.28018592546697
123 -12.28018592546697
124 -12.28018592546697
125 -12.28018592546697
126 -12.28018592546697
127 -12.28018592546697
128 -12.28018592546697
129 -12.28018592546697
130 -12.28018592546697
131 -14.957566153290237
132 -8.383927465116189
133 -9.038862260708427
134 -11.94485983596577
135 -14.828129251579615
136 -14.937225717982336
137 -14.977715741917391
138 -14.977816859169828
139 -14.977817770447047
140 -14.977817771196163
141 -14.977817771196236
142 -14.977817771196236
143 -14.977817771196236
144 -14.977817771196236
145 -14.977817771196236
146 2.0250286278211664
147 -14.977817771196236
148 -9.975080113414862
149 -12.889647707745617
150 -11.028065368031239
151 -10.987202188199515
152 -14.34668093260303
153 -14.013382029492416
154 -14.97779547669201
155 -14.977817713031365
156 -14.977817771196234
157 -14.977817771196234
158 -14.977817771196234
159 -14.977817771196236
160 -14.977817771196234
161 -14.977817771196236
162 -14.977817771196234
163 -14.977817771196234
164 -14.977817771196236
165 -14.977817771196236
166 -14.977817771196234
167 -14.977817771196236
168 -14.977817771196236
169 -14.977817771196234
170 -14.977817771196236
171 -11.869520716263956
172 -8.721031283274417
173 -13.604499177599665
174 -14.438916572611474
175 -14.977778825043048
176 -14.977817760171051
177 -14.977817771196236
178 -14.977817771196234
179 -14.977817769587555
180 -14.977817770961483
181 -14.977817771161968
182 -14.97781777119123
183 -14.977817771195504
184 -14.977817771196127
185 -14.97781777119622
186 -14.977817771196232
187 -14.977817771196236
188 -14.977817771196236
189 -14.977817771196234
190 -14.977817771196234
191 -14.977817771196234
192 -14.977817771196234
193 -14.977817771196236
194 -14.977817771196234
195 -14.977817771196234
196 -14.977817771196234
197 -14.977817771196236
198 -14.977817771196234
199 -14.977817771196234
200 -14.977817771196234
201 -14.977817771196236
202 -14.977817771196236
203 -14.977817771196236
204 -14.977817771196236
205 -14.977817771196236
206 -13.643899423144337
207 -12.03438787584735
208 -14.384091687749782
209 -14.7489777242494
210 -14.97781592378604
211 -14.977817770638353
212 -14.977817771196236
213 -14.977817771196236
214 -14.977817771196236
215 -14.977817771196234
216 -14.977817771196234
217 -14.977817771196236
218 -14.977817771196236
219 -14.977817771196236
220 -8.557320136516411
221 -13.823888978638847
222 -11.473580805364936
223 -10.652831982925475
224 -14.134509336555146
225 -13.983996290647749
226 -14.97701723322364
227 -14.977811511149238
228 -14.977817771191535
229 -14.977817771196236
230 -14.977817771196236
231 -14.977817771196236
232 -14.977817771196236
233 -14.977817771196236
234 -14.977817771196236
235 -9.975080115138415
236 -12.889647705000012
237 -11.028065366848107
238 -10.987202172050456
239 -14.346680944624197
240 -14.013382009270643
241 -14.97779547670038
242 -14.97781771303168
243 -14.977817771196232
244 -14.977817771196232
245 -14.977817771196236
246 -14.977817771196236
247 -14.977817771196236
248 -14.977817771196236
249 -14.977817771196236
250 -14.977817771196232
251 -14.977817771196236
252 -14.977817771196232
253 -14.977817771196236
254 -14.977817771196232
255 -14.977817771196236
256 -11.869520632565408
257 -8.721031348010222
258 -13.604499247551605
259 -14.438916526536751
260 -14.977778825058582
261 -14.97781776017117
262 -14.977817771196236
263 -14.977817771196236
264 -14.977817771196236
265 -14.977817771196236
266 -14.977817771196236
267 -14.977817771196236
268 -14.977817771196236
269 -14.977817771196236
270 -14.977817771196236
271 -14.977817771196236
272 -14.977817771196236
273 -14.977817771196236
274 -14.977817771196236
275 -14.977817771196236
276 -14.977817771196236
277 -14.977817771196236
278 -14.977817771196236
279 -14.977817771196236
280 -14.977817771196236
281 -13.643899422971282
282 -12.03438787602192
283 -14.38409168789499
284 -14.748977724156767
285 -14.977815923786052
286 -14.977817770638357
287 -14.977817771196236
288 -14.977817771196236
289 -14.977817771196236
290 -14.977817771196236
291 -14.977817771196236
292 -14.977817771196237
293 -14.977817771196237
294 -14.977817771196237
295 -8.557320136505878
296 -13.823888978607663
297 -11.473580805346703
298 -10.652831982770019
299 -14.1345093366609
300 -13.983996290475698
301 -14.977017233224103
302 -14.977811511149287
303 -14.977817771191537
304 -14.977817771196237
305 -14.977817771196237
306 -14.977817771196237
307 -14.977817771196236
308 -14.977817771196237
309 -9.97508011533373
310 -12.88964770468888
311 -11.028065366714035
312 -10.987202170220446
313 -14.346680945986439
314 -14.013382006979118
315 -14.977795476701328
316 -14.977817713031717
317 -14.977817771196236
318 -14.977817771196236
319 -14.977817771196236
320 -14.977817771196236
321 -14.977817771196236
322 -14.977817771196236
323 -14.977817771196236
324 -14.977817771196236
325 -14.977817771196236
326 -14.977817771196237
327 -14.977817771196236
328 -14.977817771196237
329 -11.869520709526759
330 -8.721031288485234
331 -13.604499183230349
332 -14.438916568902753
333 -14.977778825044298
334 -14.97781776017106
335 -14.977817771196234
336 -14.977817770611857
337 -14.977817771110944
338 -14.977817771178701
339 -14.977817771192228
340 -14.977817771195275
341 -14.977817771195998
342 -14.977817771196177
343 -14.97781777119622
344 -14.97781777119623
345 -14.977817771196234
346 -14.977817771196234
347 -14.977817771196236
348 -14.977817771196236
349 -14.977817771196234
350 -14.977817771196236
351 -14.977817771196234
352 -14.977817771196236
353 -14.977817771196236
354 -14.977817771196236
355 -14.977817771196237
356 -14.977817771196237
357 -14.977817771196237
358 -14.977817771196237
359 -13.643899422942946
360 -12.034387876050506
361 -14.384091687918767
362 -14.748977724141598
363 -14.977815923786054
364 -14.977817770638355
365 -14.977817771196236
366 -14.977817771182194
367 -14.977817771194186
368 -14.97781777119591
369 -14.977817771196168
370 -14.97781777119622
371 -14.977817771196232
372 -14.977817771196234
373 -14.977817771196236
374 -14.977817771196236
375 -14.977817771196236
376 -14.977817771196236
377 -14.977817771196236
378 -14.977817771196236
379 -14.977817771196237
380 -14.977817771196236
381 -14.977817771196234
382 -14.977817771196236
383 -14.977817771196236
384 -14.977817771196237
385 -14.977817771196237
386 -8.557320136490887
387 -13.82388897856329
388 -11.473580805320758
389 -10.652831982548802
390 -14.13450933681138
391 -13.98399629023087
392 -14.977017233224768
393 -14.977811511149357
394 -14.977817771191535
395 -14.977817771196236
396 -14.977817771195902
397 -14.977817771196188
398 -14.977817771196225
399 -14.977817771196232
400 -14.977817771196236
401 -14.977817771196236
402 -14.977817771196237
403 -14.977817771196237
404 -14.977817771196236
405 -14.977817771196236
406 -14.977817771196236
407 -14.977817771196237
408 -14.977817771196236
409 -14.977817771196236
410 -14.977817771196237
411 -14.977817771196237
412 -14.977817771196237
413 -9.975080115343989
414 -12.889647704672543
415 -11.028065366706997
416 -10.987202170124341
417 -14.34668094605798
418 -14.013382006858773
419 -14.97779547670138
420 -14.977817713031719
421 -14.977817771196236
422 -14.977817771196237
423 -14.977817771196236
424 -14.977817762707078
425 -14.9778177699565
426 -14.977817771014907
427 -14.977817771169608
428 -14.977817771192285
429 -14.977817771195635
430 -14.977817771196138
431 -14.97781777119622
432 -14.97781777119623
433 -14.977817771196236
434 -14.977817771196236
435 -14.977817771196236
436 -14.977817771196236
437 -14.977817771196237
438 -14.977817771196236
439 -14.977817771196237
440 -14.977817771196236
441 -14.977817771196236
442 -14.977817771196237
443 -14.977817771196236
444 -14.977817771196237
445 -11.869520709526759
446 -8.721031288485234
447 -13.604499183230349
448 -14.438916568902753
449 -14.977778825044298
450 -14.97781776017106
451 -14.977817771196234
452 -14.977817770611857
453 -14.977817771110944
454 -14.977817771178701
455 -14.977817771192228
456 -14.977817771195275
457 -14.977817771195998
458 -14.977817771196177
459 -14.97781777119622
460 -14.97781777119623
461 -14.977817771196234
462 -14.977817771196234
463 -14.977817771196236
464 -14.977817771196236
465 -14.977817771196234
466 -14.977817771196236
467 -14.977817771196234
468 -14.977817771196236
469 -14.977817771196236
470 -14.977817771196236
471 -14.977817771196237
472 -14.977817771196237
473 -14.977817771196237
474 -14.977817771196237
475 -13.643899422717851
476 -12.034387876277574
477 -14.384091688107642
478 -14.748977724021106
479 -14.977815923786066
480 -14.977817770638353
481 -14.977817771196236
482 -14.977817501667563
483 -14.977817771014374
484 -14.977817771185636
485 -14.977817771194562
486 -14.977817771195891
487 -14.977817771196158
488 -14.977817771196218
489 -14.97781777119623
490 -14.977817771196236
491 -14.977817771196237
492 -14.977817771196236
493 -14.977817771196234
494 -14.977817771196236
495 -14.977817771196236
496 -14.977817771196236
497 -14.977817771196236
498 -14.977817771196236
499 -14.977817771196236
500 -14.977817771196236
evaluations raw_y
1 -0.3685604401178796
2 -0.3685604401178796
3 -3.65941506946786
4 0.37681557754118783
5 1.4733859505793816
6 -0.3396047631198633
7 -3.391997946262391
8 -3.62367723673729
9 -3.6647923434023175
10 -3.6647922391713106
11 -3.6647923460998495
12 -3.6647923460999
13 -3.6647923460999
14 -3.6647923460999
15 -3.6647923460999006
16 -3.6647923460999
17 -3.6647923460999006
18 -0.31987828061943446
19 -6.122071600170239
20 -4.893591794610713
21 -7.150984805333101
22 -6.395613756487597
23 -7.175927857637632
24 -7.1759085351041705
25 -7.17592858441505
26 -7.17592858443548
27 -7.17592858443548
28 -7.17592858443548
29 -7.17592858443548
30 -7.17592858443548
31 -7.17592858443548
32 -7.17592858443548
33 -7.17592858443548
34 -7.17592858443548
35 -7.17592858443548
36 -7.17592858443548
37 -7.17592858443548
38 -7.17592858443548
39 -7.17592858443548
40 -7.17592858443548
41 -8.158566388618983
42 -9.641703235154605
43 -10.509661721848666
44 -10.509661721848666
45 -10.509661721848666
46 -10.509661721848666
47 -10.509661721848666
48 -10.509661721848666
49 -10.509661721848666
50 -10.509661721848666
51 -10.509661721848666
52 -10.509661721848666
53 -10.509661721848666
54 -10.509661721848666
55 -10.509661721848666
56 -10.509661721848666
57 -10.509661721848666
58 -10.509661721848666
59 -10.509661721848666
60 -10.509661721848666
61 -10.509661721848666
62 -10.509661721848666
63 -10.509661721848666
64 -10.509661721848666
65 -10.509661721848666
66 -10.509661721848666
67 -10.509661721848666
68 -10.509661721848666
69 -10.509661721848666
70 -10.509661721848666
71 -10.509661721848666
72 -10.509661721848666
73 -10.509661721848666
74 -10.509661721848666
75 -10.509661721848666
76 -10.509661721848666
77 -10.509661721848666
78 -10.509661721848666
79 -10.509661721848666
80 -10.509661721848666
81 -10.509661721848666
82 -10.509661721848666
83 -10.509661721848666
84 -10.509661721848666
85 -10.509661721848666
86 -10.509661721848666
87 -10.509661721848666
88 -10.509661721848666
89 -10.509661721848666
90 -10.509661721848666
91 -10.509661721848666
92 -10.509661721848666
93 -10.509661721848666
94 -10.509661721848666
95 -10.509661721848666
96 -10.509661721848666
97 -10.509661721848666
98 -10.509661721848666
99 -10.509661721848666
100 -10.509661721848666
101 -10.509661721848666
102 -10.509661721848666
103 -10.509661721848666
104 -10.509661721848666
105 -8.944355284691316
106 -12.000682584220256
107 -9.646466980687475
108 -12.216246553243014
109 -11.769167523297734
110 -12.280138100103088
111 -12.280185771395608
112 -12.280185923913884
113 -12.28018592546697
114 -12.28018592546697
115 -12.28018592546697
116 -12.28018592546697
117 -12.28018592546697
118 -12.28018592546697
119 -12.28018592546697
120 -12.28018592546697
121 -12.28018592546697
122 -12.28018592546697
123 -12.28018592546697
124 -12.28018592546697
125 -12.28018592546697
126 -12.28018592546697
127 -12.28018592546697
128 -12.28018592546697
129 -12.28018592546697
130 -12.28018592546697
131 -14.957566153290237
132 -8.383927465116189
133 -9.038862260708427
134 -11.94485983596577
135 -14.828129251579615
136 -14.937225717982336
137 -14.977715741917391
138 -14.977816859169828
139 -14.977817770447047
140 -14.977817771196163
141 -14.977817771196236
142 -14.977817771196236
143 -14.977817771196236
144 -14.977817771196236
145 -14.977817771196236
146 2.0250286278211664
147 -14.977817771196236
148 -9.975080113414862
149 -12.889647707745617
150 -11.028065368031239
151 -10.987202188199515
152 -14.34668093260303
153 -14.013382029492416
154 -14.97779547669201
155 -14.977817713031365
156 -14.977817771196234
157 -14.977817771196234
158 -14.977817771196234
159 -14.977817771196236
160 -14.977817771196234
161 -14.977817771196236
162 -14.977817771196234
163 -14.977817771196234
164 -14.977817771196236
165 -14.977817771196236
166 -14.977817771196234
167 -14.977817771196236
168 -14.977817771196236
169 -14.977817771196234
170 -14.977817771196236
171 -11.869520716263956
172 -8.721031283274417
173 -13.604499177599665
174 -14.438916572611474
175 -14.977778825043048
176 -14.977817760171051
177 -14.977817771196236
178 -14.977817771196234
179 -14.977817769587555
180 -14.977817770961483
181 -14.977817771161968
182 -14.97781777119123
183 -14.977817771195504
184 -14.977817771196127
185 -14.97781777119622
186 -14.977817771196232
187 -14.977817771196236
188 -14.977817771196236
189 -14.977817771196234
190 -14.977817771196234
191 -14.977817771196234
192 -14.977817771196234
193 -14.977817771196236
194 -14.977817771196234
195 -14.977817771196234
196 -14.977817771196234
197 -14.977817771196236
198 -14.977817771196234
199 -14.977817771196234
200 -14.977817771196234
201 -14.977817771196236
202 -14.977817771196236
203 -14.977817771196236
204 -14.977817771196236
205 -14.977817771196236
206 -13.643899423144337
207 -12.03438787584735
208 -14.384091687749782
209 -14.7489777242494
210 -14.97781592378604
211 -14.977817770638353
212 -14.977817771196236
213 -14.977817771196236
214 -14.977817771196236
215 -14.977817771196234
216 -14.977817771196234
217 -14.977817771196236
218 -14.977817771196236
219 -14.977817771196236
220 -8.557320136516411
221 -13.823888978638847
222 -11.473580805364936
223 -10.652831982925475
224 -14.134509336555146
225 -13.983996290647749
226 -14.97701723322364
227 -14.977811511149238
228 -14.977817771191535
229 -14.977817771196236
230 -14.977817771196236
231 -14.977817771196236
232 -14.977817771196236
233 -14.977817771196236
234 -14.977817771196236
235 -9.975080115138415
236 -12.889647705000012
237 -11.028065366848107
238 -10.987202172050456
239 -14.346680944624197
240 -14.013382009270643
241 -14.97779547670038
242 -14.97781771303168
243 -14.977817771196232
244 -14.977817771196232
245 -14.977817771196236
246 -14.977817771196236
247 -14.977817771196236
248 -14.977817771196236
249 -14.977817771196236
250 -14.977817771196232
251 -14.977817771196236
252 -14.977817771196232
253 -14.977817771196236
254 -14.977817771196232
255 -14.977817771196236
256 -11.869520632565408
257 -8.721031348010222
258 -13.604499247551605
259 -14.438916526536751
260 -14.977778825058582
261 -14.97781776017117
262 -14.977817771196236
263 -14.977817771196236
264 -14.977817771196236
265 -14.977817771196236
266 -14.977817771196236
267 -14.977817771196236
268 -14.977817771196236
269 -14.977817771196236
270 -14.977817771196236
271 -14.977817771196236
272 -14.977817771196236
273 -14.977817771196236
274 -14.977817771196236
275 -14.977817771196236
276 -14.977817771196236
277 -14.977817771196236
278 -14.977817771196236
279 -14.977817771196236
280 -14.977817771196236
281 -13.643899422971282
282 -12.03438787602192
283 -14.38409168789499
284 -14.748977724156767
285 -14.977815923786052
286 -14.977817770638357
287 -14.977817771196236
288 -14.977817771196236
289 -14.977817771196236
290 -14.977817771196236
291 -14.977817771196236
292 -14.977817771196237
293 -14.977817771196237
294 -14.977817771196237
295 -8.557320136505878
296 -13.823888978607663
297 -11.473580805346703
298 -10.652831982770019
299 -14.1345093366609
300 -13.983996290475698
301 -14.977017233224103
302 -14.977811511149287
303 -14.977817771191537
304 -14.977817771196237
305 -14.977817771196237
306 -14.977817771196237
307 -14.977817771196236
308 -14.977817771196237
309 -9.97508011533373
310 -12.88964770468888
311 -11.028065366714035
312 -10.987202170220446
313 -14.346680945986439
314 -14.013382006979118
315 -14.977795476701328
316 -14.977817713031717
317 -14.977817771196236
318 -14.977817771196236
319 -14.977817771196236
320 -14.977817771196236
321 -14.977817771196236
322 -14.977817771196236
323 -14.977817771196236
324 -14.977817771196236
325 -14.977817771196236
326 -14.977817771196237
327 -14.977817771196236
328 -14.977817771196237
329 -11.869520709526759
330 -8.721031288485234
331 -13.604499183230349
332 -14.438916568902753
333 -14.977778825044298
334 -14.97781776017106
335 -14.977817771196234
336 -14.977817770611857
337 -14.977817771110944
338 -14.977817771178701
339 -14.977817771192228
340 -14.977817771195275
341 -14.977817771195998
342 -14.977817771196177
343 -14.97781777119622
344 -14.97781777119623
345 -14.977817771196234
346 -14.977817771196234
347 -14.977817771196236
348 -14.977817771196236
349 -14.977817771196234
350 -14.977817771196236
351 -14.977817771196234
352 -14.977817771196236
353 -14.977817771196236
354 -14.977817771196236
355 -14.977817771196237
356 -14.977817771196237
357 -14.977817771196237
358 -14.977817771196237
359 -13.643899422942946
360 -12.034387876050506
361 -14.384091687918767
362 -14.748977724141598
363 -14.977815923786054
364 -14.977817770638355
365 -14.977817771196236
366 -14.977817771182194
367 -14.977817771194186
368 -14.97781777119591
369 -14.977817771196168
370 -14.97781777119622
371 -14.977817771196232
372 -14.977817771196234
373 -14.977817771196236
374 -14.977817771196236
375 -14.977817771196236
376 -14.977817771196236
377 -14.977817771196236
378 -14.977817771196236
379 -14.977817771196237
380 -14.977817771196236
381 -14.977817771196234
382 -14.977817771196236
383 -14.977817771196236
384 -14.977817771196237
385 -14.977817771196237
386 -8.557320136490887
387 -13.82388897856329
388 -11.473580805320758
389 -10.652831982548802
390 -14.13450933681138
391 -13.98399629023087
392 -14.977017233224768
393 -14.977811511149357
394 -14.977817771191535
395 -14.977817771196236
396 -14.977817771195902
397 -14.977817771196188
398 -14.977817771196225
399 -14.977817771196232
400 -14.977817771196236
401 -14.977817771196236
402 -14.977817771196237
403 -14.977817771196237
404 -14.977817771196236
405 -14.977817771196236
406 -14.977817771196236
407 -14.977817771196237
408 -14.977817771196236
409 -14.977817771196236
410 -14.977817771196237
411 -14.977817771196237
412 -14.977817771196237
413 -9.975080115343989
414 -12.889647704672543
415 -11.028065366706997
416 -10.987202170124341
417 -14.34668094605798
418 -14.013382006858773
419 -14.97779547670138
420 -14.977817713031719
421 -14.977817771196236
422 -14.977817771196237
423 -14.977817771196236
424 -14.977817762707078
425 -14.9778177699565
426 -14.977817771014907
427 -14.977817771169608
428 -14.977817771192285
429 -14.977817771195635
430 -14.977817771196138
431 -14.97781777119622
432 -14.97781777119623
433 -14.977817771196236
434 -14.977817771196236
435 -14.977817771196236
436 -14.977817771196236
437 -14.977817771196237
438 -14.977817771196236
439 -14.977817771196237
440 -14.977817771196236
441 -14.977817771196236
442 -14.977817771196237
443 -14.977817771196236
444 -14.977817771196237
445 -11.869520709526759
446 -8.721031288485234
447 -13.604499183230349
448 -14.438916568902753
449 -14.977778825044298
450 -14.97781776017106
451 -14.977817771196234
452 -14.977817770611857
453 -14.977817771110944
454 -14.977817771178701
455 -14.977817771192228
456 -14.977817771195275
457 -14.977817771195998
458 -14.977817771196177
459 -14.97781777119622
460 -14.97781777119623
461 -14.977817771196234
462 -14.977817771196234
463 -14.977817771196236
464 -14.977817771196236
465 -14.977817771196234
466 -14.977817771196236
467 -14.977817771196234
468 -14.977817771196236
469 -14.977817771196236
470 -14.977817771196236
471 -14.977817771196237
472 -14.977817771196237
473 -14.977817771196237
474 -14.977817771196237
475 -13.643899422717851
476 -12.034387876277574
477 -14.384091688107642
478 -14.748977724021106
479 -14.977815923786066
480 -14.977817770638353
481 -14.977817771196236
482 -14.977817501667563
483 -14.977817771014374
484 -14.977817771185636
485 -14.977817771194562
486 -14.977817771195891
487 -14.977817771196158
488 -14.977817771196218
489 -14.97781777119623
490 -14.977817771196236
491 -14.977817771196237
492 -14.977817771196236
493 -14.977817771196234
494 -14.977817771196236
495 -14.977817771196236
496 -14.977817771196236
497 -14.977817771196236
498 -14.977817771196236
499 -14.977817771196236
500 -14.977817771196236
evaluations raw_y
1 -0.3685604401178796
2 -0.3685604401178796
3 -3.65941506946786
4 0.37681557754118783
5 1.4733859505793816
6 -0.3396047631198633
7 -3.391997946262391
8 -3.62367723673729
9 -3.6647923434023175
10 -3.6647922391713106
11 -3.6647923460998495
12 -3.6647923460999
13 -3.6647923460999
14 -3.6647923460999
15 -3.6647923460999006
16 -3.6647923460999
17 -3.6647923460999006
18 -0.31987828061943446
19 -6.122071600170239
20 -4.893591794610713
21 -7.150984805333101
22 -6.395613756487597
23 -7.175927857637632
24 -7.1759085351041705
25 -7.17592858441505
26 -7.17592858443548
27 -7.17592858443548
28 -7.17592858443548
29 -7.17592858443548
30 -7.17592858443548
31 -7.17592858443548
32 -7.17592858443548
33 -7.17592858443548
34 -7.17592858443548
35 -7.17592858443548
36 -7.17592858443548
37 -7.17592858443548
38 -7.17592858443548
39 -7.17592858443548
40 -7.17592858443548
41 -8.158566388618983
42 -9.641703235154605
43 -10.509661721848666
44 -10.509661721848666
45 -10.509661721848666
46 -10.509661721848666
47 -10.509661721848666
48 -10.509661721848666
49 -10.509661721848666
50 -10.509661721848666
51 -10.509661721848666
52 -10.509661721848666
53 -10.509661721848666
54 -10.509661721848666
55 -10.509661721848666
56 -10.509661721848666
57 -10.509661721848666
58 -10.509661721848666
59 -10.509661721848666
60 -10.509661721848666
61 -10.509661721848666
62 -10.509661721848666
63 -10.509661721848666
64 -10.509661721848666
65 -10.509661721848666
66 -10.509661721848666
67 -10.509661721848666
68 -10.509661721848666
69 -10.509661721848666
70 -10.509661721848666
71 -10.509661721848666
72 -10.509661721848666
73 -10.509661721848666
74 -10.509661721848666
75 -10.509661721848666
76 -10.509661721848666
77 -10.509661721848666
78 -10.509661721848666
79 -10.509661721848666
80 -10.509661721848666
81 -10.509661721848666
82 -10.509661721848666
83 -10.509661721848666
84 -10.509661721848666
85 -10.509661721848666
86 -10.509661721848666
87 -10.509661721848666
88 -10.509661721848666
89 -10.509661721848666
90 -10.509661721848666
91 -10.509661721848666
92 -10.509661721848666
93 -10.509661721848666
94 -10.509661721848666
95 -10.509661721848666
96 -10.509661721848666
97 -10.509661721848666
98 -10.509661721848666
99 -10.509661721848666
100 -10.509661721848666
101 -10.509661721848666
102 -10.509661721848666
103 -10.509661721848666
104 -10.509661721848666
105 -8.944355284691316
106 -12.000682584220256
107 -9.646466980687475
108 -12.216246553243014
109 -11.769167523297734
110 -12.280138100103088
111 -12.280185771395608
112 -12.280185923913884
113 -12.28018592546697
114 -12.28018592546697
115 -12.28018592546697
116 -12.28018592546697
117 -12.28018592546697
118 -12.28018592546697
119 -12.28018592546697
120 -12.28018592546697
121 -12.28018592546697
122 -12.28018592546697
123 -12.28018592546697
124 -12.28018592546697
125 -12.28018592546697
126 -12.28018592546697
127 -12.28018592546697
128 -12.28018592546697
129 -12.28018592546697
130 -12.28018592546697
131 -14.957566153290237
132 -8.383927465116189
133 -9.038862260708427
134 -11.94485983596577
135 -14.828129251579615
136 -14.937225717982336
137 -14.977715741917391
138 -14.977816859169828
139 -14.977817770447047
140 -14.977817771196163
141 -14.977817771196236
142 -14.977817771196236
143 -14.977817771196236
144 -14.977817771196236
145 -14.977817771196236
146 2.0250286278211664
147 -14.977817771196236
148 -9.975080113414862
149 -12.889647707745617
150 -11.028065368031239
151 -10.987202188199515
152 -14.34668093260303
153 -14.013382029492416
154 -14.97779547669201
155 -14.977817713031365
156 -14.977817771196234
157 -14.977817771196234
158 -14.977817771196234
159 -14.977817771196236
160 -14.977817771196234
161 -14.977817771196236
162 -14.977817771196234
163 -14.977817771196234
164 -14.977817771196236
165 -14.977817771196236
166 -14.977817771196234
167 -14.977817771196236
168 -14.977817771196236
169 -14.977817771196234
170 -14.977817771196236
171 -11.869520716263956
172 -8.721031283274417
173 -13.604499177599665
174 -14.438916572611474
175 -14.977778825043048
176 -14.977817760171051
177 -14.977817771196236
178 -14.977817771196234
179 -14.977817769587555
180 -14.977817770961483
181 -14.977817771161968
182 -14.97781777119123
183 -14.977817771195504
184 -14.977817771196127
185 -14.97781777119622
186 -14.977817771196232
187 -14.977817771196236
188 -14.977817771196236
189 -14.977817771196234
190 -14.977817771196234
191 -14.977817771196234
192 -14.977817771196234
193 -14.977817771196236
194 -14.977817771196234
195 -14.977817771196234
196 -14.977817771196234
197 -14.977817771196236
198 -14.977817771196234
199 -14.977817771196234
200 -14.977817771196234
201 -14.977817771196236
202 -14.977817771196236
203 -14.977817771196236
204 -14.977817771196236
205 -14.977817771196236
206 -13.643899423144337
207 -12.03438787584735
208 -14.384091687749782
209 -14.7489777242494
210 -14.97781592378604
211 -14.977817770638353
212 -14.977817771196236
213 -14.977817771196236
214 -14.977817771196236
215 -14.977817771196234
216 -14.977817771196234
217 -14.977817771196236
218 -14.977817771196236
219 -14.977817771196236
220 -8.557320136516411
221 -13.823888978638847
222 -11.473580805364936
223 -10.652831982925475
224 -14.134509336555146
225 -13.983996290647749
226 -14.97701723322364
227 -14.977811511149238
228 -14.977817771191535
229 -14.977817771196236
230 -14.977817771196236
231 -14.977817771196236
232 -14.977817771196236
233 -14.977817771196236
234 -14.977817771196236
235 -9.975080115138415
236 -12.889647705000012
237 -11.028065366848107
238 -10.987202172050456
239 -14.346680944624197
240 -14.013382009270643
241 -14.97779547670038
242 -14.97781771303168
243 -14.977817771196232
244 -14.977817771196232
245 -14.977817771196236
246 -14.977817771196236
247 -14.977817771196236
248 -14.977817771196236
249 -14.977817771196236
250 -14.977817771196232
251 -14.977817771196236
252 -14.977817771196232
253 -14.977817771196236
254 -14.977817771196232
255 -14.977817771196236
256 -11.869520632565408
257 -8.721031348010222
258 -13.604499247551605
259 -14.438916526536751
260 -14.977778825058582
261 -14.97781776017117
262 -14.977817771196236
263 -14.977817771196236
264 -14.977817771196236
265 -14.977817771196236
266 -14.977817771196236
267 -14.977817771196236
268 -14.977817771196236
269 -14.977817771196236
270 -14.977817771196236
271 -14.977817771196236
272 -14.977817771196236
273 -14.977817771196236
274 -14.977817771196236
275 -14.977817771196236
276 -14.977817771196236
277 -14.977817771196236
278 -14.977817771196236
279 -14.977817771196236
280 -14.977817771196236
281 -13.643899422971282
282 -12.03438787602192
283 -14.38409168789499
284 -14.748977724156767
285 -14.977815923786052
286 -14.977817770638357
287 -14.977817771196236
288 -14.977817771196236
289 -14.977817771196236
290 -14.977817771196236
291 -14.977817771196236
292 -14.977817771196237
293 -14.977817771196237
294 -14.977817771196237
295 -8.557320136505878
296 -13.823888978607663
297 -11.473580805346703
298 -10.652831982770019
299 -14.1345093366609
300 -13.983996290475698
301 -14.977017233224103
302 -14.977811511149287
303 -14.977817771191537
304 -14.977817771196237
305 -14.977817771196237
306 -14.977817771196237
307 -14.977817771196236
308 -14.977817771196237
309 -9.97508011533373
310 -12.88964770468888
311 -11.028065366714035
312 -10.987202170220446
313 -14.346680945986439
314 -14.013382006979118
315 -14.977795476701328
316 -14.977817713031717
317 -14.977817771196236
318 -14.977817771196236
319 -14.977817771196236
320 -14.977817771196236
321 -14.977817771196236
322 -14.977817771196236
323 -14.977817771196236
324 -14.977817771196236
325 -14.977817771196236
326 -14.977817771196237
327 -14.977817771196236
328 -14.977817771196237
329 -11.869520709526759
330 -8.721031288485234
331 -13.604499183230349
332 -14.438916568902753
333 -14.977778825044298
334 -14.97781776017106
335 -14.977817771196234
336 -14.977817770611857
337 -14.977817771110944
338 -14.977817771178701
339 -14.977817771192228
340 -14.977817771195275
341 -14.977817771195998
342 -14.977817771196177
343 -14.97781777119622
344 -14.97781777119623
345 -14.977817771196234
346 -14.977817771196234
347 -14.977817771196236
348 -14.977817771196236
349 -14.977817771196234
350 -14.977817771196236
351 -14.977817771196234
352 -14.977817771196236
353 -14.977817771196236
354 -14.977817771196236
355 -14.977817771196237
356 -14.977817771196237
357 -14.977817771196237
358 -14.977817771196237
359 -13.643899422942946
360 -12.034387876050506
361 -14.384091687918767
362 -14.748977724141598
363 -14.977815923786054
364 -14.977817770638355
365 -14.977817771196236
366 -14.977817771182194
367 -14.977817771194186
368 -14.97781777119591
369 -14.977817771196168
370 -14.97781777119622
371 -14.977817771196232
372 -14.977817771196234
373 -14.977817771196236
374 -14.977817771196236
375 -14.977817771196236
376 -14.977817771196236
377 -14.977817771196236
378 -14.977817771196236
379 -14.977817771196237
380 -14.977817771196236
381 -14.977817771196234
382 -14.977817771196236
383 -14.977817771196236
384 -14.977817771196237
385 -14.977817771196237
386 -8.557320136490887
387 -13.82388897856329
388 -11.473580805320758
389 -10.652831982548802
390 -14.13450933681138
391 -13.98399629023087
392 -14.977017233224768
393 -14.977811511149357
394 -14.977817771191535
395 -14.977817771196236
396 -14.977817771195902
397 -14.977817771196188
398 -14.977817771196225
399 -14.977817771196232
400 -14.977817771196236
401 -14.977817771196236
402 -14.977817771196237
403 -14.977817771196237
404 -14.977817771196236
405 -14.977817771196236
406 -14.977817771196236
407 -14.977817771196237
408 -14.977817771196236
409 -14.977817771196236
410 -14.977817771196237
411 -14.977817771196237
412 -14.977817771196237
413 -9.975080115343989
414 -12.889647704672543
415 -11.028065366706997
416 -10.987202170124341
417 -14.34668094605798
418 -14.013382006858773
419 -14.97779547670138
420 -14.977817713031719
421 -14.977817771196236
422 -14.977817771196237
423 -14.977817771196236
424 -14.977817762707078
425 -14.9778177699565
426 -14.977817771014907
427 -14.977817771169608
428 -14.977817771192285
429 -14.977817771195635
430 -14.977817771196138
431 -14.97781777119622
432 -14.97781777119623
433 -14.977817771196236
434 -14.977817771196236
435 -14.977817771196236
436 -14.977817771196236
437 -14.977817771196237
438 -14.977817771196236
439 -14.977817771196237
440 -14.977817771196236
441 -14.977817771196236
442 -14.977817771196237
443 -14.977817771196236
444 -14.977817771196237
445 -11.869520709526759
446 -8.721031288485234
447 -13.604499183230349
448 -14.438916568902753
449 -14.977778825044298
450 -14.97781776017106
451 -14.977817771196234
452 -14.977817770611857
453 -14.977817771110944
454 -14.977817771178701
455 -14.977817771192228
456 -14.977817771195275
457 -14.977817771195998
458 -14.977817771196177
459 -14.97781777119622
460 -14.97781777119623
461 -14.977817771196234
462 -14.977817771196234
463 -14.977817771196236
464 -14.977817771196236
465 -14.977817771196234
466 -14.977817771196236
467 -14.977817771196234
468 -14.977817771196236
469 -14.977817771196236
470 -14.977817771196236
471 -14.977817771196237
472 -14.977817771196237
473 -14.977817771196237
474 -14.977817771196237
475 -13.643899422717851
476 -12.034387876277574
477 -14.384091688107642
478 -14.748977724021106
479 -14.977815923786066
480 -14.977817770638353
481 -14.977817771196236
482 -14.977817501667563
483 -14.977817771014374
484 -14.977817771185636
485 -14.977817771194562
486 -14.977817771195891
487 -14.977817771196158
488 -14.977817771196218
489 -14.97781777119623
490 -14.977817771196236
491 -14.977817771196237
492 -14.977817771196236
493 -14.977817771196234
494 -14.977817771196236
495 -14.977817771196236
496 -14.977817771196236
497 -14.977817771196236
498 -14.977817771196236
499 -14.977817771196236
500 -14.977817771196236
evaluations raw_y
1 -0.3685604401178796
2 -0.3685604401178796
3 -3.65941506946786
4 0.37681557754118783
5 1.4733859505793816
6 -0.3396047631198633
7 -3.391997946262391
8 -3.62367723673729
9 -3.6647923434023175
10 -3.6647922391713106
11 -3.6647923460998495
12 -3.6647923460999
13 -3.6647923460999
14 -3.6647923460999
15 -3.6647923460999006
16 -3.6647923460999
17 -3.6647923460999006
18 -0.31987828061943446
19 -6.122071600170239
20 -4.893591794610713
21 -7.150984805333101
22 -6.395613756487597
23 -7.175927857637632
24 -7.1759085351041705
25 -7.17592858441505
26 -7.17592858443548
27 -7.17592858443548
28 -7.17592858443548
29 -7.17592858443548
30 -7.17592858443548
31 -7.17592858443548
32 -7.17592858443548
33 -7.17592858443548
34 -7.17592858443548
35 -7.17592858443548
36 -7.17592858443548
37 -7.17592858443548
38 -7.17592858443548
39 -7.17592858443548
40 -7.17592858443548
41 -8.158566388618983
42 -9.641703235154605
43 -10.509661721848666
44 -10.509661721848666
45 -10.509661721848666
46 -10.509661721848666
47 -10.509661721848666
48 -10.509661721848666
49 -10.509661721848666
50 -10.509661721848666
51 -10.509661721848666
52 -10.509661721848666
53 -10.509661721848666
54 -10.509661721848666
55 -10.509661721848666
56 -10.509661721848666
57 -10.509661721848666
58 -10.509661721848666
59 -10.509661721848666
60 -10.509661721848666
61 -10.509661721848666
62 -10.509661721848666
63 -10.509661721848666
64 -10.509661721848666
65 -10.509661721848666
66 -10.509661721848666
67 -10.509661721848666
68 -10.509661721848666
69 -10.509661721848666
70 -10.509661721848666
71 -10.509661721848666
72 -10.509661721848666
73 -10.509661721848666
74 -10.509661721848666
75 -10.509661721848666
76 -10.509661721848666
77 -10.509661721848666
78 -10.509661721848666
79 -10.509661721848666
80 -10.509661721848666
81 -10.509661721848666
82 -10.509661721848666
83 -10.509661721848666
84 -10.509661721848666
85 -10.509661721848666
86 -10.509661721848666
87 -10.509661721848666
88 -10.509661721848666
89 -10.509661721848666
90 -10.509661721848666
91 -10.509661721848666
92 -10.509661721848666
93 -10.509661721848666
94 -10.509661721848666
95 -10.509661721848666
96 -10.509661721848666
97 -10.509661721848666
98 -10.509661721848666
99 -10.509661721848666
100 -10.509661721848666
101 -10.509661721848666
102 -10.509661721848666
103 -10.509661721848666
104 -10.509661721848666
105 -8.944355284691316
106 -12.000682584220256
107 -9.646466980687475
108 -12.216246553243014
109 -11.769167523297734
110 -12.280138100103088
111 -12.280185771395608
112 -12.280185923913884
113 -12.28018592546697
114 -12.28018592546697
115 -12.28018592546697
116 -12.28018592546697
117 -12.28018592546697
118 -12.28018592546697
119 -12.28018592546697
120 -12.28018592546697
121 -12.28018592546697
122 -12.28018592546697
123 -12.28018592546697
124 -12.28018592546697
125 -12.28018592546697
126 -12.28018592546697
127 -12.28018592546697
128 -12.28018592546697
129 -12.28018592546697
130 -12.28018592546697
131 -14.957566153290237
132 -8.383927465116189
133 -9.038862260708427
134 -11.94485983596577
135 -14.828129251579615
136 -14.937225717982336
137 -14.977715741917391
138 -14.977816859169828
139 -14.977817770447047
140 -14.977817771196163
141 -14.977817771196236
142 -14.977817771196236
143 -14.977817771196236
144 -14.977817771196236
145 -14.977817771196236
146 2.0250286278211664
147 -14.977817771196236
148 -9.975080113414862
149 -12.889647707745617
150 -11.028065368031239
151 -10.987202188199515
152 -14.34668093260303
153 -14.013382029492416
154 -14.97779547669201
155 -14.977817713031365
156 -14.977817771196234
157 -14.977817771196234
158 -14.977817771196234
159 -14.977817771196236
160 -14.977817771196234
161 -14.977817771196236
162 -14.977817771196234
163 -14.977817771196234
164 -14.977817771196236
165 -14.977817771196236
166 -14.977817771196234
167 -14.977817771196236
168 -14.977817771196236
169 -14.977817771196234
170 -14.977817771196236
171 -11.869520716263956
172 -8.721031283274417
173 -13.604499177599665
174 -14.438916572611474
175 -14.977778825043048
176 -14.977817760171051
177 -14.977817771196236
178 -14.977817771196234
179 -14.977817769587555
180 -14.977817770961483
181 -14.977817771161968
182 -14.97781777119123
183 -14.977817771195504
184 -14.977817771196127
185 -14.97781777119622
186 -14.977817771196232
187 -14.977817771196236
188 -14.977817771196236
189 -14.977817771196234
190 -14.977817771196234
191 -14.977817771196234
192 -14.977817771196234
193 -14.977817771196236
194 -14.977817771196234
195 -14.977817771196234
196 -14.977817771196234
197 -14.977817771196236
198 -14.977817771196234
199 -14.977817771196234
200 -14.977817771196234
201 -14.977817771196236
202 -14.977817771196236
203 -14.977817771196236
204 -14.977817771196236
205 -14.977817771196236
206 -13.643899423144337
207 -12.03438787584735
208 -14.384091687749782
209 -14.7489777242494
210 -14.97781592378604
211 -14.977817770638353
212 -14.977817771196236
213 -14.977817771196236
214 -14.977817771196236
215 -14.977817771196234
216 -14.977817771196234
217 -14.977817771196236
218 -14.977817771196236
219 -14.977817771196236
220 -8.557320136516411
221 -13.823888978638847
222 -11.473580805364936
223 -10.652831982925475
224 -14.134509336555146
225 -13.983996290647749
226 -14.97701723322364
227 -14.977811511149238
228 -14.977817771191535
229 -14.977817771196236
230 -14.977817771196236
231 -14.977817771196236
232 -14.977817771196236
233 -14.977817771196236
234 -14.977817771196236
235 -9.975080115138415
236 -12.889647705000012
237 -11.028065366848107
238 -10.987202172050456
239 -14.346680944624197
240 -14.013382009270643
241 -14.97779547670038
242 -14.97781771303168
243 -14.977817771196232
244 -14.977817771196232
245 -14.977817771196236
246 -14.977817771196236
247 -14.977817771196236
248 -14.977817771196236
249 -14.977817771196236
250 -14.977817771196232
251 -14.977817771196236
252 -14.977817771196232
253 -14.977817771196236
254 -14.977817771196232
255 -14.977817771196236
256 -11.869520632565408
257 -8.721031348010222
258 -13.604499247551605
259 -14.438916526536751
260 -14.977778825058582
261 -14.97781776017117
262 -14.977817771196236
263 -14.977817771196236
264 -14.977817771196236
265 -14.977817771196236
266 -14.977817771196236
267 -14.977817771196236
268 -14.977817771196236
269 -14.977817771196236
270 -14.977817771196236
271 -14.977817771196236
272 -14.977817771196236
273 -14.977817771196236
274 -14.977817771196236
275 -14.977817771196236
276 -14.977817771196236
277 -14.977817771196236
278 -14.977817771196236
279 -14.977817771196236
280 -14.977817771196236
281 -13.643899422971282
282 -12.03438787602192
283 -14.38409168789499
284 -14.748977724156767
285 -14.977815923786052
286 -14.977817770638357
287 -14.977817771196236
288 -14.977817771196236
289 -14.977817771196236
290 -14.977817771196236
291 -14.977817771196236
292 -14.977817771196237
293 -14.977817771196237
294 -14.977817771196237
295 -8.557320136505878
296 -13.823888978607663
297 -11.473580805346703
298 -10.652831982770019
299 -14.1345093366609
300 -13.983996290475698
301 -14.977017233224103
302 -14.977811511149287
303 -14.977817771191537
304 -14.977817771196237
305 -14.977817771196237
306 -14.977817771196237
307 -14.977817771196236
308 -14.977817771196237
309 -9.97508011533373
310 -12.88964770468888
311 -11.028065366714035
312 -10.987202170220446
313 -14.346680945986439
314 -14.013382006979118
315 -14.977795476701328
316 -14.977817713031717
317 -14.977817771196236
318 -14.977817771196236
319 -14.977817771196236
320 -14.977817771196236
321 -14.977817771196236
322 -14.977817771196236
323 -14.977817771196236
324 -14.977817771196236
325 -14.977817771196236
326 -14.977817771196237
327 -14.977817771196236
328 -14.977817771196237
329 -11.869520709526759
330 -8.721031288485234
331 -13.604499183230349
332 -14.438916568902753
333 -14.977778825044298
334 -14.97781776017106
335 -14.977817771196234
336 -14.977817770611857
337 -14.977817771110944
338 -14.977817771178701
339 -14.977817771192228
340 -14.977817771195275
341 -14.977817771195998
342 -14.977817771196177
343 -14.97781777119622
344 -14.97781777119623
345 -14.977817771196234
346 -14.977817771196234
347 -14.977817771196236
348 -14.977817771196236
349 -14.977817771196234
350 -14.977817771196236
351 -14.977817771196234
352 -14.977817771196236
353 -14.977817771196236
354 -14.977817771196236
355 -14.977817771196237
356 -14.977817771196237
357 -14.977817771196237
358 -14.977817771196237
359 -13.643899422942946
360 -12.034387876050506
361 -14.384091687918767
362 -14.748977724141598
363 -14.977815923786054
364 -14.977817770638355
365 -14.977817771196236
366 -14.977817771182194
367 -14.977817771194186
368 -14.97781777119591
369 -14.977817771196168
370 -14.97781777119622
371 -14.977817771196232
372 -14.977817771196234
373 -14.977817771196236
374 -14.977817771196236
375 -14.977817771196236
376 -14.977817771196236
377 -14.977817771196236
378 -14.977817771196236
379 -14.977817771196237
380 -14.977817771196236
381 -14.977817771196234
382 -14.977817771196236
383 -14.977817771196236
384 -14.977817771196237
385 -14.977817771196237
386 -8.557320136490887
387 -13.82388897856329
388 -11.473580805320758
389 -10.652831982548802
390 -14.13450933681138
391 -13.98399629023087
392 -14.977017233224768
393 -14.977811511149357
394 -14.977817771191535
395 -14.977817771196236
396 -14.977817771195902
397 -14.977817771196188
398 -14.977817771196225
399 -14.977817771196232
400 -14.977817771196236
401 -14.977817771196236
402 -14.977817771196237
403 -14.977817771196237
404 -14.977817771196236
405 -14.977817771196236
406 -14.977817771196236
407 -14.977817771196237
408 -14.977817771196236
409 -14.977817771196236
410 -14.977817771196237
411 -14.977817771196237
412 -14.977817771196237
413 -9.975080115343989
414 -12.889647704672543
415 -11.028065366706997
416 -10.987202170124341
417 -14.34668094605798
418 -14.013382006858773
419 -14.97779547670138
420 -14.977817713031719
421 -14.977817771196236
422 -14.977817771196237
423 -14.977817771196236
424 -14.977817762707078
425 -14.9778177699565
426 -14.977817771014907
427 -14.977817771169608
428 -14.977817771192285
429 -14.977817771195635
430 -14.977817771196138
431 -14.97781777119622
432 -14.97781777119623
433 -14.977817771196236
434 -14.977817771196236
435 -14.977817771196236
436 -14.977817771196236
437 -14.977817771196237
438 -14.977817771196236
439 -14.977817771196237
440 -14.977817771196236
441 -14.977817771196236
442 -14.977817771196237
443 -14.977817771196236
444 -14.977817771196237
445 -11.869520709526759
446 -8.721031288485234
447 -13.604499183230349
448 -14.438916568902753
449 -14.977778825044298
450 -14.97781776017106
451 -14.977817771196234
452 -14.977817770611857
453 -14.977817771110944
454 -14.977817771178701
455 -14.977817771192228
456 -14.977817771195275
457 -14.977817771195998
458 -14.977817771196177
459 -14.97781777119622
460 -14.97781777119623
461 -14.977817771196234
462 -14.977817771196234
463 -14.977817771196236
464 -14.977817771196236
465 -14.977817771196234
466 -14.977817771196236
467 -14.977817771196234
468 -14.977817771196236
469 -14.977817771196236
470 -14.977817771196236
471 -14.977817771196237
472 -14.977817771196237
473 -14.977817771196237
474 -14.977817771196237
475 -13.643899422717851
476 -12.034387876277574
477 -14.384091688107642
478 -14.748977724021106
479 -14.977815923786066
480 -14.977817770638353
481 -14.977817771196236
482 -14.977817501667563
483 -14.977817771014374
484 -14.977817771185636
485 -14.977817771194562
486 -14.977817771195891
487 -14.977817771196158
488 -14.977817771196218
489 -14.97781777119623
490 -14.977817771196236
491 -14.977817771196237
492 -14.977817771196236
493 -14.977817771196234
494 -14.977817771196236
495 -14.977817771196236
496 -14.977817771196236
497 -14.977817771196236
498 -14.977817771196236
499 -14.977817771196236
500 -14.977817771196236
