evaluations raw_y
1 2140.8259997640
5 1773.8534342803
8 49.2796748116
28 28.0127837720
45 26.0338994835
68 22.1253001605
70 4.7434340013
85 4.4642781502
86 4.3841909457
89 4.3705451190
91 4.3632603483
94 4.3563973449
97 4.3499300755
98 4.2134976565
99 3.6048379302
100 3.6011361110
108 3.5996949074
111 3.4754178672
112 3.4684476608
116 3.1566020221
117 3.1545717811
206 3.1486653141
208 2.7348713221
209 2.7293372580
211 2.6912563484
212 2.6835058037
213 2.3518168161
214 2.3485187048
215 2.3378813434
217 2.3315449939
219 2.3214564716
220 2.1296803535
222 1.7211359809
223 1.7119541718
226 1.7039056049
229 1.4914075803
230 1.4868763753
231 1.4813022493
234 1.4778398614
296 1.2036843935
318 0.1696187245
326 0.1667426004
331 0.1658517109
332 0.1656787953
334 0.1625255594
336 0.1507203463
339 0.1489170437
342 0.1478461556
346 0.1472423634
440 0.1463420139
441 0.1462163722
442 0.1461526480
443 0.1453612852
445 0.1452659253
446 0.1443910605
452 0.1437439279
457 0.1430727352
458 0.1425645935
461 0.1415126044
463 0.1403074532
465 0.1402590318
466 0.1392125238
567 0.1383698619
572 0.1382656384
581 0.1375586849
585 0.1369151714
674 0.1364661145
675 0.1362877373
676 0.1345588444
685 0.1333265223
689 0.1333244314
699 0.1329397839
732 82819.6434410819
evaluations raw_y
1 0.1329397839
89 0.1323805277
91 0.1321257739
94 0.1316484107
95 0.1309234953
99 0.1308208725
101 0.1303829475
104 0.1303152312
105 0.1300668789
106 0.1293375327
109 0.1291976479
206 0.1291481178
208 0.1289970219
209 0.1272530063
212 0.1271542245
215 0.1268720666
217 0.1268465986
220 0.1253532499
224 0.1247274368
226 0.1246485231
230 0.1244199043
323 0.1234162465
327 0.1230722963
329 0.1230616618
337 0.1227285814
339 0.1221470682
342 0.1217089993
345 0.1213493306
346 0.1209686732
347 0.1205096729
348 0.1201928676
349 0.1200948649
442 0.1186257324
449 0.1180422000
451 0.1180358838
460 0.1180157858
461 0.1170760577
464 0.1163976160
465 0.1155477401
466 0.1152767979
558 0.1149586326
563 0.1146995594
564 0.1145470219
567 0.1144068032
570 0.1143942865
571 0.1117510416
573 0.1110569908
574 0.1108706579
575 0.1105652677
581 0.1103200542
583 0.1098010697
584 0.1094866011
585 0.1094835570
675 0.1081697077
678 0.1081401784
680 0.1081377999
685 0.1077105708
687 0.1072317360
689 0.1065287055
690 0.1063048189
697 0.1060751892
698 0.1056389649
701 0.1054728677
732 82819.6434410819
evaluations raw_y
1 0.1054728677
74 0.1048257300
92 0.1031591837
96 0.1026866789
98 0.1024748761
102 0.1019868701
103 0.1018608243
107 0.1002639672
108 0.0994038570
111 0.0988287082
112 0.0982953830
116 0.0979197348
206 0.0967786533
211 0.0964719198
213 0.0960227853
220 0.0959442829
221 0.0954070364
224 0.0949354462
226 0.0946305774
228 0.0945204557
230 0.0943278510
331 0.0942615661
333 0.0942426827
335 0.0941893828
336 0.0941018943
342 0.0938865317
343 0.0937234654
345 0.0931429866
347 0.0929410870
348 0.0927808655
440 0.0917388127
446 0.0909764279
468 0.0905677544
558 0.0905666193
573 0.0895132917
575 0.0889074613
577 0.0888506480
579 0.0881978074
580 0.0876715854
584 0.0876001328
674 0.0873876097
675 0.0862569795
679 0.0860382630
681 0.0859307063
692 0.0850335833
697 0.0846668518
701 0.0841903732
732 82819.6434410819
evaluations raw_y
1 0.0841903732
90 0.0839022808
91 0.0832049184
93 0.0826521989
94 0.0823205325
102 0.0820440045
106 0.0820392466
108 0.0818870774
115 0.0817019012
207 0.0814554649
208 0.0808042567
211 0.0803071235
212 0.0801290388
215 0.0801261139
217 0.0796873590
218 0.0793317408
219 0.0793177468
221 0.0792876919
222 0.0792707010
223 0.0780565303
224 0.0776027572
226 0.0774530565
227 0.0773634825
230 0.0772431780
323 0.0757096632
324 0.0750126479
325 0.0749676514
329 0.0747109034
331 0.0744499670
332 0.0743880184
337 0.0743847078
348 0.0732079071
349 0.0721670662
444 0.0714078837
446 0.0712099320
448 0.0709349713
450 0.0705510533
451 0.0702924585
455 0.0692501448
463 0.0688448096
467 0.0684465008
562 0.0683223309
563 0.0681380165
568 0.0677731094
569 0.0670268258
576 0.0661507799
577 0.0654013963
578 0.0649945937
579 0.0649192541
580 0.0649185821
581 0.0640007775
675 0.0636738083
684 0.0635283645
692 0.0633192023
701 0.0632274207
732 82819.6434410819
evaluations raw_y
1 0.0632274207
88 0.0602586653
95 0.0563317242
96 0.0551031664
100 0.0549226066
106 0.0549209944
107 0.0544154446
111 0.0541067528
112 0.0539109200
217 0.0539103174
218 0.0539060207
221 0.0529676382
227 0.0528349582
231 0.0524486437
234 0.0523607771
323 0.0520350597
324 0.0516119278
325 0.0510162233
326 0.0505401719
328 0.0502726604
334 0.0502113935
336 0.0501978249
337 0.0497259933
341 0.0494926586
346 0.0489413968
348 0.0485047819
444 0.0484573640
446 0.0482700987
557 0.0482675724
681 0.0474955442
682 0.0474873845
688 0.0471296636
698 0.0467214920
701 0.0467099028
732 82819.6434410819
