evaluations raw_y
1 -2.266378801657757
2 6.572430387752355
3 9.08049704138979
4 -2.9912341355495298
5 -0.2721132681786891
6 4.871655718021449
7 3.993330196426192
8 3.0468923182314036
9 -2.1142635082656875
10 2.169405360196408
11 15.381646616865776
12 0.03222899027753101
13 4.937114190382097
14 6.5573855298677435
15 1.895652811659673
16 1.789593422298669
17 19.50568306969556
18 1.1698365071322687
19 -0.08164286906724882
20 -2.794143071474683
21 1.8252112134380374
22 -0.3662123186343553
23 12.580292360187617
24 8.1789386572935
25 -1.7221624705327305
26 1.1604660370184368
27 -0.92139338542751
28 3.521431970038819
29 -2.4237165657778017
30 2.6639886853264327
31 -2.985396540154907
32 0.28767983516066575
33 2.0861335406049024
34 3.7198723970700316
35 0.36838695643222596
36 0.5773263968826505
37 -1.8351855658482203
38 -3.7222409696465144
39 1.0232351414799048
40 0.26778216464333315
41 -2.45406979100637
42 -3.1364149799807044
43 1.8877715612914336
44 -0.9551081850963627
45 -1.0676763115941057
46 -3.241700615787156
47 -0.9707275603276928
48 -4.992460032963314
49 -1.450632114575205
50 -0.2855324650627713
51 -3.4401106853252816
52 -3.953526959427494
53 -2.0341204113108136
54 -4.67484228539951
55 -3.7352841095527642
56 -4.152512553960612
57 -4.138438356997598
58 -3.652924186608876
59 -0.33299841676529685
60 -3.874032143664258
61 -1.8143927496537149
62 -4.825012412269432
63 -3.3619330922104966
64 0.620143142987911
65 -4.106500901530465
66 -4.70212073793683
67 -4.4644191807623095
68 -3.775237874021399
69 -5.177881363377653
70 -1.7967177266304315
71 -2.954519003997886
72 -4.045745718952686
73 -5.560552630472128
74 -4.918964512078344
75 -3.4054159016255054
76 -3.3357385845643455
77 -5.335206153076095
78 -3.95725097740882
79 -3.2803099290210938
80 -5.256201986840276
81 -5.044783406096701
82 -4.510613675752422
83 -4.34135656520103
84 -4.687118103298832
85 -4.934010454636949
86 -4.277322679105117
87 -4.941208159631572
88 -4.38572409106119
89 -5.404402038025199
90 -5.19578306257067
91 -4.821717336450572
92 -3.844520472201666
93 -5.393440756756954
94 -5.488154752496596
95 -5.412917526687113
96 -4.686508170580902
97 -5.5882810347622724
98 -3.8018205263465044
99 -4.595011077996729
100 -4.995218293984139
101 -5.6237854162759096
102 -6.045738440701137
103 -4.619315481250175
104 -5.297366572703388
105 -5.453020065382541
106 -5.2089723443974645
107 -5.486423791893388
108 -5.254648605057569
109 -5.5390963420228445
110 -5.807308768355388
111 -5.505593633062244
112 -5.002484260806732
113 -5.265882547194364
114 -5.651731263993137
115 -4.185321049514803
116 -5.222718839503283
117 -5.15978018396123
118 -6.030333997250678
119 -5.059984459093096
120 -4.874020760009588
121 -5.953367145775672
122 -5.526119305246547
123 -5.543676216120735
124 -5.796295733823637
125 -5.717820456146683
126 -5.588704126582455
127 -5.539614479559319
128 -5.790638847716563
129 -5.737849707627667
130 -5.822199443127295
131 -5.868566760542015
132 -5.739606901163901
133 -5.746653866275847
134 -6.018718461260778
135 -5.756703488352944
136 -5.471659219186123
137 -5.965510656465748
138 -5.930301725894508
139 -5.654920262190598
140 -5.9518635401321704
141 -5.887148000555857
142 -5.737359350083078
143 -5.954949362583611
144 -5.646550240576726
145 -6.065257271207457
146 -5.937833449617486
147 -5.970247473214576
148 -5.878117730370534
149 -5.899633415303169
150 -6.04923894207712
151 -5.726532785625248
152 -5.7853086153092566
153 -5.986017236134504
154 -6.105498039284033
155 -5.985817679896892
156 -6.1139803296765125
157 -6.071294656274478
158 -5.981673356683645
159 -5.826626121424807
160 -5.924579164450968
161 -6.099738012654697
162 -6.10794197754044
163 -6.027990901004289
164 -6.085477321493625
165 -5.87031597025233
166 -5.949757219967916
167 -6.041842748425196
168 -6.049127600736708
169 -6.10262908993916
170 -6.0681863127836495
171 -6.078185890269619
172 -6.118635669235653
173 -6.082241741995439
174 -6.091284877576675
175 -6.091336999593631
176 -6.033175345201887
177 -6.0196705418854055
178 -6.043146845730192
179 -6.051509075242748
180 -6.088649718276432
181 -6.119369592829496
182 -6.100255013807896
183 -6.0981738584104885
184 -6.105527637629804
185 -6.095001036240671
186 -6.093300527548121
187 -6.063427258673865
188 -6.100448299885731
189 -6.115018740694137
190 -6.109509197837465
191 -6.127114634151984
192 -6.086806215145747
193 -6.111601737309265
194 -6.118611288456432
195 -6.109786196290054
196 -6.121798763397392
197 -6.10234096799971
198 -6.094793645626714
199 -6.1108160538110985
200 -6.1196633592230425
201 -6.118918621433062
202 -6.117636725074741
203 -6.127416168644091
204 -6.125157787113505
205 -6.098724467110063
206 -6.120965940745565
207 -6.122741867113586
208 -6.104292563565916
209 -6.124511775311433
210 -6.0940256707110905
211 -6.125314212492173
212 -6.119505455240336
213 -6.125336396715269
214 -6.125390266949113
215 -6.124662692513881
216 -6.128061670845894
217 -6.1167896789063345
218 -6.129523835782362
219 -6.123069250809234
220 -6.119283208255165
221 -6.123885093551484
222 -6.128358620309859
223 -6.120294122588912
224 -6.1232518620827685
225 -6.128901317920828
226 -6.1294097644807035
227 -6.128984459839468
228 -6.127694258813981
229 -6.1253617552586865
230 -6.128297899279967
231 -6.126579749333106
232 -6.129168850255692
233 -6.127491241430095
234 -6.128184021705415
235 -6.125925651048313
236 -6.130286764886998
237 -6.128206901459955
238 -6.126858115662312
239 -6.125112345867538
240 -6.130010565497669
241 -6.127838259722687
242 -6.128727223782361
243 -6.1297887614124456
244 -6.130703705290807
245 -6.128202695333152
246 -6.129667148042204
247 -6.129656627803934
248 -6.129949847114055
249 -6.129133363432347
250 -6.129745698129372
251 -6.129127603659899
252 -6.127346121103457
253 -6.127356525231164
254 -6.127989191082448
255 -6.130022880273895
256 -6.129884266333025
257 -6.130770710549595
258 -6.129981878732568
259 -6.131082482461634
260 -6.130574497112698
261 -6.128994995003799
262 -6.130911998042882
263 -6.130530509425016
264 -6.130812247200111
265 -6.129892805723648
266 -6.130133475601159
267 -6.130882627136842
268 -6.130198158879279
269 -6.130785755505706
270 -6.1295008493893155
271 -6.130899332906873
272 -6.130044516159452
273 -6.130015079715343
274 -6.130895163666185
275 -6.130875305184319
276 -6.130403384934591
277 -6.128963560070547
278 -6.129735486159774
279 -6.130397818382889
280 -6.130761547837433
281 -6.130669368873474
282 -6.131029410235732
283 -6.130844845413417
284 -6.130215331814232
285 -6.131016779392463
286 -6.130775779400642
287 -6.130993001338963
288 -6.1308089680533255
289 -6.130582962840378
290 -6.130808650667378
291 -6.130391193291411
292 -6.130916616954915
293 -6.131101377732196
294 -6.131053207326358
295 -6.131065047172319
296 -6.130800531774483
297 -6.131107999999697
298 -6.130761942840489
299 -6.13025519246299
300 -6.130912896752032
301 -6.13115648486705
302 -6.130935906983957
303 -6.131051166110866
304 -6.130960819680125
305 -6.131127783769759
306 -6.1308913325895285
307 -6.130946672366101
308 -6.130727868062637
309 -6.131008284706155
310 -6.131041680922058
311 -6.131171242686584
312 -6.130964404652229
313 -6.131021204126224
314 -6.13117665605031
315 -6.1311586894099115
316 -6.131094547157069
317 -6.1312125689409624
318 -6.131166400250404
319 -6.131156881778583
320 -6.131182256790186
321 -6.131197309614388
322 -6.131163520315794
323 -6.131155601646865
324 -6.131138029096865
325 -6.131110522553948
326 -6.131179530397361
327 -6.131151561099075
328 -6.131072161711615
329 -6.131120706857204
330 -6.131195486217923
331 -6.1312161439844965
332 -6.131082294526417
333 -6.131137053147541
334 -6.131137450523946
335 -6.131039939398272
336 -6.131190879086947
337 -6.131160273153784
338 -6.131170231182188
339 -6.131140103914563
340 -6.131184317234732
341 -6.131178595455394
342 -6.1311737256192735
343 -6.131060817701621
344 -6.131199223021289
345 -6.131164074979921
346 -6.131179443053968
347 -6.131189393076583
348 -6.131152906313041
349 -6.131148672289369
350 -6.13118647107248
351 -6.131216834867934
352 -6.131125894824338
353 -6.131156863123773
354 -6.131217794883301
355 -6.1311488245245
356 -6.131219876269668
357 -6.1311749340014785
358 -6.131195434871941
359 -6.131216693335942
360 -6.131205147122931
361 -6.131207815023563
362 -6.131221657216428
363 -6.131216615681018
364 -6.131199836891562
365 -6.131212494620192
366 -6.131210716369627
367 -6.131193345658096
368 -6.13121050881071
369 -6.13121665602336
370 -6.13120619093249
371 -6.1312014515948405
372 -6.131181386126746
373 -6.13121211520015
374 -6.131217412754715
375 -6.131199507109367
376 -6.131214042502933
377 -6.131213070223457
378 -6.131216981908604
379 -6.131213823156127
380 -6.131215721587389
381 -6.131214218579092
382 -6.131219100192716
383 -6.131215505457992
384 -6.1312167958453605
385 -6.1312152904220785
386 -6.131206623662985
387 -6.131202535915735
388 -6.1312179750252875
389 -6.131188778638144
390 -6.131213501539938
391 -6.131210387727089
392 -6.131221396111023
393 -6.131221203867872
394 -6.13121896728121
395 -6.13122049595742
396 -6.13121544495505
397 -6.131212846822438
398 -6.131221979869601
399 -6.131215880847185
400 -6.131216659647107
401 -6.1312219264909835
402 -6.13121655189645
403 -6.1312197044386005
404 -6.131221134430089
405 -6.131220950329344
406 -6.1312223109856685
407 -6.131219855968587
408 -6.131217695265136
409 -6.131221845368215
410 -6.131220296974457
411 -6.1312196133306465
412 -6.131221339869406
413 -6.131221461077697
414 -6.131216131136473
415 -6.131220775167923
416 -6.131222066642364
417 -6.131222083646621
418 -6.131221869079454
419 -6.131220565693029
420 -6.1312190067515315
421 -6.131222073672845
422 -6.131221316783744
423 -6.131218210814897
424 -6.131220676809118
425 -6.131219368023064
426 -6.131221398001617
427 -6.131219572493855
428 -6.131221599437578
429 -6.131220833368699
430 -6.13122100838394
431 -6.131221297791063
432 -6.13122156871104
433 -6.13122136068272
434 -6.131220127382531
435 -6.131222308055271
436 -6.131220246966483
437 -6.1312206863504315
438 -6.131220508406946
439 -6.131222220306976
440 -6.1312214886979755
441 -6.131222481917659
442 -6.131220968831665
443 -6.1312219803812935
444 -6.131221763924366
445 -6.131222427330968
446 -6.131221382406349
447 -6.131221220849053
448 -6.1312213152033745
449 -6.131221962410612
450 -6.131221684476333
451 -6.131222081641643
452 -6.131221710444345
453 -6.131221880762675
454 -6.131222213453897
455 -6.131221658249681
456 -6.131221868062761
457 -6.13122086074557
458 -6.131221465964267
459 -6.13122243601768
460 -6.131222285386023
461 -6.131222513263809
462 -6.131221822678063
463 -6.131221804657612
464 -6.131222491767937
465 -6.131221837935795
466 -6.1312223569247415
467 -6.13122181385657
468 -6.1312222765514885
469 -6.131221855326335
470 -6.13122258903194
471 -6.131222314795695
472 -6.131222397679642
473 -6.131222220619602
474 -6.1312221694684235
475 -6.131222691811549
476 -6.131222237427304
477 -6.131222489817243
478 -6.131222599508191
479 -6.131222178401618
480 -6.131222572947173
481 -6.131222295721727
482 -6.131222627257179
483 -6.131222452892253
484 -6.131222549697277
485 -6.131222690371065
486 -6.1312225574984485
487 -6.1312222065276
488 -6.131222707384966
489 -6.131222496621435
490 -6.131222428796662
491 -6.131222695772458
492 -6.131222592528728
493 -6.131222412764982
494 -6.131222635669874
495 -6.131222572029548
496 -6.13122253087483
497 -6.131222485655879
498 -6.1312224380759535
499 -6.1312225260867415
500 -6.131222348175743
evaluations raw_y
1 3.481573352498266
2 1.3322100889110775
3 -1.4358083111913085
4 6.899669396686477
5 11.878497186035162
6 4.849166535135095
7 14.304519740410601
8 -2.097529932999936
9 12.860745178560158
10 8.5211014284197
11 -0.0827091671644018
12 6.044592134137871
13 0.42860673693616924
14 -2.5712682074043585
15 5.87307155838748
16 -1.0476478966307523
17 1.7030013210137707
18 7.5655356925753825
19 0.4058945583949942
20 4.874230642627753
21 -0.630566027639313
22 9.645923826141248
23 8.312932752792456
24 -2.4864266504098333
25 -0.8641279937766173
26 5.34857849280236
27 0.07427704678394687
28 1.331204996641043
29 0.9895211120907561
30 0.9291733701730891
31 0.1269558823374224
32 -1.4455495402097642
33 1.8504548131062375
34 -0.4391217771564522
35 4.298733938943802
36 -2.2703496200095756
37 3.1429078107597874
38 0.44864331399955226
39 -0.9361451521201936
40 -2.516951607704302
41 -2.870305093625396
42 -1.8606575821625153
43 -2.3607854282141263
44 1.4363428144774586
45 0.9410978364008633
46 0.12655969878905093
47 0.1987206246412434
48 -2.0822842263234684
49 -2.51451828687951
50 -3.626739294662115
51 -2.5280367976805227
52 -0.8793051535661309
53 -2.5184822082777427
54 -1.2844321388809883
55 -3.2013873494923417
56 -3.7540792370789218
57 -3.2895034125291645
58 -2.802301917029943
59 -3.623132104854984
60 -3.185800958225328
61 -1.6765621581961594
62 -2.9707327450320724
63 -4.249736498462997
64 -2.556417593531915
65 -2.596333277804333
66 -4.67653605319771
67 0.726585803632168
68 -3.7359229922451016
69 -4.6515937701524255
70 -2.928643456136715
71 -1.3147573288146632
72 -4.312369052528268
73 -3.4143068346427787
74 -4.698764104675769
75 -4.7318731752794205
76 -3.9511318897426726
77 -0.05216413143533849
78 -4.170968691676547
79 -2.379955059071759
80 -4.589195168233968
81 -4.006783600049596
82 -5.391364299959305
83 -4.166863776461561
84 -2.753134762194765
85 -4.075772136648109
86 -4.402144217385164
87 -3.8604178385706596
88 -2.904626822359929
89 -3.8948542850279013
90 -1.7429355625496963
91 -3.6000098978882047
92 -4.395093846425204
93 -5.324523658796599
94 -5.812497177322785
95 -3.7730625336977255
96 -5.47416703515778
97 -4.439066526540875
98 -3.967280393522914
99 -1.4600792146902446
100 -2.0608333160836962
101 -4.498563447961193
102 -4.062699402652156
103 -5.0140553546863185
104 -4.8843185536758975
105 -1.6876732861324593
106 -5.326849414274398
107 -3.075529789450282
108 -3.2907582730279765
109 -3.3408540573735532
110 -0.42076252547669757
111 -4.98949189192808
112 -3.0321687778214943
113 -4.40568002497607
114 -3.1525022691275173
115 -3.6361144354159753
116 -2.4631116684318872
117 -3.7717484981632006
118 -5.224142118185369
119 -4.714288007113155
120 -3.3952181547443128
121 -4.530753798123384
122 -5.637591000083257
123 -3.802717858053198
124 -4.6517919301677155
125 -5.1836772135170435
126 -4.896736069241041
127 -5.637704656197933
128 -4.3703692616256955
129 -5.58520549885734
130 -4.906817519081727
131 -4.749411571314187
132 -4.0012423660905405
133 -5.156549285162827
134 -3.7072032285253576
135 -4.735960722086449
136 -3.1225958454769662
137 -4.771751697966977
138 -5.04692025589182
139 -3.8467057545650554
140 -5.505110527058925
141 -4.758200884236972
142 -5.671115739316413
143 -5.475945264062476
144 -4.467542105449727
145 -4.220327115012864
146 -5.083053141848618
147 -4.692797461847548
148 -4.994151737648021
149 -5.254474899073245
150 -5.822655570090275
151 -4.8729680530097585
152 -5.482307764432922
153 -4.981966146376654
154 -5.816221848399451
155 -4.772781891171153
156 -5.928212930026864
157 -4.831813672165892
158 -5.353271673196775
159 -5.509102672345902
160 -5.503933722497662
161 -5.913048122983498
162 -5.505610056627553
163 -5.523954656204146
164 -5.78553998787698
165 -5.933276065548105
166 -4.866828944306995
167 -6.0007858945861425
168 -5.864953619894454
169 -5.531185392239264
170 -5.738165590840369
171 -5.8170176847607244
172 -5.6722291837987715
173 -5.777528114835982
174 -6.012114608891503
175 -5.897083367885871
176 -5.752570263484305
177 -5.94680209461728
178 -5.829905846383445
179 -5.673368313164584
180 -4.805992434446587
181 -5.699234084479796
182 -5.593345466090639
183 -5.599579883824928
184 -5.2139488201540445
185 -6.055124902640829
186 -5.784286124077457
187 -5.8397531135486656
188 -5.618979220143473
189 -5.7163443648685615
190 -5.403739224943504
191 -5.861538987633596
192 -6.014609729298151
193 -5.942411660718527
194 -5.806826566979303
195 -5.770711276297637
196 -6.010585403036469
197 -5.979927629834311
198 -5.645187789311381
199 -5.741964784678611
200 -5.8498704404909585
201 -5.7696744702627285
202 -6.04787832282862
203 -5.894190460077616
204 -6.002852930478793
205 -5.9323126709294725
206 -6.00132760561902
207 -6.073493017584113
208 -6.05121201986712
209 -5.8643950084799865
210 -5.83311335000603
211 -6.084933360552171
212 -6.08953514986921
213 -5.926491929591144
214 -5.915409064838165
215 -5.988583962838012
216 -5.838367485263966
217 -6.0069926892216685
218 -5.96810229472495
219 -6.102433412748879
220 -5.944660218872309
221 -6.025541055055831
222 -5.806674982142562
223 -6.077813645225685
224 -5.874870666398445
225 -6.119207242160865
226 -6.0756637005337115
227 -6.103956086738768
228 -6.07129676185851
229 -6.094280937844236
230 -5.9972862488377805
231 -6.1077027195686195
232 -6.0912737461836945
233 -6.111200057034829
234 -6.091041083309217
235 -6.074918083504006
236 -6.053653691712642
237 -6.090223314295861
238 -6.034139627593987
239 -6.024172212358435
240 -6.0887209393775965
241 -6.045139036719936
242 -6.0769761979704375
243 -6.100890011525411
244 -6.031569049547496
245 -6.103166243383869
246 -6.046181788373552
247 -6.087440138609172
248 -6.072978253953535
249 -6.088298381329587
250 -6.11728622802349
251 -6.115396454916705
252 -6.0984734811329435
253 -6.096567578976536
254 -6.111216836927916
255 -6.091190421146353
256 -6.115518411090189
257 -6.120657661883559
258 -6.0858206506765296
259 -6.112224172594009
260 -6.022352330787808
261 -6.111283173104157
262 -6.093017111532406
263 -6.083999953729756
264 -6.069628289719719
265 -6.123707092191565
266 -6.104732097643182
267 -6.122170314633326
268 -6.118565504859512
269 -6.060403948945577
270 -6.108235295813488
271 -6.113324517006221
272 -6.116828792912639
273 -6.119687188241152
274 -6.113309249004064
275 -6.109201075755093
276 -6.107141269115236
277 -6.100002614654143
278 -6.116895542002341
279 -6.130132801736748
280 -6.107161991760041
281 -6.120143314476335
282 -6.128303288082861
283 -6.117710316419805
284 -6.1225780406282055
285 -6.124777450973733
286 -6.124398902102454
287 -6.104843120020533
288 -6.123815753950938
289 -6.124850716007261
290 -6.123346067041682
291 -6.126075235692074
292 -6.128493503656255
293 -6.122266267176647
294 -6.117691302535949
295 -6.128834393368773
296 -6.124044078444203
297 -6.126564868078674
298 -6.124660973273587
299 -6.128016116492078
300 -6.122807578003687
301 -6.126364823699091
302 -6.125413935969203
303 -6.120811554625097
304 -6.127444235181975
305 -6.126965800140456
306 -6.126871707573935
307 -6.125083828326917
308 -6.127965812894296
309 -6.125604192129934
310 -6.129165498743933
311 -6.125303287220415
312 -6.127851195603902
313 -6.127326105693908
314 -6.126084120243251
315 -6.129574755981208
316 -6.128320484631788
317 -6.125677621341642
318 -6.130393918355404
319 -6.127872184552418
320 -6.128563440676505
321 -6.131018528907688
322 -6.128798249835014
323 -6.128187742666382
324 -6.12926764835858
325 -6.12902027262387
326 -6.126637219682738
327 -6.1284382237662065
328 -6.129200745282904
329 -6.128720915387335
330 -6.1273252285634
331 -6.12720562368262
332 -6.130718484756458
333 -6.128007992918438
334 -6.128486145147448
335 -6.129312859275554
336 -6.129266776990745
337 -6.131161290227089
338 -6.1309140868671905
339 -6.129000296079047
340 -6.130317026187047
341 -6.129561248766746
342 -6.130396544685921
343 -6.1287024228887885
344 -6.1288407761582
345 -6.130812370648322
346 -6.131062254062471
347 -6.131181607034188
348 -6.130562073879813
349 -6.129188098107839
350 -6.130812914940263
351 -6.1306298545186495
352 -6.129895889135916
353 -6.130790313956628
354 -6.1302005004448885
355 -6.130890357832472
356 -6.130774594782487
357 -6.129751056392826
358 -6.130706656061731
359 -6.130470953972776
360 -6.130312524080022
361 -6.129827181046218
362 -6.130655204945736
363 -6.1306709461591735
364 -6.130638584495164
365 -6.130414370017285
366 -6.1304255726543895
367 -6.130783257183992
368 -6.130729591472939
369 -6.131185216423219
370 -6.130861002326142
371 -6.130690644808286
372 -6.130492587986608
373 -6.131071225551146
374 -6.130956951648953
375 -6.131013509544762
376 -6.130376126944711
377 -6.130787733803978
378 -6.1307651728888235
379 -6.131139394395662
380 -6.130738892855147
381 -6.130907737955662
382 -6.13095356018818
383 -6.130441088038624
384 -6.130555951724375
385 -6.131115647209284
386 -6.130647005957076
387 -6.130930962533602
388 -6.130877466847528
389 -6.131127536215147
390 -6.131100935397447
391 -6.130844386313969
392 -6.130910404725116
393 -6.131034250865639
394 -6.131098964922664
395 -6.131064054557184
396 -6.131062493541192
397 -6.131146115662811
398 -6.131035384031019
399 -6.1310458614416845
400 -6.131139897463089
401 -6.131110742175983
402 -6.131068156002557
403 -6.131171603647276
404 -6.131067906484051
405 -6.13109896664942
406 -6.131130777458625
407 -6.131204042912792
408 -6.1310562094442105
409 -6.1311907686387075
410 -6.131165316652358
411 -6.131027310432734
412 -6.131158196832722
413 -6.131180626755983
414 -6.131123445962097
415 -6.131160980712134
416 -6.131154307954025
417 -6.131172696084427
418 -6.131161689927274
419 -6.131106288740199
420 -6.131108688197645
421 -6.131208678002017
422 -6.131174747093834
423 -6.131129061576483
424 -6.13117435737032
425 -6.13116628025601
426 -6.1311898423857105
427 -6.131171014522358
428 -6.131152407293927
429 -6.131182681950136
430 -6.131190518124601
431 -6.131194227313234
432 -6.13109276150737
433 -6.131174872569037
434 -6.1311883059465675
435 -6.131168332663777
436 -6.1311562202486325
437 -6.131135509997932
438 -6.131162224241766
439 -6.131212194880589
440 -6.131167575073842
441 -6.131137786324185
442 -6.131194103316874
443 -6.131207405742773
444 -6.131198189033464
445 -6.131157824038049
446 -6.131193738510541
447 -6.131197835264015
448 -6.131197213197216
449 -6.131207924330621
450 -6.1311763078857515
451 -6.131208192628116
452 -6.131197098764215
453 -6.131181348048223
454 -6.131198561525487
455 -6.131205407778995
456 -6.131194506971954
457 -6.131211834918695
458 -6.131196552300201
459 -6.131203245031019
460 -6.131211892802106
461 -6.131215399976133
462 -6.1312211742891325
463 -6.131180448171848
464 -6.1312160644453755
465 -6.131216983177397
466 -6.131212083763257
467 -6.131216638500181
468 -6.131217162518465
469 -6.131215882144061
470 -6.1312166550591956
471 -6.131213312602165
472 -6.1312046648335174
473 -6.131208504861784
474 -6.131216364649857
475 -6.131215061509648
476 -6.131215638119386
477 -6.1312096490447825
478 -6.131220530712183
479 -6.131219392302802
480 -6.131221558284475
481 -6.131216759228854
482 -6.131218902394317
483 -6.131219292561915
484 -6.131214023159201
485 -6.131220339039109
486 -6.131215881084191
487 -6.131216752134785
488 -6.131215756619982
489 -6.13121397796094
490 -6.131217436179393
491 -6.131214549400463
492 -6.131210175223718
493 -6.131206861261293
494 -6.131218140077247
495 -6.131210014241297
496 -6.131217561732185
497 -6.131220312505713
498 -6.131218292253872
499 -6.131218340980763
500 -6.131220037265925
evaluations raw_y
1 19.69271279088059
2 13.967854113305021
3 1.4446205328798518
4 4.9714622531723744
5 5.540191366893907
6 -1.330279781570523
7 20.875636754003068
8 13.365336180019066
9 19.291539170030134
10 2.030823063791093
11 -3.2949976576558315
12 -3.8114143945340655
13 6.5042402816095946
14 3.5557941065175678
15 -4.285629787992875
16 4.220476358225436
17 -0.04664512461165149
18 -3.450807698999821
19 6.93102368124902
20 -0.17089171070138587
21 0.009293800746121406
22 2.6105507310231726
23 0.9482376157947039
24 2.126758417788002
25 -1.7001662633917318
26 -0.4404758594292515
27 -3.1118608321437984
28 6.765584981810781
29 -0.2651197869117645
30 2.0861135058729356
31 9.516356195832692
32 -2.888617499137221
33 0.46725325429170717
34 -2.352071184726939
35 -4.295724728375784
36 -2.5528320577722643
37 -3.022797378742398
38 -0.6853967056654371
39 1.7416024145662936
40 -1.551394315966626
41 -4.914633174575192
42 -2.360773391487252
43 -3.84948405475554
44 4.524185647075399
45 -0.2765291169917532
46 -0.2635267499791123
47 -2.561663989314193
48 2.4070016515363424
49 -4.3209919893423985
50 -4.763737476774646
51 -3.3509097929480136
52 -0.5063343132518394
53 -4.364339691882908
54 -0.8692379124483067
55 -1.7213819177908372
56 -4.231013292166901
57 -4.181866537407419
58 -4.266236967399167
59 -4.777255638816817
60 -4.135150035766737
61 -2.4350842675382136
62 -4.958503515716151
63 -4.089920754948863
64 -3.99455253107289
65 -4.460197403696904
66 -5.511239106675209
67 -3.9892850861411357
68 -4.46008268806634
69 -5.374701852388875
70 -5.170557817057688
71 -5.834840918187466
72 -3.310088503807043
73 -4.4424263380137985
74 -5.50263250701979
75 -2.899306278968652
76 -5.334088723577561
77 -4.068045922380575
78 -4.351451264130936
79 -2.7979812847401497
80 -4.985429496830011
81 -5.148464035644391
82 -5.69164775803204
83 -2.7108078324969456
84 -5.276696538390558
85 -4.948027230512949
86 -4.0517192227936825
87 -4.955012201117434
88 -3.4240650734742655
89 -5.568253120248763
90 -5.00450450790402
91 -4.890076996201846
92 -5.683405132649787
93 -5.00314193065938
94 -5.024089985607665
95 -5.940684657843922
96 -4.913619815791688
97 -5.217626572522711
98 -5.883432244964597
99 -5.770924814661821
100 -5.6004469180716345
101 -5.686917097566244
102 -5.177146060101233
103 -5.552853753227258
104 -5.247342228610886
105 -5.923100398131347
106 -5.56152378975194
107 -5.396426648230542
108 -5.433885285885847
109 -5.403170831493887
110 -4.991527368076143
111 -5.949681194244281
112 -6.033165624386964
113 -5.920992692357746
114 -5.700287305764742
115 -5.783620643650197
116 -5.66117110613315
117 -5.783677535389291
118 -5.429707995546225
119 -5.7429199226065215
120 -5.604785721154239
121 -5.62337506226943
122 -5.929745221204716
123 -5.80831930788071
124 -5.702833506789959
125 -5.499181956521988
126 -5.973618458097818
127 -5.8460543212548854
128 -5.945947013948189
129 -5.9808776843762494
130 -6.0432638248205715
131 -5.9579149497580035
132 -5.722782676005009
133 -5.824885300256149
134 -5.882022579813192
135 -5.9941202244025265
136 -5.612404988679866
137 -5.91099508829954
138 -6.021053679358818
139 -5.633700432035818
140 -5.784206806125793
141 -5.987843388692378
142 -6.067297208987593
143 -5.722880049573793
144 -5.996529253630233
145 -5.860920571971205
146 -5.7540381409024075
147 -6.0106105229308575
148 -5.962879813672597
149 -5.8902003702098105
150 -6.044290067858688
151 -5.944403531636054
152 -5.930589099584545
153 -5.971394468678701
154 -5.976413781558138
155 -6.07566927020539
156 -6.022949689968213
157 -6.07916431315935
158 -6.028255777307294
159 -6.020738666181989
160 -6.002827295034286
161 -6.036564035162379
162 -5.930225137804212
163 -5.906523522072707
164 -6.0360165125859435
165 -5.996064776973062
166 -6.129440079909213
167 -6.044726307188902
168 -5.975047965775612
169 -6.081949170174694
170 -6.095243446671262
171 -6.091819449372245
172 -5.994448033535548
173 -6.103306366495019
174 -6.097477636468689
175 -6.0725652941692
176 -6.109094240040634
177 -6.05978164694643
178 -6.090362214311555
179 -6.088723513741507
180 -6.027100211646738
181 -6.076381306443864
182 -6.005051358997365
183 -6.099769538712932
184 -6.017245720269515
185 -6.084149036910234
186 -6.089140457484876
187 -6.097797389351712
188 -6.087926841116546
189 -6.09640285482419
190 -6.092287653823022
191 -6.075956703122225
192 -6.065782988654135
193 -6.103831696807603
194 -6.063645126039995
195 -6.090895030424578
196 -6.076657755951061
197 -6.10739190307959
198 -6.098302744867475
199 -6.088359498954176
200 -6.051812215754632
201 -6.103562658241644
202 -6.1188423337943245
203 -6.064110559291788
204 -6.103735929181192
205 -6.094539551386046
206 -6.120844445736346
207 -6.09717454264512
208 -6.070033801030433
209 -6.1067226968081005
210 -6.114370005185712
211 -6.113035361125986
212 -6.1090455254065485
213 -6.11385728539217
214 -6.119348253675194
215 -6.111282791579072
216 -6.125006977853647
217 -6.105188111914805
218 -6.114694424999709
219 -6.126445385051378
220 -6.12251412460078
221 -6.120760344127497
222 -6.118789039299525
223 -6.109227674247954
224 -6.112665046367096
225 -6.114296241037659
226 -6.124008973465744
227 -6.115335009776169
228 -6.122987642393246
229 -6.111762815838618
230 -6.125406922901236
231 -6.122182322462245
232 -6.120840310856421
233 -6.118433287852891
234 -6.116040536344601
235 -6.118822723776597
236 -6.1110399599918654
237 -6.119924840578365
238 -6.121038995130214
239 -6.126843746809675
240 -6.129275581847342
241 -6.130317274028243
242 -6.121771539873135
243 -6.1180322235214
244 -6.1237439875707445
245 -6.1290481730213555
246 -6.129280359794345
247 -6.1280783062248645
248 -6.118659557094093
249 -6.124919577730271
250 -6.127352815533974
251 -6.127417181679958
252 -6.12322713230321
253 -6.129174246050911
254 -6.1251280704291995
255 -6.123480517530119
256 -6.122796943785859
257 -6.125578567672689
258 -6.123003430963902
259 -6.126014742246827
260 -6.125856394455478
261 -6.115662190200643
262 -6.12420135544044
263 -6.1240252334130645
264 -6.121380811323599
265 -6.123614459298318
266 -6.1284704715204485
267 -6.124907882307864
268 -6.122054538504546
269 -6.118051913670687
270 -6.129640419966902
271 -6.114253810357571
272 -6.119716174833121
273 -6.124639685461567
274 -6.12391069456581
275 -6.122158783456666
276 -6.127925341511454
277 -6.127746553370211
278 -6.12765375393002
279 -6.127311627887442
280 -6.130544120954752
281 -6.1281350741019
282 -6.12731606195297
283 -6.127569938411018
284 -6.128209916963823
285 -6.1285509427737335
286 -6.129518376078845
287 -6.128474911308615
288 -6.126200185787737
289 -6.130610901431596
290 -6.123132356374103
291 -6.1282237663738
292 -6.129064192652724
293 -6.130150772699208
294 -6.127201971100618
295 -6.130311798234815
296 -6.125271669675508
297 -6.127926655557513
298 -6.129772116574217
299 -6.129934096921093
300 -6.127352620818245
301 -6.130679407188955
302 -6.129774336755578
303 -6.129813985897595
304 -6.128682323649799
305 -6.130371618812215
306 -6.129964510899965
307 -6.128668201940803
308 -6.129070320236608
309 -6.130725785045397
310 -6.130590355190032
311 -6.1277486193362805
312 -6.128232727443372
313 -6.130879275015529
314 -6.131136392675495
315 -6.130078476554466
316 -6.128196266950712
317 -6.130860200920186
318 -6.130567552311651
319 -6.129775399916419
320 -6.130584493028933
321 -6.130672179455073
322 -6.130256993904598
323 -6.131015953950085
324 -6.12999415325152
325 -6.130459227345501
326 -6.129431743149418
327 -6.130108059883479
328 -6.130031049977806
329 -6.130608684314417
330 -6.130665405625789
331 -6.131129591124448
332 -6.1305404026972
333 -6.130129484772059
334 -6.130643499444182
335 -6.13084987458754
336 -6.130692998391412
337 -6.130833484751361
338 -6.130613755471505
339 -6.130981532668489
340 -6.130866138531418
341 -6.130821948030097
342 -6.130900963874098
343 -6.131089967637776
344 -6.1310804920362205
345 -6.131024245374321
346 -6.1309940476424964
347 -6.130894010810328
348 -6.131147070883178
349 -6.130947782488706
350 -6.131158449992782
351 -6.130379615151995
352 -6.130580371931568
353 -6.131128550386063
354 -6.130892686395985
355 -6.130848430244356
356 -6.131109552241888
357 -6.131035047080143
358 -6.13099784299998
359 -6.131065194261428
360 -6.131165191188093
361 -6.131157605039883
362 -6.131029601946045
363 -6.1312020628820845
364 -6.131176772111987
365 -6.131150166043882
366 -6.131176936303266
367 -6.131150136554037
368 -6.13112593558445
369 -6.13118691296033
370 -6.131041691086405
371 -6.131193808931527
372 -6.131163225277874
373 -6.1310089003972355
374 -6.131201134712557
375 -6.131068989077556
376 -6.131195969600208
377 -6.131098552248174
378 -6.131169513789295
379 -6.1310990811275365
380 -6.131141943223575
381 -6.131202324177621
382 -6.131157721484964
383 -6.131172392288859
384 -6.131170601190086
385 -6.131201817524739
386 -6.131204792269257
387 -6.131203110089525
388 -6.1311950929033445
389 -6.131190928653755
390 -6.1312106282519885
391 -6.131207772732429
392 -6.131140643004757
393 -6.131201463403999
394 -6.131213468976528
395 -6.131207403196702
396 -6.131198440756681
397 -6.131202936066941
398 -6.131198532183282
399 -6.131181694935333
400 -6.131176007660995
401 -6.13116715960263
402 -6.131210412177853
403 -6.131190482470172
404 -6.131217222805154
405 -6.131217698574437
406 -6.1311904277590825
407 -6.131216577764307
408 -6.131201385777595
409 -6.131195145485176
410 -6.1312108787783846
411 -6.131212935811117
412 -6.131219406883422
413 -6.131212843414646
414 -6.13121934749937
415 -6.131195843467067
416 -6.131205822251358
417 -6.131218702356428
418 -6.131217115986668
419 -6.131219165673235
420 -6.131206425577432
421 -6.1312144732712675
422 -6.131218163529498
423 -6.131215673130645
424 -6.1312015291637145
425 -6.131196159153663
426 -6.131219824447962
427 -6.131213332370753
428 -6.131215393515046
429 -6.131214709597386
430 -6.131205938283616
431 -6.131209983987402
432 -6.131218897596075
433 -6.131220941680194
434 -6.131217799017063
435 -6.131219914134629
436 -6.131215119802895
437 -6.131220542848396
438 -6.13121719561978
439 -6.13121836102216
440 -6.13120474116252
441 -6.1312206518320815
442 -6.1312210631296065
443 -6.131221558112346
444 -6.131221269351195
445 -6.131220313792433
446 -6.131221008009803
447 -6.131219535078198
448 -6.131220807104756
449 -6.1312210568262415
450 -6.131217961666022
451 -6.131219256879919
452 -6.1312214745209666
453 -6.131220473363859
454 -6.131221361031514
455 -6.131221270112983
456 -6.131220368710606
457 -6.1312185087986295
458 -6.131222276197088
459 -6.1312211810556265
460 -6.13122049411824
461 -6.1312219605359495
462 -6.131219418413252
463 -6.131221102462608
464 -6.131220071435491
465 -6.131221622680389
466 -6.131222400894151
467 -6.131222361059895
468 -6.131221441248639
469 -6.131221577879964
470 -6.13122244355893
471 -6.131222620787332
472 -6.131221824655313
473 -6.131221887029583
474 -6.1312211076152945
475 -6.131222629259681
476 -6.131222400499463
477 -6.131222304990276
478 -6.131222372052922
479 -6.131222543361215
480 -6.131221324958112
481 -6.131222657674591
482 -6.131222140627999
483 -6.131222598479177
484 -6.131221849752372
485 -6.131222327007716
486 -6.131222647188869
487 -6.1312223120715235
488 -6.131222224034084
489 -6.13122226538704
490 -6.131222188522685
491 -6.131222235351327
492 -6.131222522772855
493 -6.13122188037976
494 -6.131222424320701
495 -6.13122159251372
496 -6.13122229229505
497 -6.1312223540134685
498 -6.131222268895996
499 -6.131222583960376
500 -6.13122259681412
evaluations raw_y
1 7.602013708790835
2 5.89351317677115
3 -2.989355309777318
4 -2.02204001203134
5 2.676740497192509
6 2.9274122128224214
7 -4.077931065896406
8 12.795036777347242
9 -2.460047218241811
10 -1.5660903225784901
11 1.9080295146899315
12 4.586847394911279
13 1.8195006474040358
14 -3.0389142293766276
15 -1.5516165075522488
16 -3.7548270793518914
17 5.5664339842474355
18 0.006227413639197543
19 16.23406909735779
20 -1.6074191775481337
21 -3.422546690623562
22 -2.4792074226276775
23 1.2354829956492406
24 1.6123543152467095
25 2.379633683731253
26 0.34905266516453715
27 -2.5498738127985896
28 -4.407029843925084
29 -0.9272323282749597
30 -3.245164033548169
31 3.944342099802604
32 -0.8373485898920374
33 -1.835574332957751
34 -3.3106796567763053
35 -3.0073588893778425
36 -3.133578461882881
37 -0.2972016781330664
38 -3.465380150184937
39 -3.406906517185032
40 -1.9385558804166343
41 -3.3932308079279663
42 1.0995102913632975
43 3.49009024036319
44 -3.6872793389745153
45 -1.9291601176844626
46 -4.754286677364059
47 -2.7270489630774595
48 -2.670577000092626
49 -3.989310407946996
50 -4.035346999774823
51 -2.3292110286946457
52 -2.082273529721209
53 -3.7933367513617315
54 -4.1595733955675325
55 -2.8660042158393777
56 -4.290151492217975
57 -4.408826219043446
58 -3.4550777030414284
59 -4.006095421203627
60 -3.5422654586438362
61 -3.019889129643567
62 -1.9100516304731805
63 -5.456573127320488
64 -5.121436714207999
65 -4.556975819442856
66 -3.87840476491527
67 -5.212998457984314
68 -4.9721620012077485
69 -3.3758736165392964
70 -4.573933904681106
71 -3.7029052762353287
72 -1.6834444082229236
73 -5.624737000292984
74 -4.260744226560585
75 -2.487794077385406
76 -5.230992017609114
77 -5.949294249207972
78 -2.66796800488399
79 -4.922665623894107
80 -4.623340994486475
81 -5.1998041080261075
82 -5.24941113316421
83 -5.671798838501841
84 -4.34888207482901
85 -5.176332593150476
86 -5.121651082347485
87 -4.73276413438382
88 -5.782574899339861
89 -4.091719135193476
90 -5.714908952554255
91 -5.637676733154333
92 -4.8847464244356456
93 -4.318461661033309
94 -3.444728345368453
95 -5.309441626641321
96 -5.295807646448496
97 -5.751482438170295
98 -5.79530136951092
99 -5.32238278144515
100 -4.530597920602162
101 -5.793046961845049
102 -5.091485577567714
103 -5.664410051469434
104 -5.822565178892043
105 -5.332935579080755
106 -5.58567513303768
107 -5.043883342917425
108 -5.364889741512558
109 -5.398266274671746
110 -5.6493679766585085
111 -4.881363334342479
112 -5.8432933436358026
113 -5.446054061116948
114 -5.787516019185718
115 -5.2049798322564245
116 -5.931822761490647
117 -4.983984692390145
118 -5.681338375644849
119 -5.712982341799789
120 -5.123828723923721
121 -5.738668652284363
122 -4.910735978886795
123 -5.804861436320956
124 -5.680284082397122
125 -5.840273961335811
126 -5.884419598235543
127 -5.946285839236335
128 -5.363183452059895
129 -6.033978036066305
130 -5.972406177467122
131 -5.973038801772477
132 -5.661288805184299
133 -5.970147963360517
134 -5.906728097470973
135 -5.983428177268566
136 -5.59873835270135
137 -5.904158938087985
138 -5.963427923926998
139 -5.9976578724937175
140 -6.029478542399357
141 -5.771097479456314
142 -5.953241690687692
143 -5.845611295424979
144 -5.550998175921025
145 -5.85172781621229
146 -5.983280409631909
147 -6.092787614262285
148 -6.112158526179466
149 -5.998393585901921
150 -6.087421848765018
151 -5.9773320001696355
152 -5.963503610040683
153 -6.103524902470317
154 -6.069580058973442
155 -6.093947252890819
156 -5.9346851060036965
157 -5.966282806558072
158 -5.968238054754235
159 -6.081542912831322
160 -5.90163319077981
161 -6.047849403731384
162 -6.0656662816807625
163 -6.050735218108884
164 -6.070323722642947
165 -5.868084697261005
166 -5.986012879039717
167 -6.071805656952053
168 -6.0717459443221315
169 -6.044638386334023
170 -6.1173071365420055
171 -6.005618316987711
172 -6.08206452951025
173 -6.009784288637162
174 -6.0107252875922725
175 -6.0434235270139816
176 -6.0977551307584275
177 -6.03983900298195
178 -6.111023163095053
179 -6.024937495384295
180 -6.099159197980629
181 -6.030309695931586
182 -6.080412916667608
183 -6.093496876191481
184 -6.038000713765019
185 -6.084780774168153
186 -6.095260748982515
187 -6.106633478947509
188 -6.111902443690634
189 -6.088683282914309
190 -6.122239129084985
191 -6.106941081929601
192 -6.112819046935904
193 -6.118371357510063
194 -6.0403402084480575
195 -6.067276659709769
196 -6.092999879494659
197 -6.112568591622372
198 -6.126551692788028
199 -6.09894041981999
200 -6.11854318406176
201 -6.086056889021671
202 -6.102835692966172
203 -6.086662746720061
204 -6.1238028445387025
205 -6.112922950473896
206 -6.1273180431100895
207 -6.064244957142283
208 -6.112928272334159
209 -6.128921799753721
210 -6.12650660157913
211 -6.091217613907725
212 -6.102465333017495
213 -6.107310527558534
214 -6.120058629844657
215 -6.110564995700954
216 -6.122178299494498
217 -6.118084673003054
218 -6.129540261407719
219 -6.124434220223917
220 -6.125229732716006
221 -6.121549533147519
222 -6.12496684603394
223 -6.127576082657179
224 -6.127166486840855
225 -6.126699207554499
226 -6.1261539604551345
227 -6.124267158359419
228 -6.127437395592846
229 -6.126757862311126
230 -6.126242112702759
231 -6.119406691934886
232 -6.1231106680382705
233 -6.12758298428898
234 -6.1264472105794745
235 -6.124743727030314
236 -6.127188845342793
237 -6.12960267800452
238 -6.122908688502587
239 -6.127922241728478
240 -6.118612420337532
241 -6.130800598182096
242 -6.1296257976607
243 -6.124935538177018
244 -6.127652980516283
245 -6.122757470057465
246 -6.124873268323765
247 -6.126004700884284
248 -6.128861515757592
249 -6.130141023684607
250 -6.1308084772155995
251 -6.129216755501981
252 -6.128482197259245
253 -6.127532937393582
254 -6.128533355500402
255 -6.128871413378001
256 -6.125727159489663
257 -6.1307871983711095
258 -6.130664042888014
259 -6.1302209737890845
260 -6.12920154661633
261 -6.129554631544096
262 -6.130757387582805
263 -6.129059205256682
264 -6.13100162513746
265 -6.1304630099764825
266 -6.130241816127999
267 -6.130070193147952
268 -6.130913109795882
269 -6.130102792847781
270 -6.130574569667381
271 -6.130741735971052
272 -6.130495608014071
273 -6.130381313394434
274 -6.129579970331906
275 -6.131014880824328
276 -6.129949625182163
277 -6.130402853079658
278 -6.130767662434391
279 -6.131034985259738
280 -6.130316279459152
281 -6.130677807426352
282 -6.131016585958595
283 -6.130901706974726
284 -6.1306752642214235
285 -6.13072907272554
286 -6.130860859000455
287 -6.130923903997008
288 -6.13106632614236
289 -6.130928097938209
290 -6.130762459911623
291 -6.130393188038041
292 -6.131084635957823
293 -6.130988339043454
294 -6.130739449906994
295 -6.130825859834209
296 -6.130978392254885
297 -6.131029734295421
298 -6.131184412426649
299 -6.130894215880152
300 -6.130925910966965
301 -6.130956517891008
302 -6.1310891651120905
303 -6.130847457519789
304 -6.130868279877331
305 -6.131145986592777
306 -6.131008063929837
307 -6.130993973466505
308 -6.131100799020194
309 -6.1311555654118415
310 -6.131193402312704
311 -6.130905313435184
312 -6.1310398320723944
313 -6.131055626526572
314 -6.1310998173999725
315 -6.131049790731939
316 -6.131120965216262
317 -6.131169769940509
318 -6.131009275577321
319 -6.1311255988098905
320 -6.13107028286444
321 -6.131098487017709
322 -6.131207413262247
323 -6.131208830432989
324 -6.131169025647088
325 -6.131163146155258
326 -6.131071689364055
327 -6.131171934661384
328 -6.131131162287722
329 -6.131171210430362
330 -6.13119890999561
331 -6.131214390673861
332 -6.131148102512826
333 -6.131186837811834
334 -6.131172480683056
335 -6.131177202353566
336 -6.131169099616247
337 -6.131200430900128
338 -6.131184935915472
339 -6.1311824768873695
340 -6.13119852602907
341 -6.131211601346541
342 -6.1311391995966105
343 -6.131176450417063
344 -6.13119929311722
345 -6.131206883902797
346 -6.131207942266339
347 -6.131194492903699
348 -6.131207965253843
349 -6.131209363057158
350 -6.131202643282736
351 -6.131186435036386
352 -6.131183935620858
353 -6.131206618177337
354 -6.131188975938221
355 -6.131161580261582
356 -6.131202245601369
357 -6.13121499422096
358 -6.131205211504723
359 -6.131202649193554
360 -6.13117989232469
361 -6.1312136908371615
362 -6.131211710010527
363 -6.131187220225744
364 -6.13118275893994
365 -6.131193706811761
366 -6.131197889299189
367 -6.131218447408719
368 -6.131200287836254
369 -6.131213877844427
370 -6.131222112414127
371 -6.131211248274276
372 -6.13122035468693
373 -6.131212690021002
374 -6.131221858446378
375 -6.131187779595422
376 -6.131200896846179
377 -6.131215050574683
378 -6.131221334663609
379 -6.131204017937725
380 -6.131213698675358
381 -6.131213926224788
382 -6.1312151439643126
383 -6.1312156076789
384 -6.131220064748879
385 -6.13122181821857
386 -6.1312145616238425
387 -6.13121151995482
388 -6.131219353903398
389 -6.131216870628243
390 -6.131218953506732
391 -6.131214295699718
392 -6.131219033868711
393 -6.131219994861946
394 -6.13122160305435
395 -6.131221750100249
396 -6.131219224849832
397 -6.131220878296018
398 -6.131221263159437
399 -6.131222478950303
400 -6.131218931609771
401 -6.131221967593819
402 -6.1312201610593675
403 -6.131221961616339
404 -6.131221273970166
405 -6.131220891368629
406 -6.131221078310117
407 -6.131221947951904
408 -6.131221362884075
409 -6.131222187996704
410 -6.131222260611228
411 -6.131218660518915
412 -6.13122173616599
413 -6.1312191268985945
414 -6.131222297481218
415 -6.131221134429801
416 -6.1312206090948225
417 -6.131221345130532
418 -6.131222055934129
419 -6.131221584035574
420 -6.131221146075783
421 -6.131219752685198
422 -6.131222010755999
423 -6.131222075553279
424 -6.131221065092939
425 -6.131222627259537
426 -6.1312223039254965
427 -6.1312221715945885
428 -6.13122162539594
429 -6.131220879154998
430 -6.131222263447235
431 -6.131221653083189
432 -6.13122227019024
433 -6.131221966619258
434 -6.131221933323974
435 -6.131222219210857
436 -6.131222278190241
437 -6.131222559540798
438 -6.131221622539014
439 -6.131222290241407
440 -6.131221641185298
441 -6.13122265108906
442 -6.131222436166491
443 -6.131222126024141
444 -6.131222640811356
445 -6.131222459907561
446 -6.131222598790268
447 -6.131222341044733
448 -6.1312217795285004
449 -6.131222627510255
450 -6.131222375871962
451 -6.131222543777435
452 -6.131222635894815
453 -6.131222347865475
454 -6.131222596817985
455 -6.13122249484557
456 -6.131222429648168
457 -6.1312223614808925
458 -6.131222229526622
459 -6.131222620833173
460 -6.131222534663885
461 -6.131222622763652
462 -6.131222576107499
463 -6.131222669429846
464 -6.131222675901982
465 -6.131222528388123
466 -6.131222611811552
467 -6.131222712211056
468 -6.131222618541228
469 -6.131222591682427
470 -6.131222606251771
471 -6.131222683715061
472 -6.131222728739809
473 -6.131222708931146
474 -6.13122267133629
475 -6.131222684070416
476 -6.131222711496501
477 -6.131222617674496
478 -6.131222692322421
479 -6.131222623727551
480 -6.1312227232506
481 -6.131222617102415
482 -6.131222658328469
483 -6.131222653369076
484 -6.131222673104414
485 -6.131222630479767
486 -6.131222648853402
487 -6.131222626597529
488 -6.131222717309462
489 -6.131222620905794
490 -6.131222639836662
491 -6.131222695843401
492 -6.131222706046857
493 -6.131222673981641
494 -6.131222661642683
495 -6.131222563909306
496 -6.131222642024814
497 -6.13122268384429
498 -6.131222679534029
499 -6.131222667333882
500 -6.13122272960517
evaluations raw_y
1 27.95613056085418
2 10.848560514434272
3 -0.3968105656805303
4 5.342724645023719
5 4.284197000032648
6 0.5155366677307311
7 14.19165974774145
8 7.8664216993164935
9 6.445382376227966
10 5.928737897883949
11 12.9729997669363
12 1.5642323110405556
13 0.8701431940525115
14 2.2022443028024874
15 2.6160394144403556
16 1.5647816879419434
17 9.121513502121237
18 19.735895915651138
19 5.356855544583361
20 5.197525838072729
21 7.085404549320309
22 1.6406657267929887
23 9.75174455694314
24 9.433482505023004
25 12.944755899391657
26 10.405278971235632
27 10.784594202744035
28 9.4039133615911
29 4.695167934723946
30 -1.714799643600455
31 9.808722144300138
32 0.2503662582467996
33 -1.848711144052333
34 1.901735894104581
35 7.943874250394387
36 8.883702795506656
37 -0.39793376138827874
38 7.113297795499223
39 7.555944914462272
40 2.5633583926156307
41 -0.7504756969287225
42 -1.5954869387703305
43 3.199294308294779
44 -2.9981062872426234
45 2.4543528552407876
46 3.22763099271582
47 -1.2375956431480408
48 -3.600755288310687
49 2.296970784908371
50 3.1340113447620475
51 -2.7364216014848597
52 -2.3722459435327146
53 -3.588911593776867
54 -2.804343024843553
55 -0.44514668078499664
56 4.342007067845121
57 -3.275545213637345
58 -1.1951690446533982
59 -2.380139354307831
60 -3.2165841078850392
61 -2.030584723607049
62 -2.769157005442546
63 5.552103626336241
64 -3.349043630700548
65 -4.608541432740905
66 -2.5020513346249134
67 2.4340175565220523
68 -4.132909731830711
69 -2.606978709448486
70 -4.5248894455364095
71 -1.6066344658903597
72 -4.213162039889292
73 -4.210864274166026
74 -3.6394436955741387
75 -4.0063183888464104
76 -3.435920104604097
77 -3.277800623993767
78 -4.475011355314185
79 -1.5922358370365486
80 -3.709891038301149
81 -3.379001359901962
82 -2.74373285691724
83 -3.8365148279539794
84 -2.7425239944007407
85 -4.063273187090293
86 -4.020162596627921
87 -3.949256470628151
88 -2.7187182389473974
89 -0.130255921366782
90 -4.260668907835393
91 -2.4673403089748702
92 -2.2328092721451354
93 -3.8564277498756425
94 -3.223683887090294
95 -0.13283580513541082
96 0.7540274178291337
97 -2.670762296752305
98 -4.13494720264895
99 -3.9259541236517355
100 -3.331953737006015
101 -2.7557072305657204
102 -3.5961728398424597
103 -3.583442453769279
104 -3.1892428655587715
105 -5.631834777714069
106 -1.167447637860259
107 -1.5221932415605202
108 -3.906779715276117
109 -2.276877228417069
110 -4.512891048291031
111 -2.979196940348501
112 -3.609057143046832
113 -1.9276833755136344
114 -3.450577148476648
115 -4.20992429909568
116 -4.0675549461903096
117 -5.133590772225011
118 -5.542969431967587
119 -5.136872742119324
120 -4.024692225693815
121 -4.747273693089281
122 -3.0123728028400807
123 -4.50768586475871
124 -5.0973970346418875
125 -5.005003583677789
126 -3.717128658671178
127 -5.22442622208351
128 -5.018947051447516
129 -4.94874409903767
130 -3.9965329680094555
131 -5.379042150827752
132 -4.5944869758365225
133 -4.986715235476013
134 -4.7317860336073245
135 -5.355659830203615
136 -4.811502201940077
137 -5.087275797249241
138 -4.265313774978244
139 -5.645102152441837
140 -5.487534894048643
141 -4.809988555630147
142 -4.784967505586424
143 -4.733523646119117
144 -5.002662158750276
145 -5.662783435628267
146 -5.514991121413564
147 -5.7287326100988984
148 -5.386319585058946
149 -5.1032364101879
150 -5.367481884220174
151 -5.3273316516644025
152 -5.453208346025787
153 -5.195089251657845
154 -5.338654147198303
155 -5.33651468102691
156 -5.389833454404277
157 -5.700949416599549
158 -5.6692373815781725
159 -5.492550267682566
160 -5.170999533540512
161 -5.070561935192087
162 -4.729379680979292
163 -5.7596982279009925
164 -5.490474512007369
165 -4.815896686964475
166 -5.639619943713181
167 -5.423892424816649
168 -5.529531200002229
169 -5.791995446734221
170 -5.6720499042650445
171 -5.57323633003861
172 -5.451243460046586
173 -5.357926636689117
174 -5.536975598563094
175 -5.889207034585546
176 -5.550380309536733
177 -5.213112826330412
178 -5.862345572241325
179 -5.376857551060002
180 -5.665383055071257
181 -5.718873163456892
182 -5.704911273053678
183 -5.824807497423637
184 -5.608277025441591
185 -5.305933825187014
186 -5.548217472142564
187 -5.824227698957209
188 -5.036950764125779
189 -5.812535448430862
190 -5.639688754715602
191 -5.56290702736996
192 -4.842606581762947
193 -5.728791566850054
194 -5.956186336455187
195 -5.709678031229529
196 -5.79523196632588
197 -5.802479877645252
198 -5.810471937321649
199 -5.852679098563339
200 -5.601123039734456
201 -5.963664185848227
202 -5.9706736873789605
203 -5.820077068999806
204 -5.864550797351152
205 -5.760940083976213
206 -5.733957260340277
207 -5.890869815925584
208 -6.016377442962692
209 -6.024162077505419
210 -5.958200445910441
211 -5.926672866265545
212 -5.786323809001662
213 -5.740202881399781
214 -5.9465981656958755
215 -6.0264229396208995
216 -5.932562261311607
217 -6.08506668234541
218 -5.910590972687423
219 -5.997465881489062
220 -6.072301269749463
221 -6.078038144382367
222 -6.040153399029444
223 -6.070158052711142
224 -6.032214450141719
225 -6.0410348963348905
226 -6.108362646802036
227 -6.058202329162857
228 -6.03407833168942
229 -6.110558945889382
230 -6.047056916501962
231 -6.018859984960246
232 -6.033059529529285
233 -6.094314234481126
234 -6.071375798327081
235 -6.07923735486125
236 -6.0469411476414265
237 -6.079402472418709
238 -6.056410584361888
239 -6.090065953484306
240 -6.065441279461413
241 -6.0751871943989135
242 -5.941908460929923
243 -6.1256578383022084
244 -6.051495739181622
245 -5.9541853568291
246 -6.065593974648479
247 -6.105452867615117
248 -6.0220736525577205
249 -6.055520279935783
250 -6.08803613747855
251 -6.083183979823659
252 -6.09660628168796
253 -6.082827415253147
254 -6.060894704570137
255 -6.090609073909167
256 -6.096413285318977
257 -6.105460093291664
258 -6.05718457680979
259 -6.065577612029756
260 -6.098144630514379
261 -5.906287580111723
262 -6.072557891726422
263 -6.090289607343188
264 -6.0420624613253615
265 -6.066808197676617
266 -6.110247299596542
267 -6.122511723537594
268 -6.02163293115793
269 -6.097153804931237
270 -6.1229047418864475
271 -6.044976158144688
272 -6.098614242578933
273 -6.113550185518544
274 -6.112328728998586
275 -6.10661991348054
276 -6.099575716231806
277 -6.079884145968968
278 -6.121713438711781
279 -6.090992029447676
280 -6.111950884659165
281 -6.1243002060132286
282 -6.125652686102365
283 -6.116650424042467
284 -6.101763288560387
285 -6.094962002140779
286 -6.116710208179618
287 -6.117549323742683
288 -6.083296468473243
289 -6.125033708554428
290 -6.117963733955415
291 -6.123218994456838
292 -6.125524291110614
293 -6.1099641445685515
294 -6.125025367673162
295 -6.117988221196686
296 -6.129364147752463
297 -6.1167980676819
298 -6.129018744552038
299 -6.123335514030524
300 -6.128097431266351
301 -6.127058877519142
302 -6.128242321692622
303 -6.12091111711219
304 -6.118651157691595
305 -6.122121969262675
306 -6.117279171681393
307 -6.110063731019375
308 -6.126590800322921
309 -6.1206529409595
310 -6.124761070756259
311 -6.12424739902719
312 -6.122289874883461
313 -6.117984018037792
314 -6.121796127263032
315 -6.123492406405018
316 -6.12284432657419
317 -6.125727907849263
318 -6.129942304551373
319 -6.121326282463102
320 -6.1197526472366865
321 -6.12255003855849
322 -6.127819740848398
323 -6.12750778655926
324 -6.124016407757679
325 -6.127057541337229
326 -6.125079772957047
327 -6.128593264093798
328 -6.121635543568295
329 -6.1272479340905
330 -6.129974286979763
331 -6.130167500634156
332 -6.119478903201884
333 -6.120922652629709
334 -6.129055623824709
335 -6.1259829160023695
336 -6.124577748688028
337 -6.129409105192883
338 -6.124816221630381
339 -6.126629678850328
340 -6.130274933496333
341 -6.127871818336416
342 -6.130108481157016
343 -6.129837144059106
344 -6.127828368249068
345 -6.129142087994933
346 -6.130193013671738
347 -6.129894105640626
348 -6.127824350905002
349 -6.130482719371365
350 -6.131076548551248
351 -6.129777873586027
352 -6.127894561965391
353 -6.129936828249379
354 -6.129420479345606
355 -6.129286383655303
356 -6.128969778863376
357 -6.126534048732022
358 -6.127807252383931
359 -6.130384257455
360 -6.1310979759280695
361 -6.130063230523732
362 -6.130234280120954
363 -6.130257920829326
364 -6.130400799587724
365 -6.130199696043267
366 -6.1297884604829065
367 -6.129955405384303
368 -6.129007632235163
369 -6.130203350958758
370 -6.129640678045113
371 -6.128220150608708
372 -6.130564365705006
373 -6.1302850715496
374 -6.130644837402045
375 -6.130417603090183
376 -6.128665987670946
377 -6.130480368164061
378 -6.130404557266064
379 -6.129572954316748
380 -6.129557844947065
381 -6.130021086970503
382 -6.131073370610541
383 -6.131048034515523
384 -6.130495964730484
385 -6.130156768993005
386 -6.130944110402256
387 -6.13109653719019
388 -6.1310707563745614
389 -6.130704026158293
390 -6.131065790715982
391 -6.130078681638058
392 -6.13081962185231
393 -6.131070543134069
394 -6.130464347077128
395 -6.130918238504322
396 -6.130740721972305
397 -6.131033257859352
398 -6.131016766063561
399 -6.130778092299567
400 -6.13086080627066
401 -6.131058464008503
402 -6.13073246342504
403 -6.130003459133612
404 -6.131012583358693
405 -6.130874665930855
406 -6.130629621697853
407 -6.130942022050029
408 -6.1308562663881325
409 -6.129974649050975
410 -6.13105144244558
411 -6.130275230800313
412 -6.130392329874848
413 -6.1303357294868475
414 -6.130782038542117
415 -6.130992180182114
416 -6.130212422570645
417 -6.130605010788598
418 -6.130558179767229
419 -6.130981529734842
420 -6.1306657930879735
421 -6.1311329764867235
422 -6.130570721039423
423 -6.130669961742689
424 -6.130961325631817
425 -6.130992941108087
426 -6.130879503607102
427 -6.131018438929976
428 -6.131112283143237
429 -6.131127407562259
430 -6.13108420642023
431 -6.131192180385607
432 -6.130972247349914
433 -6.130920872524717
434 -6.130980987436953
435 -6.130773164890677
436 -6.1309928897710755
437 -6.131061130034826
438 -6.130969087531217
439 -6.131081516257945
440 -6.130966770629943
441 -6.131091056221692
442 -6.130908332571064
443 -6.131121508573347
444 -6.131121361985607
445 -6.1309696971541845
446 -6.131077902884364
447 -6.130724671845109
448 -6.131062821182983
449 -6.130939202135449
450 -6.13105354022063
451 -6.130960573574597
452 -6.131100909198592
453 -6.131121576557919
454 -6.131096891660125
455 -6.131165911674805
456 -6.131164581358833
457 -6.131214901172443
458 -6.131147886877246
459 -6.131191434143421
460 -6.130979667733742
461 -6.131135848680959
462 -6.1311523498106615
463 -6.131068036011761
464 -6.131143942142126
465 -6.131217263259508
466 -6.131141755504254
467 -6.131060601638638
468 -6.131209488376609
469 -6.131187130010984
470 -6.131190478059866
471 -6.131186035667453
472 -6.131204681655736
473 -6.1311801927303495
474 -6.1311958491017915
475 -6.131207769286524
476 -6.1311635568629095
477 -6.131134818358006
478 -6.131197700242733
479 -6.131205988457202
480 -6.131163477291464
481 -6.131147910101792
482 -6.131214119854066
483 -6.131187234594314
484 -6.131167311144382
485 -6.131144977552016
486 -6.131199944483518
487 -6.131164200419322
488 -6.131190329172096
489 -6.131208617840739
490 -6.131208540903928
491 -6.131185809035229
492 -6.131211885452189
493 -6.131217022248017
494 -6.1312122015205475
495 -6.131209909757689
496 -6.131202359882309
497 -6.131212295796111
498 -6.1312128160023
499 -6.131219565425681
500 -6.13120406141069
