evaluations raw_y
1 2.108779472519532
2 8.136203228706762
3 15.939084297457631
4 31.624997307769075
5 3.7565533013302965
6 2.6656488409709866
7 9.77319428887201
8 3.4262217600255216
9 2.717469958312253
10 2.676860105518564
11 1.948911153131807
12 24.015791254437957
13 2.555492703443059
14 1.327075591438326
15 11.64349632924909
16 1.0788557118938962
17 20.946297773003444
18 -9.943937934932
19 163.7481284033277
20 114.2647378311282
21 -12.171272906466404
22 2.805284254818374
23 202.42608144742545
24 -65.42092812057727
25 -141.3552161188646
26 -106.81627176879222
27 265.45141452084226
28 -31.679967841793307
29 -99.35648439478521
30 51.690020045336354
31 19.392723802167882
32 52.80502320561227
33 236.5556764397118
34 -94.18310813095312
35 -21.43800286481572
36 -239.0818281354937
37 400.43532728828416
38 498.06531812275216
39 195.26141394790582
40 95.80244992173506
41 14.508992787140077
42 76.9578121111999
43 -260.5168013197698
44 198.3248765193574
45 -97.51395369584519
46 -264.78648381159843
47 -72.42215057506532
48 -286.4563172952198
49 521.0144572568606
50 422.1325659733505
51 348.1217064658504
52 -0.4388311959816834
53 -154.60646759711435
54 231.71461267835772
55 -5.996473704752381
56 -132.8260919124192
57 75.71178990486928
58 92.63263689814535
59 -237.3230400198236
60 -269.4211817493583
61 -224.44924125918416
62 -56.655677469510955
63 -131.56131211457682
64 -306.29462989206485
65 -222.74719164820903
66 -260.87527779884994
67 -173.28064355065163
68 -325.03815507115945
69 -245.00409868706967
70 -170.09065328047257
71 -209.86466710718528
72 -158.1525600475128
73 -275.2797586219946
74 -289.00721025330995
75 -299.23180118397187
76 -294.3745973626763
77 -222.7374075170689
78 -303.05712707336
79 -295.237752131459
80 -302.0080421479327
81 -313.3857907750726
82 -308.1963535802096
83 -338.98578286750825
84 -327.9323441886023
85 -319.5934595092216
86 -347.0024514308492
87 -290.03513450311954
88 -316.39659235045644
89 -360.8288327376349
90 -330.08492427511595
91 -254.62653211295057
92 -303.08140862252174
93 -277.18811962394005
94 -356.0296700113014
95 -359.6562021663087
96 -328.5802842486972
97 -364.7796808581122
98 -354.4189455253136
99 -316.2724316601188
100 -352.7756633856645
101 -388.6990176288315
102 -344.39120062707275
103 -382.62640296628086
104 -373.7589140138805
105 -365.6621258009076
106 -351.2516571092349
107 -377.23639939905814
108 -365.51404159854025
109 -378.4370300940899
110 -378.60158574835833
111 -384.63223889360296
112 -373.31980678770054
113 -390.1069092649692
114 -375.79247669563586
115 -380.10356339343514
116 -375.9698590134167
117 -380.05544893915857
118 -382.1968437989682
119 -392.54261590186337
120 -380.41776485395826
121 -381.2764462264766
122 -391.16138698200854
123 -375.5698366161905
124 -377.68302963621113
125 -393.70408487896816
126 -380.69545302948336
127 -379.11423484493406
128 -390.40942173566873
129 -384.1751508146056
130 -388.8954911089705
131 -391.61594772104604
132 -392.3760736447636
133 -386.8985533179726
134 -395.4578089990845
135 -392.35234759929483
136 -396.9350850862821
137 -385.98815338588054
138 -395.99670876805135
139 -389.8400628972393
140 -388.5415860195118
141 -399.4118009210032
142 -402.55780958657334
143 -382.72211136657023
144 -421.7416486293333
145 -364.75983030445474
146 -356.4897484435387
147 -405.73789681236303
148 -410.6124269103471
149 -404.37439370608905
150 -401.62394593707114
151 -396.6453443733642
152 -418.74288299042456
153 -409.2558619733673
154 -411.5594084173427
155 -423.5381961555612
156 -413.0375830614154
157 -427.29087502216834
158 -405.0003223918006
159 -400.83439363511127
160 -401.18212242629215
161 -431.7741355160097
162 -444.1265658841315
163 -427.0227455293871
164 -356.2319608045946
165 -390.4327698453849
166 -417.9214269702268
167 -382.32734573566773
168 -428.06756384863735
169 -434.863593433426
170 -444.8605854965862
171 -421.07236353652127
172 -447.02203628428884
173 -449.7319150375526
174 -392.3235289127328
175 -427.385132116508
176 -511.16775501582947
177 -276.4405130096075
178 -288.3587609738038
179 -342.38503985426945
180 -346.51769869013145
181 -484.44067457440354
182 -504.59162925794976
183 -471.2207585018617
184 -469.3105512277526
185 -481.7914212278495
186 -508.56540668392427
187 -500.81911786718615
188 -499.7946874892737
189 -539.4334698739083
190 -486.04311709410314
191 -504.9684114601127
192 -519.9134076263529
193 -500.5057603408257
194 -520.1502426898123
195 -519.1981824976772
196 -524.2933955734098
197 -537.1872464312529
198 -533.8879408900171
199 -540.9976952367832
200 -501.4441965731209
201 -526.619979037982
202 -530.4234318512079
203 -534.2494705667203
204 -538.020335492659
205 -525.9168036222201
206 -532.134555710629
207 -532.884991129716
208 -536.0469535364482
209 -538.0733457776782
210 -540.9438006592803
211 -543.2653215132545
212 -540.8020885432279
213 -541.5132839959934
214 -538.4460033927895
215 -543.9006931794546
216 -538.0109836482969
217 -539.6831619183248
218 -535.9861173690606
219 -541.014162280852
220 -545.177639743876
221 -534.0837177221389
222 -541.7808420899266
223 -545.5541619059112
224 -538.760915987782
225 -540.3276122993514
226 -542.2706373264766
227 -542.3029427842075
228 -541.0665786956118
229 -546.0870240876486
230 -539.6730290538849
231 -537.359112331185
232 -539.4792277377968
233 -545.7061484994475
234 -544.569000858016
235 -550.1341824989732
236 -549.4054784182252
237 -551.9935418808537
238 -543.4044799993468
239 -544.464358961232
240 -549.4227751806675
241 -549.5682768725989
242 -551.3874895302669
243 -553.6759702433792
244 -551.3623835292393
245 -552.1049232309674
246 -559.4395172590496
247 -544.8945856892136
248 -546.7399989363238
249 -548.9905693358833
250 -547.8765672438975
251 -548.2020739705208
252 -556.4599751162291
253 -553.566644837598
254 -556.6162172089001
255 -554.2870230168613
256 -555.0775828574263
257 -560.3341126500104
258 -559.4588735311295
259 -557.9989866886699
260 -561.5331723866068
261 -560.1157749591075
262 -560.466116560272
263 -565.4207097853987
264 -558.5669901732774
265 -561.6001969522393
266 -555.5160886504848
267 -562.4513869217297
268 -566.4738321688228
269 -550.3811909680664
270 -560.3311232617394
271 -552.5403171927899
272 -560.938695849445
273 -560.2390354095571
274 -557.5576736299163
275 -563.3086735264202
276 -567.8769601161528
277 -561.2199819189867
278 -560.6327183729425
279 -558.5657910979689
280 -563.6843568809705
281 -566.4827775989743
282 -566.7878366648755
283 -567.7730321489718
284 -568.1610461090816
285 -566.1916932410475
286 -565.8739911832013
287 -566.9088601133851
288 -566.856431495235
289 -566.136796232504
290 -566.2857568683407
291 -567.7773705120967
292 -565.5161492634118
293 -567.2100929949125
294 -567.9244748710378
295 -568.3910076603408
296 -566.9875363578523
297 -568.0603886191866
298 -568.20208751463
299 -567.2029456459264
300 -567.7496824702445
301 -567.739459426667
302 -568.7986638444481
303 -567.5532895796606
304 -568.0336905712082
305 -567.6646055444759
306 -568.0604215108325
307 -567.9777324165821
308 -567.6666169137973
309 -567.9654538982797
310 -567.9878125156314
311 -568.3478586565635
312 -567.9227497471865
313 -568.3964117532142
314 -568.804785734731
315 -568.5951160644244
316 -568.281134034648
317 -568.750454972355
318 -568.6867108592585
319 -568.8370473605925
320 -568.145767820732
321 -568.3595939925145
322 -568.9068260195535
323 -568.3613726228389
324 -568.829078717294
325 -567.8524463692768
326 -567.9331865787742
327 -568.6384051476182
328 -568.7996639041393
329 -568.0902063112127
330 -568.206440774399
331 -568.5303206364192
332 -569.1048858602132
333 -568.2681364742954
334 -568.6629556154007
335 -568.6279901588679
336 -568.3147650220458
337 -568.7731558961822
338 -568.4646333662004
339 -568.9705580032232
340 -568.8400853659496
341 -568.1138660106692
342 -568.7013518907966
343 -568.5928885541457
344 -568.1681188126199
345 -568.8951234773841
346 -568.3946494533637
347 -568.5102284850445
348 -569.2554280611973
349 -569.1633292336331
350 -568.2577557745149
351 -568.8340215112065
352 -568.6278953304395
353 -569.0211749243817
354 -568.7584369659662
355 -568.3904370561465
356 -568.9867749361412
357 -568.6136414446894
358 -568.7489438682409
359 -568.8085592161882
360 -568.2506093315708
361 -568.8233292505125
362 -568.7628205784916
363 -568.7074041152622
364 -568.1204911425839
365 -568.2523731188185
366 -569.2054055847548
367 -568.5521032690978
368 -568.8056592625492
369 -568.4861696357909
370 -569.013847579126
371 -568.077317597549
372 -568.9113146055699
373 -568.4256817493534
374 -568.6419859736995
375 -568.3817212450209
376 -568.758100164974
377 -568.622769592988
378 -568.615565039238
379 -568.7689632322459
380 -568.6496741359568
381 -569.2057523827419
382 -569.1578744781963
383 -568.1561243554331
384 -568.4243882130518
385 -568.4916886312905
386 -568.5922797436388
387 -568.3517225940412
388 -568.8830174565913
389 -568.2856207229896
390 -568.5517538530121
391 -568.1323147991982
392 -568.7697682727621
393 -568.4570602221814
394 -568.5910987260586
395 -568.9923093573933
396 -568.2382404298545
397 -569.0444749745598
398 -568.1959446274656
399 -569.105387040078
400 -569.0107367673719
401 -568.0089122138857
402 -568.5039958512515
403 -568.7243081282123
404 -568.9909025659537
405 -569.0985077246846
406 -568.6162292557367
407 -568.4919754126189
408 -568.6995165384263
409 -568.7343140230581
410 -568.9276209988086
411 -568.9134903665479
412 -568.5075668312284
413 -569.0752894125292
414 -568.2860390519656
415 -568.213663249174
416 -568.7790923264363
417 -568.5609927917327
418 -568.6860770546829
419 -568.6397264880984
420 -568.9031872548369
421 -568.3455606798854
422 -568.5091422410787
423 -568.3308508865248
424 -568.8110567285723
425 -568.3394206157175
426 -568.4890224157624
427 -568.3363300084419
428 -569.1143197943876
429 -568.6176086869707
430 -568.5001168067034
431 -568.1259488231682
432 -568.0791799091844
433 -568.8784106025487
434 -568.2220529521139
435 -568.7973470809294
436 -568.2160902907726
437 -568.581458966454
438 -569.0287224046921
439 -568.9475150894814
440 -568.801610799294
441 -568.5413038894486
442 -568.4309529786517
443 -568.9978042915111
444 -568.7916741474404
445 -568.3291251459827
446 -569.0804882868505
447 -569.2763247600872
448 -568.7288378745867
449 -568.3550588900215
450 -568.6361898328987
451 -568.8502642167721
452 -569.0290403884873
453 -567.9351456919813
454 -568.1530800977916
455 -568.8532601779159
456 -568.5683826521231
457 -568.9309063265378
458 -569.2074032082604
459 -568.456399311132
460 -568.4025043870341
461 -568.8938738401793
462 -569.0551906766207
463 -568.4616645435228
464 -568.4748127429804
465 -568.5362058593083
466 -568.5247865765853
467 -568.195670447689
468 -568.2213062430152
469 -568.3238740737477
470 -569.128470695848
471 -568.8051772541631
472 -568.9594630649894
473 -568.2035710761198
474 -568.3667541122867
475 -569.2764505719822
476 -568.541958007027
477 -568.1886985501354
478 -568.369213076601
479 -568.3013867210339
480 -568.9390955389753
481 -569.1254382494997
482 -568.659525550134
483 -568.4179786115715
484 -568.2779682139537
485 -568.8674409008576
486 -568.2680047445434
487 -568.8130228522807
488 -568.6769307477986
489 -568.5719654201508
490 -568.8333394229606
491 -568.2304311605111
492 -569.1433206885761
493 -568.9338600535289
494 -568.8090978300914
495 -568.2189863773601
496 -568.4845769953109
497 -568.1203468292186
498 -568.8477857305483
499 -568.9626366725748
500 -568.653612961542
evaluations raw_y
1 2.108779472519532
2 15.146299534100523
3 0.8471731843709561
4 24.010873194242617
5 -23.889000614693288
6 -153.2862500544787
7 -189.5037052798276
8 717.8324834778509
9 16.16799899472068
10 390.11773901670495
11 852.4787425833586
12 363.58740106857084
13 -241.97295203571332
14 847.2259654468262
15 -131.79392635131902
16 419.9725212426971
17 -55.10980302989499
18 383.84371241913095
19 -0.8255359646632896
20 -121.3901602855866
21 154.4184763041715
22 -122.61970682051265
23 259.5135546435738
24 -17.615376982971146
25 212.4434159931116
26 472.66635547781925
27 -15.16757542407248
28 -105.40038918825351
29 -288.1196284821892
30 291.62354184606784
31 -48.01392444728758
32 -296.21647494625466
33 181.57298421872443
34 -7.88708899457775
35 221.172199691489
36 -163.5079826508669
37 -212.98800036287696
38 -399.77585874634775
39 -347.6321923851433
40 -132.61766016756187
41 -41.38469085738811
42 -349.18429383895136
43 -375.14648109345353
44 -247.60949450903868
45 -383.9346510596934
46 -330.111388890423
47 -494.98888636983366
48 -185.64281907919226
49 71.86570077156816
50 -385.08621337989007
51 -509.3041339471175
52 0.44560239318109235
53 -202.60083287035226
54 -250.65269789526957
55 -194.1511213129626
56 -444.3327465931081
57 -283.9562641683705
58 -425.56133901471395
59 -476.2119668108463
60 -517.1028140137219
61 -433.2257963434999
62 -471.19998334039394
63 -274.0967851193639
64 -463.4969148441208
65 -408.15096071715186
66 -479.8781990916356
67 -500.0674844671997
68 -559.4654302097942
69 -434.487558890329
70 -427.75529038077593
71 -453.75161827946505
72 -524.4534334453529
73 -536.6607941131583
74 -513.931239392808
75 -521.3150313344934
76 -545.3268307094943
77 -528.9966627913993
78 -517.542454770025
79 -576.5392697033593
80 -514.8431224053361
81 -552.2731298988815
82 -596.8866734823083
83 -502.43643531403853
84 -564.8549520109815
85 -554.3875936127488
86 -582.157118383659
87 -564.8881065753499
88 -591.6338483365528
89 -587.1328253529922
90 -579.5689240680513
91 -559.594199878615
92 -590.0279406976587
93 -580.9938069419991
94 -595.3496160284252
95 -594.7793499801639
96 -590.0500024502782
97 -595.4353604485987
98 -598.3412686607323
99 -579.4678321469057
100 -607.5871831830907
101 -571.1976678994099
102 -572.9404115019665
103 -612.0521717953361
104 -607.7046590485747
105 -604.0709202007002
106 -591.9250868418407
107 -606.0002763395075
108 -608.0792778199266
109 -596.4417153182784
110 -611.2655871222385
111 -606.3002728293607
112 -607.2487423957426
113 -610.3966944138264
114 -610.053433259461
115 -608.4403445945397
116 -613.0672450703073
117 -598.6385981569565
118 -604.3908876214708
119 -611.4953118199883
120 -613.6143802610893
121 -603.1342538052359
122 -607.8084393991518
123 -611.8385774627
124 -610.9524433147737
125 -609.051537075532
126 -612.9997240374892
127 -612.2244975802739
128 -614.7658414007932
129 -613.6364997790092
130 -615.237730213997
131 -606.9577904752991
132 -617.3104975805295
133 -590.9996330893792
134 -604.4778175692543
135 -598.1961714258518
136 -610.1540250482005
137 -614.1521446940552
138 -613.6393822427863
139 -613.7003144263089
140 -611.351541649649
141 -618.5633553201096
142 -607.6068109732377
143 -613.5414866779805
144 -615.9085223699036
145 -617.4609503934319
146 -615.2418731075476
147 -615.2480061304941
148 -616.6112787778748
149 -618.3346844825656
150 -620.0277665287455
151 -620.11989275275
152 -611.0647925450372
153 -618.9185967107028
154 -614.2214344789503
155 -619.7183457297998
156 -618.979696087739
157 -618.3807393152217
158 -615.2268754869841
159 -617.6708811561465
160 -618.8785867619852
161 -619.5524173177096
162 -619.0303302936234
163 -619.5649281617065
164 -620.0506712445092
165 -618.916526112097
166 -618.963008443738
167 -620.2175308491023
168 -619.0423842007979
169 -619.5281491514049
170 -619.187047346371
171 -620.5211350473556
172 -618.4003071819553
173 -619.6678083243122
174 -619.4869369003344
175 -619.8590060976635
176 -620.1832907575549
177 -619.1392180596754
178 -619.9400429185923
179 -619.7518889054301
180 -620.8642202075755
181 -620.3212823242366
182 -619.9891244932667
183 -619.5297373257749
184 -619.3322355175604
185 -620.0248405632891
186 -620.5925603225442
187 -620.3657785615635
188 -618.9074996487072
189 -619.8838635768026
190 -620.5763952021603
191 -620.2352062825101
192 -620.7835843041145
193 -620.2659101647655
194 -619.7268490856467
195 -619.7930124417279
196 -619.1954820084269
197 -619.4630324702593
198 -619.5986786665975
199 -620.6319509324295
200 -621.1168379951648
201 -619.6728604656555
202 -619.244092733996
203 -619.2042664306556
204 -620.4224326713487
205 -619.2750956959433
206 -620.99415087309
207 -619.8195945375053
208 -621.000439227183
209 -618.984056366443
210 -618.7132524063882
211 -619.3939329617675
212 -619.7484302230381
213 -619.9526359124304
214 -620.0677678354813
215 -619.3191277438716
216 -619.9936593203946
217 -619.4157474028171
218 -619.3696896313257
219 -619.8046394840446
220 -620.6088553459734
221 -620.4494460163864
222 -619.8102045998727
223 -618.4957531602395
224 -619.939807572484
225 -619.9633403134893
226 -620.3833406908242
227 -620.0833288605844
228 -620.411446226763
229 -620.4768822179768
230 -619.3994075615913
231 -620.0638073157645
232 -620.1705757619728
233 -619.820357117986
234 -620.7727357892943
235 -619.2280332666038
236 -619.0644945361464
237 -620.6449046203335
238 -620.4800175762726
239 -620.3993682904069
240 -620.2035062961143
241 -619.6988252650685
242 -619.9382324329192
243 -618.8694302633521
244 -620.7275749296043
245 -619.7422278419835
246 -619.8427505210443
247 -620.164102825799
248 -619.9947277070404
249 -619.7961830819198
250 -620.8839067349973
251 -621.3742394255722
252 -620.1971387041359
253 -620.5978169472415
254 -619.3248464923458
255 -620.9195233988846
256 -620.0581595670093
257 -619.7554659985767
258 -619.2289243404512
259 -619.6882980854293
260 -621.0828856197749
261 -620.5752404170771
262 -619.9464541069174
263 -620.1016804948291
264 -619.6979613303287
265 -619.7638852676089
266 -619.757891350237
267 -620.3082302134111
268 -619.9171914675319
269 -619.044018241791
270 -620.5394003716806
271 -619.7905634170656
272 -620.2514655068377
273 -620.3772101233715
274 -619.7669881972992
275 -621.0171474031073
276 -620.0622184608618
277 -618.9932665721132
278 -619.4946310103904
279 -620.9657231759172
280 -619.3372731155988
281 -619.6443108161052
282 -620.5554665778998
283 -619.9394773180908
284 -620.8541887444952
285 -619.1472726901472
286 -619.2110458019602
287 -619.8593281824169
288 -620.3034131379086
289 -619.6060897612183
290 -619.9984071949513
291 -619.3865769977444
292 -620.5901901233592
293 -620.5334679561623
294 -621.1705414627655
295 -619.8095681603317
296 -620.36727543777
297 -618.9145369036091
298 -619.2914470980462
299 -620.4872345603197
300 -620.8878531850614
301 -619.6405465069287
302 -618.4746951150544
303 -620.0205203467248
304 -620.5518591089924
305 -619.2768233487066
306 -620.0801047172143
307 -619.9475690561769
308 -620.2288679499466
309 -619.2381525513864
310 -621.1857279562674
311 -619.9739221326204
312 -620.1409120183574
313 -619.9062194304418
314 -620.4032818079364
315 -619.5225831221851
316 -620.1570493070092
317 -620.0500114802578
318 -620.3959935331094
319 -620.8593797756587
320 -620.3131107419908
321 -619.7138324800834
322 -620.1255868032553
323 -620.733442694624
324 -620.194528631847
325 -620.4256872489364
326 -620.3775228432172
327 -620.5862276830375
328 -620.6187387815648
329 -620.5173302497153
330 -621.0223524819517
331 -619.928307364343
332 -620.4590052304001
333 -620.1990760250147
334 -619.976358535536
335 -619.9844755261518
336 -620.3397723079298
337 -618.9918797711741
338 -620.3806703416122
339 -619.0502954826005
340 -618.8761781256518
341 -620.1400876724214
342 -619.6207530838707
343 -619.8278394409439
344 -620.8255540052389
345 -620.1952264662743
346 -620.5562612559979
347 -620.263360627519
348 -620.4601697419985
349 -620.5322899855305
350 -620.0492871008468
351 -619.4429841322019
352 -620.4017530251233
353 -620.3334672022382
354 -620.4447647648124
355 -619.9317908546744
356 -619.659798988736
357 -619.4949728285802
358 -620.7911066177031
359 -620.2285321432025
360 -619.0863726490957
361 -620.236854245735
362 -619.9804881709928
363 -619.5690134682754
364 -619.8152495690559
365 -618.8721798014842
366 -619.582964588651
367 -619.2761492649041
368 -620.7432126261423
369 -620.2687959735858
370 -619.5690055944509
371 -619.7435958118816
372 -619.6627743400028
373 -619.9664196167457
374 -620.1529120418045
375 -620.9181339888643
376 -619.2722418112608
377 -619.9813223329595
378 -619.4405522179418
379 -619.2348990929795
380 -619.6501349650521
381 -620.3152833207539
382 -620.0640435987259
383 -619.7460651121174
384 -620.5064842111893
385 -619.9851849278604
386 -620.6186967397513
387 -620.6611442950497
388 -619.4061724234941
389 -620.0949031963822
390 -619.9931195258719
391 -619.593599984025
392 -619.663748093738
393 -619.7500909183227
394 -619.3852017732589
395 -621.1537249577173
396 -619.8653519073353
397 -620.9991041362946
398 -620.4819585927428
399 -620.7488578706532
400 -619.9470444450728
401 -619.6661171635672
402 -621.1311595353627
403 -619.3468658319991
404 -619.7462132691618
405 -620.680043939609
406 -620.0113530109006
407 -619.636953607228
408 -619.9768838155015
409 -620.377557605186
410 -620.0570219229969
411 -620.101634342658
412 -619.7421421425362
413 -619.3396478435226
414 -619.326836352118
415 -619.6198495979988
416 -620.2973357850055
417 -618.7155494449513
418 -620.3040552247387
419 -620.3011112971853
420 -619.7832757907958
421 -621.238849081019
422 -620.0683442354724
423 -620.7067981113207
424 -618.76426397346
425 -619.2046948872393
426 -618.8915924304742
427 -620.9295836578926
428 -620.1469355688847
429 -618.8712794699875
430 -620.1144798336795
431 -619.4618990559308
432 -620.5719979451552
433 -619.5779890582443
434 -620.8655240627263
435 -620.1744402746226
436 -620.100647349605
437 -618.9309246439125
438 -620.1652130120991
439 -619.230672059092
440 -620.8648846505852
441 -618.9032961099317
442 -619.7457235246733
443 -619.0580274193686
444 -619.0733175721314
445 -620.4839344503772
446 -620.3349245846351
447 -620.0459903540219
448 -619.745246247687
449 -620.9052936775773
450 -619.9690809990848
451 -619.1359811309635
452 -619.7277282344648
453 -620.0724467949121
454 -619.6969980845902
455 -619.3359274894339
456 -619.945392485514
457 -620.8615619543478
458 -620.2586824635071
459 -619.2843818433284
460 -618.7280866171675
461 -619.5691801191775
462 -620.2030055352402
463 -620.6367380656949
464 -621.1206699645489
465 -619.1439791523482
466 -619.2919328097155
467 -620.0125301242023
468 -619.5703099455163
469 -620.4602542306268
470 -619.1832180126346
471 -620.012928674048
472 -620.3513596920723
473 -619.7827187756401
474 -619.8582382859666
475 -620.227899188084
476 -618.9095832068716
477 -620.1954251493139
478 -619.8133742727981
479 -620.1487684026231
480 -619.1789422511818
481 -620.655739811043
482 -621.051318971947
483 -620.8063929803733
484 -620.9214041942212
485 -619.562138552905
486 -619.7440788715784
487 -620.5701327726557
488 -619.3505243671203
489 -619.5228886261665
490 -618.8105708764297
491 -620.0351922529649
492 -619.9743167930648
493 -620.1804110515227
494 -620.0962501912607
495 -621.1878092434649
496 -620.5222925791913
497 -619.2701158238683
498 -619.5303685275369
499 -618.8106975455102
500 -619.3766510712335
evaluations raw_y
1 2.108779472519532
2 -162.02604171488184
3 -64.028498435147
4 182.74739176407454
5 -36.24831657249367
6 -12.630853302306841
7 -169.8627400244512
8 -20.35941853787555
9 488.49958468950837
10 28.902154234478864
11 -77.1752823538725
12 -107.35240176088533
13 -138.38611487792122
14 -35.28862945093681
15 -80.7150710109781
16 -154.49454902542897
17 -162.51172557168275
18 -93.27910853602094
19 -55.72880102919861
20 -203.94976537806815
21 -96.88912791964077
22 -157.22087780243962
23 -101.95974408836874
24 -244.20236639744388
25 -41.00460941597779
26 -178.1289273436315
27 -197.43212869644213
28 -215.59661158350414
29 -124.54462238066368
30 -282.35863510490753
31 -336.3373965845564
32 -42.240214919148855
33 -194.8878583333057
34 -31.741392238947192
35 -197.9944608901238
36 -302.5543076365518
37 -250.90221911146148
38 -261.22554606075886
39 -292.11377364615464
40 -255.48362824730228
41 -225.6113920023817
42 -316.04764328354247
43 -256.4477176530631
44 -338.4189555370312
45 -80.03384716794582
46 -291.13146327936664
47 -266.7953187140979
48 -280.0759210140773
49 -290.2970114111516
50 -351.81457843338757
51 -329.6145290795674
52 -344.49722843253073
53 -318.5523188162134
54 -328.96480460360084
55 -391.2003575604384
56 -351.16685242447426
57 -378.58990515980173
58 -372.05716295499593
59 -374.56083921699116
60 -372.11210347519886
61 -358.6946905475106
62 -324.9737609589293
63 -357.9342118629734
64 -391.15961291956324
65 -395.424514038599
66 -343.46452733051035
67 -394.9081435980709
68 -394.8609670889712
69 -364.0238317706858
70 -394.2541962317807
71 -399.1601977737338
72 -377.03140960187505
73 -377.51478282964194
74 -386.5724388557701
75 -384.60589484292154
76 -357.5485905388656
77 -400.42400241070754
78 -368.2431212028826
79 -379.0204998086389
80 -384.64854557442953
81 -400.04793588659544
82 -391.9737723084337
83 -397.1987391954027
84 -381.35029674816906
85 -397.8800309576184
86 -397.7419437421766
87 -392.2110439703349
88 -402.5214072047475
89 -394.7215566702511
90 -398.8720974380124
91 -395.7615999814448
92 -397.2546070195231
93 -402.953021620816
94 -394.6442291446732
95 -399.54308149438657
96 -402.39786919215254
97 -394.6350863857896
98 -399.44375292458926
99 -402.7837777086157
100 -401.7946416995255
101 -403.34710002148813
102 -402.0674992224685
103 -407.29525800447493
104 -403.8517810599233
105 -409.86567510771846
106 -407.2103533814545
107 -414.6499803306983
108 -374.2592127849208
109 -396.2627694064972
110 -394.74254305438495
111 -402.68366325278885
112 -418.42784685259545
113 -419.64235116856514
114 -456.76057925571916
115 -353.4203358220844
116 -371.1070940918557
117 -351.84418228957986
118 -413.4986971998069
119 -508.6468762702055
120 -439.36168206025627
121 -342.1611176815033
122 -501.2004925052586
123 -516.2021806429552
124 -421.7865167276663
125 -460.2613679535036
126 -351.86104285777213
127 -515.4488058357848
128 -515.2807002368301
129 -546.6755859560415
130 -539.8248653719269
131 -405.8959808911542
132 -492.1992891176222
133 -502.93711271399576
134 -566.0322988262719
135 -406.31434544237044
136 -432.4406262288929
137 -520.2395986565089
138 -455.9297047686927
139 -570.9968077071454
140 -413.19890133948843
141 -422.7985057693597
142 -531.3556437787282
143 -542.1008181675359
144 -476.07869996607417
145 -575.2205325842859
146 -499.66917744851975
147 -490.25553357958205
148 -476.06231704420213
149 -572.148538132773
150 -538.1910057643726
151 -545.9195017601922
152 -510.23240925758637
153 -579.3441365644672
154 -527.8726162346678
155 -574.9405457531392
156 -549.2216475010389
157 -575.5541624418744
158 -549.0353920244199
159 -587.9031917100699
160 -502.03728031209846
161 -599.6865457869459
162 -520.022063685511
163 -542.1638209705698
164 -443.51959646886314
165 -505.0015600085742
166 -565.4728879161355
167 -567.3549053374511
168 -571.0938448798165
169 -568.6255652929267
170 -589.852531177806
171 -592.7696181340177
172 -593.970163425896
173 -585.8135938632851
174 -604.184507079872
175 -599.0097542298716
176 -585.2022984350532
177 -597.4118925165334
178 -597.5032773584483
179 -604.5491519020275
180 -585.8282215041562
181 -570.5821215149601
182 -589.6267867819397
183 -585.2271965023672
184 -599.6527226135976
185 -589.0854521586567
186 -595.4485203629632
187 -596.0408173574067
188 -602.5157047700014
189 -603.3137095573418
190 -603.5475523481455
191 -599.8850166278639
192 -603.7255421975424
193 -605.1457918788947
194 -603.9602213431093
195 -607.4299868040566
196 -592.1326004412115
197 -598.075539997066
198 -606.2603328703649
199 -605.3552922440961
200 -604.7002646418103
201 -603.779207426125
202 -607.3179254821255
203 -605.5620826715833
204 -608.0593267837027
205 -601.8458775042293
206 -604.5697132386168
207 -605.4702147601175
208 -605.2050230718347
209 -606.4590354501541
210 -609.4126564128005
211 -602.4497836068606
212 -606.8318279303592
213 -606.4966244499254
214 -607.501184762215
215 -607.4721703619548
216 -608.0155348611603
217 -608.2172827251037
218 -606.8421876704716
219 -608.3382606465369
220 -609.2732856671807
221 -608.6428402078991
222 -609.5634149512796
223 -607.8795199121931
224 -608.559465988768
225 -609.7260122230898
226 -608.1761809762597
227 -608.8942992737582
228 -609.2707381448788
229 -609.0382214946118
230 -609.0238231406256
231 -609.3598150676
232 -609.1251856519812
233 -609.9247064210344
234 -608.652777602686
235 -609.391174050114
236 -608.9429909482637
237 -609.7601629124316
238 -609.613723974641
239 -609.4258333322649
240 -609.4297400509272
241 -609.7559821303555
242 -609.7036933714071
243 -609.5226359165671
244 -609.7054723090196
245 -609.5043161409528
246 -609.520258589039
247 -609.7220936456426
248 -609.8717202055835
249 -610.1665714626678
250 -609.6546749662953
251 -609.4478008745194
252 -609.2809067471808
253 -609.2958636764752
254 -609.7730561965163
255 -610.2109621476192
256 -609.6147489767746
257 -609.764504069079
258 -609.869565128857
259 -610.5560577413901
260 -609.4265930937714
261 -609.6377311060983
262 -609.6192661119204
263 -609.7211132188272
264 -609.9548872036617
265 -609.6084727974603
266 -609.6111857450516
267 -610.6393424933195
268 -609.9538844897963
269 -609.8626653750317
270 -609.8823553040185
271 -609.9100557909677
272 -609.8363424366769
273 -610.175141772131
274 -610.0957428766943
275 -610.1882811287841
276 -609.4878687470016
277 -610.2986881861973
278 -610.0327134030942
279 -610.0258767880958
280 -610.2882912014601
281 -609.9851788407937
282 -609.8887965661772
283 -609.5950961782962
284 -610.0833887544801
285 -609.5755795038389
286 -609.3236187609358
287 -609.7434028818135
288 -609.8002945447319
289 -609.7448950677639
290 -610.0543692945596
291 -609.213087548106
292 -609.925761717671
293 -609.5697683108717
294 -609.3530104243711
295 -609.9126645672418
296 -609.3137576490808
297 -609.6987223233187
298 -610.1139335474285
299 -609.7207365981974
300 -610.0188105979508
301 -609.1106380988061
302 -609.7996803139135
303 -609.4763747177424
304 -609.7833425996569
305 -610.1233698936385
306 -610.179991621605
307 -609.7098462239045
308 -609.8449739442381
309 -610.1413073432242
310 -609.9440204466013
311 -609.705058704459
312 -610.2405647013942
313 -609.8364160832298
314 -610.2358205163384
315 -609.722903138525
316 -609.8271893112415
317 -609.8024476291012
318 -610.1249530949165
319 -609.9150429347976
320 -610.2203014961207
321 -609.8622088143931
322 -609.3404640505026
323 -610.2810213480079
324 -609.5865813118814
325 -609.8325902517295
326 -610.5658986722507
327 -609.5398336068266
328 -609.7868712730956
329 -609.9543830317311
330 -609.5424241319312
331 -610.0639814210136
332 -610.1047100253437
333 -610.2224145287058
334 -610.2404815097651
335 -609.8191528289044
336 -610.0787116733735
337 -610.4766804712775
338 -609.986730468626
339 -609.3777001602674
340 -609.878059984238
341 -610.3449485658243
342 -609.6824216608567
343 -609.9237038451296
344 -609.1725395825829
345 -610.2868739740437
346 -609.89816617728
347 -609.5422499260563
348 -609.5563932705502
349 -609.3367431156635
350 -610.2836880215182
351 -610.1931454458515
352 -610.0485729792881
353 -610.0652576827736
354 -609.4852396574889
355 -609.1490804878437
356 -609.3199190493082
357 -609.8641834853189
358 -610.1282328854779
359 -609.7639887909141
360 -609.720249026792
361 -610.033051685842
362 -609.8785067353673
363 -609.5142820012386
364 -609.7756957879806
365 -609.3670171591498
366 -609.5555396631771
367 -609.6727300696899
368 -609.6038660573759
369 -610.1733776175386
370 -609.6576287732092
371 -609.7872343649016
372 -610.1322762258932
373 -609.9917275009242
374 -609.43827367714
375 -609.8421245259972
376 -609.6766033061342
377 -609.5100148220536
378 -609.8067400376597
379 -610.2489113044718
380 -609.3628188563478
381 -609.5956080804424
382 -609.9370309811321
383 -609.5290640581538
384 -609.6288754800975
385 -610.1779355366356
386 -609.7300033457569
387 -610.039009757041
388 -609.8935336129581
389 -609.7838839457344
390 -610.0017024482912
391 -609.6999449810481
392 -609.7172321405579
393 -610.0328041870367
394 -609.5079631962551
395 -609.936457857774
396 -609.859394594281
397 -610.1645568164511
398 -610.4558279926167
399 -609.607385418012
400 -609.6660424530404
401 -609.7287767284041
402 -609.8356618612283
403 -609.67337341884
404 -609.7210979416976
405 -609.5685498493391
406 -610.0469536543981
407 -610.0615876309978
408 -609.8293086442827
409 -610.4956947617786
410 -610.2203984828593
411 -609.807764231156
412 -610.3686875321923
413 -610.0206639172404
414 -610.2233051657906
415 -610.272554999496
416 -609.6802514981417
417 -609.6836942435976
418 -610.3317248614179
419 -610.3184605204067
420 -609.7454902333395
421 -610.1869509207846
422 -610.483474591358
423 -609.3844193382234
424 -610.092384246545
425 -609.3690558397519
426 -610.1155145137222
427 -609.5497630795098
428 -609.7778307873452
429 -609.6918223165422
430 -609.8866258438002
431 -609.756990230138
432 -610.406456325091
433 -609.756435851517
434 -609.9369635488382
435 -609.8618850743185
436 -609.5087962351432
437 -609.5621848389709
438 -609.8869899165973
439 -609.5500780833675
440 -609.7557155575663
441 -609.4370385773531
442 -609.981950011486
443 -609.7772434692916
444 -610.2540933442345
445 -609.9054202418889
446 -609.7564880797493
447 -609.8760841414637
448 -609.7320356379637
449 -609.8207008952477
450 -609.9575119274497
451 -609.8025817935383
452 -610.6855674530563
453 -609.797158376861
454 -609.2693820718932
455 -609.6570007738836
456 -609.8960744509831
457 -609.6719571108528
458 -610.1459955792836
459 -609.4474083207128
460 -610.1669707250402
461 -609.5490812764889
462 -609.608293969145
463 -609.4998897570674
464 -609.6619214601465
465 -609.4785185050517
466 -610.0892705907232
467 -610.2717363464577
468 -609.9780996791756
469 -609.8752847509097
470 -610.003897338461
471 -610.0824257850354
472 -610.2907964727261
473 -609.9612781536974
474 -609.6909495457647
475 -610.5719391893754
476 -609.6229219444687
477 -609.4251520802694
478 -610.0569131461461
479 -609.798366501913
480 -610.3723048592902
481 -610.0953348358925
482 -610.1005907561641
483 -609.6113457315341
484 -609.5757748055021
485 -609.9790314147424
486 -609.5963858545382
487 -609.8212803341488
488 -609.8873501878516
489 -609.1932327235571
490 -609.7707096016381
491 -609.6070530479192
492 -610.3194069397362
493 -610.1014777900484
494 -609.746929444984
495 -610.1456435982151
496 -610.0694488933939
497 -609.8580187548108
498 -609.5727105168926
499 -610.3620774109892
500 -609.9361331648578
evaluations raw_y
1 2.108779472519532
2 -35.80422427958761
3 12.76803726609711
4 -4.08283654998882
5 -43.50644043524785
6 35.39352360411269
7 -50.58091436941347
8 397.02945079990513
9 762.2744729408375
10 -282.36027116805127
11 -275.7312162916676
12 496.7882031417735
13 547.6683540001601
14 -132.3152292129493
15 99.0206099370258
16 118.50896190578818
17 -119.61875915926981
18 399.6402111715133
19 542.9981892384804
20 182.84633972496025
21 -90.22532980065336
22 -104.56172090105156
23 -305.8969362882854
24 254.0031730108503
25 193.13271089497582
26 -149.93317010718903
27 23.183551422986685
28 268.3094804424733
29 -267.0709386198075
30 -206.68658177260923
31 -90.92853047708572
32 -168.4122660453158
33 -217.8718475620011
34 -89.93833801145065
35 -352.59574479244617
36 -349.32350778301213
37 -170.0479722939439
38 -90.91763471543815
39 -364.7926377505861
40 -363.5809387781979
41 -107.3200630778104
42 -255.87766563419586
43 -217.60479761153488
44 -356.5644722971689
45 -345.4277385699931
46 -241.43593874295345
47 -332.28044382259213
48 -311.82220438963725
49 -340.6739290916815
50 -395.9113417050645
51 -215.8477613082898
52 -344.09900917317657
53 -348.40450262642673
54 -354.8228722987136
55 -401.46117915559756
56 -344.33904833456637
57 -318.4713272286944
58 -413.9085663442459
59 -233.95501610605282
60 -390.96839018912607
61 -396.6700427501321
62 -285.0062198299003
63 -380.4708689095054
64 -389.3121654420696
65 -386.8168112996654
66 -402.7506011996626
67 -357.532382262804
68 -420.0669697316203
69 -396.75490460614617
70 -362.08630979480296
71 -396.23318711268587
72 -402.34195734331405
73 -375.13445340029807
74 -408.0795468883812
75 -413.91210559253807
76 -414.6860973660009
77 -418.1490649654973
78 -413.80910686812825
79 -411.9821294109364
80 -417.8155832818171
81 -413.29609063334163
82 -424.390392648695
83 -413.2989505735545
84 -416.6982430601472
85 -415.42615714474647
86 -412.90337107074424
87 -424.95598993780897
88 -420.8048849877683
89 -415.6169777879577
90 -415.1878137129092
91 -425.37850148002866
92 -424.31340494299286
93 -412.59044574566366
94 -413.8383812827473
95 -413.74607699956795
96 -428.3006921865541
97 -410.283171774181
98 -424.56536539378544
99 -425.5296752354107
100 -413.06490050418296
101 -413.6231874640393
102 -421.04601650179245
103 -420.46602005168296
104 -423.41931345699123
105 -427.53809603002213
106 -426.58619865584416
107 -428.68450307688715
108 -424.76840773510895
109 -420.1779331598406
110 -425.9831815189009
111 -427.6978187058296
112 -429.53053223063415
113 -424.7851593740426
114 -426.9212007501494
115 -425.1086494410871
116 -430.5298723131958
117 -428.71841073591133
118 -417.8841822621654
119 -427.26752380998465
120 -426.75668572373553
121 -430.1299540990447
122 -427.31044075270637
123 -427.28679828998105
124 -427.5036751729304
125 -428.0941705279287
126 -429.9993410203165
127 -429.88758087552355
128 -430.49260196158735
129 -427.6695511341602
130 -429.10584981343715
131 -430.62586997100345
132 -430.3205493618817
133 -431.0180402348775
134 -430.12149076138
135 -427.87471669357393
136 -428.39066855378593
137 -429.7388197896676
138 -430.3205169976216
139 -430.06946256767213
140 -431.30247939300307
141 -429.46267165067405
142 -427.950456050035
143 -430.07618285373167
144 -431.11518375153906
145 -429.58285858097383
146 -429.7756580014194
147 -430.9854564407833
148 -429.5111502195162
149 -429.6585841020717
150 -429.6808244137139
151 -430.6975994573188
152 -429.3950614503413
153 -431.0590884177927
154 -430.5997191772904
155 -429.6923312470192
156 -430.33214892344733
157 -430.16858256157474
158 -430.0215388059165
159 -430.47495302568115
160 -429.7156525337463
161 -429.9157063294518
162 -430.1753384120311
163 -430.0708179567698
164 -429.5661116064048
165 -430.23776977047515
166 -430.93916372028593
167 -430.07693280489053
168 -430.4157976812589
169 -429.6237474846819
170 -430.2355046871183
171 -429.46587720491686
172 -430.4916502966942
173 -429.358342708141
174 -430.42547376411
175 -429.9873592669934
176 -429.79023708497806
177 -430.4125047012696
178 -429.665344550569
179 -429.6435393625418
180 -429.8033445518824
181 -430.9270816013138
182 -429.6645290265327
183 -430.343016638985
184 -430.3181559894719
185 -430.3738185312178
186 -431.0720247594705
187 -429.0512741707888
188 -430.8715593359996
189 -429.44375231306765
190 -430.54671879116626
191 -430.83749183073667
192 -429.3165000221871
193 -429.973180834835
194 -429.74777442089373
195 -430.9860769028619
196 -430.202712238433
197 -431.2452905055548
198 -429.9797719505999
199 -429.49370480555234
200 -429.0506528392329
201 -429.57621337654894
202 -430.44495525810794
203 -429.9382856230173
204 -430.73007607430173
205 -430.02752620768945
206 -431.28937388487384
207 -429.972650023598
208 -430.4411809675273
209 -430.25519328986405
210 -430.64915338588037
211 -430.83609052138877
212 -430.55401762537866
213 -430.3596746399702
214 -429.5849321416662
215 -430.8233159599986
216 -430.4312196420432
217 -428.96093319675435
218 -430.6957936194298
219 -430.630172883046
220 -429.5975729761387
221 -430.1925936648138
222 -429.47181926306587
223 -431.2363382751694
224 -429.8265125550574
225 -431.38463360746385
226 -429.97006092551703
227 -429.7056824362706
228 -431.40630675696826
229 -429.70445171125965
230 -430.96178460804674
231 -430.3841183853444
232 -430.18879136749456
233 -429.52721887732645
234 -429.88868446829173
235 -429.7483610858844
236 -430.8770768851108
237 -428.8800916747723
238 -431.13739973269503
239 -429.89959732455293
240 -430.7766498982583
241 -429.7489282611054
242 -430.5878381488228
243 -430.71157088405994
244 -431.13888338447464
245 -429.75463489988374
246 -429.81357975070534
247 -431.25777793064935
248 -430.919406843161
249 -431.36922594880133
250 -429.52432648158384
251 -430.085535876669
252 -430.0374439276138
253 -430.2479224289289
254 -430.27608453557593
255 -430.38408309193176
256 -430.42668932071444
257 -430.8706544472782
258 -429.2581866719172
259 -430.1471327595934
260 -430.4554355695307
261 -429.83851775478075
262 -430.31422713381744
263 -430.3514826795486
264 -431.5962537701692
265 -429.5068689484231
266 -429.18376842831697
267 -430.4178537421403
268 -431.42993627015215
269 -430.38443665394203
270 -429.1742954068363
271 -430.9042446804277
272 -430.02950519485444
273 -429.9881115069106
274 -430.5226652060243
275 -430.0800193188152
276 -430.4693381374213
277 -429.88117359948114
278 -430.3321169822884
279 -430.6794297624386
280 -430.13909879247973
281 -431.66473987127284
282 -429.9923390078753
283 -430.51879607430004
284 -430.14223008201725
285 -430.21121579032814
286 -430.3672266485846
287 -429.53331962702663
288 -430.33849580960396
289 -430.7739683407727
290 -430.6852439587684
291 -430.48037531644576
292 -430.33370550630605
293 -430.19680707457997
294 -429.7543110371021
295 -429.9563155162708
296 -429.9583281067415
297 -430.58019783817997
298 -429.92487104051276
299 -429.8488948421542
300 -429.5864681515144
301 -431.20359886676863
302 -430.81799752476667
303 -430.23321193137866
304 -430.03180056091935
305 -429.4386006791041
306 -430.4543569791803
307 -430.55226019570364
308 -431.39147634949364
309 -430.2950687399515
310 -430.7210488730082
311 -431.05261659947564
312 -429.64395812343315
313 -430.6817281948585
314 -429.9040247390743
315 -430.039644471776
316 -430.20288333210164
317 -429.32764578613836
318 -430.7898494953715
319 -430.2921138254329
320 -430.0314567831274
321 -431.12983294343894
322 -429.8532380664551
323 -430.10961953775177
324 -430.5901720605356
325 -431.9009516154906
326 -430.08746423920473
327 -431.39168439549655
328 -431.25845798525296
329 -429.74806667195264
330 -429.497642365679
331 -429.7881618060237
332 -430.61634646451836
333 -429.489430128408
334 -430.1476280851492
335 -429.10992725114824
336 -429.676370750252
337 -429.63295538972335
338 -430.3445755652303
339 -430.5717357619069
340 -430.41304624498235
341 -430.35882591710987
342 -429.40241240808666
343 -430.1750429858472
344 -429.7621579512809
345 -429.5847408083184
346 -430.48267231740004
347 -430.1413994101896
348 -431.69312864985585
349 -429.56136158983884
350 -430.75867435279145
351 -430.1325174750136
352 -430.20804920380607
353 -430.1081599227739
354 -429.98330168013433
355 -429.97401816482403
356 -430.9568554589537
357 -429.49929245328127
358 -430.0915193261534
359 -429.5173679227691
360 -429.6770443633936
361 -430.10914287872885
362 -428.6809828922319
363 -430.96118444690524
364 -431.2103270458431
365 -431.21741676042086
366 -429.1984435782837
367 -430.75431192893126
368 -430.26283684209477
369 -429.7002968771815
370 -429.4903022613118
371 -429.68324779763935
372 -429.8988956251319
373 -430.5202105226824
374 -430.63386801772606
375 -430.3071383932669
376 -429.4569035185222
377 -429.1704897586091
378 -430.32756868260026
379 -430.67986541101004
380 -430.08307028935405
381 -431.082729091898
382 -429.7945371295161
383 -430.79647950488805
384 -430.9051983872639
385 -428.9524475523088
386 -430.27395122391147
387 -430.0913121576808
388 -429.92361210707946
389 -429.62237623903815
390 -430.226282206456
391 -430.7112557334549
392 -430.25726622779246
393 -429.3112546493567
394 -431.08903050816167
395 -429.76173021934363
396 -430.0428420534295
397 -430.3926412101198
398 -429.9475459430256
399 -429.5817111529143
400 -430.9937345450574
401 -431.5124297182275
402 -429.91307012878866
403 -430.4350989737633
404 -430.17646326645126
405 -429.92062859049594
406 -430.8920215302117
407 -430.89805244417437
408 -431.62174597594617
409 -429.9549379542219
410 -430.29804425314705
411 -431.4244662964327
412 -430.9117345125219
413 -429.3117839950262
414 -430.878496049432
415 -430.332073073503
416 -429.56782746117744
417 -431.06856456721914
418 -431.1513513489274
419 -431.0396239751079
420 -430.6959083504242
421 -430.3710732641709
422 -431.1271674651665
423 -430.59808314902267
424 -430.5577835490662
425 -429.11568838623833
426 -428.92078314085705
427 -430.69455852128505
428 -430.38492525117573
429 -430.6528777698098
430 -430.0952431515144
431 -429.66015210828726
432 -430.22783947806306
433 -431.0454309123318
434 -431.2103926827039
435 -430.52721121220713
436 -430.0432455376277
437 -430.4385586902909
438 -431.3687939488241
439 -429.89958179248805
440 -429.5871389578342
441 -430.70199404773774
442 -429.3554131317761
443 -430.27174081707795
444 -429.11794547393026
445 -430.71280642531383
446 -429.1176225486016
447 -430.7794461154577
448 -429.7403861809435
449 -429.38276527722655
450 -431.828701571757
451 -430.0073700167441
452 -430.52298814850485
453 -429.9816800675123
454 -429.63442269946984
455 -431.0142023406451
456 -431.3017369664293
457 -429.77151290826055
458 -429.74227828204596
459 -431.3811045162109
460 -429.28916177308156
461 -430.3376529866104
462 -431.7138936294195
463 -429.27250940981213
464 -430.7499722220624
465 -430.6582306195447
466 -429.7728326621242
467 -430.4704191152771
468 -429.2274863538835
469 -430.41177959259744
470 -429.8209422191983
471 -430.0992694089492
472 -430.3674607745425
473 -430.676985499441
474 -430.6024416640236
475 -430.00125676385073
476 -431.0100513248229
477 -430.31516361778006
478 -431.55532888677425
479 -430.8382274253998
480 -431.22384837033485
481 -429.46481901233045
482 -429.3435017240591
483 -429.5570558190355
484 -431.1037092685517
485 -429.94680093391923
486 -429.99102647041224
487 -430.2165492273635
488 -429.4528620706683
489 -430.4700901834054
490 -430.4896805644678
491 -430.0083383827382
492 -430.6977644156956
493 -430.862114676653
494 -429.5981834189935
495 -429.480682388133
496 -431.0755165112836
497 -430.24735273210104
498 -430.6498776706969
499 -430.5384782592182
500 -429.9033588588038
evaluations raw_y
1 2.108779472519532
2 -59.00326780514481
3 613.9133177507688
4 548.9726686876428
5 373.2693817086889
6 650.5546304557255
7 118.8489351044794
8 90.44966787692132
9 506.2502501753075
10 -47.80305001611162
11 203.27903756833337
12 24.607306405292864
13 -64.42591991025066
14 -129.56399355430736
15 -266.645768658968
16 -262.0486698175063
17 14.580186977875314
18 59.278192855075794
19 -127.71367340821787
20 -194.93103124495502
21 100.52446768969587
22 -7.776526073790879
23 -8.365766128479091
24 -58.8286941852534
25 -166.73633347080988
26 -6.426703443705895
27 -310.1481408101135
28 -150.40038229381312
29 -354.64612155675474
30 -140.91882426107796
31 -163.3974513062727
32 -188.176502882118
33 -355.8870971351928
34 162.82622573953887
35 -12.380105846019383
36 240.99104510971472
37 -59.97256798345128
38 -38.56338829797082
39 -255.83194169324915
40 -62.39215986645193
41 -343.67758610860557
42 -368.17294098146374
43 -143.27200572053871
44 -39.94671073138836
45 -468.0321821026875
46 -182.0191493069563
47 3.9565109288853932
48 -371.7367161508931
49 -361.43988361500135
50 -138.80497612910173
51 -369.6337593052896
52 -178.49040941619842
53 -375.69322185529717
54 -522.5229390302784
55 -179.31047102763412
56 -499.59097503936835
57 -220.31985867636348
58 -409.14950645737895
59 -335.784969221464
60 -461.66179386957737
61 -379.0979324973484
62 -443.8365289122532
63 -474.46927918483215
64 -372.3006726962607
65 -498.8469580417293
66 -462.6224126755622
67 -524.7275860652317
68 -426.0337363156139
69 -523.1734363891239
70 -542.4792000336386
71 -517.0248163136744
72 -404.42854489521864
73 -427.64378341320423
74 -538.3152507862092
75 -507.7666291196056
76 -529.8197126053424
77 -513.5541275303676
78 -505.9238976828029
79 -572.6106862863335
80 -494.6640452380899
81 -487.5734016530125
82 -545.6625582607326
83 -517.70524747556
84 -566.604104257278
85 -549.4999514784167
86 -577.0235656796838
87 -540.3025306046578
88 -547.8116468327389
89 -540.5359831172125
90 -561.7955157761837
91 -556.1374725364761
92 -562.218444719109
93 -578.4820914619952
94 -548.0423207988476
95 -554.1774291298009
96 -557.0039165493778
97 -558.7840028543218
98 -560.9795941798783
99 -561.3941276732002
100 -571.7982996344834
101 -575.3699957903646
102 -568.2638902860875
103 -569.9383436042481
104 -579.3763545930528
105 -580.2031920618929
106 -567.1662854434151
107 -552.8383008484453
108 -563.4325982437981
109 -581.9038817336916
110 -561.628727506129
111 -576.7667206140186
112 -566.9988942020386
113 -575.7424314155656
114 -553.0893253632436
115 -574.1965540762229
116 -577.5693734552989
117 -573.5724737557431
118 -576.3348401989518
119 -575.8313819735861
120 -577.3042244084631
121 -580.674466961196
122 -580.4778669135162
123 -579.2436672057954
124 -578.2214331228785
125 -581.4764931811404
126 -581.5029300288022
127 -579.6545437589613
128 -582.2498020982274
129 -578.7530486034426
130 -581.388163149451
131 -579.7980516649167
132 -581.5583079728301
133 -581.393816596006
134 -580.6010238464814
135 -581.6197759169565
136 -581.1432456255775
137 -582.5277121029343
138 -582.0896324296639
139 -582.7741401422612
140 -580.6148159707764
141 -582.7958381014637
142 -576.6293815761234
143 -578.2971174580157
144 -580.7611574494307
145 -582.9672542656713
146 -583.8102978509419
147 -581.6202067124233
148 -581.6531079227105
149 -578.4139774298168
150 -576.4970782754494
151 -581.7884076142657
152 -582.934013672097
153 -583.4923456912994
154 -586.6931385379092
155 -583.6180982054254
156 -581.4241329271775
157 -582.2330113946291
158 -585.4885714902941
159 -585.0380685208119
160 -583.0300238210908
161 -583.8044663400347
162 -583.9350618689809
163 -583.8615801319221
164 -585.3125691158625
165 -586.9434381379544
166 -585.1025268217311
167 -586.9652919150135
168 -585.5806647696659
169 -585.674378099951
170 -584.5933383374794
171 -584.010739471902
172 -586.4011827733749
173 -585.3793586777306
174 -584.6726307739746
175 -585.7473811942009
176 -585.7963978654368
177 -586.14942233168
178 -584.9423521293334
179 -585.5878086202551
180 -585.8757556014497
181 -586.0592592003894
182 -585.4844318338841
183 -586.626805456014
184 -586.771030111397
185 -586.1082408403968
186 -586.1231071155485
187 -586.5211263145352
188 -585.8199528466708
189 -585.4027421931542
190 -586.0534734101572
191 -586.3272987115868
192 -586.3563147902203
193 -586.6086945452072
194 -586.8951392407046
195 -585.3990445848511
196 -586.6647969684751
197 -586.4082631750903
198 -586.4601015299985
199 -586.4485463936257
200 -586.0271231739302
201 -585.7564634430483
202 -586.1109481196718
203 -587.2503340836827
204 -586.2937012320999
205 -585.9047170249967
206 -586.7096680727232
207 -587.2831803429295
208 -586.5464961297449
209 -586.3217684252423
210 -585.9850780083146
211 -586.332065301545
212 -585.6350350542127
213 -586.2661974398223
214 -585.308069901901
215 -586.3328261436619
216 -586.2626246449433
217 -585.9041699066881
218 -586.7616647637467
219 -586.8139041365356
220 -586.6857065511398
221 -586.7386292676715
222 -586.5041729672804
223 -585.8611536269939
224 -585.8419868434273
225 -586.3511507647953
226 -586.4346003461138
227 -585.6423140305899
228 -587.1807797240152
229 -587.1152326166699
230 -586.5580363341502
231 -585.5320656437151
232 -586.68055845683
233 -585.754443218122
234 -585.5145291373401
235 -585.6517836443418
236 -585.2726376187003
237 -587.1776247065761
238 -586.8584335929193
239 -586.347173538369
240 -585.4632353698527
241 -585.8506645443522
242 -586.9660515231988
243 -586.0413903896257
244 -586.75483061171
245 -585.6566721676678
246 -586.2729549553635
247 -586.0315128104908
248 -586.0095510272666
249 -585.356324974259
250 -587.5087902047687
251 -586.94624236885
252 -586.0851169382316
253 -586.9740892640776
254 -586.9764353014159
255 -585.4317491868708
256 -586.8377582535398
257 -585.2848125045895
258 -586.2262869246917
259 -586.2627822199842
260 -585.7332266958107
261 -586.2287485148096
262 -587.3465821413104
263 -586.0691709318313
264 -585.9532333687517
265 -587.1143770918687
266 -586.642795964099
267 -585.2146585239938
268 -585.3602478373375
269 -586.012036371039
270 -585.1775262430415
271 -587.0854230316065
272 -586.5158564908864
273 -587.1945683880857
274 -586.6720875969856
275 -587.0608941767714
276 -585.904277428214
277 -587.0945322078754
278 -585.9884857861022
279 -585.2427485581467
280 -585.8415864999336
281 -585.8567062068121
282 -586.1280561194436
283 -586.3298372108205
284 -585.9531397014897
285 -586.5955014476631
286 -587.0093922143359
287 -587.209310897124
288 -586.3192098316223
289 -586.3186554453072
290 -586.6891133235929
291 -587.2601549718971
292 -587.0972108062903
293 -585.8034878305139
294 -586.5392436791974
295 -585.8661849996729
296 -586.4001358802545
297 -586.9357301757543
298 -586.0956566392423
299 -584.9831012012361
300 -586.9075048623683
301 -585.5455414396281
302 -586.197723754046
303 -585.2435063809031
304 -586.4504997276645
305 -585.8214338706086
306 -586.8691122123823
307 -587.0657680270118
308 -586.1041234188447
309 -585.5654128238415
310 -586.6162979728763
311 -585.2423072539189
312 -586.8894073934002
313 -586.4516663941134
314 -586.7990131527653
315 -586.2678304308738
316 -586.8353829375418
317 -586.1655365114955
318 -586.6946074657867
319 -586.2139058344261
320 -585.5791915477804
321 -585.524917391014
322 -585.6448518722206
323 -586.3688367568052
324 -586.1552150128114
325 -586.7995648324412
326 -586.2243246549987
327 -586.5151165801193
328 -587.0149250522304
329 -586.2767738374879
330 -586.554177844295
331 -585.8553017291164
332 -585.6127896766566
333 -585.7355618663607
334 -586.7641750515655
335 -586.0288284785908
336 -586.0780789265436
337 -586.969175707592
338 -586.2986872234633
339 -585.3696965359882
340 -586.1843160199458
341 -586.0229732839684
342 -586.0235843385176
343 -586.4854277535283
344 -586.0727919637762
345 -587.3659373452193
346 -587.384588140608
347 -585.9002096906391
348 -585.8598597636336
349 -585.2685121497941
350 -586.6900480047674
351 -586.5620890621169
352 -586.6854041340222
353 -587.2725526269239
354 -586.1576900278494
355 -586.418058023771
356 -585.3081217090854
357 -585.5296156047665
358 -585.9990457864975
359 -585.9664349077676
360 -586.2726747608641
361 -586.0729727637847
362 -586.6384440326003
363 -586.3922899372552
364 -585.657452285313
365 -587.2561691359122
366 -585.6621619895402
367 -585.8960996672961
368 -585.8226494588182
369 -586.116349337067
370 -586.3844069763712
371 -586.9535668498954
372 -586.3341198957638
373 -585.8985431629915
374 -585.519243764077
375 -586.2930367957063
376 -586.5932554038236
377 -586.4553930742201
378 -586.7308269844733
379 -586.7723811147457
380 -586.2668487330164
381 -586.562403826878
382 -586.8537371940325
383 -585.4722985045763
384 -585.890010832489
385 -585.2927547603173
386 -586.558169227305
387 -586.0320859856954
388 -585.4616644437907
389 -586.8726345684698
390 -587.2688424695809
391 -586.5938186287718
392 -586.7583123450434
393 -586.4488707333588
394 -586.2911244415343
395 -586.0185310308028
396 -586.7880547129561
397 -586.5185034878251
398 -586.5823271077405
399 -585.6192728840276
400 -585.9379426573996
401 -585.965322592737
402 -586.2571196958211
403 -585.7914361027571
404 -587.1743689832932
405 -586.6225615428002
406 -585.6062137992967
407 -585.7448860986497
408 -585.3963376111902
409 -586.5058693969097
410 -586.5041653429527
411 -586.1367152733316
412 -584.9895607698708
413 -586.3754076127733
414 -587.4787691998264
415 -586.1137973891025
416 -585.7374996472142
417 -585.4292421460115
418 -587.3885105891486
419 -586.3301503459179
420 -587.195117501106
421 -586.4868501189476
422 -587.0187742796915
423 -585.9276343844391
424 -586.5447969668671
425 -585.6813585235268
426 -587.0173013273264
427 -585.7389901321092
428 -585.5141695911535
429 -586.1757733090731
430 -585.1604403950196
431 -585.7474938952361
432 -586.3514920011786
433 -586.7677968808172
434 -586.0636332839315
435 -586.9318175303692
436 -586.290257984967
437 -585.1714674007014
438 -585.6608821414111
439 -586.7210698424636
440 -586.2313891984218
441 -585.6848809713578
442 -586.8533794396114
443 -586.6590912155688
444 -586.4558597857705
445 -585.5592265571554
446 -585.7243045047775
447 -586.6590317421118
448 -585.9006401032219
449 -586.7805578799697
450 -586.8033151452792
451 -587.0496888626373
452 -586.2091507336436
453 -586.31064423069
454 -587.0423548892021
455 -585.5890075550847
456 -585.4787486881986
457 -586.3492177821615
458 -587.073423491464
459 -585.8356427404644
460 -586.8224935356526
461 -586.2583465584081
462 -586.843463412521
463 -586.4451765887337
464 -586.2313853659672
465 -586.5204260555681
466 -586.9823799455742
467 -586.9726572960831
468 -586.4808038034947
469 -586.5298548312089
470 -587.4500327737758
471 -585.9647404956492
472 -586.7204924486263
473 -587.1782922604402
474 -585.6219257935024
475 -586.2528968178138
476 -587.8625037438225
477 -586.4996852318344
478 -586.3783973451988
479 -587.1190773727143
480 -586.1796594434746
481 -585.5484156618301
482 -586.04373529682
483 -585.3899707139698
484 -585.2758351555236
485 -586.5238851198502
486 -585.6239037203802
487 -586.5500114114291
488 -586.0999181587065
489 -585.872555210971
490 -585.6936309937521
491 -586.4698362005345
492 -585.8791641754458
493 -587.1735966369988
494 -587.320364697932
495 -585.4762581857022
496 -585.719805754874
497 -585.6250029721766
498 -586.6451886381291
499 -586.3651362830811
500 -586.6827923492053
