evaluations raw_y
1 1441.9706140358
2 521.9281634099
4 402.9467109479
17 261.2519842000
63 261.0624122034
64 246.0628269817
82 244.7500192137
90 244.1827830451
92 244.1068063746
93 243.9864186430
98 243.9109162171
99 243.7551076393
100 243.4238107118
102 243.3268956739
103 243.0030984896
105 242.4482517830
107 242.3774657022
109 242.3177606651
110 242.2218465985
116 242.0966463167
117 242.0348003775
177 161.3027794701
184 157.8351895558
206 157.7548710784
207 157.3252844248
210 157.2039905184
212 157.1916131737
213 157.0975922979
217 157.0164184276
218 156.9985071690
220 156.7704063853
221 156.7687651943
222 156.6039285949
223 156.4906502913
225 156.1225486054
226 155.9412803278
227 155.8600355423
228 155.7270801618
231 155.7119029547
234 155.6880066926
303 155.2862214643
324 155.2051078418
329 155.1865058737
331 155.1475382053
337 155.1264703312
339 154.6844472550
342 154.2918627500
343 154.2283561145
344 153.6627010297
345 153.5504929509
348 153.4546787239
349 153.4441965195
350 152.9738842639
351 152.9198065151
441 152.7367381138
444 152.7242054959
446 152.1652578213
447 152.1345267064
448 152.1078236722
449 152.1034640387
450 151.9615746163
451 151.9388279531
452 151.9365361768
454 151.8225127291
457 151.5806889102
459 151.1811634011
462 151.1793748851
466 150.9099073821
468 150.7854008547
556 149.8595247762
557 149.6965623504
559 149.6470343014
560 149.6247420807
562 149.4862484875
566 149.3968464112
567 149.3484310830
569 149.2692347846
571 149.1808329880
573 149.0763697921
578 148.9725847683
579 148.9506313394
580 148.8920225671
583 148.8463240490
584 148.7268388709
585 148.3627766598
675 147.9841539636
676 147.9218186996
677 147.6220990103
679 147.4107111092
681 147.4081167298
682 146.9691928841
683 146.9625444142
684 146.9539760140
694 146.8320862395
695 146.8305539626
696 146.7001369588
697 146.6245636437
699 146.3004624646
700 146.2909721854
701 146.2905708470
774 145.8034125571
783 144.3288004366
792 144.2957887891
796 144.2719663829
797 144.2396527707
803 144.1765318422
807 144.0143316383
809 143.9578740629
810 143.9268575443
813 143.8956674076
814 143.8729801111
815 143.8122946566
908 143.8013191647
909 143.7606141558
912 143.5762683895
913 143.5528757287
914 143.5474731225
918 143.5454048249
920 143.5319800186
921 143.5229272759
925 143.5076971275
929 143.4887521166
931 143.4858496290
934 143.4849586382
936 143.4235290905
1026 143.4157510109
1027 143.2189071701
1028 143.2186056622
1029 143.2182461468
1030 143.2182063529
1033 143.2172275382
1034 143.1977692007
1035 143.1931252085
1036 143.1838639843
1037 143.1793985628
1038 143.0903003612
1039 142.9859269474
1041 142.9405026311
1042 142.9392024951
1045 142.9354121100
1047 142.7947590296
1050 142.7875302583
1142 142.7702519634
1146 142.7700104618
1151 142.6925106527
1153 142.6918924558
1155 142.6359691023
1158 142.6277211109
1160 142.4971317215
1166 142.4955984958
1263 142.3916901892
1267 142.3807123941
1268 142.3639965064
1269 142.2875135712
1270 142.2421503751
1271 142.2251083718
1272 142.1498375783
1274 142.0549439226
1277 142.0494313967
1279 142.0471955793
1280 142.0307089012
1282 141.9222094931
1283 141.8453147894
1284 141.8383899956
1374 135.9211044819
1380 135.6960953608
1381 135.6921279040
1382 135.3515825423
1384 135.2965869150
1385 135.2805379279
1389 135.1173208064
1390 134.2662242641
1391 134.2022888200
1393 134.0688277994
1396 133.9644946812
1401 133.7829208642
1402 133.6912501876
1403 133.6459132183
1404 133.5126663720
1498 133.5120529106
1500 133.1954064237
1501 133.1912348929
1505 133.1873457888
1508 132.6479232849
1509 131.5938271642
1511 131.4896167556
1512 131.2025509531
1513 130.8549308239
1515 130.8053340416
1516 130.7884962875
1517 130.7765516982
1520 130.7433695221
1521 130.6924355133
1610 130.6865395861
1613 130.6538932106
1614 130.5328151512
1615 130.4848031173
1616 130.4425683192
1617 130.4404071989
1619 130.4144733850
1623 130.3490073673
1626 130.3460356005
1627 130.3215545411
1628 130.3176587662
1629 130.3134634296
1633 130.3134539199
1635 130.2955475771
1638 130.1606989492
1727 130.1558204006
1735 129.8663309878
1736 129.8201898752
1737 129.7565578584
1739 129.7364692695
1741 129.7136482067
1744 129.6747228283
1747 129.6730903686
1748 129.6366640812
1749 129.6072012986
1750 129.5618411920
1844 129.5530649704
1846 129.4134539237
1847 128.3495211007
1849 127.4635456653
1850 126.6544103567
1852 126.6068573113
1857 126.5857536363
1859 126.5406424728
1860 125.4176168539
1861 125.3964133512
1863 125.3551634831
1864 125.3322085086
1867 125.1791840261
1869 125.1735603355
1871 125.1659129201
1872 125.1547023410
1961 125.1178568152
1963 125.1066534430
1970 125.1057187041
1971 125.0965974622
1983 125.0964181279
1984 124.8618588424
1986 124.8486584432
1987 124.7648183833
2078 124.7642849577
2081 124.7537510662
2082 124.7407773981
2083 124.7196381566
2084 124.6991836257
2085 124.6564425070
2096 124.5961315840
2106 124.5807122070
2189 122.8653899932
2201 122.3218424942
2203 122.1895638018
2205 122.1444324109
2208 122.0944992043
2209 122.0737874166
2211 122.0060112615
2213 121.6890284919
2216 121.3243300802
2218 121.2779008276
2220 121.2263129544
2223 121.1513409303
2314 121.1151345910
2316 120.9514438638
2320 120.9347420735
2322 120.8860082431
2324 120.8857570469
2326 120.8536652251
2327 120.8229841448
2330 120.7921817298
2333 120.7894141124
2337 120.7218151720
2338 120.7071897738
2429 120.6416639225
2430 120.6252647002
2433 120.4979567597
2437 120.3329437995
2439 120.3106061436
2440 120.3061884868
2444 120.2571494087
2446 120.1390801264
2448 120.0329693980
2454 120.0153757635
2455 120.0151449046
2457 120.0091547960
2524 118.3553470921
2548 117.7516621371
2554 117.3482943000
2556 117.3267112551
2559 116.4581078374
2560 115.8678520230
2562 115.4210642548
2563 115.2917368506
2566 115.1572312396
2567 115.0002195916
2569 114.9653995677
2571 114.8722528587
2573 114.6349278974
2651 112.4932696093
2664 112.4559175085
2665 112.3032116032
2666 112.1905590453
2669 111.7971826369
2670 111.7840643980
2671 111.6990674899
2672 111.3117995141
2673 110.8557331035
2674 110.8382259970
2675 110.8077938880
2676 110.4811174067
2679 110.1068659155
2683 110.0688025931
2684 109.9294018103
2685 109.9187657259
2687 109.8077426578
2688 109.7324596504
2689 109.2820426003
2690 109.1611703978
2770 109.0361663621
2780 108.8984205461
2782 108.8889257945
2783 108.8168576675
2784 108.6603641469
2785 108.5205730395
2787 108.4331412862
2789 108.4200613873
2790 108.1320942755
2791 107.7357744616
2792 107.7055876737
2793 107.4415334419
2794 107.2457479571
2795 107.2365398870
2796 107.2005119544
2797 107.1625269185
2800 107.1570200659
2802 107.1373167525
2804 106.9680948914
2806 106.9671714688
2904 106.1236273375
2905 105.6695500385
2907 105.5136361983
2908 105.5109412117
2910 105.4919171465
2914 104.9118140085
2915 104.8741523966
2917 104.5293685562
2992 104.0165379349
3014 104.0100864513
3015 103.9996823065
3018 103.3227970641
3019 103.2961281399
3021 103.0759228637
3022 102.9263736153
3023 102.9211797858
3024 102.2178663763
3025 101.8711496370
3027 101.6734520261
3028 101.6690237494
3033 101.6534840178
3034 101.6532165868
3037 101.5434061093
3038 101.5137531210
3039 101.2925983970
3109 99.0971411292
3131 99.0202522013
3133 99.0082379789
3135 98.9857868738
3136 98.9807350079
3139 98.9504743129
3140 98.9042513402
3142 98.6130787282
3143 98.1305116418
3145 98.1106264090
3146 98.0621054405
3148 98.0529006193
3156 98.0500515548
3157 98.0448553182
3158 98.0288788969
3249 98.0166768875
3251 97.6890041737
3253 97.6885696602
3255 97.6546863057
3257 97.6540654249
3260 97.2194877104
3262 97.2187501393
3264 97.0303757285
3265 96.7561149725
3266 96.4846508571
3267 96.3889993875
3268 96.3649797668
3269 96.2532160896
3272 96.1407802616
3273 96.0298560350
3366 95.9734847437
3369 95.9154413251
3371 95.7822518937
3372 95.7807572323
3373 95.7783242407
3377 95.7144144860
3379 95.6199444005
3381 95.5723703069
3382 95.5595025218
3385 95.5570294410
3388 95.5533492280
3389 95.1085734580
3390 95.0315554380
3482 95.0174163114
3485 94.8885992478
3486 94.5003573322
3489 94.4279334146
3490 94.3950972856
3495 94.3727593272
3496 94.1841060467
3497 94.1388117677
3498 94.0703786451
3505 94.0431175592
3506 94.0303249569
3507 94.0206338680
3582 92.0045748126
3587 91.7309971652
3603 91.6647361452
3604 91.5559579126
3606 91.5184353848
3608 91.4430446642
3612 91.4169579461
3613 91.4015929481
3614 91.3978577753
3616 91.3964259810
3617 91.3109829274
3620 90.9795349099
3622 90.8330478456
3623 90.7989610785
3625 90.7959893062
3718 90.7881750967
3719 90.4425548466
3720 90.4334419551
3726 90.2552078193
3728 90.2531827026
3735 90.1375809085
3736 90.1336142812
3742 90.0427972670
3743 89.8166466989
3839 89.8144913901
3840 89.8055933528
3842 89.8053942013
3846 89.6855431520
3847 89.5265147164
3851 89.4425725988
3855 89.4008268817
3858 89.3443035905
3861 89.2130307630
3891 4996.1989326926
evaluations raw_y
1 89.2130307630
89 89.2108845905
94 89.2096833322
96 89.1035732708
99 89.1021854665
106 88.9904194553
107 88.9895229526
108 88.9847963549
109 88.5966604456
111 88.5551421678
112 88.2068842813
207 88.2017585599
209 88.1896713462
214 88.1381344185
217 88.1336840927
218 88.1327383757
223 88.1304332624
229 87.9327604542
323 87.9288883628
324 87.7274401427
325 87.5574203582
326 87.5550703508
334 87.5543842690
338 87.5494786949
343 87.5482227548
348 87.4938364404
351 87.3242618242
441 87.2624492961
445 87.1396069635
456 87.1194208662
461 87.1058582822
463 87.0232071931
464 86.8648184005
467 86.7204371590
560 86.6295920219
562 86.5632202364
565 86.4256623951
566 86.4125765179
567 86.4118173989
569 86.4027536194
572 86.3451458444
578 86.3448211694
580 86.2952605238
582 86.2833065628
676 86.2450640456
677 86.2443941520
684 86.2214192617
685 86.2170638718
686 86.1476543657
690 86.1445248131
691 86.1442642467
692 86.1434393106
693 86.1425871616
697 86.1424913052
699 86.0361470365
700 85.9998334111
701 85.9148500073
792 85.8411327551
794 85.8408066916
810 85.7851362999
814 85.7748324244
816 85.7747876377
818 85.7614007209
908 85.7566952086
909 85.7563174440
910 85.7430617315
911 85.7416667182
912 85.6517382118
913 85.6364469403
915 85.6345962995
919 85.5200627460
926 85.5075159256
933 85.5071655653
935 85.5071162665
1029 85.5040403976
1030 85.4961079826
1031 85.4493060499
1033 85.4378238386
1040 85.4366192338
1041 85.4364233499
1047 85.4363122632
1052 85.4327773654
1053 85.3743343400
1143 85.3203969638
1146 85.3162139823
1154 85.3161038212
1160 85.3136464691
1169 85.2942235920
1170 85.2655094509
1272 85.2616041928
1275 85.2574081131
1277 85.2557182033
1286 85.2527129093
1380 85.2508945968
1391 85.2503566557
1396 85.2496186421
1397 85.2392201303
1400 85.1321897917
1401 85.1224408848
1402 85.0571935877
1404 85.0439614067
1495 85.0427357978
1496 85.0266305771
1499 84.9738972022
1509 84.9463800130
1510 84.8812963223
1515 84.8750524114
1518 84.8746600696
1611 84.8695045899
1614 84.8636875356
1616 84.8635116696
1618 84.8590774555
1623 84.8584082198
1624 84.8528949219
1635 84.7955211272
1638 84.7881721380
1727 84.7872090709
1729 84.7761966278
1730 84.7735325119
1739 84.7424364806
1743 84.7424188359
1744 84.7399638988
1745 84.7358878936
1748 84.7233248403
1752 84.7216308482
1753 84.7204825503
1754 84.7173591770
1844 84.7170260325
1845 84.7167209562
1849 84.7159028130
1850 84.6993502668
1854 84.6721636717
1855 84.6700457836
1857 84.6603319250
1868 84.6598611359
1969 84.6498762524
1973 84.6474614091
1983 84.6466563989
1987 84.6355813275
1988 84.6233745803
2079 84.6155650194
2080 84.6135792508
2082 84.6117512078
2083 84.6110364266
2098 84.6102060730
2100 84.6084761724
2101 84.6072183209
2104 84.6058416200
2195 84.6036669876
2202 84.5991177873
2213 84.5977797822
2214 84.5930044205
2220 84.5896628365
2318 84.5868062214
2323 84.5867699292
2334 84.5862014104
2429 84.5861510985
2437 84.5847242288
2445 84.5828365479
2550 84.5820352247
2561 84.5805888508
2563 84.5797501039
2683 84.5796204538
2782 84.5785110752
2897 84.5783295641
2905 84.5775510953
2908 84.5774906545
2923 84.5768271008
3029 84.5759537372
3037 84.5758467116
3134 84.5753618524
3144 84.5750071150
3253 84.5746923669
3262 84.5746610709
3272 84.5743699861
3273 84.5737960697
3365 84.5732970650
3377 84.5732216785
3387 84.5731563898
3391 84.5727925760
3494 84.5725681227
3616 84.5725653147
3620 84.5723866840
3735 84.5723645086
3856 84.5718486983
3891 4996.1989326926
evaluations raw_y
1 84.5718486983
450 84.5716797889
1037 84.5716186357
1038 84.5713011499
1053 84.5712501990
1151 84.5711662506
1153 84.5711125302
1266 84.5711030221
1267 84.5709889362
1286 84.5709808437
1520 84.5709761298
2323 84.5709747254
2436 84.5709737732
2445 84.5709549454
2910 84.5709542793
3251 84.5709539597
3490 84.5709530996
3496 84.5709423501
3608 84.5709104372
3622 84.5708854990
3840 84.5708749294
3891 4996.1989326926
evaluations raw_y
1 84.5708749294
225 84.5708513200
452 84.5708497353
566 84.5708366362
678 84.5707989248
922 84.5707974069
1267 84.5707748822
1399 84.5707745045
2196 84.5707743911
3382 84.5707743831
3891 4996.1989326926
evaluations raw_y
1 84.5707743831
1380 84.5707741778
1752 84.5707733823
3608 84.5707676986
3891 4996.1989326926
