evaluations raw_y
1 1.7976931348623156e+306
2 1.7976931348623156e+306
3 1.7976931348623156e+306
4 1.7976931348623156e+306
5 1.7976931348623156e+306
6 1.7976931348623156e+306
7 1.7976931348623156e+306
8 1.7976931348623156e+306
9 1.7976931348623156e+306
10 1.7976931348623156e+306
11 1.7976931348623156e+306
12 1.7976931348623156e+306
13 1.7976931348623156e+306
14 1.7976931348623156e+306
15 1.7976931348623156e+306
16 1.7976931348623156e+306
17 1.7976931348623156e+306
18 1.7976931348623156e+306
19 1.7976931348623156e+306
20 1.7976931348623156e+306
21 1.7976931348623156e+306
22 1.7976931348623156e+306
23 1.7976931348623156e+306
24 1.7976931348623156e+306
25 1.7976931348623156e+306
26 1.7976931348623156e+306
27 1.7976931348623156e+306
28 1.7976931348623156e+306
29 1.7976931348623156e+306
30 1.7976931348623156e+306
31 1.7976931348623156e+306
32 1.7976931348623156e+306
33 1.7976931348623156e+306
34 1.7976931348623156e+306
35 1.7976931348623156e+306
36 1.7976931348623156e+306
37 1.7976931348623156e+306
38 1.7976931348623156e+306
39 1.7976931348623156e+306
40 1.7976931348623156e+306
41 1.7976931348623156e+306
42 1.7976931348623156e+306
43 1.7976931348623156e+306
44 1.7976931348623156e+306
45 1.7976931348623156e+306
46 1.7976931348623156e+306
47 1.7976931348623156e+306
48 1.7976931348623156e+306
49 1.7976931348623156e+306
50 1.7976931348623156e+306
51 1.7976931348623156e+306
52 1.7976931348623156e+306
53 1.7976931348623156e+306
54 1.7976931348623156e+306
55 1.7976931348623156e+306
56 1.7976931348623156e+306
57 1.7976931348623156e+306
58 1.7976931348623156e+306
59 1.7976931348623156e+306
60 1.7976931348623156e+306
61 7.961334107113655
62 5.772415291132053
63 4.710580779905152
64 8.490662682864636
65 -2.8517866301049595
66 2.843384639268026
67 -1.064454130753696
68 -1.4273992836150529
69 1.3218985879383565
70 -1.613096023120055
71 -2.9968891340838577
72 4.433339756770352
73 -0.021106110956885832
74 2.041572441604047
75 -3.628867385207338
76 5.204766504267285
77 -1.5517473188008535
78 -4.714950578229769
79 4.673952238045032
80 -1.2646117699276405
81 -3.734973935457366
82 8.431449993103103
83 6.8446254972070655
84 6.326899203998877
85 -4.842112644231687
86 7.56809758413326
87 4.348765550976899
88 2.936318087255872
89 9.452989715368442
90 4.0113483773622125
91 2.13638649073183
92 6.995965373671595
93 0.29938514559949925
94 5.094513269742089
95 7.875284866742123
96 -0.2524619469052623
97 -4.033918415957871
98 0.37887967306821113
99 6.027333186617649
100 6.486336747324123
101 2.741101608848251
102 4.379434573804535
103 1.1024410365976836
104 5.180303027398998
105 4.287812663768194
106 4.428975342989177
107 6.035991835299396
108 2.0205611749795733
109 -0.9888635685269713
110 8.262558363398457
111 -4.386400158531884
112 0.16405065289578236
113 6.850872347699591
114 1.2619836878314885
115 0.8951128301279934
116 -0.279381933785669
117 8.151809901536392
118 -0.6154703573583016
119 -0.7079069985265617
120 3.7958839748954745
121 4.1943377700140765
122 2.1884509350315717
123 -0.4914995140696058
124 1.719300191942831
125 5.55697158685557
126 5.480962617184153
127 5.96363791928756
128 3.615384398070921
129 5.243654198325325
130 2.4711450344523866
131 -2.601826651930378
132 2.7006281611008816
133 -3.2854125466410204
134 -0.8061497151568693
135 5.570012065435096
136 2.9112906753100893
137 8.29166829196084
138 -0.5150569851049932
139 4.458793497548267
140 2.2728193820848004
141 -3.1120775163822674
142 -0.11692466722523143
143 9.146248766065202
144 7.377060413481622
145 6.252430679085052
146 7.311735420267118
147 0.993609781011395
148 -0.7460066807224655
149 0.7705420162235351
150 5.722877841860423
151 5.600322907328208
152 0.9988348945673933
153 -3.683661973179942
154 0.17907418682035625
155 6.408121657073098
156 -1.2251536880747973
157 4.059766899277872
158 0.014900479327187077
159 4.925158138526228
160 0.7622628871061423
161 3.1428063932515213
162 4.986466464030897
163 1.2810690871766492
164 6.341505920332111
165 1.7506607308589763
166 4.623453104177271
167 6.674784050115035
168 2.587239678075395
169 3.2745962179871766
170 -2.128207152956321
171 3.265188214454099
172 3.738697824687435
173 -1.6212532216703808
174 2.760206269574597
175 -4.475679412711434
176 7.104009687218116
177 -1.5413517225421975
178 -5.59590356028891
179 8.283657908295787
180 1.8677550018095113
181 1.2652583679111773
182 -0.8534072833822886
183 8.981853018879882
184 3.974574894161872
185 3.3489970434568215
186 5.389596955957822
187 8.759443776596864
188 -0.7267539543202555
189 4.532418803411491
190 2.5473938901110995
191 -0.4574776501407351
192 1.5490258069518603
193 3.722143079258048
194 2.059446200295948
195 7.139919545844048
196 4.436333964911305
197 5.664722417790241
198 2.3133938875844273
199 7.421398516298042
200 -2.8776957874700653
201 0.38542187310258813
202 1.790596196655315
203 -0.5411169310097754
204 7.065602802355671
205 -2.4878948766507576
206 0.5958363351905983
207 -2.8800750490268685
208 4.417175892209747
209 -4.098608118969864
210 0.40690297357479227
211 7.732499895464923
212 1.3410456773971045
213 0.9318469056432119
214 -1.082621035092208
215 6.28641416682682
216 -1.0972588250980853
217 1.4616415248019101
218 2.1590963798143337
219 4.878559390240379
220 -1.9250435380586526
221 6.39581864509897
222 2.000673187429274
223 4.864595321760983
224 2.777155245339996
225 7.217242355751524
226 -4.3761880603799845
227 4.021568845391056
228 5.716954941130747
229 3.6320953458827576
230 9.42907684829159
231 0.04476944791192353
232 -1.2311268709914072
233 1.5812123845103265
234 -1.121911872374303
235 -0.13804727689719876
236 2.770534392731415
237 2.2646530492171624
238 -3.7190156253515734
239 6.382079065311092
240 2.577555936610787
241 0.8268318170525082
242 10.221227462008486
243 3.3793073887395435
244 5.211533929936258
245 6.934537864444063
246 7.731077233725663
247 -5.13985789820988
248 6.273257928942999
249 7.989381958477587
250 6.2032775201303645
251 -2.553051769697129
252 4.565316394198341
253 -2.2731866478586817
254 6.277906978710334
255 -6.970909450077651
256 4.3932862763073235
257 8.34500038539218
258 10.22940363132241
259 -0.0022695870709260324
260 -0.16781653638910843
261 5.36152248988347
262 -3.748364532495742
263 -2.8129351347149285
264 -0.2743764646605163
265 -1.9961512430977646
266 1.7039757720589592
267 -2.1164277164282086
268 5.461407447327019
269 2.7594642972772463
270 -2.522079596271625
271 3.1455603067978437
272 -1.3202354455293854
273 3.749176473544483
274 5.649563528984314
275 4.9421393716267445
276 2.5760445315115263
277 6.266871235667811
278 6.6484396619867905
279 -0.6600216002702656
280 8.622642151207517
281 8.025557784402114
282 -1.7107608058088906
283 7.396944293024199
284 5.642937075676834
285 3.781971707976327
286 6.574058248876119
287 1.7976931348623156e+306
288 1.7976931348623156e+306
289 1.7976931348623156e+306
290 1.7976931348623156e+306
291 1.7976931348623156e+306
292 1.7976931348623156e+306
293 1.7976931348623156e+306
294 1.7976931348623156e+306
295 1.7976931348623156e+306
296 1.7976931348623156e+306
297 1.7976931348623156e+306
298 1.7976931348623156e+306
299 1.7976931348623156e+306
300 1.7976931348623156e+306
301 1.7976931348623156e+306
302 1.7976931348623156e+306
303 1.7976931348623156e+306
304 1.7976931348623156e+306
305 1.7976931348623156e+306
306 1.7976931348623156e+306
307 1.7976931348623156e+306
308 1.7976931348623156e+306
309 1.7976931348623156e+306
310 1.7976931348623156e+306
311 1.7976931348623156e+306
312 1.7976931348623156e+306
313 1.7976931348623156e+306
314 1.7976931348623156e+306
315 1.7976931348623156e+306
316 1.7976931348623156e+306
317 1.7976931348623156e+306
318 1.7976931348623156e+306
319 1.7976931348623156e+306
320 1.7976931348623156e+306
321 1.7976931348623156e+306
322 1.7976931348623156e+306
323 1.7976931348623156e+306
324 1.7976931348623156e+306
325 1.7976931348623156e+306
326 1.7976931348623156e+306
327 1.7976931348623156e+306
328 1.7976931348623156e+306
329 1.7976931348623156e+306
330 1.7976931348623156e+306
331 1.7976931348623156e+306
332 1.7976931348623156e+306
333 1.7976931348623156e+306
334 1.7976931348623156e+306
335 1.7976931348623156e+306
336 1.7976931348623156e+306
337 1.7976931348623156e+306
338 1.7976931348623156e+306
339 1.7976931348623156e+306
340 1.7976931348623156e+306
341 1.7976931348623156e+306
342 1.7976931348623156e+306
343 1.7976931348623156e+306
344 1.7976931348623156e+306
345 1.7976931348623156e+306
346 1.7976931348623156e+306
347 1.7976931348623156e+306
348 1.7976931348623156e+306
349 1.7976931348623156e+306
350 1.7976931348623156e+306
351 1.7976931348623156e+306
352 1.7976931348623156e+306
353 1.7976931348623156e+306
354 1.7976931348623156e+306
355 1.7976931348623156e+306
356 1.7976931348623156e+306
357 1.7976931348623156e+306
358 1.7976931348623156e+306
359 1.7976931348623156e+306
360 1.7976931348623156e+306
361 1.7976931348623156e+306
362 1.7976931348623156e+306
363 1.7976931348623156e+306
364 1.7976931348623156e+306
365 1.7976931348623156e+306
366 1.7976931348623156e+306
367 1.7976931348623156e+306
368 1.7976931348623156e+306
369 1.7976931348623156e+306
370 1.7976931348623156e+306
371 1.7976931348623156e+306
372 1.7976931348623156e+306
373 1.7976931348623156e+306
374 1.7976931348623156e+306
375 1.7976931348623156e+306
376 1.7976931348623156e+306
377 1.7976931348623156e+306
378 1.7976931348623156e+306
379 1.7976931348623156e+306
380 1.7976931348623156e+306
381 1.7976931348623156e+306
382 1.7976931348623156e+306
383 1.7976931348623156e+306
384 1.7976931348623156e+306
385 1.7976931348623156e+306
386 1.7976931348623156e+306
387 1.7976931348623156e+306
388 1.7976931348623156e+306
389 1.7976931348623156e+306
390 1.7976931348623156e+306
391 1.7976931348623156e+306
392 1.7976931348623156e+306
393 1.7976931348623156e+306
394 1.7976931348623156e+306
395 1.7976931348623156e+306
396 1.7976931348623156e+306
397 1.7976931348623156e+306
398 1.7976931348623156e+306
399 1.7976931348623156e+306
400 1.7976931348623156e+306
401 1.7976931348623156e+306
402 1.7976931348623156e+306
403 1.7976931348623156e+306
404 1.7976931348623156e+306
405 1.7976931348623156e+306
406 1.7976931348623156e+306
407 1.7976931348623156e+306
408 1.7976931348623156e+306
409 1.7976931348623156e+306
410 1.7976931348623156e+306
411 1.7976931348623156e+306
412 1.7976931348623156e+306
413 1.7976931348623156e+306
414 1.7976931348623156e+306
415 1.7976931348623156e+306
416 1.7976931348623156e+306
417 1.7976931348623156e+306
418 1.7976931348623156e+306
419 1.7976931348623156e+306
420 1.7976931348623156e+306
421 1.7976931348623156e+306
422 1.7976931348623156e+306
423 1.7976931348623156e+306
424 1.7976931348623156e+306
425 1.7976931348623156e+306
426 1.7976931348623156e+306
427 1.7976931348623156e+306
428 1.7976931348623156e+306
429 1.7976931348623156e+306
430 1.7976931348623156e+306
431 1.7976931348623156e+306
432 1.7976931348623156e+306
433 1.7976931348623156e+306
434 1.7976931348623156e+306
435 1.7976931348623156e+306
436 1.7976931348623156e+306
437 1.7976931348623156e+306
438 1.7976931348623156e+306
439 1.7976931348623156e+306
440 1.7976931348623156e+306
441 1.7976931348623156e+306
442 1.7976931348623156e+306
443 1.7976931348623156e+306
444 1.7976931348623156e+306
445 1.7976931348623156e+306
446 1.7976931348623156e+306
447 1.7976931348623156e+306
448 1.7976931348623156e+306
449 1.7976931348623156e+306
450 1.7976931348623156e+306
451 1.7976931348623156e+306
452 1.7976931348623156e+306
453 1.7976931348623156e+306
454 1.7976931348623156e+306
455 1.7976931348623156e+306
456 1.7976931348623156e+306
457 1.7976931348623156e+306
458 1.7976931348623156e+306
459 1.7976931348623156e+306
460 1.7976931348623156e+306
461 1.7976931348623156e+306
462 1.7976931348623156e+306
463 1.7976931348623156e+306
464 1.7976931348623156e+306
465 1.7976931348623156e+306
466 1.7976931348623156e+306
467 1.7976931348623156e+306
468 1.7976931348623156e+306
469 1.7976931348623156e+306
470 1.7976931348623156e+306
471 1.7976931348623156e+306
472 1.7976931348623156e+306
473 1.7976931348623156e+306
474 1.7976931348623156e+306
475 1.7976931348623156e+306
476 1.7976931348623156e+306
477 1.7976931348623156e+306
478 1.7976931348623156e+306
479 1.7976931348623156e+306
480 1.7976931348623156e+306
481 1.7976931348623156e+306
482 1.7976931348623156e+306
483 1.7976931348623156e+306
484 1.7976931348623156e+306
485 1.7976931348623156e+306
486 1.7976931348623156e+306
487 1.7976931348623156e+306
488 1.7976931348623156e+306
489 1.7976931348623156e+306
490 1.7976931348623156e+306
491 1.7976931348623156e+306
492 1.7976931348623156e+306
493 1.7976931348623156e+306
494 1.7976931348623156e+306
495 1.7976931348623156e+306
496 1.7976931348623156e+306
497 1.7976931348623156e+306
498 1.7976931348623156e+306
499 1.7976931348623156e+306
500 1.7976931348623156e+306
evaluations raw_y
1 1.7976931348623156e+306
2 1.7976931348623156e+306
3 1.7976931348623156e+306
4 1.7976931348623156e+306
5 1.7976931348623156e+306
6 1.7976931348623156e+306
7 1.7976931348623156e+306
8 1.7976931348623156e+306
9 1.7976931348623156e+306
10 1.7976931348623156e+306
11 1.7976931348623156e+306
12 1.7976931348623156e+306
13 1.7976931348623156e+306
14 1.7976931348623156e+306
15 1.7976931348623156e+306
16 1.7976931348623156e+306
17 1.7976931348623156e+306
18 1.7976931348623156e+306
19 1.7976931348623156e+306
20 1.7976931348623156e+306
21 1.7976931348623156e+306
22 1.7976931348623156e+306
23 1.7976931348623156e+306
24 1.7976931348623156e+306
25 1.7976931348623156e+306
26 1.7976931348623156e+306
27 1.7976931348623156e+306
28 1.7976931348623156e+306
29 1.7976931348623156e+306
30 1.7976931348623156e+306
31 1.7976931348623156e+306
32 1.7976931348623156e+306
33 1.7976931348623156e+306
34 1.7976931348623156e+306
35 1.7976931348623156e+306
36 1.7976931348623156e+306
37 1.7976931348623156e+306
38 1.7976931348623156e+306
39 1.7976931348623156e+306
40 1.7976931348623156e+306
41 1.7976931348623156e+306
42 1.7976931348623156e+306
43 1.7976931348623156e+306
44 1.7976931348623156e+306
45 1.7976931348623156e+306
46 1.7976931348623156e+306
47 1.7976931348623156e+306
48 1.7976931348623156e+306
49 1.7976931348623156e+306
50 1.7976931348623156e+306
51 1.7976931348623156e+306
52 1.7976931348623156e+306
53 1.7976931348623156e+306
54 1.7976931348623156e+306
55 1.7976931348623156e+306
56 1.7976931348623156e+306
57 1.7976931348623156e+306
58 1.7976931348623156e+306
59 1.7976931348623156e+306
60 1.7976931348623156e+306
61 1.7976931348623156e+306
62 1.7976931348623156e+306
63 1.7976931348623156e+306
64 1.7976931348623156e+306
65 1.7976931348623156e+306
66 1.7976931348623156e+306
67 1.7976931348623156e+306
68 1.7976931348623156e+306
69 1.7976931348623156e+306
70 1.7976931348623156e+306
71 1.7976931348623156e+306
72 1.7976931348623156e+306
73 -0.8928790255735136
74 -3.6365258124461084
75 -3.4166952736456766
76 -2.602391703331388
77 -2.9951639153455587
78 -1.0823012057621477
79 -6.787471527911626
80 -11.550679587427783
81 -11.727327449708596
82 -8.447762763830651
83 -11.912143219298578
84 -10.69202204043831
85 -2.922481212180695
86 -3.2127919162682845
87 -2.3399533203876306
88 -5.366221210193948
89 -5.087752076006905
90 -4.225574740624839
91 -4.312883470761359
92 -2.0738058645907236
93 -3.1619723935418964
94 -3.3326796275964554
95 -4.261156244805186
96 -3.169899016433729
97 -2.8524857978034155
98 -2.810006012902319
99 -1.8218343164706408
100 -5.379510045502322
101 -2.9080774855838865
102 -3.1811686256552507
103 -3.0338384594972383
104 -4.491698503515801
105 -2.5476798754152554
106 -4.394123160850859
107 -4.517166220339852
108 -0.9247218841027676
109 -3.5861933159254447
110 -4.560580373271465
111 -0.5495209345853136
112 -5.262316687184305
113 -2.135236737021972
114 -1.671278521773979
115 -3.7448394166835195
116 -3.475947839610675
117 -1.2861220485008573
118 -3.151562597588974
119 -2.475504433882983
120 -3.496604439467717
121 -4.495005534022855
122 -3.4803336930823066
123 -2.4391952094923885
124 -2.892627683310586
125 -4.2393235366933055
126 -2.514522744695436
127 -1.9734332162294326
128 -2.804030401239426
129 -3.2679551645472955
130 -4.432724033911334
131 -4.461602465294341
132 -3.7896836041565267
133 -3.457466000054276
134 -3.6382999911388803
135 -2.063876084602823
136 -2.2447813533359366
137 -0.5003346905917343
138 -2.0443271051423775
139 -3.2221464153493296
140 -2.840519797540834
141 -2.7244817085591384
142 -0.35615020739493125
143 -3.2060736138379813
144 -4.172747555046488
145 0.3249286875688798
146 -3.757907205014221
147 -2.67759992888238
148 -3.672848340428848
149 -4.108700476942162
150 -3.8591132986894365
151 -3.6515900899552607
152 -1.0988701069597162
153 -0.1519683055756949
154 -0.05009303819032679
155 -3.34059581987451
156 -3.0440557664974475
157 -3.18765816655855
158 -4.117093114774662
159 -2.4698043495127866
160 -3.531162195050325
161 -2.7742112351115726
162 -2.775159407060635
163 -2.3559438231225345
164 -1.531506332592195
165 -3.881237467833885
166 -5.556346000626665
167 -2.1341568998192546
168 -3.316206875883971
169 -1.6560079164475199
170 -1.306168912525022
171 -0.8285483285468899
172 -3.742485332195898
173 -3.4218838166777394
174 -1.186192083704096
175 1.124800689294739
176 -4.300521632141228
177 0.19391441986275026
178 -3.9151542648176343
179 -3.416774545287569
180 0.22407764539021846
181 -4.514760326686159
182 -2.9760687520489384
183 -3.0897080926500573
184 -0.5741210561604597
185 -2.8330243607027223
186 -4.3272460563381765
187 -1.665905303425284
188 -2.7561464783344123
189 -3.983324831114498
190 -4.72514639464332
191 -2.6248721736704916
192 -2.0240833127969076
193 -3.845287640911303
194 -4.602876685434125
195 -3.732070300692902
196 -1.1531698392450833
197 -3.2510365030189146
198 -2.4434592230936056
199 -2.7789807216924722
200 -2.9608478929920325
201 -2.5673047026609774
202 -3.293888526097658
203 -3.5989697334364914
204 -4.995567246796366
205 -3.36396845659035
206 -3.4822533660236306
207 -1.6245619101448097
208 0.16337875717348316
209 -3.60528149741688
210 -3.942904448849984
211 -3.4467920778665824
212 -4.091939478425823
213 -3.0631029086370245
214 -3.5564628017652664
215 -1.6276007423755647
216 -1.631242913379964
217 -3.3287289884717213
218 -2.2286200297295506
219 -2.510267219145687
220 -3.0097218027519297
221 -3.120481254400391
222 -4.123244014915216
223 -3.585380707430376
224 -1.9854311730919871
225 -0.8880364785315068
226 -1.5114991552566401
227 -3.1773922014256613
228 -3.3968910922689655
229 1.7976931348623156e+306
230 1.7976931348623156e+306
231 1.7976931348623156e+306
232 1.7976931348623156e+306
233 1.7976931348623156e+306
234 1.7976931348623156e+306
235 1.7976931348623156e+306
236 1.7976931348623156e+306
237 1.7976931348623156e+306
238 1.7976931348623156e+306
239 1.7976931348623156e+306
240 1.7976931348623156e+306
241 1.7976931348623156e+306
242 1.7976931348623156e+306
243 1.7976931348623156e+306
244 1.7976931348623156e+306
245 1.7976931348623156e+306
246 1.7976931348623156e+306
247 1.7976931348623156e+306
248 1.7976931348623156e+306
249 1.7976931348623156e+306
250 1.7976931348623156e+306
251 1.7976931348623156e+306
252 1.7976931348623156e+306
253 1.7976931348623156e+306
254 1.7976931348623156e+306
255 1.7976931348623156e+306
256 1.7976931348623156e+306
257 1.7976931348623156e+306
258 1.7976931348623156e+306
259 1.7976931348623156e+306
260 1.7976931348623156e+306
261 1.7976931348623156e+306
262 1.7976931348623156e+306
263 1.7976931348623156e+306
264 1.7976931348623156e+306
265 1.7976931348623156e+306
266 1.7976931348623156e+306
267 1.7976931348623156e+306
268 1.7976931348623156e+306
269 1.7976931348623156e+306
270 1.7976931348623156e+306
271 1.7976931348623156e+306
272 1.7976931348623156e+306
273 1.7976931348623156e+306
274 1.7976931348623156e+306
275 1.7976931348623156e+306
276 1.7976931348623156e+306
277 1.7976931348623156e+306
278 1.7976931348623156e+306
279 1.7976931348623156e+306
280 1.7976931348623156e+306
281 1.7976931348623156e+306
282 1.7976931348623156e+306
283 1.7976931348623156e+306
284 1.7976931348623156e+306
285 1.7976931348623156e+306
286 1.7976931348623156e+306
287 1.7976931348623156e+306
288 1.7976931348623156e+306
289 1.7976931348623156e+306
290 1.7976931348623156e+306
291 1.7976931348623156e+306
292 1.7976931348623156e+306
293 1.7976931348623156e+306
294 1.7976931348623156e+306
295 1.7976931348623156e+306
296 1.7976931348623156e+306
297 1.7976931348623156e+306
298 1.7976931348623156e+306
299 1.7976931348623156e+306
300 1.7976931348623156e+306
301 1.7976931348623156e+306
302 1.7976931348623156e+306
303 1.7976931348623156e+306
304 1.7976931348623156e+306
305 1.7976931348623156e+306
306 1.7976931348623156e+306
307 1.7976931348623156e+306
308 1.7976931348623156e+306
309 1.7976931348623156e+306
310 1.7976931348623156e+306
311 1.7976931348623156e+306
312 1.7976931348623156e+306
313 1.7976931348623156e+306
314 1.7976931348623156e+306
315 1.7976931348623156e+306
316 1.7976931348623156e+306
317 1.7976931348623156e+306
318 1.7976931348623156e+306
319 1.7976931348623156e+306
320 1.7976931348623156e+306
321 1.7976931348623156e+306
322 1.7976931348623156e+306
323 1.7976931348623156e+306
324 1.7976931348623156e+306
325 7.1083052624807745
326 6.02564560533222
327 5.889971444884678
328 6.616239448506927
329 7.194901066722079
330 6.338529772384708
331 -1.3578112200183723
332 3.553241986741204
333 2.876993376265822
334 0.6695632420919111
335 -0.010108070749397284
336 -0.6586895506240386
337 -3.311176533557759
338 -2.606380908917823
339 -5.930466054848781
340 -4.093943214395248
341 -4.764887370266363
342 -2.717971266849288
343 3.8607775920165794
344 1.4832224741353985
345 3.649985320263833
346 3.696770978207669
347 5.2327527424800655
348 3.2341818512230525
349 7.773260183909811
350 6.525826777218457
351 5.606998283764524
352 4.9212726486352025
353 5.254726790173947
354 6.812634445122203
355 6.989082146604572
356 7.924183920915875
357 6.114351996519135
358 6.227249765885248
359 7.310307102042723
360 6.399390874221843
361 7.606171942552061
362 5.608600855263345
363 6.515854401839296
364 6.8441912574665205
365 6.0915854416223745
366 7.461395049096564
367 6.4714344961913675
368 6.8697643105385175
369 7.853720427903352
370 6.246113707911541
371 5.458363776754233
372 6.377397045961849
373 6.199667893797964
374 7.235074845329687
375 8.20682459164439
376 6.50629695342363
377 4.875507027234834
378 5.937198708488137
379 4.181159086217586
380 6.423806226378768
381 7.516585882915174
382 5.954229603096814
383 6.298304791101903
384 4.799620862696969
385 7.056468804128089
386 6.423923576515183
387 5.360633772640689
388 7.745874364067687
389 5.548472944641679
390 5.30990635357634
391 4.363336783597471
392 7.203313431907037
393 6.916470014820871
394 6.905105376245242
395 7.017299984740085
396 6.374719605544136
397 6.091745284433446
398 6.338108879259846
399 6.905327090705094
400 7.044741990787361
401 6.438306152076167
402 6.652016909087502
403 7.033626740557244
404 5.553841394892636
405 7.025956826424302
406 7.0885693161107906
407 8.038863121612323
408 6.0617538146096654
409 6.887651087008685
410 5.57207142089432
411 6.632920287260593
412 7.721979684103492
413 6.155037782084152
414 6.444264827444713
415 5.908950161683428
416 7.190939126057731
417 6.296790626614506
418 5.978172652584128
419 7.194098788546686
420 5.753244251724278
421 5.441363582301185
422 6.089158813817194
423 8.134803279274253
424 7.034398270791536
425 5.477088624782945
426 6.303991681778833
427 6.927284139820099
428 6.812706921421248
429 6.784782255019321
430 5.73268386534284
431 5.74121377782221
432 6.717089386179522
433 5.985064005412175
434 7.453765868923627
435 6.225525677345722
436 7.13860551672786
437 7.295812088388149
438 7.128392033663191
439 6.6957351730467165
440 4.572572832388676
441 7.038027267146851
442 6.180728821858955
443 7.232525117843603
444 8.352256771817528
445 6.8622752251562344
446 6.180713451668523
447 7.44134879599552
448 5.31956185976498
449 7.523804577470406
450 6.953291046671704
451 6.313397767143251
452 7.349875943187373
453 5.579870932972745
454 7.814530016196112
455 6.405413077375092
456 6.06979002435536
457 7.538946633800942
458 7.160384570153101
459 8.022100918597344
460 7.406738531395017
461 6.606970110793132
462 6.493407608272049
463 6.190271529194037
464 7.1079291387963055
465 5.861575436031503
466 6.438317889795405
467 7.060654984666643
468 6.10582150724322
469 1.7976931348623156e+306
470 1.7976931348623156e+306
471 1.7976931348623156e+306
472 1.7976931348623156e+306
473 1.7976931348623156e+306
474 1.7976931348623156e+306
475 1.7976931348623156e+306
476 1.7976931348623156e+306
477 1.7976931348623156e+306
478 1.7976931348623156e+306
479 1.7976931348623156e+306
480 1.7976931348623156e+306
481 1.7976931348623156e+306
482 1.7976931348623156e+306
483 1.7976931348623156e+306
484 1.7976931348623156e+306
485 1.7976931348623156e+306
486 1.7976931348623156e+306
487 1.7976931348623156e+306
488 1.7976931348623156e+306
489 1.7976931348623156e+306
490 1.7976931348623156e+306
491 1.7976931348623156e+306
492 1.7976931348623156e+306
493 1.7976931348623156e+306
494 1.7976931348623156e+306
495 1.7976931348623156e+306
496 1.7976931348623156e+306
497 1.7976931348623156e+306
498 1.7976931348623156e+306
499 1.7976931348623156e+306
500 1.7976931348623156e+306
evaluations raw_y
1 1.7976931348623156e+306
2 1.7976931348623156e+306
3 1.7976931348623156e+306
4 1.7976931348623156e+306
5 1.7976931348623156e+306
6 1.7976931348623156e+306
7 1.7976931348623156e+306
8 1.7976931348623156e+306
9 1.7976931348623156e+306
10 1.7976931348623156e+306
11 1.7976931348623156e+306
12 1.7976931348623156e+306
13 1.7976931348623156e+306
14 1.7976931348623156e+306
15 1.7976931348623156e+306
16 1.7976931348623156e+306
17 1.7976931348623156e+306
18 1.7976931348623156e+306
19 1.7976931348623156e+306
20 1.7976931348623156e+306
21 1.7976931348623156e+306
22 1.7976931348623156e+306
23 1.7976931348623156e+306
24 1.7976931348623156e+306
25 1.7976931348623156e+306
26 1.7976931348623156e+306
27 1.7976931348623156e+306
28 1.7976931348623156e+306
29 1.7976931348623156e+306
30 1.7976931348623156e+306
31 1.7976931348623156e+306
32 1.7976931348623156e+306
33 1.7976931348623156e+306
34 1.7976931348623156e+306
35 1.7976931348623156e+306
36 1.7976931348623156e+306
37 1.7976931348623156e+306
38 1.7976931348623156e+306
39 1.7976931348623156e+306
40 1.7976931348623156e+306
41 1.7976931348623156e+306
42 1.7976931348623156e+306
43 1.7976931348623156e+306
44 1.7976931348623156e+306
45 1.7976931348623156e+306
46 1.7976931348623156e+306
47 1.7976931348623156e+306
48 1.7976931348623156e+306
49 1.7976931348623156e+306
50 1.7976931348623156e+306
51 1.7976931348623156e+306
52 1.7976931348623156e+306
53 1.7976931348623156e+306
54 1.7976931348623156e+306
55 1.7976931348623156e+306
56 1.7976931348623156e+306
57 1.7976931348623156e+306
58 1.7976931348623156e+306
59 1.7976931348623156e+306
60 1.7976931348623156e+306
61 1.7976931348623156e+306
62 1.7976931348623156e+306
63 1.7976931348623156e+306
64 1.7976931348623156e+306
65 1.7976931348623156e+306
66 1.7976931348623156e+306
67 1.7976931348623156e+306
68 1.7976931348623156e+306
69 1.7976931348623156e+306
70 1.7976931348623156e+306
71 1.7976931348623156e+306
72 1.7976931348623156e+306
73 1.7976931348623156e+306
74 1.7976931348623156e+306
75 1.7976931348623156e+306
76 1.7976931348623156e+306
77 1.7976931348623156e+306
78 1.7976931348623156e+306
79 1.7976931348623156e+306
80 1.7976931348623156e+306
81 1.7976931348623156e+306
82 1.7976931348623156e+306
83 1.7976931348623156e+306
84 1.7976931348623156e+306
85 1.7976931348623156e+306
86 1.7976931348623156e+306
87 1.7976931348623156e+306
88 1.7976931348623156e+306
89 1.7976931348623156e+306
90 1.7976931348623156e+306
91 1.7976931348623156e+306
92 1.7976931348623156e+306
93 1.7976931348623156e+306
94 1.7976931348623156e+306
95 1.7976931348623156e+306
96 1.7976931348623156e+306
97 1.7976931348623156e+306
98 1.7976931348623156e+306
99 1.7976931348623156e+306
100 1.7976931348623156e+306
101 1.7976931348623156e+306
102 1.7976931348623156e+306
103 1.7976931348623156e+306
104 1.7976931348623156e+306
105 1.7976931348623156e+306
106 1.7976931348623156e+306
107 1.7976931348623156e+306
108 1.7976931348623156e+306
109 1.7976931348623156e+306
110 1.7976931348623156e+306
111 1.7976931348623156e+306
112 1.7976931348623156e+306
113 1.7976931348623156e+306
114 1.7976931348623156e+306
115 1.7976931348623156e+306
116 1.7976931348623156e+306
117 1.7976931348623156e+306
118 1.7976931348623156e+306
119 1.7976931348623156e+306
120 1.7976931348623156e+306
121 1.7976931348623156e+306
122 1.7976931348623156e+306
123 1.7976931348623156e+306
124 1.7976931348623156e+306
125 1.7976931348623156e+306
126 1.7976931348623156e+306
127 1.7976931348623156e+306
128 1.7976931348623156e+306
129 1.7976931348623156e+306
130 1.7976931348623156e+306
131 1.7976931348623156e+306
132 1.7976931348623156e+306
133 1.7976931348623156e+306
134 1.7976931348623156e+306
135 1.7976931348623156e+306
136 1.7976931348623156e+306
137 1.7976931348623156e+306
138 1.7976931348623156e+306
139 1.7976931348623156e+306
140 1.7976931348623156e+306
141 1.7976931348623156e+306
142 1.7976931348623156e+306
143 1.7976931348623156e+306
144 1.7976931348623156e+306
145 1.7976931348623156e+306
146 1.7976931348623156e+306
147 1.7976931348623156e+306
148 1.7976931348623156e+306
149 1.7976931348623156e+306
150 1.7976931348623156e+306
151 1.7976931348623156e+306
152 1.7976931348623156e+306
153 1.7976931348623156e+306
154 1.7976931348623156e+306
155 1.7976931348623156e+306
156 1.7976931348623156e+306
157 1.7976931348623156e+306
158 1.7976931348623156e+306
159 1.7976931348623156e+306
160 1.7976931348623156e+306
161 1.7976931348623156e+306
162 1.7976931348623156e+306
163 1.7976931348623156e+306
164 1.7976931348623156e+306
165 1.7976931348623156e+306
166 1.7976931348623156e+306
167 1.7976931348623156e+306
168 1.7976931348623156e+306
169 1.7976931348623156e+306
170 1.7976931348623156e+306
171 1.7976931348623156e+306
172 1.7976931348623156e+306
173 1.7976931348623156e+306
174 1.7976931348623156e+306
175 1.7976931348623156e+306
176 1.7976931348623156e+306
177 1.7976931348623156e+306
178 1.7976931348623156e+306
179 1.7976931348623156e+306
180 1.7976931348623156e+306
181 1.7976931348623156e+306
182 1.7976931348623156e+306
183 1.7976931348623156e+306
184 1.7976931348623156e+306
185 1.7976931348623156e+306
186 1.7976931348623156e+306
187 1.7976931348623156e+306
188 1.7976931348623156e+306
189 1.7976931348623156e+306
190 1.7976931348623156e+306
191 1.7976931348623156e+306
192 1.7976931348623156e+306
193 1.7976931348623156e+306
194 1.7976931348623156e+306
195 1.7976931348623156e+306
196 1.7976931348623156e+306
197 1.7976931348623156e+306
198 1.7976931348623156e+306
199 1.7976931348623156e+306
200 1.7976931348623156e+306
201 1.7976931348623156e+306
202 1.7976931348623156e+306
203 1.7976931348623156e+306
204 1.7976931348623156e+306
205 1.7976931348623156e+306
206 1.7976931348623156e+306
207 1.7976931348623156e+306
208 1.7976931348623156e+306
209 1.7976931348623156e+306
210 1.7976931348623156e+306
211 1.7976931348623156e+306
212 1.7976931348623156e+306
213 1.7976931348623156e+306
214 1.7976931348623156e+306
215 1.7976931348623156e+306
216 1.7976931348623156e+306
217 1.7976931348623156e+306
218 1.7976931348623156e+306
219 1.7976931348623156e+306
220 1.7976931348623156e+306
221 1.7976931348623156e+306
222 1.7976931348623156e+306
223 1.7976931348623156e+306
224 1.7976931348623156e+306
225 1.7976931348623156e+306
226 1.7976931348623156e+306
227 1.7976931348623156e+306
228 1.7976931348623156e+306
229 1.7976931348623156e+306
230 1.7976931348623156e+306
231 1.7976931348623156e+306
232 1.7976931348623156e+306
233 1.7976931348623156e+306
234 1.7976931348623156e+306
235 1.7976931348623156e+306
236 1.7976931348623156e+306
237 1.7976931348623156e+306
238 1.7976931348623156e+306
239 1.7976931348623156e+306
240 1.7976931348623156e+306
241 1.7976931348623156e+306
242 1.7976931348623156e+306
243 1.7976931348623156e+306
244 1.7976931348623156e+306
245 1.7976931348623156e+306
246 1.7976931348623156e+306
247 1.7976931348623156e+306
248 1.7976931348623156e+306
249 1.7976931348623156e+306
250 1.7976931348623156e+306
251 1.7976931348623156e+306
252 1.7976931348623156e+306
253 1.7976931348623156e+306
254 1.7976931348623156e+306
255 1.7976931348623156e+306
256 1.7976931348623156e+306
257 1.7976931348623156e+306
258 1.7976931348623156e+306
259 1.7976931348623156e+306
260 1.7976931348623156e+306
261 1.7976931348623156e+306
262 1.7976931348623156e+306
263 1.7976931348623156e+306
264 1.7976931348623156e+306
265 1.7976931348623156e+306
266 1.7976931348623156e+306
267 1.7976931348623156e+306
268 1.7976931348623156e+306
269 1.7976931348623156e+306
270 1.7976931348623156e+306
271 1.7976931348623156e+306
272 1.7976931348623156e+306
273 1.7976931348623156e+306
274 1.7976931348623156e+306
275 1.7976931348623156e+306
276 1.7976931348623156e+306
277 1.7976931348623156e+306
278 1.7976931348623156e+306
279 1.7976931348623156e+306
280 1.7976931348623156e+306
281 1.7976931348623156e+306
282 1.7976931348623156e+306
283 1.7976931348623156e+306
284 1.7976931348623156e+306
285 1.7976931348623156e+306
286 1.7976931348623156e+306
287 1.7976931348623156e+306
288 1.7976931348623156e+306
289 1.7976931348623156e+306
290 1.7976931348623156e+306
291 1.7976931348623156e+306
292 1.7976931348623156e+306
293 1.7976931348623156e+306
294 1.7976931348623156e+306
295 1.7976931348623156e+306
296 1.7976931348623156e+306
297 1.7976931348623156e+306
298 1.7976931348623156e+306
299 1.7976931348623156e+306
300 1.7976931348623156e+306
301 1.7976931348623156e+306
302 1.7976931348623156e+306
303 1.7976931348623156e+306
304 1.7976931348623156e+306
305 1.7976931348623156e+306
306 1.7976931348623156e+306
307 1.7976931348623156e+306
308 1.7976931348623156e+306
309 1.7976931348623156e+306
310 1.7976931348623156e+306
311 1.7976931348623156e+306
312 1.7976931348623156e+306
313 1.7976931348623156e+306
314 1.7976931348623156e+306
315 1.7976931348623156e+306
316 1.7976931348623156e+306
317 1.7976931348623156e+306
318 1.7976931348623156e+306
319 1.7976931348623156e+306
320 1.7976931348623156e+306
321 1.7976931348623156e+306
322 1.7976931348623156e+306
323 1.7976931348623156e+306
324 1.7976931348623156e+306
325 1.7976931348623156e+306
326 1.7976931348623156e+306
327 1.7976931348623156e+306
328 1.7976931348623156e+306
329 1.7976931348623156e+306
330 1.7976931348623156e+306
331 1.7976931348623156e+306
332 1.7976931348623156e+306
333 1.7976931348623156e+306
334 1.7976931348623156e+306
335 1.7976931348623156e+306
336 1.7976931348623156e+306
337 1.7976931348623156e+306
338 1.7976931348623156e+306
339 1.7976931348623156e+306
340 1.7976931348623156e+306
341 1.7976931348623156e+306
342 1.7976931348623156e+306
343 1.7976931348623156e+306
344 1.7976931348623156e+306
345 1.7976931348623156e+306
346 1.7976931348623156e+306
347 1.7976931348623156e+306
348 1.7976931348623156e+306
349 1.7976931348623156e+306
350 1.7976931348623156e+306
351 1.7976931348623156e+306
352 1.7976931348623156e+306
353 1.7976931348623156e+306
354 1.7976931348623156e+306
355 1.7976931348623156e+306
356 1.7976931348623156e+306
357 1.7976931348623156e+306
358 1.7976931348623156e+306
359 1.7976931348623156e+306
360 1.7976931348623156e+306
361 1.7976931348623156e+306
362 1.7976931348623156e+306
363 1.7976931348623156e+306
364 1.7976931348623156e+306
365 1.7976931348623156e+306
366 1.7976931348623156e+306
367 1.7976931348623156e+306
368 1.7976931348623156e+306
369 1.7976931348623156e+306
370 1.7976931348623156e+306
371 1.7976931348623156e+306
372 1.7976931348623156e+306
373 1.7976931348623156e+306
374 1.7976931348623156e+306
375 1.7976931348623156e+306
376 1.7976931348623156e+306
377 1.7976931348623156e+306
378 1.7976931348623156e+306
379 1.7976931348623156e+306
380 1.7976931348623156e+306
381 1.7976931348623156e+306
382 1.7976931348623156e+306
383 1.7976931348623156e+306
384 1.7976931348623156e+306
385 1.7976931348623156e+306
386 1.7976931348623156e+306
387 1.7976931348623156e+306
388 1.7976931348623156e+306
389 1.7976931348623156e+306
390 1.7976931348623156e+306
391 1.7976931348623156e+306
392 1.7976931348623156e+306
393 1.7976931348623156e+306
394 1.7976931348623156e+306
395 1.7976931348623156e+306
396 1.7976931348623156e+306
397 1.7976931348623156e+306
398 1.7976931348623156e+306
399 1.7976931348623156e+306
400 1.7976931348623156e+306
401 1.7976931348623156e+306
402 1.7976931348623156e+306
403 1.7976931348623156e+306
404 1.7976931348623156e+306
405 1.7976931348623156e+306
406 1.7976931348623156e+306
407 1.7976931348623156e+306
408 1.7976931348623156e+306
409 1.7976931348623156e+306
410 1.7976931348623156e+306
411 1.7976931348623156e+306
412 1.7976931348623156e+306
413 1.7976931348623156e+306
414 1.7976931348623156e+306
415 1.7976931348623156e+306
416 1.7976931348623156e+306
417 1.7976931348623156e+306
418 1.7976931348623156e+306
419 1.7976931348623156e+306
420 1.7976931348623156e+306
421 1.7976931348623156e+306
422 1.7976931348623156e+306
423 1.7976931348623156e+306
424 1.7976931348623156e+306
425 1.7976931348623156e+306
426 1.7976931348623156e+306
427 1.7976931348623156e+306
428 1.7976931348623156e+306
429 1.7976931348623156e+306
430 1.7976931348623156e+306
431 1.7976931348623156e+306
432 1.7976931348623156e+306
433 1.7976931348623156e+306
434 1.7976931348623156e+306
435 1.7976931348623156e+306
436 1.7976931348623156e+306
437 1.7976931348623156e+306
438 1.7976931348623156e+306
439 1.7976931348623156e+306
440 1.7976931348623156e+306
441 1.7976931348623156e+306
442 1.7976931348623156e+306
443 1.7976931348623156e+306
444 1.7976931348623156e+306
445 1.7976931348623156e+306
446 1.7976931348623156e+306
447 1.7976931348623156e+306
448 1.7976931348623156e+306
449 1.7976931348623156e+306
450 1.7976931348623156e+306
451 1.7976931348623156e+306
452 1.7976931348623156e+306
453 1.7976931348623156e+306
454 1.7976931348623156e+306
455 1.7976931348623156e+306
456 1.7976931348623156e+306
457 1.7976931348623156e+306
458 1.7976931348623156e+306
459 1.7976931348623156e+306
460 1.7976931348623156e+306
461 1.7976931348623156e+306
462 1.7976931348623156e+306
463 2.1958168460696714
464 3.3066058046087123
465 1.0148335979347307
466 3.198067284238327
467 2.6919777649367576
468 1.8132426298384232
469 1.7976931348623156e+306
470 1.7976931348623156e+306
471 1.7976931348623156e+306
472 1.7976931348623156e+306
473 1.7976931348623156e+306
474 1.7976931348623156e+306
475 2.249618752027784
476 2.5315955863588426
477 2.7507906581439876
478 1.9282120710388397
479 2.8231727325326124
480 2.663982417475722
481 4.4866017373889875
482 3.06932761764407
483 5.159819883941474
484 3.146143281287845
485 2.4453882743617106
486 2.7435206640333227
487 1.7976931348623156e+306
488 8.04867823475923
489 7.021669293584022
490 4.935278387512531
491 3.7833102383703925
492 2.5241100035446538
493 3.107359428085125
494 2.1307042581877407
495 2.06818703676436
496 4.71727762485536
497 3.649894625482913
498 3.7322973368119756
499 1.7976931348623156e+306
500 1.7976931348623156e+306
evaluations raw_y
1 1.7976931348623156e+306
2 1.7976931348623156e+306
3 1.7976931348623156e+306
4 1.7976931348623156e+306
5 1.7976931348623156e+306
6 1.7976931348623156e+306
7 1.7976931348623156e+306
8 1.7976931348623156e+306
9 1.7976931348623156e+306
10 1.7976931348623156e+306
11 1.7976931348623156e+306
12 1.7976931348623156e+306
13 1.7976931348623156e+306
14 1.7976931348623156e+306
15 1.7976931348623156e+306
16 1.7976931348623156e+306
17 1.7976931348623156e+306
18 1.7976931348623156e+306
19 1.7976931348623156e+306
20 1.7976931348623156e+306
21 1.7976931348623156e+306
22 1.7976931348623156e+306
23 1.7976931348623156e+306
24 1.7976931348623156e+306
25 1.7976931348623156e+306
26 1.7976931348623156e+306
27 1.7976931348623156e+306
28 1.7976931348623156e+306
29 1.7976931348623156e+306
30 1.7976931348623156e+306
31 1.7976931348623156e+306
32 1.7976931348623156e+306
33 1.7976931348623156e+306
34 1.7976931348623156e+306
35 1.7976931348623156e+306
36 1.7976931348623156e+306
37 1.7976931348623156e+306
38 1.7976931348623156e+306
39 1.7976931348623156e+306
40 1.7976931348623156e+306
41 1.7976931348623156e+306
42 1.7976931348623156e+306
43 1.7976931348623156e+306
44 1.7976931348623156e+306
45 1.7976931348623156e+306
46 1.7976931348623156e+306
47 1.7976931348623156e+306
48 1.7976931348623156e+306
49 1.7976931348623156e+306
50 1.7976931348623156e+306
51 1.7976931348623156e+306
52 1.7976931348623156e+306
53 1.7976931348623156e+306
54 1.7976931348623156e+306
55 1.7976931348623156e+306
56 1.7976931348623156e+306
57 1.7976931348623156e+306
58 1.7976931348623156e+306
59 1.7976931348623156e+306
60 1.7976931348623156e+306
61 1.7976931348623156e+306
62 1.7976931348623156e+306
63 1.7976931348623156e+306
64 1.7976931348623156e+306
65 1.7976931348623156e+306
66 1.7976931348623156e+306
67 1.7976931348623156e+306
68 1.7976931348623156e+306
69 1.7976931348623156e+306
70 1.7976931348623156e+306
71 1.7976931348623156e+306
72 1.7976931348623156e+306
73 1.7976931348623156e+306
74 1.7976931348623156e+306
75 1.7976931348623156e+306
76 1.7976931348623156e+306
77 1.7976931348623156e+306
78 1.7976931348623156e+306
79 1.7976931348623156e+306
80 1.7976931348623156e+306
81 1.7976931348623156e+306
82 1.7976931348623156e+306
83 1.7976931348623156e+306
84 1.7976931348623156e+306
85 1.7976931348623156e+306
86 1.7976931348623156e+306
87 1.7976931348623156e+306
88 1.7976931348623156e+306
89 1.7976931348623156e+306
90 1.7976931348623156e+306
91 1.7976931348623156e+306
92 1.7976931348623156e+306
93 1.7976931348623156e+306
94 1.7976931348623156e+306
95 1.7976931348623156e+306
96 1.7976931348623156e+306
97 1.7976931348623156e+306
98 1.7976931348623156e+306
99 1.7976931348623156e+306
100 1.7976931348623156e+306
101 1.7976931348623156e+306
102 1.7976931348623156e+306
103 1.7976931348623156e+306
104 1.7976931348623156e+306
105 1.7976931348623156e+306
106 1.7976931348623156e+306
107 1.7976931348623156e+306
108 1.7976931348623156e+306
109 1.7976931348623156e+306
110 1.7976931348623156e+306
111 1.7976931348623156e+306
112 1.7976931348623156e+306
113 1.7976931348623156e+306
114 1.7976931348623156e+306
115 1.7976931348623156e+306
116 1.7976931348623156e+306
117 1.7976931348623156e+306
118 1.7976931348623156e+306
119 1.7976931348623156e+306
120 1.7976931348623156e+306
121 1.7976931348623156e+306
122 1.7976931348623156e+306
123 1.7976931348623156e+306
124 1.7976931348623156e+306
125 1.7976931348623156e+306
126 1.7976931348623156e+306
127 1.7976931348623156e+306
128 1.7976931348623156e+306
129 1.7976931348623156e+306
130 1.7976931348623156e+306
131 1.7976931348623156e+306
132 1.7976931348623156e+306
133 1.7976931348623156e+306
134 1.7976931348623156e+306
135 1.7976931348623156e+306
136 1.7976931348623156e+306
137 1.7976931348623156e+306
138 1.7976931348623156e+306
139 1.7976931348623156e+306
140 1.7976931348623156e+306
141 1.7976931348623156e+306
142 1.7976931348623156e+306
143 1.7976931348623156e+306
144 1.7976931348623156e+306
145 1.7976931348623156e+306
146 1.7976931348623156e+306
147 1.7976931348623156e+306
148 1.7976931348623156e+306
149 1.7976931348623156e+306
150 1.7976931348623156e+306
151 1.7976931348623156e+306
152 1.7976931348623156e+306
153 1.7976931348623156e+306
154 1.7976931348623156e+306
155 1.7976931348623156e+306
156 1.7976931348623156e+306
157 1.7976931348623156e+306
158 1.7976931348623156e+306
159 1.7976931348623156e+306
160 1.7976931348623156e+306
161 1.7976931348623156e+306
162 1.7976931348623156e+306
163 1.7976931348623156e+306
164 1.7976931348623156e+306
165 1.7976931348623156e+306
166 1.7976931348623156e+306
167 1.7976931348623156e+306
168 1.7976931348623156e+306
169 1.7976931348623156e+306
170 1.7976931348623156e+306
171 1.7976931348623156e+306
172 1.7976931348623156e+306
173 1.7976931348623156e+306
174 1.7976931348623156e+306
175 1.7976931348623156e+306
176 1.7976931348623156e+306
177 1.7976931348623156e+306
178 1.7976931348623156e+306
179 1.7976931348623156e+306
180 1.7976931348623156e+306
181 1.7976931348623156e+306
182 1.7976931348623156e+306
183 1.7976931348623156e+306
184 1.7976931348623156e+306
185 1.7976931348623156e+306
186 1.7976931348623156e+306
187 1.7976931348623156e+306
188 1.7976931348623156e+306
189 1.7976931348623156e+306
190 1.7976931348623156e+306
191 1.7976931348623156e+306
192 1.7976931348623156e+306
193 1.7976931348623156e+306
194 1.7976931348623156e+306
195 1.7976931348623156e+306
196 1.7976931348623156e+306
197 1.7976931348623156e+306
198 1.7976931348623156e+306
199 1.7976931348623156e+306
200 1.7976931348623156e+306
201 1.7976931348623156e+306
202 1.7976931348623156e+306
203 1.7976931348623156e+306
204 1.7976931348623156e+306
205 1.7976931348623156e+306
206 1.7976931348623156e+306
207 1.7976931348623156e+306
208 1.7976931348623156e+306
209 1.7976931348623156e+306
210 1.7976931348623156e+306
211 1.7976931348623156e+306
212 1.7976931348623156e+306
213 1.7976931348623156e+306
214 1.7976931348623156e+306
215 1.7976931348623156e+306
216 1.7976931348623156e+306
217 1.7976931348623156e+306
218 1.7976931348623156e+306
219 1.7976931348623156e+306
220 1.7976931348623156e+306
221 1.7976931348623156e+306
222 1.7976931348623156e+306
223 1.7976931348623156e+306
224 1.7976931348623156e+306
225 1.7976931348623156e+306
226 1.7976931348623156e+306
227 1.7976931348623156e+306
228 1.7976931348623156e+306
229 1.7976931348623156e+306
230 1.7976931348623156e+306
231 1.7976931348623156e+306
232 1.7976931348623156e+306
233 1.7976931348623156e+306
234 1.7976931348623156e+306
235 1.7976931348623156e+306
236 1.7976931348623156e+306
237 1.7976931348623156e+306
238 1.7976931348623156e+306
239 1.7976931348623156e+306
240 1.7976931348623156e+306
241 1.7976931348623156e+306
242 1.7976931348623156e+306
243 1.7976931348623156e+306
244 1.7976931348623156e+306
245 1.7976931348623156e+306
246 1.7976931348623156e+306
247 1.7976931348623156e+306
248 1.7976931348623156e+306
249 1.7976931348623156e+306
250 1.7976931348623156e+306
251 1.7976931348623156e+306
252 1.7976931348623156e+306
253 1.7976931348623156e+306
254 1.7976931348623156e+306
255 1.7976931348623156e+306
256 1.7976931348623156e+306
257 1.7976931348623156e+306
258 1.7976931348623156e+306
259 1.8840887358868807
260 3.9787803044697228
261 2.7275563128203117
262 2.324984219251243
263 3.374675491098942
264 4.783671165860516
265 1.7976931348623156e+306
266 1.7976931348623156e+306
267 1.7976931348623156e+306
268 1.7976931348623156e+306
269 1.7976931348623156e+306
270 1.7976931348623156e+306
271 1.9670768855565495
272 1.403760427118423
273 5.188480319292125
274 3.351747892545879
275 2.3498500328881327
276 2.070919111309519
277 1.881313876903545
278 3.836869649936559
279 3.433849419784412
280 3.817224726318049
281 2.2422842817175255
282 2.6488011763470096
283 2.2127470909493705
284 1.6544612574105781
285 2.823141806598401
286 1.5239418585482025
287 3.697070722214929
288 4.403409650740985
289 2.682197962905928
290 2.2906266007730425
291 2.6337179609015067
292 5.118656786935232
293 3.014423547807505
294 3.463978487249087
295 3.750528432703867
296 2.731732136599532
297 2.9035043986125304
298 1.799746488527519
299 4.1113057024939925
300 2.026617512231164
301 3.874721153255759
302 3.7745521417229377
303 2.568296739412522
304 3.2389726056872425
305 2.8615555575387104
306 1.2269995753308531
307 1.1218872351885707
308 1.8366144437171503
309 5.220883379344782
310 0.9607997780684054
311 1.870754829014734
312 2.9331786900662555
313 4.406176609017845
314 3.7388196554058135
315 2.718194300751666
316 2.1274063269007213
317 3.0434273545052424
318 2.837245125761208
319 2.0829243822381085
320 5.182668792775132
321 1.1248778514140925
322 2.26850690513823
323 3.4893848029305956
324 3.0524064341052695
325 3.3265345892796936
326 3.6825779024630383
327 2.719059622243257
328 1.2982508417330345
329 2.506500179601534
330 3.857413562853474
331 3.3082930680229183
332 1.8897405502809397
333 2.984305462771053
334 1.9275615294330666
335 2.454996584499443
336 2.43236515469312
337 2.9679083329365072
338 2.5985294010687796
339 2.428565350110391
340 5.660375644852671
341 1.269239476200112
342 2.5791788371394095
343 2.21329403068512
344 2.5912777174585577
345 2.69173980282848
346 3.0096260569002666
347 3.7973693882468873
348 2.4377225008723915
349 3.038625490812231
350 4.554621813608243
351 3.5866320397536233
352 2.4699744748284136
353 0.8185479802969896
354 3.165184137752008
355 3.42458051709045
356 2.224194821939853
357 2.2678069227404465
358 3.6452037750626745
359 1.7976931348623156e+306
360 1.7976931348623156e+306
361 1.7976931348623156e+306
362 1.7976931348623156e+306
363 1.7976931348623156e+306
364 1.7976931348623156e+306
365 1.7976931348623156e+306
366 1.7976931348623156e+306
367 1.7976931348623156e+306
368 1.7976931348623156e+306
369 1.7976931348623156e+306
370 1.7976931348623156e+306
371 0.3622114215681253
372 -0.619005891286022
373 -1.184328517132925
374 -0.014777968378311912
375 0.20712877826800008
376 0.3957657551310251
377 -0.6752403554642963
378 1.0105414898033205
379 1.3253696456133646
380 -2.261961547507178
381 -1.8240247232605324
382 -2.785384305328754
383 -6.2597090893039695
384 0.17132844108104195
385 -3.8112794170597395
386 -3.655104335263905
387 -1.2085083483198695
388 -5.0186184934429265
389 -0.36460215116346517
390 -1.077029470019149
391 -0.4670827723778617
392 -0.10795933514928685
393 -1.2895385455466903
394 0.3666086897331008
395 -1.0634981449963519
396 -1.2240656140989978
397 -0.9332338371338187
398 -0.5911015083867868
399 -1.9558677629494798
400 -0.380248351877932
401 0.3651055468463764
402 -1.1507529125971139
403 0.16814933654258601
404 -0.9978689065006203
405 -0.030397892633598378
406 0.26209046021047444
407 -2.093808353073053
408 0.7257038916652491
409 0.17495235335997933
410 -1.6265053494384603
411 -0.16881415195389882
412 0.3764934039501837
413 0.11477628173211002
414 0.6102824035051082
415 -0.2489176565622433
416 -0.027649154927426145
417 0.06586725051984246
418 -0.44018371706766535
419 -1.4910836222845658
420 -0.3413507224023621
421 0.41533821000915505
422 -1.0621043073419716
423 -0.9932698815444411
424 1.7986167143103298
425 -1.1059172158731876
426 0.7969090111124263
427 -1.1909758451232295
428 -0.028709190367785978
429 0.15486141271271373
430 -0.10676412932386894
431 -0.7914533315994999
432 1.6858177962305527
433 -0.01459830352549768
434 -0.11740007713945844
435 0.25504929244630065
436 0.17114700097750585
437 -1.0963500112093827
438 -0.6739812407001834
439 -0.0674468599876828
440 0.9376411584556839
441 -0.02641986474997174
442 0.5759061548860213
443 0.1412648287115339
444 0.3167006585181955
445 -0.17987592342239972
446 0.383197808919979
447 -1.8799381658358671
448 -2.044882795057242
449 -0.7912362449765541
450 -0.28105150245116556
451 0.19440187401525635
452 0.5614985619872274
453 1.6402874554591569
454 -1.1430941452156196
455 1.4696586561786047
456 -0.017490970399768213
457 1.0068804306195243
458 -0.9117869559220037
459 0.40923886593467684
460 0.6743774094182452
461 -0.37845058952370736
462 -0.6652370883508154
463 -0.4101546609511405
464 0.3826319550773423
465 -0.32487297213761124
466 -1.0164115489669285
467 -1.8885873963072406
468 0.8982463701118438
469 -2.150072719186087
470 -1.2858111384500532
471 0.20585533239785203
472 0.44484216123797743
473 -1.370440417010847
474 -1.0763340295524042
475 -0.30741787682825017
476 0.44271556205780627
477 -0.7636907891050091
478 -3.980570190678839
479 -0.1278898527171154
480 -0.505936237460178
481 -0.8753253917605143
482 0.4006591246244771
483 0.30638211642899044
484 -0.08062409665293303
485 -0.9620728151496066
486 -0.6291572908428504
487 1.964181522798793
488 -1.5957644801218498
489 0.6025156406317828
490 -0.08336509806900068
491 -0.5856129878487721
492 -1.1141112431786797
493 -1.770645580512425
494 -0.18988557045716875
495 -2.4427089735779086
496 1.2698361764677855
497 -0.16028352411138114
498 -1.1468766083616524
499 1.1176233366332073
500 0.8445826038826987
evaluations raw_y
1 1.7976931348623156e+306
2 1.7976931348623156e+306
3 1.7976931348623156e+306
4 1.7976931348623156e+306
5 1.7976931348623156e+306
6 1.7976931348623156e+306
7 1.7976931348623156e+306
8 1.7976931348623156e+306
9 1.7976931348623156e+306
10 1.7976931348623156e+306
11 1.7976931348623156e+306
12 1.7976931348623156e+306
13 1.7976931348623156e+306
14 1.7976931348623156e+306
15 1.7976931348623156e+306
16 1.7976931348623156e+306
17 1.7976931348623156e+306
18 1.7976931348623156e+306
19 1.7976931348623156e+306
20 1.7976931348623156e+306
21 1.7976931348623156e+306
22 1.7976931348623156e+306
23 1.7976931348623156e+306
24 1.7976931348623156e+306
25 1.7976931348623156e+306
26 1.7976931348623156e+306
27 1.7976931348623156e+306
28 1.7976931348623156e+306
29 1.7976931348623156e+306
30 1.7976931348623156e+306
31 4.471141339001388
32 0.6827987216695979
33 3.2190025384419556
34 2.5296113392161432
35 4.575429509163661
36 3.5130979213298437
37 4.389023284184476
38 -0.7263563900938179
39 -1.893641756894566
40 2.031954941622351
41 -0.3724123888489113
42 -1.9232483721291136
43 0.2085219263395347
44 -1.6714167741059853
45 -0.5550650878771444
46 -0.18770575154329855
47 -5.373834173288734
48 0.13102995720165433
49 4.189556477458968
50 4.73680655384657
51 4.650871360456341
52 3.5326401047830105
53 4.172093679800522
54 3.6887097869972507
55 3.888066903166974
56 3.894402774654343
57 4.292972518512819
58 3.744196557916353
59 3.8582930422437234
60 1.4463989713162682
61 4.0625929114291734
62 3.405694582549511
63 4.784856159431332
64 2.2990754267782076
65 4.2235390764347205
66 5.077696472504844
67 3.983819214630683
68 4.75148845964749
69 1.8183897565307312
70 4.375908202586805
71 3.8659253230198
72 4.381980051738984
73 1.8143896589058182
74 4.083841550763659
75 4.0390629977518415
76 2.9856521212687963
77 4.6495558082741395
78 4.559476959801341
79 4.963740305168344
80 4.4861414362730345
81 3.8863941917826565
82 3.4406816018984934
83 4.332327179154798
84 2.105976745820025
85 4.104132414168712
86 2.871151615589532
87 3.4592197774416054
88 2.113462931554635
89 2.172101287001931
90 5.708360150252737
91 4.045199375606165
92 3.2069324409683375
93 1.575826109996664
94 3.5797090417925164
95 5.023884388237371
96 4.24879758107151
97 1.9808599866132863
98 5.349413917731064
99 3.7513629802963657
100 3.1198988293105336
101 0.09362466346431009
102 1.6791119893579673
103 4.122786861116486
104 3.3656553659195323
105 3.8347107013348336
106 1.0310091904945347
107 2.965272836578748
108 0.47238374000841793
109 3.344443123525271
110 4.640066386371786
111 5.488753232305645
112 3.661837979392526
113 2.892990363853201
114 4.915136514167871
115 1.808612550261917
116 3.4053711534316324
117 5.874178394200635
118 3.9301553767538833
119 4.564328908720175
120 4.516311792822855
121 3.624769491438916
122 2.3429309161289185
123 4.434407346829795
124 1.7682627756567293
125 2.27829476118306
126 4.505532500793242
127 2.741296846697691
128 3.958147446157312
129 4.517443253174602
130 3.114302629583171
131 4.653475607660536
132 3.1844489124374538
133 3.6261010361624844
134 4.903893981256905
135 2.06687174302303
136 4.453192346682613
137 1.6152921460352707
138 3.4151261116449465
139 3.4672846689065118
140 3.655931990098756
141 0.8637533969487349
142 4.7754856698526496
143 1.806035510864973
144 3.9873904382547947
145 4.393454837521265
146 4.563390067357932
147 3.987239609769958
148 3.228113075788902
149 3.6502456198854016
150 5.126935606105786
151 4.1947209216856525
152 1.884419101079686
153 4.519973070290192
154 4.723888396110024
155 3.3956816739038227
156 2.9524321452312625
157 3.5658229366180705
158 4.322165146250783
159 3.8691766639130067
160 0.7068895850617262
161 4.293299322140749
162 4.765051442259842
163 3.8922860054722404
164 3.743925840780009
165 3.817633930973664
166 1.7976931348623156e+306
167 1.7976931348623156e+306
168 1.7976931348623156e+306
169 1.7976931348623156e+306
170 1.7976931348623156e+306
171 1.7976931348623156e+306
172 1.7976931348623156e+306
173 1.7976931348623156e+306
174 1.7976931348623156e+306
175 1.7976931348623156e+306
176 1.7976931348623156e+306
177 1.7976931348623156e+306
178 1.7976931348623156e+306
179 1.7976931348623156e+306
180 1.7976931348623156e+306
181 1.7976931348623156e+306
182 1.7976931348623156e+306
183 1.7976931348623156e+306
184 1.7976931348623156e+306
185 1.7976931348623156e+306
186 1.7976931348623156e+306
187 1.7976931348623156e+306
188 1.7976931348623156e+306
189 1.7976931348623156e+306
190 1.7976931348623156e+306
191 1.7976931348623156e+306
192 1.7976931348623156e+306
193 1.7976931348623156e+306
194 1.7976931348623156e+306
195 1.7976931348623156e+306
196 1.7976931348623156e+306
197 1.7976931348623156e+306
198 1.7976931348623156e+306
199 1.7976931348623156e+306
200 1.7976931348623156e+306
201 1.7976931348623156e+306
202 1.7976931348623156e+306
203 1.7976931348623156e+306
204 1.7976931348623156e+306
205 1.7976931348623156e+306
206 1.7976931348623156e+306
207 1.7976931348623156e+306
208 1.7976931348623156e+306
209 1.7976931348623156e+306
210 1.7976931348623156e+306
211 1.7976931348623156e+306
212 1.7976931348623156e+306
213 1.7976931348623156e+306
214 1.7976931348623156e+306
215 1.7976931348623156e+306
216 1.7976931348623156e+306
217 1.7976931348623156e+306
218 1.7976931348623156e+306
219 1.7976931348623156e+306
220 1.7976931348623156e+306
221 1.7976931348623156e+306
222 1.7976931348623156e+306
223 1.7976931348623156e+306
224 1.7976931348623156e+306
225 1.7976931348623156e+306
226 1.7976931348623156e+306
227 1.7976931348623156e+306
228 1.7976931348623156e+306
229 1.7976931348623156e+306
230 1.7976931348623156e+306
231 1.7976931348623156e+306
232 1.7976931348623156e+306
233 1.7976931348623156e+306
234 1.7976931348623156e+306
235 1.7976931348623156e+306
236 1.7976931348623156e+306
237 1.7976931348623156e+306
238 1.7976931348623156e+306
239 1.7976931348623156e+306
240 1.7976931348623156e+306
241 1.7976931348623156e+306
242 1.7976931348623156e+306
243 1.7976931348623156e+306
244 1.7976931348623156e+306
245 1.7976931348623156e+306
246 1.7976931348623156e+306
247 1.7976931348623156e+306
248 1.7976931348623156e+306
249 1.7976931348623156e+306
250 1.7976931348623156e+306
251 1.7976931348623156e+306
252 1.7976931348623156e+306
253 1.7976931348623156e+306
254 1.7976931348623156e+306
255 1.7976931348623156e+306
256 1.7976931348623156e+306
257 1.7976931348623156e+306
258 1.7976931348623156e+306
259 1.7976931348623156e+306
260 1.7976931348623156e+306
261 1.7976931348623156e+306
262 1.7976931348623156e+306
263 1.7976931348623156e+306
264 1.7976931348623156e+306
265 1.7976931348623156e+306
266 1.7976931348623156e+306
267 1.7976931348623156e+306
268 1.7976931348623156e+306
269 1.7976931348623156e+306
270 1.7976931348623156e+306
271 1.7976931348623156e+306
272 1.7976931348623156e+306
273 1.7976931348623156e+306
274 1.7976931348623156e+306
275 1.7976931348623156e+306
276 1.7976931348623156e+306
277 1.7976931348623156e+306
278 1.7976931348623156e+306
279 1.7976931348623156e+306
280 1.7976931348623156e+306
281 1.7976931348623156e+306
282 1.7976931348623156e+306
283 1.7976931348623156e+306
284 1.7976931348623156e+306
285 1.7976931348623156e+306
286 1.7976931348623156e+306
287 1.7976931348623156e+306
288 1.7976931348623156e+306
289 1.7976931348623156e+306
290 1.7976931348623156e+306
291 1.7976931348623156e+306
292 1.7976931348623156e+306
293 1.7976931348623156e+306
294 1.7976931348623156e+306
295 1.7976931348623156e+306
296 1.7976931348623156e+306
297 1.7976931348623156e+306
298 1.7976931348623156e+306
299 1.7976931348623156e+306
300 1.7976931348623156e+306
301 1.7976931348623156e+306
302 1.7976931348623156e+306
303 1.7976931348623156e+306
304 1.7976931348623156e+306
305 1.7976931348623156e+306
306 1.7976931348623156e+306
307 1.7976931348623156e+306
308 1.7976931348623156e+306
309 1.7976931348623156e+306
310 1.7976931348623156e+306
311 1.7976931348623156e+306
312 1.7976931348623156e+306
313 1.7976931348623156e+306
314 1.7976931348623156e+306
315 1.7976931348623156e+306
316 1.7976931348623156e+306
317 1.7976931348623156e+306
318 1.7976931348623156e+306
319 1.7976931348623156e+306
320 1.7976931348623156e+306
321 1.7976931348623156e+306
322 1.7976931348623156e+306
323 1.7976931348623156e+306
324 1.7976931348623156e+306
325 1.7976931348623156e+306
326 1.7976931348623156e+306
327 1.7976931348623156e+306
328 1.7976931348623156e+306
329 1.7976931348623156e+306
330 1.7976931348623156e+306
331 1.7976931348623156e+306
332 1.7976931348623156e+306
333 1.7976931348623156e+306
334 1.7976931348623156e+306
335 1.7976931348623156e+306
336 1.7976931348623156e+306
337 1.7976931348623156e+306
338 1.7976931348623156e+306
339 1.7976931348623156e+306
340 1.7976931348623156e+306
341 1.7976931348623156e+306
342 1.7976931348623156e+306
343 1.7976931348623156e+306
344 1.7976931348623156e+306
345 1.7976931348623156e+306
346 1.7976931348623156e+306
347 1.7976931348623156e+306
348 1.7976931348623156e+306
349 1.7976931348623156e+306
350 1.7976931348623156e+306
351 1.7976931348623156e+306
352 1.7976931348623156e+306
353 1.7976931348623156e+306
354 1.7976931348623156e+306
355 1.7976931348623156e+306
356 1.7976931348623156e+306
357 1.7976931348623156e+306
358 1.7976931348623156e+306
359 1.7976931348623156e+306
360 1.7976931348623156e+306
361 1.7976931348623156e+306
362 1.7976931348623156e+306
363 1.7976931348623156e+306
364 1.7976931348623156e+306
365 1.7976931348623156e+306
366 1.7976931348623156e+306
367 1.7976931348623156e+306
368 1.7976931348623156e+306
369 1.7976931348623156e+306
370 1.7976931348623156e+306
371 1.7976931348623156e+306
372 1.7976931348623156e+306
373 1.7976931348623156e+306
374 1.7976931348623156e+306
375 1.7976931348623156e+306
376 1.7976931348623156e+306
377 1.7976931348623156e+306
378 1.7976931348623156e+306
379 1.7976931348623156e+306
380 1.7976931348623156e+306
381 1.7976931348623156e+306
382 1.7976931348623156e+306
383 1.7976931348623156e+306
384 1.7976931348623156e+306
385 1.7976931348623156e+306
386 1.7976931348623156e+306
387 1.7976931348623156e+306
388 1.7976931348623156e+306
389 1.7976931348623156e+306
390 1.7976931348623156e+306
391 1.7976931348623156e+306
392 1.7976931348623156e+306
393 1.7976931348623156e+306
394 1.7976931348623156e+306
395 1.7976931348623156e+306
396 1.7976931348623156e+306
397 1.7976931348623156e+306
398 1.7976931348623156e+306
399 1.7976931348623156e+306
400 1.7976931348623156e+306
401 1.7976931348623156e+306
402 1.7976931348623156e+306
403 1.7976931348623156e+306
404 1.7976931348623156e+306
405 1.7976931348623156e+306
406 1.7976931348623156e+306
407 1.7976931348623156e+306
408 1.7976931348623156e+306
409 1.7976931348623156e+306
410 1.7976931348623156e+306
411 1.7976931348623156e+306
412 1.7976931348623156e+306
413 1.7976931348623156e+306
414 1.7976931348623156e+306
415 1.7976931348623156e+306
416 1.7976931348623156e+306
417 1.7976931348623156e+306
418 1.7976931348623156e+306
419 1.7976931348623156e+306
420 1.7976931348623156e+306
421 1.7976931348623156e+306
422 1.7976931348623156e+306
423 1.7976931348623156e+306
424 1.7976931348623156e+306
425 1.7976931348623156e+306
426 1.7976931348623156e+306
427 1.7976931348623156e+306
428 1.7976931348623156e+306
429 1.7976931348623156e+306
430 1.7976931348623156e+306
431 1.7976931348623156e+306
432 1.7976931348623156e+306
433 1.7976931348623156e+306
434 1.7976931348623156e+306
435 1.7976931348623156e+306
436 1.7976931348623156e+306
437 1.7976931348623156e+306
438 1.7976931348623156e+306
439 1.7976931348623156e+306
440 1.7976931348623156e+306
441 1.7976931348623156e+306
442 1.7976931348623156e+306
443 1.7976931348623156e+306
444 1.7976931348623156e+306
445 1.7976931348623156e+306
446 1.7976931348623156e+306
447 1.7976931348623156e+306
448 1.7976931348623156e+306
449 1.7976931348623156e+306
450 1.7976931348623156e+306
451 1.7976931348623156e+306
452 1.7976931348623156e+306
453 1.7976931348623156e+306
454 1.7976931348623156e+306
455 1.7976931348623156e+306
456 1.7976931348623156e+306
457 1.7976931348623156e+306
458 1.7976931348623156e+306
459 1.7976931348623156e+306
460 1.7976931348623156e+306
461 1.7976931348623156e+306
462 1.7976931348623156e+306
463 1.7976931348623156e+306
464 1.7976931348623156e+306
465 1.7976931348623156e+306
466 1.7976931348623156e+306
467 1.7976931348623156e+306
468 1.7976931348623156e+306
469 1.7976931348623156e+306
470 1.7976931348623156e+306
471 1.7976931348623156e+306
472 1.7976931348623156e+306
473 1.7976931348623156e+306
474 1.7976931348623156e+306
475 1.7976931348623156e+306
476 1.7976931348623156e+306
477 1.7976931348623156e+306
478 1.7976931348623156e+306
479 1.7976931348623156e+306
480 1.7976931348623156e+306
481 1.7976931348623156e+306
482 1.7976931348623156e+306
483 1.7976931348623156e+306
484 1.7976931348623156e+306
485 1.7976931348623156e+306
486 1.7976931348623156e+306
487 1.7976931348623156e+306
488 1.7976931348623156e+306
489 1.7976931348623156e+306
490 0.7177535208131505
491 0.9660054432744232
492 0.5139756659985875
493 -0.6198150179454455
494 -1.0742143172346048
495 -0.9319379442755342
496 0.21024924728552868
497 4.172644586986762
498 1.3945434064959858
499 1.7501448665427553
500 4.211767565899763
