evaluations raw_y
1 8.64842273715453
2 51.09230112999586
3 61.55084601911011
4 82.609491502701
5 46.08336151815759
6 39.757599906874
7 32.09999366089076
8 42.58495514898828
9 17.376443235339526
10 39.59387025139076
11 49.802741464261494
12 28.89036239743824
13 57.281279422167295
14 48.05289985972091
15 45.28235603963191
16 54.36323580292608
17 27.778722816004027
18 38.7022255926702
19 23.534257147979392
20 67.33312623927357
21 49.604550971978654
22 30.668809160636023
23 21.986850390376574
24 39.45542414718032
25 21.051527556180755
26 27.658319453477496
27 16.861177650192946
28 13.371426220992902
29 32.02362982826796
30 73.6675971083552
31 39.4211146140784
32 47.86248164973229
33 36.48714479481123
34 54.96911649412555
35 48.3682649524863
36 51.68581990085227
37 34.290995730768145
38 16.109571612975408
39 47.650748005155165
40 29.762958735249118
41 42.79957240351508
42 40.8914837872956
43 57.85665098793752
44 28.56314154489943
45 44.35105499631079
46 62.6509820161031
47 49.80606878090863
48 4.980677100636861
49 57.9125862426048
50 23.095159382362198
51 54.91579825591791
52 49.014611881653856
53 75.61254520406433
54 30.746409095134528
55 78.41499254032725
56 69.15369541927713
57 40.89284528566449
58 33.19599083294804
59 43.04566112248735
60 81.50240969956556
61 45.23726495268139
62 74.48715796593017
63 63.96665506936421
64 22.614894522686352
65 50.95835679104164
66 8.895159262657337
67 42.63801684897428
68 25.020745433247033
69 29.79093743782869
70 47.62159459793642
71 26.88210411327696
72 41.083622325036515
73 42.31106632050902
74 29.18513482728584
75 23.747005794614637
76 27.178676484227893
77 43.010976382648806
78 34.5633603969471
79 57.47728746313837
80 55.03115733962463
81 79.42220032645268
82 31.28795363254871
83 58.840960376272136
84 59.062868475734746
85 59.31340288946109
86 58.21428032095194
87 18.39994200677647
88 17.047931630902305
89 52.191226551240284
90 68.75870208082706
91 68.41379931446615
92 60.191372872789714
93 26.744600200564385
94 34.072706684208846
95 45.8371842048104
96 49.8537495830727
97 37.91652378990807
98 48.9436291201643
99 27.36005781124975
100 9.98931633243611
101 9.619226576256274
102 56.24001145368651
103 43.38485470514662
104 5.876228603474509
105 21.538416057900474
106 11.803062446309397
107 17.95392926218791
108 22.6676307816843
109 33.12453070649984
110 27.60233413787143
111 18.23173763656063
112 18.927548001765686
113 68.57153104146659
114 40.48244048398657
115 44.0843012360641
116 16.590465818516424
117 10.332077418909584
118 29.417330099677947
119 18.338648730795903
120 27.119569174595824
121 56.50427485350692
122 27.741852521226026
123 21.330082886985775
124 12.685176073424849
125 29.368615476105813
126 20.29327683026064
127 14.48082627401734
128 34.88583437434958
129 55.443584279599555
130 28.234712191768402
131 18.99698497605788
132 29.28206799132218
133 34.86128061176148
134 38.26695328109645
135 32.926220579167385
136 48.92919598922338
137 67.34848153082535
138 50.49149853421832
139 21.371987668204916
140 22.27627600163921
141 47.533940388096084
142 39.823132091318854
143 26.200197174722575
144 28.264408819061916
145 64.15157346642842
146 26.454765754167397
147 41.31060465656053
148 48.34294933988175
149 39.4781711410104
150 36.07763164069031
151 57.49695509013924
152 32.72512257352982
153 51.61207293285225
154 3.864284444220655
155 30.842257151490195
156 59.986570254757915
157 28.048115255363875
158 35.39803102017403
159 16.451641394156052
160 26.982897233288515
161 16.55027805794517
162 42.72762200940627
163 58.61090197636616
164 48.2396594306976
165 22.698138706945155
166 44.7656168969449
167 50.585474949631546
168 32.86545095229828
169 29.714119056667023
170 19.061430219910562
171 12.583199338391639
172 22.104378142639742
173 31.937651510047914
174 19.07880675867997
175 36.46008126996892
176 27.273228014405383
177 21.246592482837936
178 27.91897347481482
179 45.01224074343942
180 54.73687018848941
181 43.425089478470255
182 45.077903471355455
183 69.24931989326124
184 44.44540479183445
185 21.627174007018287
186 15.028790750799278
187 60.85908678158455
188 19.81335579386098
189 13.16737202310418
190 41.95662739695044
191 34.37286748628203
192 60.07766353874282
193 26.075057849826127
194 32.69266186376361
195 38.714795486276685
196 57.86677301708562
197 52.77670659292172
198 45.35626950258329
199 39.43853990379187
200 15.475868109766216
201 27.942514459889743
202 1.7049093451763664
203 10.974676662995153
204 2.3484146565384174
205 10.048840977826561
206 6.824436495600871
207 10.84801983620902
208 21.259781625939677
209 15.896900392437871
210 11.438685078108854
211 32.60514361467354
212 14.519118074901288
213 2.137002063728146
214 26.75016194258404
215 17.33100179028226
216 15.290236168793228
217 7.386365339735445
218 15.787493901775921
219 10.181751322436096
220 26.365413157647147
221 21.503310068400328
222 12.197273001763225
223 60.52599426764648
224 8.83008700256886
225 32.53933072383355
226 33.224761617917835
227 39.44481107403165
228 32.75040743073782
229 8.185616582823739
230 27.850547987774853
231 5.860234025262425
232 37.22658547041558
233 8.609675905198312
234 59.0555128004609
235 19.239677346600978
236 52.653177418748726
237 30.867159471791602
238 21.683984931891292
239 34.792107114794085
240 49.44080033958838
241 9.519422069852311
242 11.805545064237664
243 42.17750085132129
244 35.06919242548482
245 21.45805094065664
246 31.41242975074412
247 20.716767919353813
248 39.94195725367919
249 22.99397108817456
250 25.92042482434456
251 28.858327607269185
252 11.928808241892785
253 21.278760177773542
254 62.66182785027781
255 40.260346559926106
256 7.958957015914281
257 26.894001464927825
258 1.3627255763318766
259 17.178445991251316
260 23.270557600365557
261 16.558903804323002
262 5.870218862493989
263 5.8315518495176395
264 53.945719529802645
265 20.587152673635316
266 11.843109142397385
267 31.093981152266533
268 16.75120533945256
269 13.321381788719698
270 8.30367498731333
271 51.936528672500145
272 11.33631037214797
273 12.417988022147707
274 23.711712882091383
275 31.944820639073473
276 41.688165656628726
277 38.729640191297555
278 35.15543079923303
279 8.937209154726844
280 28.99315027691604
281 0.6678185302232791
282 27.53068603835076
283 46.67196105267624
284 34.413285307987366
285 28.336362722030664
286 34.31911593629365
287 20.851097356932954
288 21.301246466553778
289 10.422919850719342
290 26.42581375511809
291 7.537965130741329
292 23.501270903713362
293 26.515646643533827
294 19.543122043787925
295 18.44017707824169
296 33.940618576037245
297 21.847796605492064
298 36.85909776518168
299 2.1014817542016955
300 34.50446998939131
301 18.183742373047313
302 10.497403537968072
303 0.5324244691627178
304 28.28666847325431
305 11.678708713032973
306 2.500242682658264
307 6.054539069952177
308 8.994617232656983
309 7.652986724310178
310 8.302308183682365
311 15.128555959542593
312 6.221077044041678
313 2.0427503231250794
314 31.00200752436554
315 12.473275634325839
316 68.15059450733537
317 6.799803520499986
318 6.653914051546188
319 8.104834673458805
320 30.95515647104206
321 17.01731398141942
322 5.6864605526569765
323 12.732400925841109
324 30.626569962351535
325 0.7857294931191554
326 16.138189208892012
327 7.604848133331422
328 22.703292666862833
329 28.54132228796102
330 10.390618632113618
331 23.218515040545583
332 15.473906054138888
333 5.555192485112055
334 1.2502481238015508
335 21.563380634818106
336 12.177696874595572
337 5.1703895896594485
338 24.193317007743357
339 17.314243995003388
340 41.51262770492812
341 15.43881820399611
342 51.47204915374927
343 10.720557622936688
344 2.117143716997047
345 20.40685208044826
346 30.27455169841088
347 28.490464814430695
348 18.942145991809276
349 28.92176280338847
350 30.780357712012524
351 11.372551126041833
352 19.98105695621978
353 20.62078230919464
354 1.9100112195919374
355 6.780874121227181
356 35.55475259282487
357 24.41039129239784
358 14.587993019949693
359 14.091885277936056
360 19.189405172758956
361 43.30021602038861
362 15.861313937203118
363 37.121911891385
364 13.226189674661214
365 11.823320016127003
366 50.87111089910478
367 17.428660007124307
368 6.684474054958182
369 7.855138803969361
370 55.175164933573534
371 13.039237093526827
372 38.87901453002324
373 16.782997044525423
374 35.746143439255
375 3.8745918597696107
376 21.016827282165284
377 24.689962337580496
378 21.12514618952823
379 20.386644795789763
380 27.487562072518983
381 23.420069720185253
382 50.6242818663207
383 16.152329415260184
384 21.100857395600805
385 77.48720691617363
386 27.904671417059856
387 18.680363295402916
388 13.645418949857754
389 35.57876404032169
390 29.60871276183493
391 9.903121842938734
392 31.374691159360165
393 12.636839154196188
394 2.2273121783273773
395 32.07696735569031
396 29.154164785206998
397 28.25422214415804
398 23.12107563746627
399 55.673100582982656
400 64.54695800749272
401 10.575126709701994
402 2.365585804307485
403 0.5970584231033857
404 5.723083721566052
405 15.68593156019727
406 4.612523926145283
407 4.8855529147072705
408 5.269961696888876
409 22.178972527077075
410 2.194013149992835
411 1.5888126202535942
412 5.872169044176463
413 13.368250629488305
414 8.287287160573516
415 6.994539060375573
416 5.078317748753754
417 19.564411045499327
418 27.81943418785845
419 5.372122207689577
420 16.34732207100588
421 17.102461989621887
422 1.3749963416436053
423 6.3472946483603945
424 6.668984980722618
425 4.138990527223866
426 7.159919522665264
427 27.04070143348554
428 10.460157653508611
429 14.764550205776732
430 9.300666446646858
431 8.77683226488832
432 17.945101295119606
433 4.925051553155075
434 12.74877757073931
435 7.451089455361545
436 16.194036771916682
437 37.36692804522214
438 6.605017478680104
439 8.981107848555471
440 8.046816878586554
441 12.972590589401326
442 10.79926478551777
443 12.525847065905499
444 22.384178423868416
445 4.277356956255828
446 47.29968527103131
447 11.617409669772972
448 9.166516340231125
449 56.03568580232315
450 18.57124504727341
451 12.167549116582759
452 7.736597526072369
453 16.089376759740386
454 1.7259075006233537
455 6.53029205390685
456 15.601357657926266
457 34.719721626523224
458 11.678569061808707
459 23.00280261729425
460 2.988901736563138
461 8.749737016425527
462 11.554902240295307
463 21.687400142209963
464 7.752941395930659
465 32.68168301542824
466 16.77545841949963
467 7.16927340832193
468 42.5215530267841
469 5.515036768216446
470 31.023504040476574
471 28.12867361729058
472 17.62146915134751
473 12.117650344973269
474 7.631962302992928
475 19.942316439513746
476 6.746429299689277
477 35.7958796089544
478 19.83492616761682
479 7.894828022736114
480 8.031117709358963
481 14.678692236396401
482 29.378808131579035
483 8.357747412102437
484 13.380439015641356
485 26.783898067065298
486 10.272822143270723
487 45.05374213578742
488 38.442648764758424
489 44.98153509376908
490 42.63767050936722
491 60.05949697585087
492 20.257267799046968
493 10.998455183593247
494 28.216115985523725
495 7.020049749683537
496 8.28793967585022
497 19.513243968354626
498 29.059568244373157
499 13.901770903144163
500 9.33937055828863
501 30.812349152386147
evaluations raw_y
1 42.04035607034627
2 41.753034077467674
3 44.88613995876706
4 35.8047163966466
5 63.746968436416346
6 91.18525259532107
7 44.82834783075275
8 45.14346170850188
9 60.13182697381806
10 35.64258764791828
11 33.838426614754965
12 45.32886337082687
13 37.71111395996926
14 29.297405345582632
15 54.775790666689225
16 53.27444422575032
17 35.087280407843544
18 24.811561902840655
19 40.881980384350214
20 45.853030636200415
21 39.59425888140809
22 70.34099569580196
23 68.46169743297826
24 43.888996784341195
25 90.58640244960094
26 37.02834034321166
27 56.4195116491785
28 24.284799875577512
29 81.71931962256188
30 53.36353101139624
31 63.9332250288569
32 67.87212114305862
33 20.533254327903215
34 43.31481146931147
35 42.663561616799186
36 41.626662127943064
37 40.11188442669227
38 40.77594179379835
39 49.79281484531068
40 59.39417951233628
41 41.80851216038066
42 42.99650175739212
43 55.366881159285484
44 65.88586265376333
45 33.16512133880432
46 60.6541939934851
47 11.98045389783275
48 30.10242452349486
49 36.3193369320485
50 31.08487477827171
51 74.75476109263042
52 15.001691014669973
53 47.45330660641191
54 8.074317363377315
55 23.689803297166232
56 26.56877556922735
57 40.56919817211583
58 37.19496153732781
59 4.059165136007181
60 73.71114702625965
61 35.41966707194134
62 4.643839825312098
63 71.4701483669767
64 29.578482155879374
65 28.43297524974621
66 23.05194307487716
67 27.926384439183387
68 55.28204668628026
69 74.89787539768703
70 44.70161455280016
71 18.253974650786947
72 39.96222149072907
73 58.93087823199197
74 45.96507321908219
75 62.941733088211066
76 25.000015596262706
77 41.246795312632976
78 21.32239647286125
79 37.20192949702295
80 24.668492332344876
81 52.41377520334524
82 51.40593730743352
83 37.13155066411159
84 9.759987469401473
85 64.39737968102841
86 46.09841101470937
87 -1.2168466710212726
88 61.69519945165227
89 66.50156889179233
90 62.55856302378309
91 64.09949732381315
92 32.854489691378724
93 41.00944399981322
94 38.70120485853888
95 27.529647776354672
96 66.26739717836934
97 15.716690606332202
98 37.436013092812935
99 24.04675673374795
100 88.35080321573697
101 44.75535617195442
102 13.211104449276577
103 37.270554332800934
104 5.530705346656231
105 16.744644198714994
106 23.21156445730553
107 24.557677012903277
108 36.1067438083416
109 14.354209436383016
110 14.303859478780664
111 16.945457647289512
112 36.58586552044015
113 45.94076597886619
114 32.23764181539399
115 32.41845457185403
116 47.84845757790076
117 13.215901815694723
118 25.44072711438971
119 76.87128914418545
120 64.80246537088235
121 29.556776345478095
122 35.43318998887109
123 24.511678460372682
124 48.70322950050053
125 30.55630269925822
126 36.13011271506647
127 52.88896642949316
128 20.10981527963432
129 13.461555426937903
130 68.4898606857823
131 41.21477423270257
132 18.19661654472409
133 33.12348280394246
134 30.945658823702388
135 55.23016965054267
136 39.54623220128359
137 23.442347412208903
138 18.57722229748592
139 29.61600314593015
140 35.270789679915694
141 53.2412649575284
142 33.43267101859531
143 34.75493701976059
144 33.57615277785857
145 21.7086562882876
146 58.1805377081086
147 26.21909825770716
148 71.0001990960415
149 31.52499908383935
150 56.774077723713646
151 41.490874026160185
152 48.656749710796376
153 20.07661313156631
154 6.44180676505986
155 3.1844322193696124
156 26.869736093668855
157 35.396256965032634
158 20.870435001192167
159 42.0505455172133
160 22.17908416690015
161 27.01321671467703
162 31.070174393352183
163 23.483851973902514
164 30.568355749359178
165 4.293273839181333
166 50.33673935957439
167 25.963457332988224
168 20.431584596657256
169 47.27853169265815
170 33.68951248400521
171 20.31551345034356
172 40.388132647247026
173 9.69075799785702
174 45.88822396078912
175 48.08211332580097
176 51.00843855603219
177 35.23674782727147
178 55.92795191413167
179 34.86076438431023
180 38.867525055296355
181 39.699353423187624
182 11.44316381768162
183 25.253252507252633
184 38.55343147421489
185 33.97789172101671
186 32.163841166728425
187 8.862253056243356
188 9.355011000667373
189 57.157958224176
190 34.24965928942663
191 59.838994928838176
192 44.61409808845206
193 34.58112213881322
194 29.720332745749282
195 17.01800336225818
196 42.153965754885746
197 66.93639957694249
198 16.693750186311277
199 51.691018794776575
200 63.88201256603256
201 33.601597619794624
202 10.999361525980857
203 9.653118476605293
204 12.25167088244969
205 30.659145016167933
206 14.406500382352887
207 0.9701637497241347
208 36.95167113827486
209 22.231704773603315
210 22.016591776713945
211 21.025037925546975
212 8.67321876918433
213 18.375096163491744
214 41.78241967610403
215 16.995924111067126
216 59.364853779981985
217 16.895426837737524
218 38.57350437647191
219 28.398343412989362
220 28.727049658500764
221 31.868652666710243
222 16.782254341782295
223 20.248692979907865
224 38.602281309771904
225 15.391270367704607
226 46.79936924835459
227 7.4803776725881495
228 22.586164955115557
229 20.40888294577686
230 15.520778795701606
231 54.32933131074733
232 -0.1385720506507595
233 20.232498246246816
234 21.765753354105012
235 33.02767576618379
236 49.7885356600012
237 26.69126232258103
238 51.89630997820653
239 37.49467719697131
240 37.30513164641246
241 38.21934308962167
242 32.61862106836112
243 32.46698517566305
244 31.991558989102067
245 44.12436780181573
246 9.96777617540769
247 23.909000301461926
248 18.7078883772114
249 55.00179551220172
250 23.092393249957183
251 59.954357432748196
252 33.15536933818835
253 8.428496790798768
254 32.12919605813493
255 1.3724167729751873
256 32.20770321595789
257 47.973673515864334
258 19.625101040535
259 19.68373996505947
260 54.56489168018934
261 29.489457005020782
262 10.866459262586371
263 21.071064594467437
264 33.67723614893784
265 40.795097321179774
266 18.91436457631451
267 12.419570005074686
268 9.975496290802734
269 26.948013363701712
270 13.888026382100454
271 19.63877117994074
272 2.664206284180704
273 41.231988712910635
274 26.217825347147713
275 19.644923044650884
276 47.61324515940242
277 16.166007805303803
278 83.36346659893866
279 18.781063291144978
280 17.06214006200601
281 23.861255268016517
282 38.803867415225355
283 51.55491748094214
284 32.55235149206342
285 36.00055609575834
286 7.686363358078793
287 37.551417363696
288 28.115528558778408
289 30.62057889897012
290 26.408387681783875
291 67.20237538149985
292 31.074792515581635
293 65.71998194794774
294 33.916205308844894
295 29.052153861071382
296 27.385025284543048
297 43.606270109856695
298 31.479625985662867
299 26.69165149045279
300 19.637732832677028
301 59.09415994231916
302 0.7149827475124116
303 7.0879838287454575
304 21.70090474986212
305 3.3476080988142716
306 6.553736843605661
307 36.575358623986304
308 3.981460679342902
309 6.179502604153264
310 6.037960170054411
311 0.5825816123448861
312 18.804365317789575
313 14.584404398321896
314 13.931504701667976
315 9.62073220766701
316 39.9051079627101
317 47.59956457443542
318 11.581510761813472
319 10.388807797114016
320 9.891299434908417
321 26.632523839059882
322 29.796156818019963
323 9.575596563107547
324 15.775884527205175
325 17.020273942534722
326 12.256151452793235
327 6.546668597489035
328 27.50587237230679
329 11.111853756788276
330 24.09274426920755
331 15.752950133868527
332 34.08770958718289
333 23.105351371182884
334 40.5563297793518
335 20.639031442072408
336 11.928476916952663
337 22.84837901151717
338 19.019416944956692
339 12.173362226358973
340 38.89247324999029
341 24.319494200330126
342 18.732977659310464
343 30.099467463853088
344 10.10344621073228
345 15.061047726709829
346 18.07371952382726
347 22.24856541789722
348 28.08928017278018
349 37.68211365945816
350 52.81104127884453
351 10.59545452025995
352 7.168937062243594
353 17.38580101630373
354 19.24421720565797
355 31.68211207623744
356 38.14096880513004
357 11.25988707642514
358 52.83372220491859
359 18.000951338817938
360 7.516132772416135
361 22.802266897703
362 31.237971308605918
363 7.509419081702777
364 59.40170793231545
365 34.904036467085845
366 14.223221785869114
367 11.0720376547039
368 29.95150819349425
369 33.35737109796027
370 21.799891733800962
371 13.98651272893084
372 14.757222818649534
373 47.879111038072324
374 42.454829929017905
375 40.29655697009366
376 9.014332045622332
377 1.4503671524294326
378 39.67513135974815
379 22.979838492063237
380 42.943080922985885
381 42.047113128029864
382 29.07345833823714
383 49.47805088837218
384 17.30580992079494
385 36.93659642468938
386 9.884268653401833
387 17.04270015640187
388 26.305384555366235
389 40.06211155569217
390 38.734784755755285
391 7.1254341702473925
392 18.06053180764087
393 40.619766950104065
394 10.808181929829221
395 9.642184225204176
396 50.87250305484633
397 40.1452571814688
398 38.483432072994496
399 27.812271369907116
400 18.193633326531934
401 5.540761050268326
402 10.559262346292384
403 0.10585745026197513
404 3.8909873330330207
405 4.195634862033744
406 7.018853485264488
407 2.1496509909408363
408 3.1083136267564324
409 16.06616357115209
410 5.38430888845237
411 17.96279126160907
412 5.961464740074554
413 17.173858309079673
414 45.57284776096231
415 2.342083161716539
416 7.250893980191962
417 26.718948957818338
418 5.892071179730827
419 8.28635583034141
420 23.98160614953154
421 24.29856262549672
422 23.155985063700246
423 4.702295947095086
424 11.70208161169102
425 7.830233556066103
426 28.10626862958694
427 17.276211392291252
428 4.224836766276047
429 6.86984404493281
430 9.777883586952559
431 28.975750345435387
432 6.530006457936296
433 9.694494151074375
434 27.9157059159329
435 19.638652806695717
436 17.508592993280786
437 24.63935478380269
438 2.2351880908578803
439 13.839312490782362
440 19.01869478126261
441 52.113392525032324
442 6.267065651817205
443 11.284977460255117
444 14.30516431688478
445 15.143199180512484
446 27.800777420991626
447 9.437892881564736
448 17.0694814266743
449 14.824862250142527
450 14.10800199485885
451 48.07030536907847
452 26.44896786226358
453 -0.10518987818197711
454 -1.6148461394223794
455 28.394180891165618
456 26.956947341127346
457 12.293339811690196
458 24.74669291879905
459 12.4757612706712
460 23.33507011724602
461 4.433884635808468
462 27.073944113173347
463 13.965599267621151
464 7.336576082251256
465 45.60292611262442
466 4.555137756644645
467 17.187229156952633
468 61.25148662860443
469 12.333341278521168
470 65.63399902454107
471 30.38479181774369
472 16.771575632568315
473 4.078477396502963
474 52.63987571322767
475 15.65085331052764
476 23.977764844052537
477 31.953212625972096
478 24.74414112796216
479 30.371379246667658
480 59.50572161170102
481 6.349953612223249
482 16.794790263570675
483 48.372166241178746
484 22.487289715809524
485 22.724634757549044
486 19.156804696146764
487 29.75679785802042
488 2.7980904238788984
489 39.64143764903325
490 46.24700570387488
491 47.52072344962315
492 42.778493793835466
493 25.36218767941409
494 39.220702509687605
495 18.033723335594726
496 30.45450165872854
497 24.904784410323845
498 70.80391249365154
499 28.97930023726893
500 14.889905038573293
501 9.242678473606606
evaluations raw_y
1 20.15997991444211
2 23.55109309373932
3 26.938463097822563
4 48.80086503229836
5 38.32858229623775
6 37.01947608844047
7 6.975119213166083
8 35.77566685243299
9 47.21558784173857
10 27.135023494078283
11 30.748040404906195
12 98.89908360442021
13 35.39830073654355
14 46.3201006384709
15 29.45123359684122
16 45.78162209344889
17 24.250958557874345
18 41.886581917425964
19 34.96231388456698
20 36.707457891563855
21 56.20165277359033
22 32.07214829388698
23 19.477296615725464
24 21.633784063714998
25 37.71522007053796
26 40.91842692965597
27 25.196977290983902
28 58.901305225135836
29 44.729356071226846
30 49.523173598573536
31 67.6551320353099
32 48.16697298516638
33 11.823391269527104
34 16.459454895594476
35 36.90117660065465
36 36.693001115872654
37 16.915941353595116
38 58.48595207198453
39 50.245821310697984
40 53.60716045561403
41 32.417269711512944
42 33.98961506108248
43 58.005859553923734
44 34.477533526830086
45 60.275364982651396
46 40.55367190647197
47 17.679172222526027
48 43.2918581666799
49 25.973621316413784
50 51.35955289315147
51 43.760224796025355
52 42.78731878588465
53 46.642035068378036
54 33.221731515821176
55 24.22090475039939
56 71.91375239920949
57 69.49475846538746
58 37.649138728109754
59 19.002741312491263
60 36.49281021472275
61 62.10789453813736
62 35.18797154903767
63 38.48723987623237
64 26.552688473025334
65 57.508713099635145
66 59.74521713554192
67 64.80634375328175
68 24.599097618163714
69 46.743235112670845
70 21.635693780232863
71 41.465277733682505
72 72.16414051379046
73 8.825826331324253
74 31.15083651423325
75 52.70956711761226
76 47.91866776433071
77 61.2499017858148
78 31.049247155986162
79 22.438345644025823
80 60.53226370018191
81 16.69638162422889
82 30.688866025990862
83 43.73219632402275
84 34.895723712663994
85 45.68600609810586
86 77.31579802385801
87 34.84083580288945
88 58.658490397659804
89 14.829102544202298
90 19.40252057812583
91 51.153177145261054
92 32.87622322451975
93 43.03291333904764
94 61.369165714080026
95 22.961896239684947
96 82.72065362729535
97 18.360635768022156
98 10.527881875473678
99 46.23789693777642
100 29.073859181902883
101 43.3037141397525
102 7.4580111437172665
103 11.955451385719762
104 7.296601324400971
105 27.31596443401516
106 20.70383743856113
107 51.78928686589656
108 16.790369358709246
109 14.326469400706833
110 32.93992064102517
111 11.746205690262338
112 46.42218240152173
113 29.295014966583715
114 28.57327854574202
115 23.219203878990925
116 21.852303808213655
117 48.89974857887673
118 25.418589601388657
119 7.473138198194299
120 21.109175236112087
121 26.175496249601977
122 21.36061020973179
123 41.79699834455198
124 24.06723294761355
125 20.810487725287413
126 24.305858103273156
127 22.95506056505329
128 6.433419121389769
129 27.385904973936853
130 15.102892270677973
131 37.05691915015946
132 35.82960203137104
133 46.51141127559724
134 32.518073942276274
135 23.482253877912378
136 28.451853418116865
137 47.45349248278217
138 45.90185819058691
139 23.801054335694413
140 36.87760570569366
141 41.3438185352098
142 28.138134150909494
143 8.779801513314943
144 25.623410543487473
145 38.906545266890106
146 25.736962545572116
147 16.75342880947305
148 24.847942060225083
149 5.147034098805136
150 46.13837936323777
151 18.29582150485298
152 13.106707783992665
153 49.652961271110335
154 2.9188698181977983
155 25.655632062095542
156 14.654451072728797
157 42.77923422126974
158 16.072331743736278
159 21.697337215201202
160 75.39164341485574
161 29.33821796018366
162 38.48809688054785
163 15.722512947539045
164 4.36650992013845
165 41.65351971836522
166 24.272664286929945
167 18.20327312875674
168 18.895758034926537
169 44.36930435742449
170 44.913281930014264
171 28.8700128951276
172 12.661323583614088
173 39.99849761676306
174 34.09698237864287
175 6.202972699831979
176 29.82792275160421
177 34.803478479441026
178 40.92366899013446
179 38.30716956925467
180 82.6610946471585
181 23.057094575582973
182 79.38677293766632
183 66.47273389195283
184 30.711467382494046
185 24.921902975078808
186 36.96599898765364
187 59.50336798683289
188 57.281844609869424
189 24.425781362596382
190 33.33506306587972
191 68.90991201496024
192 42.58630754720822
193 8.88558971100578
194 24.778572554705548
195 44.92493102229631
196 19.03939857274933
197 22.010312166905358
198 34.81754206445446
199 47.346368812316506
200 49.805182753922765
201 21.72931924010452
202 54.50418689842249
203 17.837034037691314
204 4.017370492101985
205 19.62221721391694
206 21.01686629992512
207 1.5027842624325345
208 6.401984137812342
209 36.06517493527414
210 10.036852770043463
211 22.856079323475317
212 5.583594875054771
213 21.81856250445986
214 27.777365641283055
215 37.76599427530432
216 13.637696458933796
217 9.716938574620988
218 14.521406970644154
219 5.269850840031202
220 12.393491581566824
221 25.341793685817304
222 45.48739721507605
223 31.797479458209605
224 19.005694022139007
225 34.04283233225169
226 18.64303654906729
227 24.573178350309526
228 23.750393694067522
229 20.704277813313855
230 20.09831241156892
231 19.03640427181622
232 28.192548002574004
233 7.1409094797820725
234 17.29153906063975
235 35.74277459338737
236 21.218539618202747
237 16.758269326461296
238 25.06942932444803
239 49.71387395122946
240 18.896855651428975
241 13.164486756595313
242 28.521176500498008
243 40.389808471453236
244 47.49627683591866
245 22.112962271796103
246 4.894515070742536
247 30.71945102449929
248 23.376472744465858
249 23.31322360181791
250 19.151998089444913
251 34.79263615844283
252 33.926875610688825
253 51.006234392831445
254 1.110759635118363
255 57.86567306792122
256 7.719163572796562
257 1.233472621413528
258 26.86825509089338
259 38.52173429651334
260 12.206274318194616
261 5.204863876504332
262 5.673026153140288
263 10.321389107704967
264 18.02725009940999
265 17.03947537616985
266 14.15027078979815
267 18.259080824209857
268 27.83507642481459
269 29.84799304444216
270 51.08717254190976
271 27.51299504397847
272 20.95670043496932
273 7.558123816081995
274 26.066294798201525
275 35.856435158426684
276 10.70644673535229
277 11.397779809973247
278 38.03630959257548
279 11.840936585703936
280 18.898149539344587
281 21.781483346349816
282 19.118482833867727
283 35.22899401121774
284 30.284606259998867
285 9.574851604654256
286 20.204416684089995
287 22.907654255226525
288 62.92493031615554
289 30.16881557328425
290 26.821684811892784
291 12.849482413539203
292 24.0242609688188
293 40.02550160257067
294 39.903056610432465
295 29.974943763087385
296 28.21115600262171
297 24.30278644872093
298 15.92697367548288
299 26.717191232419793
300 24.402280331560036
301 9.709166312967547
302 -0.1869512072167525
303 11.66436873964382
304 5.092594402611918
305 37.266413295745565
306 32.15874852990308
307 14.09719565659666
308 5.513305067850538
309 4.974261907352064
310 5.823729646643409
311 6.141194142221076
312 41.61400944207395
313 19.82806251139438
314 8.717709165716276
315 7.928246866927828
316 5.24956485589157
317 7.770243677005414
318 28.67159874074691
319 20.429595672197095
320 35.84486369909773
321 3.6052061209912356
322 4.173035219614757
323 15.42649235376338
324 6.014092609231158
325 12.238397772772556
326 15.906763553097797
327 14.016612609702959
328 19.943130908056652
329 23.111440567169783
330 30.3558411447111
331 20.8018408495628
332 23.752299925572643
333 17.39808949767299
334 16.765612574956943
335 7.711456723040011
336 9.502764328457847
337 12.966415116309065
338 9.268121762193081
339 17.726263946049453
340 15.347265478642594
341 16.134418687602516
342 9.519715960253464
343 23.134078172687126
344 16.121152212205136
345 16.175873153675127
346 4.7291401064015615
347 35.54565392822641
348 18.09363144210672
349 45.06770144742612
350 19.698524078071273
351 20.202550343083235
352 0.4067384766611957
353 5.865610710295594
354 14.508492136268547
355 12.154392721325333
356 18.54295224707739
357 9.628768505889472
358 3.6571949291340644
359 12.467243195723501
360 5.723221049347142
361 40.8487335198292
362 16.923149107584663
363 6.559257093236166
364 20.08567856380625
365 4.156390712154026
366 15.665323199785842
367 48.77186478161253
368 45.25711235092483
369 9.957916852767394
370 11.04357050259896
371 7.887742011694264
372 32.45019743578958
373 20.12204001550014
374 5.790862716810973
375 12.017771159953373
376 11.134405465868252
377 37.39522814528885
378 7.660350921380655
379 28.96427284463394
380 22.46182336387247
381 17.36973664400781
382 53.44215479056576
383 21.975930628954693
384 36.3662624180388
385 14.43923411140325
386 51.77477480903718
387 13.015639454434268
388 15.322672990882655
389 29.168039019670523
390 29.934326490746436
391 31.07019228280135
392 33.91633697746767
393 16.578670915931472
394 15.543866218932525
395 39.57301734329826
396 2.775641274566923
397 26.190160078796723
398 28.299107471682348
399 19.949393722418215
400 17.96967459157936
401 21.48949118404513
402 6.973322234946846
403 8.076794981236912
404 14.44813397195163
405 2.0593477503043984
406 3.993142069639938
407 6.748847960808854
408 13.62179193818414
409 4.08109026268707
410 4.135513727184151
411 21.51867238195508
412 4.414769852141549
413 16.243109438558474
414 1.7043426442583436
415 26.97701360066563
416 1.1467150823632775
417 8.386381576736126
418 11.118369919111684
419 3.655321902942343
420 3.7749205677343634
421 18.291700608252835
422 3.682459155515062
423 9.422786507350272
424 8.044997760406318
425 13.07059366004982
426 3.550587344993389
427 10.800269418719301
428 8.33220168492467
429 13.063299783782576
430 8.719756842306422
431 29.014146338692488
432 43.909600763850506
433 8.55441840892696
434 28.29960692292623
435 22.52152681268126
436 5.87935132079622
437 3.8827695385062206
438 19.05407206545223
439 10.531542681845755
440 31.29608217737972
441 12.069581838484734
442 37.822754108798016
443 44.445659221977174
444 29.68395468887449
445 21.597001243376976
446 25.429962492906807
447 19.29271291212108
448 12.565862383765987
449 1.1601366193414453
450 5.984157723717309
451 11.543531577821948
452 21.015826372070926
453 18.01615419902383
454 5.271935269032259
455 2.2714688460211203
456 14.74950365721528
457 34.79118908913077
458 25.537880719346475
459 13.402959689722893
460 4.351945131124097
461 22.35563274262444
462 24.012170643701353
463 18.93366867396217
464 8.806970296881534
465 8.388867491332263
466 4.20567526897579
467 20.213646499761282
468 16.071481895731765
469 3.22556052742274
470 5.478520676009678
471 0.8255557897989894
472 19.030205947850682
473 2.5299538113800084
474 27.226038679252866
475 14.887762601521164
476 3.1687202381024413
477 35.34639601186597
478 28.253608528891814
479 13.598132262672577
480 34.12488275432398
481 15.301108098831374
482 13.223571078619191
483 11.166251508777206
484 53.00355308320796
485 25.66503745743156
486 6.07085435130816
487 7.582604611407329
488 8.722400550818499
489 24.417654802966673
490 17.501666420193306
491 15.00160785062387
492 37.9297664804447
493 33.72816928849539
494 34.3071425669456
495 27.095448383804502
496 4.396914923594096
497 25.5549586280716
498 10.058018837691748
499 0.4403528925454139
500 16.663985339398415
501 -2.082214005031844
evaluations raw_y
1 29.221257183816952
2 48.30537655602633
3 30.6787569858297
4 29.222844684592378
5 25.114724356494897
6 35.763570425081085
7 56.15783147802195
8 45.39725282556844
9 -0.7827740679069315
10 20.787974436961587
11 31.61241695088106
12 22.37178084825157
13 10.01883530795341
14 63.321288546665976
15 6.6343492113337295
16 75.53229982421897
17 55.271031893732015
18 50.722529351951636
19 35.81477963293319
20 40.478599456077575
21 65.93263392744194
22 40.981036037976025
23 41.8847989973172
24 53.56928209851813
25 11.857475334646221
26 63.72877994885026
27 60.009797365272405
28 56.0749358865734
29 48.5059576401427
30 35.14578177836442
31 50.98697474736987
32 55.90209963044219
33 32.80354490219513
34 61.48737028818589
35 26.285492348953277
36 52.123986413830444
37 64.51088502261263
38 62.77415699973766
39 46.86976644222236
40 47.55176128761444
41 64.67169764151264
42 -0.1554742919901857
43 41.054479982932115
44 62.36705138721171
45 21.482250420489834
46 31.38045557520777
47 36.21025704512686
48 56.041621682887666
49 49.643401765876774
50 60.0653382791083
51 15.122265563139418
52 76.98458204275411
53 6.257065103894021
54 67.3220371355894
55 49.46696017186794
56 6.273929990102533
57 44.91563710676569
58 43.23690301998223
59 39.05242256716124
60 25.131765126736003
61 44.560663254200904
62 16.635242979636786
63 41.702448795347436
64 49.180769968493124
65 33.28201596881012
66 39.12769278352273
67 48.42634446917749
68 42.07328609937324
69 56.147855087154284
70 50.457582097638294
71 58.30027507483659
72 58.12478961625264
73 41.31329204555364
74 33.46971796775051
75 31.13788296762311
76 36.239808864975586
77 66.68918707277014
78 32.10004821843646
79 40.38903072017646
80 20.61858559771294
81 21.830273574036195
82 52.590642407639024
83 34.2917791649395
84 11.167090276542298
85 74.12499981887854
86 32.203190113593735
87 57.88643800836745
88 28.979380984685378
89 60.55762280136433
90 64.09929894321668
91 20.679732809524978
92 47.92966330236073
93 43.664407168726036
94 42.98813568657927
95 33.21367293492801
96 20.8782124336933
97 31.74417227885669
98 46.696217648112196
99 44.609858651027025
100 33.66189888865389
101 40.78364037632585
102 2.2784967419981097
103 20.048928436021487
104 18.05294454074044
105 3.653734423969374
106 3.637029410031393
107 19.811173715176437
108 20.162115187386995
109 6.105285282881619
110 7.552274420891333
111 37.126952193198846
112 38.797029560614064
113 21.543896581154343
114 18.25339848283108
115 18.26677713078798
116 49.34852782551483
117 28.71455161013118
118 25.656403859526655
119 17.857826919529344
120 47.54519275295944
121 40.03025078987786
122 21.732584532353695
123 26.824796223298076
124 27.995413921029837
125 45.49699160439083
126 22.3150029492803
127 54.40432691312412
128 44.90899614285522
129 28.177498709919938
130 3.339291227614281
131 41.42841617570227
132 51.748044338121694
133 36.734295056649245
134 2.4566938978208395
135 46.65006329200896
136 54.158065124656005
137 44.49899065072276
138 37.647080495293345
139 37.47958455777687
140 36.65735014367279
141 35.38703805830542
142 37.90941037089347
143 47.17970978674148
144 13.016596522166257
145 36.465176779621984
146 40.678003868903474
147 43.767139832099765
148 50.22985158834099
149 56.87951163345527
150 41.67566187872937
151 35.88360312375337
152 8.875454397907436
153 8.050518197046237
154 37.021267246374606
155 7.870522313423858
156 38.326934889513176
157 27.013390347023318
158 48.05977389821827
159 24.655363719333415
160 20.43918377264081
161 15.313119150719182
162 6.81172971752283
163 26.378623561322552
164 26.290693000081088
165 54.43678162075186
166 17.668989948006153
167 45.77377858519537
168 12.692304902432486
169 29.775518840690427
170 20.97730354295068
171 25.47673687378459
172 23.538450858586426
173 28.274055657893275
174 24.892699650852286
175 34.82845032535567
176 18.67811702642652
177 40.16315942489669
178 58.527501031171795
179 65.47644120986529
180 15.956660217734253
181 50.63574883781595
182 12.419233906967634
183 33.14465177085434
184 6.969468258645865
185 45.97495381938944
186 40.106638627554126
187 49.037545656451286
188 29.840517000976604
189 18.91182429165658
190 24.136299168421182
191 28.489672530493422
192 28.00648253807284
193 40.81163349010257
194 46.272662640161215
195 48.30346205011531
196 21.5849077784151
197 32.77263609393202
198 25.463747459454297
199 46.38399104111204
200 49.98743976500379
201 38.14908738526829
202 23.928116233737477
203 7.232058392798902
204 2.7089116660348487
205 2.5110475777827244
206 14.221256962762528
207 6.270423296151634
208 6.1237567352842035
209 26.718328084188933
210 11.551189151220871
211 7.15614920555957
212 19.87588299807907
213 9.089383366235964
214 33.66868450078237
215 19.42410165495441
216 31.488019762061413
217 10.058792883519885
218 11.261431052236388
219 68.25763466261331
220 50.081317316917314
221 22.614256935390298
222 6.114670280503306
223 17.671227233675662
224 9.393115059525842
225 17.49404552566663
226 20.101791548703343
227 38.8637991834688
228 11.47248204145039
229 16.157819553722376
230 38.58871230399005
231 34.430084647221804
232 12.266644922909585
233 12.357671787134588
234 23.707230479319378
235 20.114243691944317
236 9.825720040942118
237 26.49724813063014
238 24.53254720308631
239 21.84875775634816
240 31.016094712491263
241 38.49445793199724
242 27.450417020102577
243 19.356693186326755
244 21.821664207393834
245 28.98516923648457
246 40.53247032567767
247 29.92094021003243
248 35.100159638830476
249 18.233390731307736
250 14.980330530986317
251 29.95419078018093
252 8.416572225515804
253 25.185006221591344
254 22.057918201144805
255 7.443512024674444
256 6.369099480231588
257 32.4660876974127
258 25.16573653836966
259 17.932873314225773
260 32.9274832231792
261 30.72175317089289
262 20.192478669017728
263 9.585483917228649
264 28.139200678614035
265 26.361629192058842
266 22.46016164274525
267 6.789540738659502
268 0.4178486407898472
269 78.81777300904307
270 37.761644662120005
271 57.52046665216882
272 1.3439891439949472
273 26.812598920694104
274 19.981914249952336
275 42.00934201202477
276 64.5257558150808
277 53.18546179979978
278 23.580931028728802
279 54.53268455223311
280 26.876276689359162
281 38.33372562993781
282 31.779264586948905
283 8.084900267465219
284 21.009103821336844
285 30.966644059257348
286 1.7389410760662543
287 56.10460958634157
288 26.7758947385547
289 6.939556913088879
290 41.61761240118096
291 66.9937999663405
292 38.498010365975325
293 29.851740648412814
294 38.58584012618266
295 52.85312561573167
296 32.425364839128505
297 30.5450562976311
298 32.00152303274541
299 17.2958971666133
300 21.368905485508627
301 27.422555988584715
302 11.894234106059539
303 4.320508143466779
304 14.925585836403101
305 21.24195089577861
306 9.9517275854924
307 29.623120887072616
308 4.794127083874075
309 4.580512179503623
310 5.696714646836235
311 2.4041024383779743
312 16.945007097486712
313 11.26671357229493
314 5.1316474200416495
315 6.884830964681865
316 23.3685669132326
317 26.468253732550643
318 7.1805179539253245
319 4.129917621247383
320 42.26592237978515
321 6.272396585952324
322 18.8231524457565
323 13.723794234254873
324 13.488703161319698
325 10.178633644729251
326 12.788742747857734
327 18.796778785511375
328 18.74740194230623
329 13.97797175341109
330 20.432165451840298
331 16.99324265777171
332 15.376033535373287
333 13.975364645473565
334 27.529021303029555
335 2.5854937057507543
336 22.004376446506924
337 5.370002964773645
338 22.47449600333444
339 19.063434039670156
340 25.91945195322031
341 32.39024148779004
342 26.480124225396676
343 29.22024501564786
344 19.64519156703225
345 31.38976591751434
346 20.196716602643352
347 32.99000747487474
348 16.544636707427408
349 12.609037460449363
350 27.081017560218434
351 33.16081192922157
352 57.45832836030396
353 12.857682460230336
354 24.418394268733753
355 3.680963509975554
356 22.18037744909583
357 30.97601874288148
358 1.2854208375748155
359 19.854200778902666
360 27.22132686184933
361 7.228134151118653
362 38.463047500007114
363 5.080190399884739
364 35.08158726919893
365 3.4328287752192654
366 10.647203520837644
367 21.017734414635473
368 16.8495781053111
369 7.980656282892143
370 36.438519338802415
371 10.437300997348661
372 26.433205183763512
373 18.701913680303406
374 47.78336954178598
375 24.524100344683617
376 11.03826574668022
377 47.5175734118315
378 28.338685386787922
379 28.07905848126933
380 9.603251512860929
381 55.98785105559583
382 16.812901938888793
383 45.667219469935496
384 32.24360162260402
385 5.814937362613274
386 23.2271856136857
387 84.17437209068018
388 9.648086894635298
389 54.999873048648205
390 32.47172028315291
391 39.318887723347444
392 18.251472620920488
393 23.563222276446037
394 20.056803400132825
395 28.34086980612245
396 23.390018805077755
397 7.900411887490366
398 49.115668942441076
399 28.727734523647673
400 79.52437694907745
401 41.03832622854801
402 9.434821685314544
403 -0.2883499602902795
404 7.282754245523149
405 19.759346788214213
406 1.4473062066819107
407 16.106577836598152
408 18.21779146231118
409 27.30862728395212
410 0.2696060310293232
411 -0.3597995623123045
412 26.293534623439708
413 13.347543111073783
414 3.558793722914759
415 0.6366367293865753
416 8.497791096013644
417 5.6226865236444015
418 20.741792848578264
419 48.65905307902527
420 20.812117041908
421 5.05419793500789
422 20.655875965978403
423 9.505145877849433
424 10.220177052307438
425 22.541939561805755
426 26.46059613395601
427 34.34986066346737
428 16.09390176052609
429 33.32202091732502
430 7.042431970864104
431 23.414185351630127
432 12.425099228973206
433 23.115283389669234
434 13.714885651198632
435 21.44600984694211
436 6.824566714395779
437 2.078262081341429
438 4.3493323606968675
439 2.6741220071513405
440 5.504123245526372
441 39.1757682016082
442 10.18606318069615
443 7.634284894987969
444 11.818863701217388
445 12.417582828372986
446 8.569482490251826
447 3.1784092123661765
448 30.19860570035558
449 28.793118401432295
450 22.975914007777025
451 -0.09737900524266507
452 3.784907339752513
453 7.329918178480551
454 23.028868358162924
455 14.862732345648372
456 21.90864508414521
457 2.736718029196229
458 26.001140083766124
459 30.15981525102125
460 23.61008942381598
461 14.732633289198994
462 46.378238776352184
463 28.886024681283267
464 17.11342662928187
465 9.808162171005128
466 35.25787034275977
467 7.4211596695796
468 23.524096016695147
469 4.541386079616172
470 34.65936689457407
471 6.718561074638252
472 24.06321940381152
473 2.8976492623769623
474 18.91409656853569
475 18.04908580986547
476 19.025316384688033
477 50.74426779961796
478 24.01118384414456
479 11.283224768217213
480 6.343376644417404
481 46.66266854202893
482 19.407111624552464
483 33.977182087780065
484 14.663231884837234
485 11.754476036634836
486 22.965208691300568
487 16.912702072619183
488 4.440383740138742
489 7.044544906712926
490 24.068489476159804
491 18.45658366310149
492 43.113408482445706
493 29.540853315500843
494 26.883029101249377
495 24.168739076807437
496 26.63667795188461
497 29.385151992471002
498 38.07654294835879
499 1.529207266250748
500 26.939355165574426
501 4.093539620097278
evaluations raw_y
1 58.20832345063212
2 57.80496363729993
3 71.36896001463508
4 54.92119599007601
5 49.81897439559741
6 42.93028899149221
7 46.9644435572692
8 9.216729831949596
9 33.36596295190559
10 10.323543384192257
11 27.332348480034636
12 32.063144760508266
13 41.59821481929075
14 47.52405868835183
15 49.39751405307264
16 26.067719451197068
17 41.096659350086135
18 39.62233008065927
19 34.718157969705175
20 5.95934439023425
21 38.29179963005851
22 34.86204774826348
23 41.21524466776321
24 52.20876688116164
25 55.90221861668538
26 65.43234715315717
27 17.828431690667685
28 41.39565525157395
29 38.711540974104146
30 49.798119720759985
31 63.16482692827414
32 19.448805977244774
33 34.71631434031143
34 88.5786361332676
35 41.42179336624782
36 26.820364219223613
37 57.96871400798402
38 36.074699026451874
39 44.456121717434606
40 41.110058586091796
41 53.27378202624193
42 22.01545083209713
43 45.516169078776834
44 65.44212587091579
45 48.930534711895255
46 28.24022026258445
47 55.655857730204005
48 54.72550415477924
49 43.298020679195844
50 69.10635692323432
51 50.39869827610408
52 22.677479910883015
53 29.317496366834472
54 16.12903152874582
55 26.857099632184177
56 38.53007744248653
57 9.788358102524008
58 70.43823468933331
59 13.360466983995602
60 39.60693364638064
61 50.95965407789315
62 26.932450308178566
63 43.063259520197974
64 38.109240141234345
65 41.201290226391265
66 59.32160297544074
67 68.5782746393945
68 17.85190367262223
69 50.906772757004354
70 51.827708231066
71 8.88824948720961
72 55.07831916667151
73 18.928885167506962
74 43.793919466196186
75 6.778830571175272
76 31.720065091130987
77 22.954806233772906
78 23.76984332980536
79 48.14054379864103
80 43.66587010371929
81 64.47021957801353
82 43.11496821276862
83 16.533798726370367
84 30.364596150557453
85 24.99960322414979
86 58.32394519184049
87 53.05681060828372
88 30.6124246965566
89 19.542503542494973
90 24.86025315753549
91 48.35927328815783
92 51.635226767311636
93 35.358744724161234
94 25.06918160390175
95 45.781009611447985
96 28.997203401462883
97 42.7465332183942
98 43.15007011661711
99 49.14753526763832
100 22.005359493919073
101 51.277362324938636
102 15.182711244998304
103 10.798206598470315
104 8.14975127722338
105 24.424229263832757
106 33.67172288200571
107 47.69036979240203
108 21.041384043469797
109 49.464095005660674
110 16.639346061796488
111 23.20976821601528
112 14.102547641023103
113 30.295028649956304
114 5.7422458691769815
115 47.5399522358216
116 49.93921302597234
117 38.51956350676729
118 11.127911805528905
119 30.198392905037082
120 26.179577215288724
121 10.555308830892272
122 26.5980057295518
123 10.730845880635268
124 45.02090228070475
125 57.68319002302869
126 8.588977537421114
127 20.619683225564966
128 20.490581241736592
129 45.926950423651604
130 5.081411656383482
131 29.911398033273002
132 51.08125240988416
133 41.74251728673905
134 44.30976203356281
135 49.8571817559762
136 19.614524163324763
137 23.139669195809567
138 22.477187439721085
139 27.861616732276477
140 34.96721285031913
141 37.955553764272274
142 39.10751034994893
143 59.5315219567704
144 58.234484234308894
145 53.90298446843947
146 14.345563631097322
147 37.45063855851927
148 36.61747715620906
149 42.636355242755805
150 29.898588724515104
151 24.74862947381623
152 10.841276632060591
153 17.41260568863606
154 23.47896091868633
155 1.7159237915259973
156 52.62191925125873
157 30.12036425112414
158 19.05734418508231
159 46.894910404928076
160 9.210208429422446
161 41.44406455370559
162 38.89133222467355
163 30.396115916803932
164 50.61598152806088
165 36.657778774364
166 44.40336269140121
167 44.02126684086469
168 10.821233180232536
169 33.73141035479091
170 30.18361092527418
171 51.825242221964416
172 32.91115996754254
173 14.754475905593706
174 16.572350052219285
175 33.5583217206892
176 42.80111121494875
177 27.003941852612165
178 22.17383289304978
179 48.20715393723907
180 60.53310863074477
181 63.434816112058144
182 25.117204739101886
183 44.89320708610573
184 26.724666715959657
185 52.214908377513986
186 19.45909428263699
187 36.403278378419785
188 43.41286598257211
189 21.38859594034933
190 70.68238295360769
191 48.60754765791633
192 46.36159213672931
193 63.477756929042926
194 24.249115450493775
195 36.509335547434624
196 30.218856994839598
197 42.651240621131485
198 34.47275981791969
199 87.43064023284917
200 16.175335092916207
201 33.035009344988765
202 3.562939304877932
203 17.36974319396664
204 21.214057976505135
205 6.379657144809637
206 9.492412768044709
207 14.620696680262958
208 14.531335675280681
209 14.653571502507605
210 9.641906099510935
211 6.208812674414922
212 10.051606206138782
213 18.930391731280167
214 35.7010145247097
215 26.51805744775526
216 41.040933103058364
217 13.313698678217062
218 3.0115427750406814
219 14.731522970841961
220 14.252334396103086
221 23.867313950672276
222 35.7875963630725
223 30.62551313604179
224 30.181129875001933
225 15.764702784659997
226 18.951881001760768
227 5.544458144302967
228 15.832760473589182
229 12.26758361681772
230 14.432553511918375
231 25.364047450704938
232 20.855196239817683
233 19.115561225884523
234 23.92788845319113
235 39.71251588477521
236 68.41830640234986
237 3.2447423284922507
238 22.049128906436902
239 41.646591530979535
240 25.827498586235322
241 16.974516042784813
242 17.18969467218365
243 8.617036738357257
244 25.969136655089066
245 22.547384396576057
246 23.772737450628533
247 12.11741271029037
248 25.39131242280439
249 54.12224290445466
250 23.992829105654852
251 34.50070496812433
252 27.81509111807894
253 4.4415335373869596
254 32.45240191763438
255 19.09585540200399
256 16.458965093270603
257 17.24830358610114
258 35.927150797769215
259 44.66159859833165
260 34.40291067885049
261 38.616742673671524
262 15.83133877857211
263 5.334679445458653
264 56.75023523184372
265 21.085339428232707
266 36.244903706833945
267 15.869935188107426
268 7.694776796358571
269 22.88519007127988
270 24.13146372776988
271 25.51838895896779
272 45.2273121297621
273 36.287737630243285
274 9.489835359631524
275 60.4805522849495
276 26.136995725781944
277 3.531445401555941
278 43.717312120531254
279 44.246741866465705
280 12.568123368085764
281 19.326412492293972
282 52.67125337910855
283 23.27589085911354
284 20.46444650474532
285 22.031822441090906
286 63.661036448716644
287 5.72039569353042
288 52.941055003624065
289 17.347474036664387
290 28.61215706738968
291 64.73149748520359
292 14.853202993894062
293 11.205799833928632
294 33.81552089289313
295 35.388759573896635
296 28.696642562064724
297 16.885565156920958
298 15.906699897184621
299 62.63574571481951
300 47.999639043015975
301 46.097753770019914
302 5.004836841173194
303 5.386431880216313
304 21.60608604728023
305 5.790814288081781
306 20.679203329094285
307 6.118985928878245
308 13.079857691416866
309 4.591731922064088
310 42.74562275166997
311 13.034129569569378
312 17.23099274091245
313 11.543664347702563
314 43.46215646466043
315 7.541401195336164
316 14.680085421583351
317 27.301739612817475
318 4.312689526939874
319 15.747789355460254
320 15.360977250779747
321 21.499534449143944
322 15.060715121966307
323 24.534865695935064
324 12.310061185700048
325 9.362177045642111
326 11.419639748796921
327 21.00540869066764
328 12.860911908898553
329 31.518843416820538
330 26.054397958861546
331 16.015370644200853
332 12.24036227458997
333 16.125172516679324
334 31.752703822705787
335 16.87822072785365
336 16.240174643795484
337 8.55286566056432
338 49.35991618318556
339 16.392886582957054
340 23.79900351799294
341 23.199141019440837
342 34.447392650498486
343 25.986379284739378
344 15.515615125904436
345 22.264268192330928
346 42.491828725046666
347 14.041156887777584
348 44.82675082287063
349 8.647073828248526
350 24.565904385685077
351 16.137848414733686
352 28.747056834955693
353 19.32583299733069
354 19.978336452988728
355 5.246552409529079
356 24.496011872993154
357 23.38732294453925
358 9.244729659143529
359 11.052374896289862
360 46.853875193935494
361 13.284230622037624
362 6.664323206251645
363 55.45666617175208
364 21.749256533253572
365 18.132112432229654
366 7.773123937861092
367 55.09406244765426
368 8.34268471093731
369 15.888220514380802
370 17.272501559431312
371 30.73933873377258
372 13.767011217791946
373 30.74465767268891
374 10.919338391049491
375 12.829610173100647
376 34.74306284542235
377 22.10346995887864
378 33.937976965363475
379 26.685802503248112
380 46.032218693089966
381 20.935515118523256
382 6.203003430571051
383 62.38148002191994
384 27.076180881633007
385 27.901376503758843
386 44.717188340073214
387 5.7699681403479754
388 15.939065632643366
389 35.022524382950884
390 18.719097131361522
391 41.28011722933078
392 57.89089649631375
393 16.357958036457205
394 7.427192969650267
395 46.51220585729427
396 27.738020277818126
397 17.83647187041394
398 27.113854365720194
399 24.456630134954935
400 12.330222240433464
401 38.714494770184494
402 2.409294439024788
403 2.358133620473679
404 5.258507595572764
405 6.388704091166005
406 16.79427104363984
407 4.693373706862434
408 9.877024154653174
409 4.445261903547988
410 5.958890581956817
411 5.135999510596948
412 6.319035079423584
413 6.155509857300068
414 7.932191942898273
415 10.880583269865836
416 4.881256102627953
417 7.305986564957507
418 14.084711572338396
419 13.252367290522384
420 27.11630148194406
421 10.054337226607569
422 4.6993205543876435
423 27.913700407267996
424 20.748939080347732
425 11.414957870308198
426 20.036601119407734
427 28.451216059159357
428 56.80567185086083
429 25.206649735397356
430 8.035961303289259
431 5.847455049661385
432 18.38134971919456
433 18.09118715836977
434 4.4102421279409665
435 11.870879560746161
436 22.829295091758404
437 5.333426428064239
438 18.127770077782323
439 26.202044294418414
440 4.893641345020216
441 4.582609929298346
442 4.017711662626691
443 7.546853916019366
444 16.78785710440328
445 30.28053550720934
446 23.97032943737785
447 9.792635146095602
448 9.502567603310453
449 35.888601374618
450 17.03837419978202
451 18.160059787039877
452 6.608948136629657
453 42.85260799892904
454 10.871998793777944
455 20.99651734176501
456 4.076047695292624
457 1.1441506646970065
458 41.2055432003223
459 8.960961551622926
460 16.18894908169159
461 10.08024060704096
462 13.601274514322755
463 21.055476009611606
464 2.5757853314401835
465 1.1398272123418103
466 10.148734776047892
467 29.433512666314808
468 4.261128716012508
469 68.7594904256848
470 8.153071265268089
471 46.300718388769894
472 8.497355863855528
473 28.426165175589468
474 19.70773554252291
475 35.29029051067485
476 25.918068472279803
477 14.036602997864243
478 24.763187946751472
479 13.272476613661784
480 43.14079614186379
481 6.599421454849577
482 16.152974924587845
483 14.355374952986258
484 7.249437350158152
485 11.957440226553313
486 7.2402343998135805
487 6.635259764056585
488 15.30172313480049
489 16.556921371409643
490 8.101171935205109
491 25.19838948779808
492 17.407026473033856
493 7.4252617401457925
494 39.32222881684788
495 25.58219884885385
496 19.93405539466598
497 6.422895280437097
498 8.85477315242265
499 19.792025551226335
500 14.582118186823664
501 16.01831161635249
