evaluations raw_y
1 -31.25184843213893
2 32.48755191730892
3 9.002229772530264
4 22.18793791496038
5 17.325578930421905
6 12.757515594609806
7 63.62968300396351
8 3.5260535053617037
9 20.38412689033742
10 33.68752358995398
11 -6.782706828493055
12 7.37663265293729
13 14.034952531607994
14 3.2621903263574077
15 9.44468959328761
16 -7.8782766272515765
17 -21.3553577378472
18 -1.1165172978527487
19 -26.31191204373887
20 -26.16859516623753
21 -31.017819946901433
22 -25.785132206691863
23 -29.63592142413902
24 -27.65778692203323
25 -29.979215860518718
26 -31.03668716578039
27 -29.369678726096172
28 -30.728588065834757
29 -30.504007605403515
30 -31.30677413968764
31 -30.002235148922857
32 -30.470211553099887
33 -30.31769329641382
34 -30.55063113065119
35 -30.768761982157315
36 -31.064844491410803
37 -30.979782880538483
38 -31.442792483344384
39 -31.586799492661832
40 -30.495508312364855
41 -29.50680619616466
42 -29.988070521310185
43 -31.653937823067203
44 -26.361642881534813
45 -30.437700327021734
46 -30.346612613795386
47 -31.897116119022773
48 -27.75567311811718
49 -31.73167951666172
50 -28.96382441182534
51 -30.094458323038303
52 -32.007247025191745
53 -31.301987539767648
54 -29.436054819314784
55 -31.022497420584212
56 -30.785877353374175
57 -31.41995762448756
58 -31.753531909984595
59 -32.049056016950615
60 -30.23828154118691
61 -31.458366631964722
62 -31.899700515244835
63 -32.020062892629824
64 -31.731344856351622
65 -31.394207520806127
66 -32.126651063845785
67 -31.846386330900778
68 -31.67157145354265
69 -31.633026097933783
70 -32.16258938103519
71 -31.17281626198982
72 -31.255926452781527
73 -31.46206107230651
74 -32.135260215644884
75 -32.01895763451903
76 -31.9819202454716
77 -32.08452130696091
78 -32.146740593618304
79 -32.117482362298915
80 -32.09350256746183
81 -32.15876600704119
82 -32.15685700103185
83 -32.126487333730516
84 -32.12672723434305
85 -32.16649247533038
86 -32.13996987815762
87 -32.14395053626497
88 -32.15520789056315
89 -32.15530369193101
90 -32.16208191711302
91 -32.16821846973138
92 -32.15844259272862
93 -32.15471614158764
94 -32.162882812857625
95 -32.17224818214642
96 -32.158619833622346
97 -32.16277694794463
98 -32.16366811030457
99 -32.13121296538699
100 -32.177557474162576
101 -32.13878368069986
102 -32.17013817155001
103 -32.18732348858654
104 -32.12100661262094
105 -32.1621606927261
106 -32.14513102217457
107 -32.163410558115416
108 -32.17441227137924
109 -32.18969819801778
110 -32.17947842411257
111 -32.18643651115621
112 -32.18823043645749
113 -32.1709569884381
114 -32.17907106883968
115 -32.189319273975336
116 -32.16861429288903
117 -32.18382427174569
118 -32.192988642550276
119 -32.19036257844612
120 -32.1828635757072
121 -32.18155614136296
122 -32.19197178264942
123 -32.193034194378185
124 -32.17664700041679
125 -32.180399792610295
126 -32.1968828088812
127 -32.19329959892416
128 -32.18732876659617
129 -32.19671248042542
130 -32.19093994120712
131 -32.19246145209105
132 -32.196260596765015
133 -32.194934249163296
134 -32.19329868262376
135 -32.19736688754182
136 -32.195311401483934
137 -32.19027335427335
138 -32.194361783701325
139 -32.19656381511129
140 -32.19586437969021
141 -32.19699622654594
142 -32.19621645929695
143 -32.19611842372907
144 -32.196495453645696
145 -32.196504834495194
146 -32.19748296437898
147 -32.197213977485916
148 -32.19723635688838
149 -32.19731802942379
150 -32.19686266184432
151 -32.19801347291134
152 -32.1968614864365
153 -32.197459813462785
154 -32.19808567186975
155 -32.19754319863145
156 -32.19749187577132
157 -32.198072527174766
158 -32.19776308779176
159 -32.19779990800794
160 -32.19729907161336
161 -32.197794045124944
162 -32.198190558015035
163 -32.19812536935822
164 -32.1978820566439
165 -32.19826107218344
166 -32.19677754255141
167 -32.19735842698786
168 -32.19798638823177
169 -32.19806596841796
170 -32.198218313656156
171 -32.198035936072635
172 -32.19841992763581
173 -32.19835604042957
174 -32.19822972459512
175 -32.19832111775572
176 -32.19831306906798
177 -32.19827972657307
178 -32.19815056776591
179 -32.198314134950294
180 -32.198342280170095
181 -32.198395844569795
182 -32.198426794252185
183 -32.19839227761175
184 -32.198375205801774
185 -32.19838955663522
186 -32.198375058081766
187 -32.198387386051024
188 -32.19837102731593
189 -32.198417841804265
190 -32.198435183869286
191 -32.198414954968385
192 -32.198451929479766
193 -32.19834531304184
194 -32.19840980599409
195 -32.19844734678293
196 -32.19841391264727
197 -32.1984475878943
198 -32.19845430655132
199 -32.198374218635465
200 -32.19847543311248
201 -32.19841050854316
202 -32.19839830671466
203 -32.19841322558392
204 -32.19845828491151
205 -32.19844305514113
206 -32.19842305147347
207 -32.19845615885706
208 -32.198477971435494
209 -32.19843754763147
210 -32.19846832758999
211 -32.198439653531686
212 -32.19847005371257
213 -32.198463608642356
214 -32.198473740559834
215 -32.19847726876659
216 -32.198480334948016
217 -32.1984745564691
218 -32.19845947110617
219 -32.19847677781895
220 -32.19847806094337
221 -32.19847251681175
222 -32.19847744863892
223 -32.198480884509316
224 -32.19847293882202
225 -32.198476535436065
226 -32.19847895091894
227 -32.19847814334513
228 -32.19848010265783
229 -32.19848069878552
230 -32.198480086201876
231 -32.198479644069955
232 -32.19847994699272
233 -32.198480880683256
234 -32.19848096542009
235 -32.198480986973195
236 -32.198476270533256
237 -32.19848022468339
238 -32.198479150124456
239 -32.19847947671703
240 -32.19847954967039
241 -32.198480829618575
242 -32.198480507441474
243 -32.19848062511288
244 -32.19848089817551
245 -32.19848091359234
246 -32.19848071747712
247 -32.19848096381793
248 -32.19848107413914
249 -32.19848088438638
250 -32.19848076546163
251 -32.19848122779455
252 -32.19848067700721
253 -32.19848090207477
254 -32.198480790477426
255 -32.198481132199355
256 -32.198481203463714
257 -32.198481141520396
258 -32.1984812262346
259 -32.19848130024309
260 -32.19848125407047
261 -32.19848128316856
262 -32.19848114539615
263 -32.19848128968424
264 -32.1984812886509
265 -32.19848126261825
266 -32.19848128893034
267 -32.1984812500176
268 -32.19848129328204
269 -32.19848130479422
270 -32.19848130620237
271 -32.19848118072251
272 -32.198481222496426
273 -32.19848127133375
274 -32.19848126914664
275 -32.19848130040367
276 -32.19848131974058
277 -32.19848125516336
278 -32.198481217487945
279 -32.198481252166815
280 -32.19848128844117
281 -32.19848130277713
282 -32.198481311510875
283 -32.19848131787792
284 -32.198481318417876
285 -32.19848131384468
286 -32.19848132022624
287 -32.19848130152921
288 -32.198481322506176
289 -32.198481309862714
290 -32.1984813054872
291 -32.19848128055056
292 -32.19848130296221
293 -32.19848132039799
294 -32.19848132357784
295 -32.19848130926398
296 -32.19848131919794
297 -32.19848130459642
298 -32.19848132626304
299 -32.198481273819645
300 -32.19848127623332
301 -32.19848129910167
302 -32.19848132504751
303 -32.1984813145059
304 -32.19848132142338
305 -32.198481320739916
306 -32.1984813294005
307 -32.19848131843368
308 -32.19848133091816
309 -32.19848127792484
310 -32.19848131410976
311 -32.19848131609618
312 -32.19848132934272
313 -32.19848132318065
314 -32.19848132406841
315 -32.19848132977606
316 -32.198481330381306
317 -32.19848132978152
318 -32.19848133205663
319 -32.19848133056934
320 -32.19848133052108
321 -32.19848133145152
322 -32.19848133088671
323 -32.19848133086432
324 -32.19848133190925
325 -32.19848133227191
326 -32.198481327818186
327 -32.198481331750166
328 -32.19848133071012
329 -32.19848133101946
330 -32.1984813315387
331 -32.19848133186977
332 -32.198481332394564
333 -32.198481329063625
334 -32.198481332296915
335 -32.19848133156124
336 -32.198481330835094
337 -32.19848133224531
338 -32.19848133213171
339 -32.19848133206182
340 -32.19848133191586
341 -32.19848133232171
342 -32.19848133226123
343 -32.19848133241297
344 -32.19848133194385
345 -32.19848133237079
346 -32.198481332415525
347 -32.19848133226304
348 -32.198481332138314
349 -32.19848133234702
350 -32.198481332084505
351 -32.19848133223061
352 -32.19848133244858
353 -32.19848133238999
354 -32.19848133221137
355 -32.19848133226016
356 -32.198481332336556
357 -32.19848133243127
358 -32.198481332415824
359 -32.19848133248646
360 -32.19848133238973
361 -32.198481332297256
362 -32.198481332386294
363 -32.19848133247183
364 -32.198481332521325
365 -32.19848133234895
366 -32.198481332386834
367 -32.198481332502766
368 -32.19848133252974
369 -32.198481332372616
370 -32.19848133247851
371 -32.19848133236477
372 -32.19848133243725
373 -32.19848133244139
374 -32.19848133252953
375 -32.19848133251332
376 -32.19848133246603
377 -32.19848133251445
378 -32.198481332531244
379 -32.198481332516025
380 -32.198481332493756
381 -32.19848133251731
382 -32.198481332523585
383 -32.19848133253041
384 -32.19848133252872
385 -32.19848133252528
386 -32.19848133252417
387 -32.1984813325234
388 -32.19848133252259
389 -32.198481332529845
390 -32.19848133251977
391 -32.19848133252874
392 -32.19848133252863
393 -32.1984813325314
394 -32.19848133253159
395 -32.19848133253516
396 -32.19848133253162
397 -32.198481332533966
398 -32.198481332501416
399 -32.19848133255543
400 -32.19848133252308
401 -32.19848133252985
402 -32.19848133254952
403 -32.198481332541405
404 -32.19848133254531
405 -32.19848133254738
406 -32.198481332552674
407 -32.19848133255913
408 -32.19848133254666
409 -32.19848133255742
410 -32.19848133255653
411 -32.1984813325603
412 -32.198481332558586
413 -32.19848133255208
414 -32.19848133255492
415 -32.19848133255451
416 -32.19848133256373
417 -32.19848133256285
418 -32.198481332568186
419 -32.198481332553484
420 -32.19848133254577
421 -32.19848133255254
422 -32.1984813325659
423 -32.19848133256539
424 -32.19848133255814
425 -32.198481332565336
426 -32.198481332564896
427 -32.19848133256582
428 -32.19848133256642
429 -32.19848133256751
430 -32.19848133256767
431 -32.19848133256776
432 -32.19848133256807
433 -32.198481332567866
434 -32.19848133256805
435 -32.19848133256794
436 -32.19848133256826
437 -32.198481332567766
438 -32.19848133256781
439 -32.19848133256789
440 -32.19848133256825
441 -32.19848133256826
442 -32.19848133256827
443 -32.198481332567724
444 -32.19848133256785
445 -32.19848133256802
446 -32.19848133256824
447 -32.19848133256819
448 -32.19848133256812
449 -32.19848133256818
450 -32.19848133256821
451 -32.198481332568164
452 -32.198481332568235
453 -32.198481332568306
454 -32.1984813325682
455 -32.19848133256832
456 -32.19848133256802
457 -32.19848133256835
458 -32.198481332567795
459 -32.198481332567994
460 -32.198481332568406
461 -32.198481332568264
462 -32.19848133256862
463 -32.19848133256733
464 -32.19848133256816
465 -32.19848133256849
466 -32.19848133256677
467 -32.19848133256814
468 -32.198481332568264
469 -32.19848133256855
470 -32.19848133256845
471 -32.198481332568605
472 -32.19848133256861
473 -32.1984813325686
474 -32.19848133256857
475 -32.19848133256859
476 -32.19848133256862
477 -32.19848133256858
478 -32.19848133256863
479 -32.19848133256857
480 -32.19848133256862
481 -32.198481332568655
482 -32.19848133256855
483 -32.19848133256862
484 -32.198481332568605
485 -32.19848133256865
486 -32.19848133256866
487 -32.19848133256863
488 -32.19848133256857
489 -32.19848133256868
490 -32.19848133256845
491 -32.19848133256856
492 -32.19848133256865
493 -32.19848133256865
494 -32.1984813325686
495 -32.19848133256867
496 -32.198481332568655
497 -32.198481332568676
498 -32.19848133256865
499 -32.19848133256868
500 -32.198481332568655
evaluations raw_y
1 -31.25184843213893
2 34.97651920591522
3 -5.218643764158479
4 -8.149964256984788
5 14.445824210515001
6 18.133139981773393
7 11.098554490173626
8 9.761769649742194
9 20.01235386360186
10 25.409304641553476
11 34.13654206288102
12 2.107291467506612
13 1.375092180990901
14 -8.927002040540224
15 -17.19181013626832
16 -6.128745090934109
17 -13.574473887036723
18 -17.63422684730638
19 0.9340445160073045
20 -26.051053040610867
21 -23.82965802578991
22 -28.0504218207963
23 -29.43339733634909
24 -25.770820413970217
25 -31.24377384491326
26 -30.241588852808867
27 -28.834574599035463
28 -31.425966693920856
29 -31.33862097541403
30 -29.62211693226675
31 -31.719472170194138
32 -28.404494153687278
33 -29.768743178674267
34 -30.6261671782418
35 -30.430556245295456
36 -30.789132451744425
37 -31.761474323394324
38 -29.92693736287412
39 -30.77304919306154
40 -30.449453035080925
41 -31.470125212397146
42 -31.84893619070496
43 -31.10872060382967
44 -31.62180212866653
45 -31.037062349712674
46 -30.90994054610703
47 -31.773023037125405
48 -31.848069972257967
49 -31.57149438502224
50 -32.01084824930798
51 -31.692946145022283
52 -31.62126752373255
53 -31.035479976474747
54 -31.42272193204183
55 -31.44114931127592
56 -31.927360268005426
57 -31.774316193511623
58 -31.93150957658165
59 -32.065094718176596
60 -31.648043086607384
61 -31.665028150641316
62 -32.00408716429634
63 -32.121124552184575
64 -31.699590388286694
65 -31.948337477445527
66 -31.882582820363595
67 -32.05265243771876
68 -31.743599237342686
69 -32.09086477323392
70 -32.02166764579674
71 -32.13406745579478
72 -31.989644189117524
73 -32.109544198448496
74 -32.11683610287442
75 -32.098503269922844
76 -32.12473403506452
77 -32.127967548886794
78 -32.03775863906452
79 -32.130581843227134
80 -32.12704910903486
81 -32.13020412337194
82 -32.14310431957668
83 -32.093443703817506
84 -32.13534151450008
85 -32.14383962839952
86 -32.16192285865265
87 -32.016278140929515
88 -32.11495660868541
89 -32.11253747215492
90 -32.156756422903854
91 -32.0876007482006
92 -32.159100066416336
93 -32.17465838625623
94 -32.08394295395981
95 -32.14519354132333
96 -32.1179268539034
97 -32.144554144301566
98 -32.17770999771914
99 -32.10901709112537
100 -32.15336997891152
101 -32.124565239805726
102 -32.13387026070275
103 -32.189894870130544
104 -32.156699795814646
105 -32.17033095671306
106 -32.16941857595101
107 -32.189534315800586
108 -32.177048827543345
109 -32.183487191005796
110 -32.18312014789565
111 -32.17179371636064
112 -32.18800761092365
113 -32.18630807158706
114 -32.189009948875636
115 -32.1901412065849
116 -32.179684447832706
117 -32.185886980634
118 -32.18932488072879
119 -32.19088223850861
120 -32.184918729755246
121 -32.19737418456624
122 -32.18480199814849
123 -32.19601303630432
124 -32.18840457353911
125 -32.192927983655245
126 -32.19227139619426
127 -32.19458527255692
128 -32.19680290007953
129 -32.19705021615823
130 -32.1971008732532
131 -32.19611060091391
132 -32.197598783008324
133 -32.19410908722727
134 -32.1966426092047
135 -32.195858755891656
136 -32.197919678818046
137 -32.188503268830615
138 -32.19602449390999
139 -32.19597915760981
140 -32.19604548274772
141 -32.196988113186336
142 -32.19744831253515
143 -32.19688151055183
144 -32.197502342964604
145 -32.19815346170141
146 -32.19598199763403
147 -32.19766354532236
148 -32.19792981563267
149 -32.19791108392126
150 -32.197901164030895
151 -32.198186086219714
152 -32.198291977440114
153 -32.19821973175612
154 -32.196923168168425
155 -32.19755930345751
156 -32.19779417486914
157 -32.19789916707399
158 -32.198284696033234
159 -32.19832246550448
160 -32.19804674287637
161 -32.19820076326585
162 -32.1977130018423
163 -32.19816121470626
164 -32.19827614180997
165 -32.19828987545911
166 -32.19829561824372
167 -32.1983598263604
168 -32.19827510489118
169 -32.19834412976019
170 -32.198202291808244
171 -32.19829905815026
172 -32.19831910853117
173 -32.19835690067954
174 -32.19836382338458
175 -32.19819451080074
176 -32.19816601172687
177 -32.198192466468896
178 -32.198249897150006
179 -32.19826606881368
180 -32.19819462310484
181 -32.19836494296028
182 -32.19818349700956
183 -32.198312417087315
184 -32.1984090713906
185 -32.197821053259304
186 -32.1984046557114
187 -32.19831576786414
188 -32.198310180665196
189 -32.19834116852243
190 -32.19833844187333
191 -32.19832738700109
192 -32.198408494139
193 -32.198414932196215
194 -32.19834718050632
195 -32.198305232780115
196 -32.198414035012625
197 -32.19838181635505
198 -32.198390173828585
199 -32.198366857527446
200 -32.19843762040972
201 -32.198412352784565
202 -32.198406476216746
203 -32.19844676471324
204 -32.19841671363219
205 -32.198434129455165
206 -32.19843071814002
207 -32.198462937099244
208 -32.19842812005578
209 -32.198440463507275
210 -32.1984251793189
211 -32.19840722072815
212 -32.198457167878644
213 -32.19844285487909
214 -32.19843655365104
215 -32.19845577706911
216 -32.19846225582345
217 -32.19845918331581
218 -32.19846850539373
219 -32.198453858761354
220 -32.19846911033201
221 -32.198411351898606
222 -32.19845560522554
223 -32.19845009022926
224 -32.198466637326455
225 -32.19845906945374
226 -32.198470423818385
227 -32.198471993233916
228 -32.19843485402753
229 -32.1984421992708
230 -32.198456968784036
231 -32.19840254558663
232 -32.1984466137196
233 -32.19845668054333
234 -32.19847464923421
235 -32.19844308466731
236 -32.19847544754764
237 -32.19839585047416
238 -32.19844878889043
239 -32.19838732351025
240 -32.198430564374206
241 -32.19846342924965
242 -32.198471174517636
243 -32.19846306307525
244 -32.19846203031156
245 -32.19847023434107
246 -32.198473368354016
247 -32.1984705959775
248 -32.19847527752267
249 -32.19847703530783
250 -32.198475367310415
251 -32.198473344245876
252 -32.19847863997609
253 -32.19847111020849
254 -32.198474027692704
255 -32.198473245499166
256 -32.198473376999026
257 -32.19847591626977
258 -32.19847953950156
259 -32.198471365038614
260 -32.19847855699423
261 -32.19846066468879
262 -32.19847852425865
263 -32.1984778459146
264 -32.19847764038062
265 -32.198476856463785
266 -32.19848103991174
267 -32.1984773239634
268 -32.19847989802624
269 -32.198480036997424
270 -32.19847877958111
271 -32.19847998350987
272 -32.198480283236734
273 -32.198480923337286
274 -32.19848087639289
275 -32.19848047237733
276 -32.19848102120315
277 -32.198481030716906
278 -32.19848061726763
279 -32.19848101615018
280 -32.198480979616235
281 -32.19848105875543
282 -32.198481061997185
283 -32.19848078811397
284 -32.198480405974266
285 -32.1984810525401
286 -32.19848099335742
287 -32.19848106487671
288 -32.198480209481644
289 -32.19848083769568
290 -32.198480868906834
291 -32.198481019901784
292 -32.198481076336236
293 -32.19848119898844
294 -32.19847916796422
295 -32.19847947544385
296 -32.19848120888066
297 -32.19848051173046
298 -32.19848010652969
299 -32.19848007200642
300 -32.19848102680483
301 -32.198480434010875
302 -32.19848095995067
303 -32.198480900114205
304 -32.19848093375019
305 -32.198481129665424
306 -32.19848126184371
307 -32.19848109338129
308 -32.19848100088042
309 -32.19848120753077
310 -32.198481198141735
311 -32.19848131651975
312 -32.198481144776196
313 -32.19848123993592
314 -32.19848120686682
315 -32.198481187328326
316 -32.19848127792992
317 -32.19848124024502
318 -32.198481265016554
319 -32.19848130705752
320 -32.19848129459375
321 -32.198481314120954
322 -32.198481325023266
323 -32.198481289337266
324 -32.19848128633917
325 -32.19848132072472
326 -32.19848129760707
327 -32.1984813035771
328 -32.19848130806353
329 -32.19848132410798
330 -32.198481328164426
331 -32.19848128581909
332 -32.1984813179656
333 -32.19848133108071
334 -32.19848128844099
335 -32.198481315005026
336 -32.19848131802165
337 -32.19848130828193
338 -32.19848132875914
339 -32.19848132971219
340 -32.19848132880793
341 -32.19848133006373
342 -32.198481330564505
343 -32.198481330457646
344 -32.198481331113484
345 -32.198481323216036
346 -32.19848133016419
347 -32.19848133096699
348 -32.198481331799236
349 -32.19848132907178
350 -32.198481327747984
351 -32.19848133034175
352 -32.1984813318229
353 -32.198481324213525
354 -32.19848132379283
355 -32.1984813223863
356 -32.198481328122845
357 -32.19848133020122
358 -32.19848132980925
359 -32.19848133193308
360 -32.198481329581305
361 -32.198481323569325
362 -32.19848132548756
363 -32.198481331824425
364 -32.19848133091086
365 -32.19848133235898
366 -32.198481330343924
367 -32.19848133054302
368 -32.19848132960165
369 -32.198481331684384
370 -32.19848133220145
371 -32.198481331815564
372 -32.19848133238848
373 -32.19848133086015
374 -32.19848133150824
375 -32.19848133200529
376 -32.19848133216387
377 -32.19848133164772
378 -32.198481332165706
379 -32.19848133233664
380 -32.19848133231954
381 -32.198481332256165
382 -32.198481332347356
383 -32.19848133233508
384 -32.1984813324206
385 -32.19848133226749
386 -32.19848133245342
387 -32.19848133182669
388 -32.19848133209728
389 -32.19848133229856
390 -32.19848133237774
391 -32.198481332379814
392 -32.19848133233724
393 -32.19848133241118
394 -32.198481332420776
395 -32.19848133247892
396 -32.198481332504116
397 -32.19848133176916
398 -32.19848133239935
399 -32.19848133237919
400 -32.19848133224097
401 -32.19848133248208
402 -32.198481332483965
403 -32.19848133244409
404 -32.198481332481634
405 -32.19848133251567
406 -32.19848133238379
407 -32.1984813324937
408 -32.198481332520856
409 -32.19848133244309
410 -32.19848133254266
411 -32.19848133219179
412 -32.1984813321341
413 -32.198481332263164
414 -32.19848133249944
415 -32.19848133247885
416 -32.1984813324873
417 -32.19848133251772
418 -32.19848133252217
419 -32.19848133251632
420 -32.198481332493486
421 -32.19848133253812
422 -32.198481332541746
423 -32.198481332521844
424 -32.19848133255723
425 -32.19848133255239
426 -32.19848133255052
427 -32.19848133254189
428 -32.198481332556966
429 -32.19848133254462
430 -32.19848133255582
431 -32.19848133255254
432 -32.198481332556966
433 -32.19848133255732
434 -32.19848133255771
435 -32.198481332527
436 -32.19848133253306
437 -32.19848133255183
438 -32.19848133255807
439 -32.198481332477456
440 -32.19848133255203
441 -32.19848133255634
442 -32.19848133253823
443 -32.19848133255886
444 -32.19848133255266
445 -32.19848133254011
446 -32.198481332507775
447 -32.19848133255145
448 -32.1984813325588
449 -32.19848133256493
450 -32.19848133255656
451 -32.1984813325495
452 -32.19848133255587
453 -32.198481332558885
454 -32.19848133255664
455 -32.198481332559105
456 -32.19848133256022
457 -32.19848133255961
458 -32.19848133256198
459 -32.19848133256401
460 -32.19848133256241
461 -32.198481332563986
462 -32.19848133256565
463 -32.19848133256704
464 -32.19848133255711
465 -32.19848133256436
466 -32.19848133256659
467 -32.198481332566985
468 -32.19848133256625
469 -32.198481332564484
470 -32.198481332565784
471 -32.19848133256718
472 -32.19848133256614
473 -32.19848133256304
474 -32.1984813325657
475 -32.19848133256599
476 -32.1984813325672
477 -32.1984813325675
478 -32.198481332561784
479 -32.198481332566416
480 -32.198481332566786
481 -32.19848133256818
482 -32.198481332564015
483 -32.19848133256666
484 -32.198481332566715
485 -32.19848133256384
486 -32.19848133256828
487 -32.198481332564015
488 -32.198481332561734
489 -32.1984813325636
490 -32.19848133256484
491 -32.19848133256564
492 -32.19848133256623
493 -32.19848133256568
494 -32.19848133256635
495 -32.19848133256817
496 -32.19848133256806
497 -32.19848133256784
498 -32.198481332568505
499 -32.19848133256747
500 -32.198481332568306
evaluations raw_y
1 -31.25184843213893
2 35.03004113925628
3 63.94760467286428
4 2.5101429217348006
5 36.969433725043025
6 29.608778652100256
7 8.402709262158721
8 10.56004474093265
9 26.377557858106705
10 2.270197108492841
11 -7.413568896811096
12 -14.039484335625815
13 -5.348158906887086
14 -0.4181179945790465
15 -2.965872887361277
16 -29.423912439257464
17 -21.78758804911906
18 -24.32238373090999
19 -20.124218276688914
20 -22.837793476709184
21 -26.35859838826073
22 -29.711156994688942
23 -27.46127799668753
24 -31.125213937752672
25 -30.829959060351555
26 -29.501689439800167
27 -30.514952213995862
28 -31.201560046016084
29 -30.699465205245925
30 -31.344368423728056
31 -30.345402812300172
32 -30.58720676319627
33 -31.362078630145568
34 -30.78255673374206
35 -30.60198246353303
36 -30.800269949123667
37 -30.6965770511557
38 -30.770266169060726
39 -30.468509060678073
40 -31.103366702333883
41 -31.256911351652967
42 -31.433509607002392
43 -31.748469197618867
44 -31.02138581787043
45 -30.756370720667626
46 -31.803787967305787
47 -30.11717215157281
48 -29.37964673015936
49 -26.92301164038665
50 -31.455671735550474
51 -31.94083568622445
52 -29.275587591362456
53 -28.60973080133431
54 -31.274898613641508
55 -30.74878429897836
56 -31.712730207208434
57 -31.875963472930778
58 -31.822578684339366
59 -31.622171475353998
60 -31.557125381561058
61 -31.62301318245494
62 -32.12303547735086
63 -31.016591241897476
64 -32.10905547690046
65 -31.91815710174012
66 -31.712586638235212
67 -32.06415225007847
68 -32.06202515972505
69 -32.00193174249903
70 -32.07300663536621
71 -32.084897204447614
72 -32.08048691227765
73 -32.125931843002135
74 -32.066215601275815
75 -32.134833847957054
76 -31.807221882235996
77 -32.05807368409513
78 -32.147223147194495
79 -31.787529509519093
80 -32.03917384853659
81 -32.05362231094211
82 -32.1684181046454
83 -32.15707123885364
84 -31.506069910140866
85 -32.049870380317216
86 -32.08002144129565
87 -32.05386614827823
88 -32.061284640870525
89 -31.997287766424602
90 -32.18537213124331
91 -32.09794818769945
92 -32.02073133713809
93 -32.14794759982772
94 -32.15221206717337
95 -32.12973052709551
96 -32.18180893159995
97 -32.17931059518703
98 -32.16405935317342
99 -32.18523931826901
100 -32.18691460906719
101 -32.16779766703264
102 -32.16781921839228
103 -32.16731543747744
104 -32.17754345961045
105 -32.16945108941919
106 -32.177850248919455
107 -32.17638870375052
108 -32.1804024954146
109 -32.18306503097737
110 -32.188649664068066
111 -32.16839240715103
112 -32.191580796832916
113 -32.19179121100868
114 -32.17090270511755
115 -32.17316698744313
116 -32.17074368814814
117 -32.180771719075224
118 -32.178488080749865
119 -32.178229937692116
120 -32.18602682976025
121 -32.195940776332684
122 -32.18979053976516
123 -32.19780969160554
124 -32.17412862927845
125 -32.15242991229364
126 -32.147595672582604
127 -32.19234961873221
128 -32.19369311809656
129 -32.196858795812176
130 -32.19668736356881
131 -32.193922290630056
132 -32.196066374572155
133 -32.19337806783924
134 -32.198053074131856
135 -32.191243084639076
136 -32.19299281648137
137 -32.19640593619926
138 -32.1944984477818
139 -32.19803204462725
140 -32.197424625131205
141 -32.19815775020565
142 -32.19613155314657
143 -32.19723775839563
144 -32.195077192380616
145 -32.197331877992525
146 -32.19738272962721
147 -32.19724216191512
148 -32.197482890269384
149 -32.19814361809094
150 -32.198234697951136
151 -32.198014298807266
152 -32.19796375214518
153 -32.197682597563556
154 -32.19810510029891
155 -32.19807418242486
156 -32.19817810251545
157 -32.19808703710306
158 -32.19827432376891
159 -32.197853274400146
160 -32.19828749706382
161 -32.19825846354131
162 -32.19808586474392
163 -32.19794338953677
164 -32.197624154480906
165 -32.19833272040934
166 -32.19750754925383
167 -32.197946265443825
168 -32.19817796999167
169 -32.1983668141784
170 -32.19773015879138
171 -32.19776293245435
172 -32.19828930126792
173 -32.19775628886455
174 -32.198158138464414
175 -32.198382046739646
176 -32.19722175234229
177 -32.198208886071995
178 -32.197525451718896
179 -32.198176478826454
180 -32.198161395981444
181 -32.197934976483396
182 -32.198328175209205
183 -32.1981374759045
184 -32.19830828822768
185 -32.19828019112618
186 -32.19838649300361
187 -32.198310659665566
188 -32.19830320107107
189 -32.19833281908325
190 -32.19840350714056
191 -32.198265426248526
192 -32.19826960163939
193 -32.198260097132255
194 -32.19841243942879
195 -32.19806265858938
196 -32.198363358647185
197 -32.19832878440204
198 -32.19845383036648
199 -32.19839542996705
200 -32.19831984078887
201 -32.19816218523276
202 -32.19839942534292
203 -32.19846053142217
204 -32.19773914689187
205 -32.19829889894362
206 -32.19835324136123
207 -32.19842666122984
208 -32.19843397843695
209 -32.19833462111188
210 -32.198408545920636
211 -32.19846517900133
212 -32.198410860458765
213 -32.1983626140951
214 -32.19842943742413
215 -32.19843494664401
216 -32.19844092866495
217 -32.19844459988784
218 -32.198431546824324
219 -32.19845418962888
220 -32.198468383323835
221 -32.19847541029915
222 -32.1984067246244
223 -32.198445600155736
224 -32.19843307624154
225 -32.198444983296255
226 -32.19846814011897
227 -32.19847682959978
228 -32.198441338924994
229 -32.19844847704235
230 -32.19843847342234
231 -32.1984637317439
232 -32.19847595725174
233 -32.198474252774794
234 -32.198470206401396
235 -32.19846749747808
236 -32.19847455989609
237 -32.19847028257076
238 -32.19847567311899
239 -32.19847546799199
240 -32.19847579695748
241 -32.19847489363398
242 -32.19847748280979
243 -32.19847338984853
244 -32.1984728779756
245 -32.198473763309266
246 -32.19847570112023
247 -32.198477692688904
248 -32.19847678827697
249 -32.1984755287733
250 -32.19847690720536
251 -32.19847769189609
252 -32.19847820032862
253 -32.198476042230915
254 -32.198476760527214
255 -32.19847698762195
256 -32.198478146316106
257 -32.19847918315902
258 -32.198477028080774
259 -32.19847659388909
260 -32.198480186717084
261 -32.19847882495824
262 -32.198476564954554
263 -32.198478631951296
264 -32.198480069303464
265 -32.19847975426536
266 -32.19848032764287
267 -32.19847771235498
268 -32.19848047738982
269 -32.1984791604678
270 -32.198473215547935
271 -32.19847565799569
272 -32.19847486119325
273 -32.19847914271027
274 -32.198480060743364
275 -32.19847970118119
276 -32.19847937004515
277 -32.19848053042894
278 -32.19847790677117
279 -32.19847968211302
280 -32.19848075543917
281 -32.19847968457907
282 -32.19847843736331
283 -32.19847943404856
284 -32.19847946876693
285 -32.19847972547379
286 -32.19848012910715
287 -32.19848099475301
288 -32.19847973073729
289 -32.19847931902797
290 -32.198481022943824
291 -32.1984761865366
292 -32.19847910550661
293 -32.198479417562375
294 -32.198480766208434
295 -32.19847966917293
296 -32.19848069119756
297 -32.19848043277721
298 -32.19848035168979
299 -32.19848097172115
300 -32.19848087963842
301 -32.198480713031934
302 -32.1984809858871
303 -32.19848104004843
304 -32.19848094118257
305 -32.19848067270803
306 -32.198481111378065
307 -32.19848089547684
308 -32.198480753778334
309 -32.198480954546454
310 -32.19848111345068
311 -32.19848103661636
312 -32.198480564020656
313 -32.19848084011176
314 -32.198481157280064
315 -32.19848126632819
316 -32.19847708435857
317 -32.198476290604674
318 -32.19847983710979
319 -32.198480706736305
320 -32.19848078125278
321 -32.19848072931633
322 -32.19848065760792
323 -32.19848100632361
324 -32.1984812430764
325 -32.198481157243684
326 -32.198481262912665
327 -32.19848106201559
328 -32.198481240299046
329 -32.198481317066054
330 -32.19848111993238
331 -32.19848117759615
332 -32.19848128120052
333 -32.19848126158746
334 -32.19848127859765
335 -32.198481317989646
336 -32.19848121809549
337 -32.198481286820616
338 -32.198481282580985
339 -32.19848126369388
340 -32.198481320166394
341 -32.198481168394956
342 -32.19848126651134
343 -32.19848126602962
344 -32.19848129842053
345 -32.19848129528379
346 -32.19848130267183
347 -32.198481325427565
348 -32.198481286474056
349 -32.198481319552315
350 -32.19848131111664
351 -32.19848132477807
352 -32.19848129442464
353 -32.19848130434997
354 -32.198481326468425
355 -32.19848127999342
356 -32.19848128852259
357 -32.19848132196593
358 -32.198481312314264
359 -32.19848131240899
360 -32.198481322481314
361 -32.19848132716097
362 -32.19848132341762
363 -32.19848131612576
364 -32.198481327240465
365 -32.19848132745552
366 -32.19848122469846
367 -32.19848128960832
368 -32.19848128280684
369 -32.198481304780664
370 -32.19848132217676
371 -32.19848130130375
372 -32.19848132530945
373 -32.198481324909636
374 -32.19848132061554
375 -32.19848132997199
376 -32.198481298423744
377 -32.19848132764432
378 -32.19848131699833
379 -32.198481320648376
380 -32.198481325179436
381 -32.19848132911939
382 -32.198481329336204
383 -32.19848132991605
384 -32.19848132917229
385 -32.198481329094356
386 -32.198481329365244
387 -32.198481329817625
388 -32.198481329465096
389 -32.198481329993925
390 -32.19848133029123
391 -32.1984813320518
392 -32.19848132600787
393 -32.19848132442481
394 -32.19848132993583
395 -32.19848133144537
396 -32.19848133142318
397 -32.19848133064624
398 -32.19848133163669
399 -32.19848133141394
400 -32.19848133031529
401 -32.19848133124711
402 -32.19848133159647
403 -32.198481331486036
404 -32.19848133222838
405 -32.19848133226588
406 -32.1984813313351
407 -32.1984813304304
408 -32.19848133111391
409 -32.19848133147141
410 -32.19848133190186
411 -32.19848133126575
412 -32.19848133167753
413 -32.19848133221617
414 -32.198481331805176
415 -32.19848133219861
416 -32.19848133221821
417 -32.19848133229811
418 -32.198481332302904
419 -32.1984813317544
420 -32.19848133230688
421 -32.198481328040096
422 -32.198481330422695
423 -32.198481331684434
424 -32.198481331308884
425 -32.19848133162181
426 -32.198481330232035
427 -32.198481332276245
428 -32.198481332044786
429 -32.19848133218954
430 -32.19848133225549
431 -32.19848133213971
432 -32.1984813321844
433 -32.19848133229381
434 -32.19848133234987
435 -32.1984813324032
436 -32.19848133216986
437 -32.19848133209132
438 -32.1984813323443
439 -32.19848133224673
440 -32.198481332338254
441 -32.198481331879414
442 -32.19848133246623
443 -32.19848133230813
444 -32.19848133244595
445 -32.19848133237017
446 -32.19848133240782
447 -32.198481332455216
448 -32.19848133238542
449 -32.19848133251425
450 -32.19848133242747
451 -32.19848133241188
452 -32.1984813324734
453 -32.198481332505
454 -32.19848133252445
455 -32.19848133248962
456 -32.198481332458925
457 -32.19848133248218
458 -32.19848133240921
459 -32.19848133254099
460 -32.19848133240252
461 -32.19848133245881
462 -32.19848133250153
463 -32.19848133252865
464 -32.198481332544034
465 -32.19848133233767
466 -32.19848133242739
467 -32.198481332506766
468 -32.19848133255562
469 -32.198481332435065
470 -32.19848133242215
471 -32.19848133249918
472 -32.198481332549065
473 -32.1984813325158
474 -32.19848133253209
475 -32.19848133255871
476 -32.198481332561656
477 -32.19848133232956
478 -32.19848133243967
479 -32.19848133247038
480 -32.19848133252686
481 -32.19848133234935
482 -32.198481332542826
483 -32.19848133249333
484 -32.19848133254936
485 -32.198481332513865
486 -32.19848133254497
487 -32.19848133255888
488 -32.19848133255209
489 -32.19848133255609
490 -32.19848133256499
491 -32.198481332557556
492 -32.19848133255681
493 -32.19848133256319
494 -32.1984813325493
495 -32.19848133256262
496 -32.19848133256394
497 -32.19848133256155
498 -32.19848133256185
499 -32.198481332561386
500 -32.198481332565486
evaluations raw_y
1 -31.25184843213893
2 27.83849216170858
3 4.336252122818544
4 19.96731520663202
5 7.955725201828951
6 17.019344031401687
7 33.87109137640451
8 27.40825047817591
9 15.592348360152624
10 17.034280303001964
11 13.97879521311696
12 33.66227559795379
13 10.209463523715852
14 1.4464221069480265
15 -12.86863745237363
16 -15.413593190415623
17 -29.698594637388677
18 -18.771190825865645
19 -25.269995230522433
20 -11.528834445556079
21 -29.459518339496274
22 -28.32721116765987
23 -30.63749740922924
24 -29.365936831134487
25 -30.869680896903088
26 -30.092148784877224
27 -30.715869512385368
28 -31.65243342165048
29 -29.417510204735024
30 -29.38631977625397
31 -31.09434754036246
32 -31.46966199312073
33 -30.134113887851683
34 -31.15314536766431
35 -31.677075529238515
36 -30.77965704564045
37 -31.364878541188787
38 -30.357920324360393
39 -31.69474172389642
40 -30.965241381939258
41 -30.97704265043277
42 -31.30377726388772
43 -31.271514702669847
44 -31.030474816374397
45 -31.86717504751018
46 -30.766515710059366
47 -31.588469719498242
48 -31.838885258099495
49 -31.840397605414598
50 -31.919535413333772
51 -30.97852051755485
52 -31.391294890840314
53 -31.907725613470923
54 -31.494953418318467
55 -32.03671219950984
56 -31.22224701293371
57 -31.709474835802776
58 -32.15728758003402
59 -31.4697368735951
60 -31.968207979388886
61 -31.71863695133011
62 -31.02546462030272
63 -31.950593238405222
64 -32.0148153801714
65 -32.097933189954254
66 -32.11288748142803
67 -32.104356198197564
68 -32.139271187361636
69 -32.09335061243917
70 -32.080841446239404
71 -32.16455870195427
72 -32.151964802696256
73 -32.063454199393426
74 -32.10621143929746
75 -32.17899243604911
76 -32.022133113771076
77 -32.14253040324177
78 -32.12514656280928
79 -32.05341867447518
80 -32.12839610182526
81 -32.13637625018156
82 -32.16548013745117
83 -32.16256237995126
84 -32.160159137266035
85 -32.173052914812985
86 -32.18295370117549
87 -32.181300004190454
88 -32.16454427235599
89 -32.17557945511649
90 -32.16676853263749
91 -32.18748682712723
92 -32.18916552717171
93 -32.1107555047238
94 -32.104176581089234
95 -32.15765030572012
96 -32.165484924857466
97 -32.18749419460035
98 -32.19115254894378
99 -32.185509616650464
100 -32.15927111641708
101 -32.12996061468008
102 -32.18611719508091
103 -32.165123232815745
104 -32.19390478495657
105 -32.17381862853187
106 -32.15808094599402
107 -32.176274177893525
108 -32.18222285103978
109 -32.1878141604003
110 -32.183847561067786
111 -32.182986144682815
112 -32.19295460433919
113 -32.19238998149594
114 -32.19520648009624
115 -32.19376204644107
116 -32.18450753325486
117 -32.196376814463626
118 -32.17305689171894
119 -32.19177573656943
120 -32.19166184756762
121 -32.190150409245135
122 -32.19304362833029
123 -32.1888549988124
124 -32.19796036798829
125 -32.195555315237705
126 -32.19546361031168
127 -32.19517408182397
128 -32.19764387915418
129 -32.192038520286125
130 -32.197433056456305
131 -32.19827983793178
132 -32.19754008094331
133 -32.19674089517587
134 -32.19837297736162
135 -32.19699966326735
136 -32.19491439733086
137 -32.19587791835129
138 -32.19764481551158
139 -32.19793986090523
140 -32.19734488852633
141 -32.19829402666468
142 -32.19784289512497
143 -32.19837985245062
144 -32.197362710430134
145 -32.19605812051818
146 -32.19804162401198
147 -32.19825860492984
148 -32.19803653177228
149 -32.19825067139536
150 -32.19821763778302
151 -32.19833658324432
152 -32.198313319766335
153 -32.19818658721421
154 -32.19839157557155
155 -32.198274491180854
156 -32.198397631088234
157 -32.19793672254974
158 -32.19809008314724
159 -32.198285255819414
160 -32.19833783719055
161 -32.19843707312734
162 -32.197755668702605
163 -32.198113019983005
164 -32.19814867822739
165 -32.198246676119375
166 -32.19829113993168
167 -32.19839981867883
168 -32.198326287815874
169 -32.1983357339179
170 -32.19840631491939
171 -32.19845036276678
172 -32.19836923611213
173 -32.198402375674895
174 -32.19846672614472
175 -32.19844876982199
176 -32.19835919177525
177 -32.19842595328119
178 -32.19846223447523
179 -32.19846478112855
180 -32.19846505070499
181 -32.19841498942445
182 -32.19839350509158
183 -32.1984765709333
184 -32.19844662438596
185 -32.198455371588715
186 -32.198437907803914
187 -32.198460163759776
188 -32.19845919852288
189 -32.19847123823487
190 -32.198474977638924
191 -32.19847466196122
192 -32.1984755167978
193 -32.19847509372538
194 -32.19847649783076
195 -32.198471975121315
196 -32.198473264022525
197 -32.19847783688556
198 -32.19847805549291
199 -32.198474671822375
200 -32.19847618089056
201 -32.19847754889789
202 -32.198468887112845
203 -32.198475706685585
204 -32.19847805179555
205 -32.19847705758373
206 -32.19847816700492
207 -32.19847588348815
208 -32.198474134207956
209 -32.19847421371752
210 -32.1984788492915
211 -32.198475797236
212 -32.19846985097128
213 -32.19847551015679
214 -32.1984763262928
215 -32.198478169287704
216 -32.19847681277634
217 -32.19847908181666
218 -32.19847922858446
219 -32.198479152803635
220 -32.19847728313989
221 -32.19847618715559
222 -32.19848022940125
223 -32.198473008922846
224 -32.198480536608
225 -32.198464001267226
226 -32.1984664824037
227 -32.198474805365606
228 -32.1984681740635
229 -32.19847050273051
230 -32.198476662182316
231 -32.19847986221481
232 -32.198470948242445
233 -32.19847759822382
234 -32.19847993625276
235 -32.19847937246949
236 -32.19847970935071
237 -32.198479808053705
238 -32.19848045148245
239 -32.198480236613115
240 -32.19848013812225
241 -32.198479927526826
242 -32.19848056897051
243 -32.198480919278936
244 -32.19848048693229
245 -32.19848063545726
246 -32.19847993728354
247 -32.198480518601734
248 -32.198480284606546
249 -32.19848104304386
250 -32.198480974143294
251 -32.198480962555905
252 -32.19848078036655
253 -32.198480666866885
254 -32.1984809062609
255 -32.19848120637253
256 -32.19848063730999
257 -32.19848067274929
258 -32.198481169995475
259 -32.19848106988198
260 -32.198481115658005
261 -32.198481174068775
262 -32.19848114119914
263 -32.19848115267547
264 -32.19848128391507
265 -32.198481257773686
266 -32.19848120889239
267 -32.19848114139107
268 -32.19848125524608
269 -32.19848129075937
270 -32.198481203644874
271 -32.19848130134552
272 -32.19848120003451
273 -32.198481181739275
274 -32.19848115146148
275 -32.1984808938938
276 -32.19848131031817
277 -32.198480790322684
278 -32.198481102069444
279 -32.19848111568694
280 -32.19848123710696
281 -32.19848122948365
282 -32.19848116065207
283 -32.198481320356834
284 -32.19848118614733
285 -32.1984812032721
286 -32.19848113718952
287 -32.19848119096586
288 -32.1984812769842
289 -32.19848127973498
290 -32.1984813229051
291 -32.19848112287849
292 -32.19848114812645
293 -32.19848131532338
294 -32.19848132454428
295 -32.19848110606178
296 -32.19848121147337
297 -32.1984812843828
298 -32.19848131473571
299 -32.19848132454382
300 -32.19848129202358
301 -32.198481317927246
302 -32.198481309821894
303 -32.19848132489059
304 -32.19848130549725
305 -32.19848131866279
306 -32.19848131923201
307 -32.19848129906508
308 -32.19848131920867
309 -32.198481311744736
310 -32.198481324289894
311 -32.198481328433076
312 -32.19848129609733
313 -32.198481313937116
314 -32.19848132076299
315 -32.19848132507141
316 -32.19848132670067
317 -32.198481325330384
318 -32.19848132895489
319 -32.198481325912226
320 -32.19848131915497
321 -32.19848132927605
322 -32.19848132028866
323 -32.1984813254186
324 -32.198481329163016
325 -32.19848132386969
326 -32.198481327919346
327 -32.19848133186696
328 -32.19848132699412
329 -32.19848132470537
330 -32.19848132927374
331 -32.19848132960388
332 -32.19848133221993
333 -32.1984813194147
334 -32.198481327550596
335 -32.198481326569365
336 -32.19848133000211
337 -32.19848132941053
338 -32.198481331726796
339 -32.19848133122832
340 -32.19848133150995
341 -32.19848133187535
342 -32.198481332141085
343 -32.19848133204937
344 -32.19848133219008
345 -32.19848133221319
346 -32.19848133194793
347 -32.198481332101416
348 -32.198481332081556
349 -32.19848133221308
350 -32.19848133225621
351 -32.19848133214628
352 -32.198481331951015
353 -32.19848133200318
354 -32.198481332247376
355 -32.19848133232536
356 -32.19848133207302
357 -32.19848133220711
358 -32.19848133234931
359 -32.198481332328285
360 -32.198481332460865
361 -32.198481332043414
362 -32.19848133157298
363 -32.19848133232574
364 -32.198481332015696
365 -32.19848133248706
366 -32.19848133170849
367 -32.19848133208488
368 -32.19848133246645
369 -32.1984813322573
370 -32.19848133221022
371 -32.19848133247943
372 -32.19848133244043
373 -32.1984813324995
374 -32.19848133243673
375 -32.19848133245335
376 -32.198481332107825
377 -32.19848133240541
378 -32.19848133245945
379 -32.19848133249147
380 -32.19848133236409
381 -32.19848133243887
382 -32.19848133247891
383 -32.19848133246649
384 -32.19848133246749
385 -32.198481332510056
386 -32.19848133250034
387 -32.198481332519385
388 -32.19848133239662
389 -32.198481332447955
390 -32.19848133248973
391 -32.19848133248313
392 -32.19848133251128
393 -32.19848133252868
394 -32.19848133247824
395 -32.19848133252855
396 -32.19848133253927
397 -32.198481332497074
398 -32.198481332523336
399 -32.19848133250057
400 -32.19848133254665
401 -32.198481332477364
402 -32.19848133247534
403 -32.1984813324432
404 -32.19848133252155
405 -32.19848133252441
406 -32.19848133251995
407 -32.19848133252729
408 -32.198481332528644
409 -32.198481332535025
410 -32.19848133255727
411 -32.19848133254848
412 -32.19848133254177
413 -32.1984813325599
414 -32.19848133250019
415 -32.1984813325491
416 -32.198481332543
417 -32.19848133253373
418 -32.19848133256132
419 -32.19848133255694
420 -32.19848133254188
421 -32.1984813325415
422 -32.19848133253911
423 -32.19848133255541
424 -32.19848133255516
425 -32.198481332558025
426 -32.19848133256097
427 -32.19848133256442
428 -32.19848133255967
429 -32.198481332559865
430 -32.198481332561194
431 -32.19848133256393
432 -32.19848133256522
433 -32.19848133256203
434 -32.198481332555076
435 -32.198481332563304
436 -32.19848133256566
437 -32.19848133256235
438 -32.19848133256792
439 -32.198481332519364
440 -32.198481332561144
441 -32.19848133254836
442 -32.198481332564654
443 -32.19848133256127
444 -32.198481332564384
445 -32.19848133256626
446 -32.19848133256659
447 -32.198481332568
448 -32.19848133256688
449 -32.19848133256644
450 -32.198481332568065
451 -32.19848133254669
452 -32.198481332561215
453 -32.19848133256485
454 -32.1984813325594
455 -32.19848133256645
456 -32.19848133256555
457 -32.198481332565606
458 -32.1984813325646
459 -32.198481332568164
460 -32.19848133256632
461 -32.19848133256571
462 -32.19848133256595
463 -32.198481332567276
464 -32.19848133256772
465 -32.19848133256778
466 -32.19848133256809
467 -32.198481332567916
468 -32.19848133256812
469 -32.19848133256801
470 -32.19848133256788
471 -32.19848133256799
472 -32.19848133256813
473 -32.19848133256829
474 -32.198481332568555
475 -32.19848133256783
476 -32.19848133256831
477 -32.19848133256851
478 -32.19848133256818
479 -32.19848133256841
480 -32.19848133256833
481 -32.198481332568605
482 -32.1984813325682
483 -32.19848133256849
484 -32.19848133256848
485 -32.19848133256863
486 -32.19848133256827
487 -32.19848133256844
488 -32.19848133256842
489 -32.198481332568655
490 -32.19848133256835
491 -32.19848133256841
492 -32.19848133256849
493 -32.198481332568605
494 -32.19848133256837
495 -32.19848133256864
496 -32.19848133256848
497 -32.198481332568576
498 -32.19848133256862
499 -32.19848133256862
500 -32.19848133256866
evaluations raw_y
1 -31.25184843213893
2 43.43263719537357
3 45.5639786435451
4 -21.060377637903763
5 11.304503578160901
6 10.840119018977148
7 12.033479697463555
8 9.209701173830943
9 -24.448816081385395
10 21.536357711933977
11 12.546605519239254
12 16.282612035674635
13 -13.94098409877358
14 -17.044853477886168
15 -6.005303280921677
16 -17.810323326314126
17 -11.599955841356596
18 -27.997198889454715
19 -23.988636440095842
20 -30.949411202908113
21 -24.20167601533954
22 -30.37524292435883
23 -30.678679603398933
24 -28.754924420352992
25 -29.067868507609038
26 -31.29315772414182
27 -31.3450567272818
28 -22.26209500788484
29 -19.21648284842222
30 -30.30039854129364
31 -31.473030872373243
32 -16.22913269433912
33 -27.811890633101118
34 -23.972041153791096
35 -20.788700170986203
36 -28.263035079181538
37 -27.56632305489603
38 -30.947744397820333
39 -28.52582362809245
40 -27.289607085846946
41 -30.47140122887486
42 -31.589829783546946
43 -29.502620374555146
44 -28.54188028497361
45 -30.764629573490375
46 -31.50692201956736
47 -31.191739009925705
48 -31.34955632831084
49 -31.127189108607713
50 -31.298908475820305
51 -31.16975427294498
52 -31.907836252530643
53 -31.97208737662446
54 -31.012022944283753
55 -31.819365399069675
56 -31.85083809915865
57 -30.453460810259557
58 -32.097440829340485
59 -29.84443388478524
60 -31.692972369838685
61 -31.1721727783053
62 -31.720719312755406
63 -31.66293206946752
64 -31.221378182630705
65 -31.937016504711245
66 -31.711986359726716
67 -32.1449990003716
68 -30.953570197053853
69 -32.12230266955905
70 -32.019270206422206
71 -32.09005821803597
72 -31.77300658031682
73 -32.05928648361889
74 -32.10923973959065
75 -32.16215201190588
76 -31.97967398822009
77 -32.124779205840824
78 -32.024510522771685
79 -32.1295952953103
80 -32.11424891648515
81 -32.17140597170751
82 -32.03542508140039
83 -31.983957576016103
84 -32.143408333827246
85 -32.0389344146399
86 -32.146170907854966
87 -32.15901583686312
88 -32.15982328501999
89 -32.155681134715806
90 -32.18181319331434
91 -32.16055131133759
92 -32.192742657628365
93 -32.14541677693419
94 -32.12070691409213
95 -32.17313426363595
96 -32.166973223406856
97 -32.17821857862859
98 -32.189833849535134
99 -32.18979427081361
100 -32.19037299524226
101 -32.18731759885275
102 -32.18873430159791
103 -32.184885006335136
104 -32.19241172226177
105 -32.188173441770346
106 -32.19369780720222
107 -32.19369844923104
108 -32.18348011531819
109 -32.1873649283813
110 -32.187197049162165
111 -32.19664299708258
112 -32.18709547722239
113 -32.18884091012813
114 -32.17761398000245
115 -32.18919410068844
116 -32.19403451423417
117 -32.19306337818843
118 -32.19597201403365
119 -32.1969199581851
120 -32.19148809846837
121 -32.197506395915696
122 -32.17952537358404
123 -32.1874813240898
124 -32.19028720425775
125 -32.19565791176942
126 -32.192261813546914
127 -32.19561651545182
128 -32.19628054305758
129 -32.19499214177707
130 -32.196972031820664
131 -32.19536724475324
132 -32.19752984135414
133 -32.193960449823486
134 -32.19671504308688
135 -32.19539688620988
136 -32.19747206593413
137 -32.196996698543785
138 -32.19765195391378
139 -32.19655610271605
140 -32.196774526213375
141 -32.19768822942671
142 -32.19385045604741
143 -32.19425884475767
144 -32.19647922408336
145 -32.19721280517787
146 -32.197621186988684
147 -32.19749223194451
148 -32.1979601981165
149 -32.19799589748512
150 -32.19460149273569
151 -32.19327812048593
152 -32.19580658174322
153 -32.19675015282162
154 -32.196371049199634
155 -32.19728565939077
156 -32.19575142750125
157 -32.198130266726324
158 -32.19742885278949
159 -32.19710223773014
160 -32.19719320324231
161 -32.19764193162749
162 -32.197862437066455
163 -32.197226655372184
164 -32.19748321602408
165 -32.19814795138098
166 -32.19683219323287
167 -32.19809917713426
168 -32.19823956300714
169 -32.19768827313721
170 -32.197573211163736
171 -32.197872519301384
172 -32.19800245326657
173 -32.19797679522124
174 -32.19831587631733
175 -32.19651940102844
176 -32.19820637883432
177 -32.19791880706104
178 -32.19724624341855
179 -32.19822051801055
180 -32.19834932530033
181 -32.19825174803499
182 -32.19819418862267
183 -32.19790183136592
184 -32.198206720760915
185 -32.19789818598982
186 -32.19808506373353
187 -32.19834124927794
188 -32.198345872392125
189 -32.198145769604714
190 -32.19830397188645
191 -32.1982735652024
192 -32.1983912291393
193 -32.198045008167306
194 -32.198456429059846
195 -32.19843337836683
196 -32.19801892207779
197 -32.19844944804177
198 -32.19844269260717
199 -32.19846290580534
200 -32.19836909434332
201 -32.198286469241026
202 -32.19843331402962
203 -32.19842679426895
204 -32.19843667707504
205 -32.19843262305588
206 -32.198430775800674
207 -32.19846452702973
208 -32.198447463556796
209 -32.19845597991901
210 -32.198460790512414
211 -32.198441034364734
212 -32.19846467194893
213 -32.19834951569776
214 -32.198400467026225
215 -32.19845285078983
216 -32.19842477536151
217 -32.19845003277131
218 -32.19845700567065
219 -32.198451384372035
220 -32.19846838674443
221 -32.19846089356074
222 -32.198457639154626
223 -32.19845226115931
224 -32.19846150139933
225 -32.19846751064105
226 -32.19846859042113
227 -32.198457635562406
228 -32.198463983145956
229 -32.1984682312591
230 -32.198469917981015
231 -32.19846267280125
232 -32.19845093798685
233 -32.19846644519619
234 -32.19847367843485
235 -32.19843582715499
236 -32.198455121816295
237 -32.19847362454988
238 -32.1984659921633
239 -32.19847234300018
240 -32.198467935306326
241 -32.19846796775299
242 -32.19847551557177
243 -32.19846607315238
244 -32.198473160862875
245 -32.19847207196265
246 -32.19847254874176
247 -32.19847025736998
248 -32.198471591394835
249 -32.1984750885769
250 -32.198476549055144
251 -32.19846635015643
252 -32.19847570721046
253 -32.19847267719491
254 -32.198475800039766
255 -32.198475580187456
256 -32.19847472089976
257 -32.198477057325995
258 -32.19847726887394
259 -32.198472239216166
260 -32.19847583633642
261 -32.198480420647
262 -32.19845688056027
263 -32.198465742414776
264 -32.19847423271291
265 -32.1984753782092
266 -32.198478168148874
267 -32.19848032726023
268 -32.19847944993529
269 -32.198477374323865
270 -32.198479639999135
271 -32.19848049598776
272 -32.19847395890322
273 -32.1984789137826
274 -32.198479909607435
275 -32.198479619403926
276 -32.19847982396077
277 -32.19847970717013
278 -32.19847938222441
279 -32.19848056684999
280 -32.19847848813355
281 -32.19848098953181
282 -32.19848033962609
283 -32.19847953175435
284 -32.19847999184421
285 -32.19847966821185
286 -32.19848052294027
287 -32.198480611511116
288 -32.19848076556257
289 -32.19848076513112
290 -32.19848100213849
291 -32.198480688959926
292 -32.19848061164661
293 -32.19848073828085
294 -32.19848018181877
295 -32.198480897780136
296 -32.19848093466458
297 -32.19848099761923
298 -32.198481083401525
299 -32.198480930601754
300 -32.19848108354003
301 -32.19848074386012
302 -32.198480488790416
303 -32.19848074495264
304 -32.19848078335459
305 -32.19848086113084
306 -32.19848110221892
307 -32.198480247358084
308 -32.198480601830916
309 -32.19848106343176
310 -32.19848120302474
311 -32.19848114833658
312 -32.198481154213354
313 -32.198480983870816
314 -32.198481075845166
315 -32.198481300445714
316 -32.19848090062136
317 -32.19848112910807
318 -32.19848097005992
319 -32.19848118799037
320 -32.19848124878449
321 -32.19848131984932
322 -32.19848089747562
323 -32.198481194864186
324 -32.198481182119245
325 -32.19848121177647
326 -32.198481254240775
327 -32.19848128641148
328 -32.19848131818783
329 -32.198481290804985
330 -32.19848132871775
331 -32.19848128872689
332 -32.19848127026751
333 -32.19848127504783
334 -32.198481229071504
335 -32.19848132726594
336 -32.198481328128004
337 -32.198481301602484
338 -32.19848132615614
339 -32.19848132305712
340 -32.19848132563295
341 -32.19848132828339
342 -32.198481325318276
343 -32.198481330856
344 -32.19848132791128
345 -32.19848132935652
346 -32.198481329383405
347 -32.198481330962366
348 -32.19848133039956
349 -32.19848132031385
350 -32.198481329825036
351 -32.19848133070581
352 -32.198481330465796
353 -32.19848133127264
354 -32.19848132915522
355 -32.19848132679462
356 -32.19848132992873
357 -32.198481327734264
358 -32.198481328837346
359 -32.198481330461455
360 -32.19848133019711
361 -32.19848133149537
362 -32.198481327635
363 -32.198481330795715
364 -32.198481330681304
365 -32.1984813308173
366 -32.19848133116809
367 -32.19848133182815
368 -32.1984813292617
369 -32.198481330808384
370 -32.19848133069521
371 -32.1984813312337
372 -32.19848132998175
373 -32.198481331572566
374 -32.198481332041354
375 -32.19848133135723
376 -32.198481331889866
377 -32.198481330906866
378 -32.19848133205039
379 -32.19848133154229
380 -32.19848133084805
381 -32.198481331505214
382 -32.19848133176514
383 -32.198481332238615
384 -32.198481332268486
385 -32.198481328773056
386 -32.19848132880256
387 -32.198481331686644
388 -32.19848133162392
389 -32.198481331795584
390 -32.19848133166081
391 -32.1984813322306
392 -32.198481331192454
393 -32.19848133190178
394 -32.19848133204736
395 -32.198481331943626
396 -32.19848133234279
397 -32.198481332338005
398 -32.198481332428926
399 -32.19848133203503
400 -32.19848133147439
401 -32.1984813312885
402 -32.19848133242203
403 -32.19848133229961
404 -32.198481332011106
405 -32.198481332446725
406 -32.198481332212836
407 -32.19848133173086
408 -32.19848133212277
409 -32.19848133243544
410 -32.19848133225162
411 -32.1984813324201
412 -32.1984813324866
413 -32.198481332232994
414 -32.19848133202242
415 -32.198481332352486
416 -32.19848133246093
417 -32.19848133243181
418 -32.19848133239579
419 -32.19848133246475
420 -32.1984813324904
421 -32.1984813323655
422 -32.19848133245043
423 -32.19848133236595
424 -32.19848133242826
425 -32.19848133245999
426 -32.19848133246414
427 -32.19848133244841
428 -32.19848133246016
429 -32.19848133252025
430 -32.19848133252921
431 -32.19848133245823
432 -32.19848133250173
433 -32.198481332503555
434 -32.19848133245269
435 -32.19848133248869
436 -32.198481332473676
437 -32.19848133251748
438 -32.19848133253118
439 -32.19848133250176
440 -32.198481332502034
441 -32.198481332507654
442 -32.198481332528964
443 -32.198481332524054
444 -32.198481332540226
445 -32.198481332505075
446 -32.19848133252058
447 -32.19848133254408
448 -32.19848133247859
449 -32.19848133253332
450 -32.19848133254032
451 -32.19848133253064
452 -32.19848133254703
453 -32.198481332527145
454 -32.198481332510866
455 -32.19848133254644
456 -32.19848133252519
457 -32.19848133253321
458 -32.1984813325501
459 -32.19848133254519
460 -32.19848133254035
461 -32.19848133252998
462 -32.19848133251838
463 -32.198481332545896
464 -32.19848133256307
465 -32.19848133252772
466 -32.19848133256165
467 -32.198481332551864
468 -32.19848133254763
469 -32.198481332557336
470 -32.19848133255775
471 -32.19848133256017
472 -32.19848133255812
473 -32.19848133256188
474 -32.198481332561464
475 -32.198481332562416
476 -32.19848133256331
477 -32.19848133256294
478 -32.19848133255659
479 -32.19848133256519
480 -32.19848133256314
481 -32.19848133256255
482 -32.19848133256062
483 -32.198481332563226
484 -32.19848133256316
485 -32.198481332564555
486 -32.19848133256563
487 -32.198481332567155
488 -32.19848133256425
489 -32.198481332565706
490 -32.19848133255946
491 -32.198481332566644
492 -32.198481332565215
493 -32.198481332566615
494 -32.198481332566566
495 -32.19848133256729
496 -32.19848133256399
497 -32.198481332567574
498 -32.19848133256353
499 -32.198481332562835
500 -32.198481332565656
