evaluations raw_y
1 246.60287217253125
2 270.8962752809706
3 252.4707314794574
4 210.17255115495936
5 290.94502133872874
6 347.83821983505044
7 295.2448666842441
8 254.8760697430011
9 368.3634447901396
10 326.14536589877326
11 294.05405606244057
12 189.38395831127136
13 313.1655664071143
14 277.9422077099182
15 325.01022352845683
16 366.636118819741
17 314.1146122881932
18 114.80978118373531
19 323.53969041665766
20 242.3666802949477
21 258.92686177383587
22 365.62588571533746
23 163.8531523606264
24 244.2225781594562
25 209.69956588829555
26 169.5738655932098
27 385.2090320527809
28 267.3297627585639
29 172.20576436456344
30 243.60757113014327
31 220.1235103792595
32 145.1035729719602
33 338.2616948492053
34 144.99699766923288
35 134.04106335903074
36 209.11529144267496
37 207.83071054601814
38 158.51206097491698
39 201.9366824714251
40 220.51222419942155
41 257.9431016727961
42 372.5159222362285
43 303.8435465332567
44 131.92705325906303
45 237.6872226290486
46 317.5429928005389
47 174.41763034768627
48 258.64291992551887
49 305.2373390983173
50 302.2802070475406
51 350.1357100148587
52 237.25324271725597
53 308.08987660895474
54 159.91772342215438
55 214.87842500288124
56 188.09867398239703
57 261.4701554712621
58 204.02827447872681
59 379.5663902730644
60 236.09636552169033
61 172.9481914160192
62 141.52602384397096
63 161.91721366195893
64 318.8091422315373
65 221.91520557415834
66 320.15804012403544
67 133.43324184720447
68 114.80978118373531
69 141.74807082359953
70 367.9657147681608
71 308.98728266946125
72 235.50879697138797
73 307.13575430047433
74 110.29275896389338
75 287.3243558827916
76 361.56675367006073
77 247.72704295203894
78 330.06472258430625
79 179.7543882445992
80 255.8781346809614
81 237.6273600265065
82 158.18605878967983
83 280.3899991077708
84 318.4794181410409
85 209.13798158258214
86 122.15935561413346
87 225.60704695913614
88 228.30996373829376
89 257.3932810812238
90 82.30921289955847
91 257.4069524583867
92 392.72421297607104
93 238.397959606281
94 200.19991192442234
95 143.1976198280368
96 303.1317753868575
97 320.1975384099071
98 267.35033145382215
99 281.1764407478718
100 297.48164875828866
101 287.6634087418887
102 363.7619837474321
103 306.24930023145646
104 248.35203406413876
105 412.33267901064767
106 207.93387351612816
107 151.61448331764598
108 151.87108833562877
109 264.9671346376906
110 285.63115503538074
111 203.55007947256757
112 169.96812816864838
113 293.2170671482915
114 264.45177474729275
115 204.7602649462914
116 181.01230449216337
117 237.55338006829462
118 238.80967821956818
119 246.5247131879183
120 231.02247596166194
121 108.43740137714704
122 96.55043908451796
123 345.4951496013167
124 307.99052226506325
125 226.15495182883348
126 228.91337106406957
127 147.06488619046203
128 333.6201943358504
129 230.39211523923325
130 398.66665800225445
131 306.44645226140733
132 125.42834536133469
133 223.4058584877728
134 345.56902761148797
135 194.45273087213556
136 320.37869470589453
137 326.8047309431454
138 368.9674318017754
139 341.4376749142931
140 82.30921289955847
141 330.14330367664365
142 65.63579443953483
143 195.76167423928658
144 203.81919028893117
145 232.99517354543727
146 117.38044760822598
147 102.186186090992
148 274.0656017348075
149 248.45571063256384
150 119.56043209414212
151 265.9308007037968
152 269.7496476637621
153 308.8711775332395
154 368.0967213753205
155 177.19625151396107
156 385.22402203312674
157 390.1987198797734
158 293.3196652239335
159 332.9480961513925
160 282.44027585833084
161 225.52806039292196
162 219.4052942334464
163 265.31653257023333
164 267.9452922952983
165 259.3371543784021
166 160.82618898984825
167 138.29302367425794
168 305.0703160159366
169 381.18660887113884
170 342.92988907624806
171 339.53792577763414
172 214.81737220558128
173 212.66748603077374
174 226.9651676737172
175 157.55385454274946
176 171.20545730536764
177 353.934414594963
178 247.8868384185914
179 327.15275625603124
180 265.75327954086174
181 158.81322470934603
182 158.72400939101885
183 105.12991475361068
184 303.7471085440047
185 257.6673186003954
186 173.0917659545854
187 248.70592416821177
188 181.99030546551776
189 297.98357308366093
190 327.93155569889115
191 253.18900033382113
192 65.63579443953483
193 240.65483185930574
194 209.6459855382092
195 265.43904025176937
196 171.00297988211577
197 142.79972635930017
198 380.6014852934983
199 235.86974047658302
200 203.52673271452153
201 181.12041627821267
202 336.8796124307987
203 167.15726092565677
204 253.69834305648112
205 362.75484841886123
206 227.13274981325387
207 240.57357464866402
208 203.83889631005567
209 281.12228671874675
210 338.3345883631699
211 287.5270579259958
212 286.4694773726027
213 314.53371711607133
214 272.40168450168386
215 295.8570684908866
216 175.28016409049155
217 219.9463297281822
218 108.33657806685481
219 302.22786509606453
220 359.8656341705868
221 255.20407555560269
222 103.3552678389769
223 135.20195348512894
224 171.01757466469164
225 283.2963880291347
226 207.66984556068516
227 136.95585104639986
228 316.13212068436064
229 183.2797240772101
230 331.775376415755
231 325.29578662079746
232 199.57082445550185
233 205.0031455848577
234 169.8698449789241
235 275.7541216029503
236 250.4560647109625
237 276.8974878131604
238 167.75375005050253
239 133.46195437188413
240 240.4990702166
241 191.33109843298834
242 65.63579443953483
243 212.7525243631565
244 268.024802578946
245 293.3575583527838
246 265.8118624579834
247 278.80802002008124
248 375.1794876464802
249 379.73855075570646
250 149.27585345279448
251 281.03860204151346
252 286.1258454376477
253 260.05166999981134
254 247.90594965031502
255 203.56222640407168
256 205.84203913486363
257 219.51693691516854
258 351.2729139534316
259 248.04144344589716
260 207.57237498396293
261 246.02793816985977
262 268.89258667159794
263 156.7807500968595
264 160.61000898372356
265 227.40201419543723
266 303.9030013795223
267 260.54716273724597
268 129.24363002243615
269 295.80793093312496
270 213.93189719818542
271 323.9726644952283
272 237.97651025708453
273 282.5033847088239
274 278.985654965724
275 209.49422486893687
276 297.5345473927326
277 252.3313676841799
278 135.45534492073057
279 264.813853143589
280 283.73701410205706
281 428.33997949145447
282 300.52517393504905
283 333.27984169470096
284 203.48499015127007
285 271.9962819515281
286 163.3059137380477
287 129.9401167543576
288 218.78517615377544
289 63.87580091351657
290 257.6888679962064
291 263.08248305308456
292 65.63579443953483
293 383.34194553275216
294 185.3728422597212
295 199.24149793057316
296 342.9331781675483
297 285.19288856908287
298 256.95221334938975
299 310.19038325391483
300 245.48149672352702
301 257.8859027550479
302 235.19960615267152
303 230.21034580699563
304 269.1418949501762
305 329.9452014064615
306 356.4711952112157
307 145.57089271146054
308 98.32759558848659
309 349.1593764903097
310 348.3013750875275
311 280.0802078281042
312 211.9668950246322
313 143.1609418702469
314 218.10187577354029
315 68.43871922994528
316 178.59190882817265
317 206.07560541338535
318 206.66877064924094
319 208.27023343443517
320 374.62264208562067
321 336.72138953564735
322 159.72147915562232
323 216.58286832031615
324 300.76322447620106
325 182.04547213814362
326 202.35826387661504
327 320.4928486664131
328 185.8403490200898
329 174.58108835440865
330 268.23393201527887
331 188.80557768459136
332 272.5295958299854
333 123.14401612378659
334 134.1236580923797
335 235.68141066173862
336 176.04868929865114
337 280.03961737378324
338 423.2462692527188
339 63.87580091351657
340 169.89683347834955
341 313.37720179138796
342 250.98409025294686
343 217.54948915247215
344 186.11211080807584
345 272.2293754805975
346 275.05076619213395
347 216.35504834373748
348 347.73856965647076
349 123.31078360090517
350 206.65687308359207
351 275.08533289227694
352 238.15294060446197
353 174.64827722504975
354 372.55076518413387
355 227.4425773561436
356 193.73713970854382
357 194.49055858104492
358 202.33906914965996
359 324.642454545481
360 295.9712090610375
361 153.38439295220044
362 399.69859552488555
363 225.14279701082512
364 218.56871207497883
365 252.87998572071604
366 246.93748212900454
367 61.20991886970472
368 185.34971177405913
369 132.03635864387238
370 336.75617429432464
371 41.99427724048579
372 156.5468834013568
373 419.2948460231651
374 148.11709653330175
375 377.6674818681522
376 201.72197034625722
377 206.5885774587331
378 245.2662070300903
379 97.30746641435651
380 395.0443419283145
381 317.27655492990255
382 138.50011828483483
383 282.3759301781535
384 298.86652102311416
385 368.0649999880537
386 297.80933742741956
387 298.4494781944365
388 95.40695178915533
389 63.87580091351657
390 303.8803789415135
391 262.18344855339797
392 246.05971391918618
393 217.46687767089279
394 204.58997239143693
395 281.45572542326244
396 268.44097501736917
397 205.95687601378194
398 163.07790091110598
399 216.25839296085496
400 199.1491981103612
401 402.872963380937
402 227.32952143072018
403 358.2203346718603
404 194.31224387889694
405 301.96142845747653
406 319.66585089111726
407 137.21472582688233
408 104.47862062272088
409 214.09056263343828
410 194.22354903247023
411 274.95596824680797
412 303.24235222045274
413 272.0885007939693
414 277.8500960837607
415 81.14259813834302
416 176.97453464789552
417 256.362324339157
418 219.54127358302495
419 227.27002202197298
420 300.790679895549
421 41.99427724048579
422 265.87716492956054
423 162.6504068151373
424 384.74867328176373
425 158.9289573105008
426 225.45007664747772
427 384.33477624516667
428 208.8313829057287
429 180.51609163378814
430 268.46040173588915
431 214.2036438960902
432 143.02242518184002
433 354.8026076417309
434 343.2598393257696
435 155.94183637205333
436 190.56550368630917
437 302.9103595559705
438 164.49885644315003
439 349.78730698982037
440 193.5940106679244
441 355.4650476953306
442 306.7526240170786
443 118.09493962822434
444 193.84006387488256
445 292.4041465839161
446 208.3076883188544
447 290.5900509570673
448 264.37593714946644
449 233.75137314176345
450 269.84291015690917
451 343.3655263009325
452 206.8505696749383
453 247.65367985744143
454 250.92323829752547
455 455.09317214618204
456 172.20837116275356
457 246.4270983386612
458 281.2325300564145
459 176.50455381951167
460 293.0747543001982
461 293.7690862041751
462 308.788565652565
463 203.37747639570617
464 373.2492573790257
465 231.6371817192026
466 221.6051607992726
467 210.87707811237468
468 158.16002379546185
469 308.3930957235781
470 272.22331212660293
471 41.99427724048579
472 172.6442762345194
473 180.091567104468
474 191.51800347914394
475 283.63087035390214
476 139.29601925378324
477 143.7021591779968
478 111.73957386396383
479 271.28458321868254
480 294.766231822334
481 311.97772968827064
482 194.7825149826566
483 222.93236711225387
484 285.725626478795
485 245.97484532386085
486 227.16645050050596
487 191.1546712909405
488 258.3965967997715
489 79.11563500558059
490 223.97332854358214
491 82.26809677934239
492 175.23856440739922
493 213.66390123284904
494 123.05430594330932
495 205.63734569275488
496 158.7934351928995
497 56.24681558934271
498 214.27688714205618
499 258.15126755855533
500 171.90001145406757
501 163.37615994427154
evaluations raw_y
1 365.348078992531
2 335.2620628794733
3 230.28232912397348
4 434.28720068586614
5 143.4811753933331
6 252.89554423447478
7 349.39730628878493
8 164.943905281442
9 335.29967250774746
10 192.48093302012236
11 175.1735744271212
12 322.26540837798075
13 203.19736648679566
14 180.9898045037704
15 310.3191641064866
16 284.5373192504631
17 253.8119154597776
18 250.42072143962017
19 259.5706746458317
20 285.676577164307
21 323.46033793988954
22 208.1854017252346
23 194.5146908697802
24 192.84223439962918
25 299.86575529306464
26 286.030181290419
27 216.66148992812083
28 116.30587717582176
29 211.37581555289626
30 209.0882622679137
31 219.36990920186426
32 206.82075220346115
33 169.91207754446106
34 240.34823186821157
35 305.5532148004038
36 203.08225384239026
37 337.9289249562121
38 190.5079713265223
39 341.94714697662937
40 296.69609699038494
41 259.2948172767851
42 365.7651838977389
43 169.8418365820776
44 145.39382206316657
45 207.63862709444214
46 465.94405579513256
47 178.89516454373893
48 128.38821721953187
49 350.81020229585124
50 286.6068697885893
51 190.70641364833227
52 231.55378675662985
53 253.9061351230369
54 133.19183026409257
55 183.39132190073371
56 298.0157633483431
57 347.01458565983637
58 338.88630732445256
59 318.8601753508859
60 328.22489309140497
61 199.0068307546653
62 197.97657554284797
63 353.90014124567847
64 313.68161275930606
65 281.24126230617725
66 136.75220248324104
67 283.1527946886607
68 336.94860784978493
69 297.5663730986242
70 216.98236721641038
71 85.33044672252568
72 194.87998175962406
73 283.9931168875409
74 271.60553929697187
75 295.07881707093503
76 159.07005670157992
77 219.25731307794948
78 116.30587717582176
79 135.7231462012433
80 259.6395681401618
81 336.0674225278261
82 166.07461910219868
83 282.98631131695015
84 284.0441993957107
85 236.49246260875586
86 249.96752528551463
87 264.7581780350287
88 340.76504994430604
89 337.08338703111394
90 275.5887876724938
91 170.19261683873276
92 118.94974581455287
93 170.84454545780076
94 336.2746342753129
95 244.76997706206205
96 269.022240048994
97 167.95788783785582
98 217.75380112091554
99 224.02562663713124
100 132.83201253328997
101 287.3159917117291
102 211.49141882236427
103 417.6143661622594
104 376.3963894371292
105 263.859103544996
106 362.7518870151793
107 195.08332619450601
108 99.87130200401947
109 283.25822251420277
110 298.51035880985296
111 246.125028241503
112 310.1980413690311
113 167.17064054351889
114 189.64513180961728
115 219.21111448562294
116 287.53044003458274
117 159.29448625467234
118 226.73043992451545
119 191.74250101879093
120 214.8581386927807
121 85.33044672252568
122 130.5139409367355
123 200.00789114560337
124 241.7964449235641
125 282.1744789934059
126 315.578654792645
127 280.834884760479
128 197.9319157149357
129 228.69617539576237
130 241.955967385797
131 203.60762494125836
132 198.01060207016852
133 257.69317223780456
134 200.91796285904894
135 232.6862656230627
136 173.43945508368077
137 262.0164450839076
138 297.0369101599972
139 272.28701431570914
140 349.8096460183602
141 155.07641016982777
142 297.35158394133214
143 216.97522118826953
144 215.9647319633955
145 211.02206770836213
146 243.5924085033377
147 356.77590072890337
148 375.0646602957388
149 338.587045856006
150 197.67512923940077
151 254.12339583313937
152 133.24450721235706
153 315.6340431582929
154 163.15933470528907
155 208.57469047399837
156 303.82853182320287
157 244.91125490555925
158 355.6120074040854
159 393.7368730581175
160 89.47762565185195
161 451.32687402638186
162 196.31195562918194
163 399.8774650110146
164 182.63985796024707
165 153.61157363905167
166 200.39884467424224
167 291.5195649902038
168 377.8168599048433
169 320.55900752124546
170 421.6039727319807
171 85.33044672252568
172 138.93912664663915
173 280.61523177069387
174 159.90246822220595
175 234.735829652424
176 398.21496674170857
177 195.724914993505
178 242.30123842451755
179 262.30160904647283
180 389.0521978013343
181 266.89113596109576
182 222.0066296518853
183 163.75002536160812
184 243.19416572756762
185 268.584879836846
186 333.0852153186638
187 262.45530097935784
188 324.9479322802758
189 363.96419561872534
190 303.08946898119825
191 289.43363159632565
192 133.83923996090135
193 120.47851732368201
194 190.25804699731466
195 297.52333173109866
196 222.60523035018042
197 138.09511088731276
198 279.30967500741474
199 242.91479282983565
200 106.13258956041227
201 128.1747979003004
202 298.60932378510506
203 216.99536669151874
204 159.05372441073902
205 116.73392709600924
206 305.6983551064863
207 236.64943521574114
208 264.13937663474405
209 118.69151278872245
210 235.30073233709473
211 228.3430599631716
212 392.5377465535687
213 281.37222005922234
214 267.3361009290881
215 202.66226969435985
216 136.58084005443155
217 270.67850579809084
218 330.3333269353375
219 345.58415371264124
220 182.06795738117074
221 85.33044672252568
222 229.73671862350182
223 332.1802755735205
224 226.2570116238749
225 251.17754506686322
226 214.49532238679205
227 269.6773830883674
228 138.5210866568967
229 233.18834920197656
230 168.8853612133957
231 227.44476873789955
232 176.4342842908035
233 225.20430606648034
234 167.22832022016595
235 214.23344867975555
236 145.92666888146536
237 418.5196595675966
238 192.63882717081674
239 178.63061592829948
240 209.34212987316332
241 326.36450140947454
242 166.7512983569942
243 382.93827775256386
244 54.85000766224111
245 305.5794190936431
246 362.04434837744566
247 319.72032155394743
248 236.86615574974675
249 259.0340722852908
250 296.51377248084736
251 244.03944358079787
252 274.9653202737957
253 296.83817149873846
254 378.37701400576896
255 261.33541610061445
256 339.22204384066583
257 329.3779356574872
258 135.70898012167646
259 403.5180272753396
260 318.869235758946
261 400.3781722445608
262 227.47923223807595
263 281.94660347276505
264 263.19316953662235
265 275.0597222796663
266 194.82526187707327
267 93.80760500617706
268 322.05658510487297
269 210.7997643458611
270 71.94616985114973
271 255.5314586752565
272 151.28925804759538
273 349.4547373317915
274 343.9899136834835
275 338.8991195580282
276 226.3734133783056
277 71.89274063605163
278 111.87761731347781
279 219.6574523297117
280 291.1302785258603
281 152.54648206019985
282 258.1080831680524
283 226.3909542326448
284 253.37597495255451
285 171.2068792934086
286 312.8644749414652
287 127.76797570659313
288 231.91351437007046
289 340.07792595427793
290 249.81486037978863
291 195.93138387195532
292 222.50249369402775
293 362.8562417294282
294 54.85000766224111
295 237.7743931138677
296 300.47296304123654
297 179.06588866064422
298 129.30966797704045
299 180.94798287388372
300 187.40116420741523
301 220.20797631070536
302 228.37861392885526
303 149.9590582669716
304 254.26375100234685
305 113.47975373118845
306 187.45652718059543
307 161.8774824011268
308 316.63290276332725
309 209.59343812929063
310 130.1217795881447
311 350.2118914334574
312 209.65364290793437
313 302.62846617855143
314 274.37898630973393
315 264.40802153339837
316 170.92564997880118
317 157.69767282617664
318 213.19162110021412
319 155.26885061414987
320 336.9337018478792
321 217.2006500148335
322 288.42940254746844
323 122.46680822010178
324 226.47524874837086
325 147.64341771949657
326 204.75967549098453
327 153.30143896385113
328 382.84341520749814
329 205.9195123956657
330 345.455873595126
331 176.7745231408399
332 295.42076324163065
333 326.32381414988885
334 333.64725592360435
335 161.34961086500857
336 242.57433024869115
337 390.26594761768223
338 162.38943159041088
339 287.7717131435013
340 279.5946376973533
341 269.34671026620595
342 247.05801450306475
343 183.13041817162846
344 54.85000766224111
345 316.9276462483131
346 217.85585838862252
347 97.104624700844
348 347.77605952562294
349 234.1102409881535
350 218.46047159064847
351 286.0402459356276
352 216.94731402841808
353 253.35189236035052
354 341.8659970790809
355 271.72695986616264
356 220.40060273702338
357 208.23651761474636
358 198.73850152235076
359 161.52943203419272
360 242.57638314644245
361 190.5365719528176
362 364.18589685442123
363 247.419522928373
364 229.50071026398828
365 192.33840970902958
366 259.27889966470497
367 308.4935089509238
368 72.25537599129372
369 278.82358480011817
370 117.71130767024286
371 296.2809559082529
372 267.8503451361273
373 256.67849019416076
374 151.3956633208104
375 260.1288250112981
376 394.99995517629736
377 157.28557716637508
378 305.6137353564489
379 170.6741500294639
380 266.25800027800426
381 269.46543445563964
382 153.36578420534852
383 350.74900867589736
384 333.5052733135634
385 289.64575623720475
386 153.45918836560554
387 112.98507622990064
388 193.05794290825818
389 301.75630389432706
390 360.799843821097
391 208.00358391073007
392 211.59234326077782
393 313.9985767270541
394 54.85000766224111
395 376.23678384711695
396 210.31020899943059
397 258.0384423878777
398 236.1564593486524
399 290.23678827077475
400 282.7121527454087
401 98.53959430985776
402 316.88444837728986
403 157.29840801494558
404 198.0505322979738
405 131.51827917882687
406 103.51509207727099
407 136.09663454458274
408 236.98827672206136
409 171.73398014239916
410 277.1673010367286
411 309.92962902080063
412 132.40158987183582
413 404.0681438525493
414 372.83537889757923
415 189.1426818087719
416 231.48832821682745
417 230.05176577743177
418 313.47039665002023
419 318.9454534816529
420 195.7589603341549
421 186.87083635575837
422 266.3422382476992
423 230.72210822142662
424 138.61496485105172
425 362.23100162908696
426 348.577451848654
427 308.4467407400506
428 233.6354588753067
429 270.0496365289342
430 299.64085481937127
431 284.1209414057795
432 156.20350005909344
433 204.75409805935587
434 383.04715641461286
435 274.16185394363436
436 164.95360214001934
437 302.794597116566
438 208.2334310438132
439 206.27247563477727
440 290.5267027424314
441 315.50928379215503
442 230.44841163642909
443 326.50910115714026
444 54.85000766224111
445 304.52597136197267
446 351.2601298448065
447 295.9982447061593
448 261.0254125090162
449 253.01430146777204
450 221.21956295467447
451 259.79886367884933
452 77.74383923811223
453 291.966732934246
454 202.3168546778172
455 315.57965572743853
456 216.88655125132902
457 335.92805097417056
458 128.2796652549697
459 288.43993506695705
460 203.39601142515994
461 238.70398475866273
462 181.05396368695972
463 260.5317163828625
464 322.14527559180453
465 228.99742004339797
466 304.81062218875354
467 129.59970722221425
468 281.21153557613525
469 325.20778218638526
470 156.5213027386526
471 157.29621442663847
472 320.93640433470057
473 235.5791769267305
474 313.6751360901876
475 202.8281713216925
476 265.10820585431316
477 252.79190078236311
478 211.7491825725323
479 397.81638453777117
480 313.10766169217055
481 318.960615952721
482 155.631124855468
483 273.5079824474643
484 340.6224918293632
485 210.2547595412763
486 289.37436133955055
487 333.90539404538094
488 309.57506203496746
489 160.86875593841472
490 161.18526428502577
491 108.75178848685967
492 259.4216494385024
493 216.82422433103187
494 54.85000766224111
495 157.1396873618831
496 264.33218685350346
497 350.30571557093845
498 283.54826022122506
499 318.1447911022432
500 176.73257034135597
501 319.6697009109892
evaluations raw_y
1 226.6979366607683
2 282.31928994409077
3 247.8258127661775
4 229.13379143020302
5 135.93920865384524
6 353.58396650452363
7 131.95093705070389
8 253.6194008516699
9 158.55751310134747
10 365.1750634968416
11 352.08415674268304
12 366.86387360011526
13 296.28610519267676
14 114.7465399438257
15 235.3467688067015
16 292.796769303406
17 242.4023022676419
18 191.8674848088595
19 254.83412020277038
20 196.98106472810719
21 267.7116312217455
22 174.30308812901325
23 340.8558693199491
24 97.45274936867408
25 196.45628608484364
26 197.01609904628228
27 360.3352786018536
28 237.8413471659723
29 331.95172137341194
30 358.67705662009274
31 178.78928154608752
32 147.75973490977532
33 230.03160852065798
34 219.31537711003207
35 203.24169722948392
36 263.8020725378533
37 375.70856648596657
38 239.55315224530116
39 369.9765746152287
40 336.61924062778814
41 206.55388731680785
42 309.8482860848788
43 271.3975844478366
44 173.57370715618208
45 125.4950524605212
46 339.78181348912176
47 322.3754191354257
48 343.3515525728838
49 263.72401244817473
50 284.1492819046438
51 296.6709656597475
52 304.90113111093456
53 246.1758472681011
54 260.72423599004503
55 258.3546008737595
56 260.2096421670351
57 36.713368959475204
58 78.80611694280189
59 400.6196991810438
60 289.5654110035946
61 290.1290869155514
62 321.25187822544854
63 248.91084157506927
64 267.44757047967033
65 175.95442476080194
66 241.36061914215435
67 135.80836415015312
68 258.99411314392637
69 261.9168460514257
70 142.17072440303076
71 346.5045320284739
72 265.63447170455987
73 281.1236006343927
74 97.45274936867408
75 97.52710824316996
76 319.07266112318155
77 162.33389255693797
78 236.86812400956725
79 335.17663141921605
80 319.4719187443386
81 313.7468761482463
82 377.4394145792882
83 204.68128151273527
84 400.34075286425184
85 254.21101329305483
86 155.30436972192777
87 218.63403174626524
88 195.481513030768
89 256.11047419162
90 454.7793919588166
91 338.76567691811823
92 133.2278438486313
93 232.0313573298231
94 119.6836162557591
95 118.85760492477685
96 159.33718992843214
97 273.91919476644375
98 327.6659891362534
99 208.46194290020716
100 364.2282181959238
101 155.3039755325295
102 217.64054877540227
103 343.0862146860145
104 168.27510234964763
105 270.01783290042107
106 275.3397325576808
107 36.713368959475204
108 153.5684822054894
109 272.5859542001922
110 241.52496426320812
111 149.0262964790518
112 309.8386806981905
113 154.80831356666522
114 189.8423766348265
115 140.69358148413968
116 236.49675434879003
117 238.19642634897434
118 268.9633437262037
119 410.5109509514716
120 260.59155108642886
121 102.26095130362309
122 214.16058391873997
123 295.25202906516
124 333.3419303497244
125 208.69743416743634
126 215.8560892718122
127 90.76325773549786
128 325.6091305289106
129 389.91266886245086
130 168.64308103155236
131 293.3432046227991
132 369.2359678511341
133 368.7797364500628
134 155.43759015685404
135 399.47617518164407
136 306.9687555923781
137 305.397107912503
138 175.90095297885944
139 133.31780944674477
140 407.4785985069726
141 222.44785522108387
142 232.1053332161045
143 298.80850801104424
144 310.5736190254512
145 304.33520136085303
146 333.86333192293864
147 287.507340269584
148 251.42381100437186
149 286.9034619928192
150 220.61437635870422
151 250.15033057135193
152 243.33568980872968
153 200.040889282937
154 309.44738788571345
155 172.59607527710293
156 276.60433493275195
157 36.713368959475204
158 194.70673897783962
159 418.2011235209291
160 291.6801628080118
161 271.4548058896729
162 382.1127086964195
163 284.9326312040733
164 288.8801304688932
165 160.87170594571984
166 296.4989616641146
167 296.17996827600257
168 273.93312465675973
169 230.55577849360722
170 257.23912087755036
171 311.27887634090644
172 103.52466712630891
173 254.4749910156844
174 301.53766276727595
175 247.87592040868623
176 238.05046296154825
177 69.87022933776495
178 210.90576122178857
179 165.8766931614496
180 211.70636947854248
181 343.0002578321385
182 109.63526367892203
183 264.5243749004867
184 327.72628296179033
185 407.43548536958417
186 271.0992029875088
187 193.66898272694212
188 183.67539459838545
189 387.501810829405
190 263.91913218595005
191 287.2197117270875
192 250.7203957261191
193 195.93968504395752
194 185.99400617838742
195 310.8424057569782
196 313.4419070018435
197 281.2514370462729
198 212.13498427479053
199 188.12094023202292
200 178.17706326368256
201 259.20658871899826
202 95.00553938388921
203 228.66591133271695
204 389.9909754162525
205 281.8252311323486
206 110.1911015362646
207 36.713368959475204
208 239.3120277240576
209 177.35459169608947
210 297.6224990096153
211 298.5231378587413
212 200.94425715738836
213 262.9558397900879
214 408.77446332672275
215 115.1639610316015
216 206.6991269389149
217 282.789422618406
218 236.08476286252326
219 229.20431749826759
220 187.28902649252075
221 137.02114258973415
222 169.70576372053645
223 189.9146303355061
224 312.0220318543309
225 306.27369011084176
226 235.99073371347097
227 248.30735612788465
228 343.0645147901133
229 303.1710478792568
230 283.1954049107657
231 200.88703252952024
232 223.70872596161482
233 96.05907323879323
234 228.77265615855072
235 259.6542016062185
236 189.8499344373495
237 276.15331511796376
238 295.84634061312585
239 137.65362525699766
240 326.2428117060116
241 253.94986479411583
242 385.8695160640978
243 42.904489567462974
244 84.0535833508432
245 247.8062864546369
246 276.3844622593607
247 73.86135649394275
248 197.11064318802232
249 290.08642243170635
250 148.52730480719663
251 208.58394271857128
252 382.95649990878866
253 222.7448809397922
254 284.6816765112682
255 259.9482218200251
256 378.77298564424746
257 36.713368959475204
258 148.39764006310514
259 118.62230947388308
260 314.6553001097286
261 440.3976668427025
262 326.95588087546093
263 169.73754387801225
264 323.30805121222306
265 199.67529119320943
266 272.58493908728076
267 190.77125158898215
268 384.7120285806692
269 288.70734335159636
270 245.02513622844836
271 275.2220526387368
272 178.5872145083634
273 198.33016086659825
274 339.98563534626845
275 58.49217326128804
276 245.52583260143786
277 175.53759716430474
278 143.1552499195722
279 179.0413732419084
280 61.16959464897851
281 256.41227620087955
282 165.20496946803652
283 242.9382053653662
284 255.1206853898414
285 119.50259507835773
286 257.15245744531825
287 169.65540385252416
288 320.04233272521236
289 280.7446641598907
290 313.7543616476654
291 304.6069998492077
292 192.74697770334697
293 299.86228681765874
294 264.48710145163597
295 93.9029985415039
296 334.84713252449507
297 125.3282811729143
298 244.44512013857266
299 282.27165918111046
300 321.44498828905313
301 300.41816124608766
302 206.77251552643554
303 205.38251011307892
304 381.8636426545887
305 356.0984243060079
306 273.3700342631548
307 36.713368959475204
308 129.13354895395435
309 141.75563954021067
310 354.3462087282549
311 320.3194640606233
312 262.283936319804
313 213.2319717164443
314 204.4923442766865
315 288.7570797077444
316 220.17959673311785
317 240.46704027027394
318 218.9810495080733
319 268.1528355724348
320 263.22997658202553
321 316.42287891199476
322 272.2311167097939
323 220.31871846627206
324 316.1984795246715
325 358.87006194749017
326 356.5332649791305
327 266.10966323751956
328 241.70199513193114
329 347.1558134457676
330 47.39858576815067
331 164.8210286364913
332 240.18457974281267
333 273.34269540680043
334 295.2204120727485
335 244.76355749199465
336 251.92859528035655
337 212.11916738430457
338 263.678155298516
339 167.50616662411517
340 292.3524573235245
341 237.24113381273392
342 273.98240591464787
343 353.49768011176286
344 186.5965054961235
345 388.66237656005654
346 226.34290185626884
347 199.3173140624908
348 276.4163605489878
349 217.06850531902305
350 455.8857021727349
351 215.2845631770612
352 367.5992234922845
353 205.04744893462143
354 346.0926574883579
355 256.5872131253276
356 171.48355674281504
357 36.713368959475204
358 269.8075636666853
359 232.02499969217672
360 331.2952723478911
361 227.5777725604674
362 302.82038125269645
363 286.2673960649448
364 405.3091907443586
365 226.6037328759052
366 259.0857354971793
367 66.25553937741915
368 203.53500471075097
369 291.3231639601448
370 243.69342735664725
371 239.15231069877805
372 258.34716004818927
373 246.79567231100873
374 216.3036199347447
375 332.8222352769712
376 320.48308160250303
377 317.4115902035116
378 376.45961472292197
379 397.3463950574984
380 311.1940854376308
381 357.65021136926356
382 227.29735340280868
383 261.15767497543493
384 114.0669470559275
385 384.15846440421564
386 197.48939076771902
387 178.93315131310806
388 307.2156153833658
389 245.79820336820106
390 413.58977254948616
391 272.35546796003814
392 211.20413824223505
393 150.0561125469709
394 148.1875670870964
395 352.14716808746914
396 291.0170272233451
397 162.6275172925149
398 314.11750348353127
399 204.39562507810808
400 195.66509177612124
401 361.12771163440556
402 380.57254775072863
403 373.36165363835886
404 351.8529509122892
405 260.5572634232529
406 192.79607095343513
407 36.713368959475204
408 217.81834720759903
409 235.42385801552925
410 272.9791293311057
411 296.02204028388604
412 240.67611269260115
413 230.7462381613877
414 220.60521081410673
415 142.78730481545117
416 221.8391280506764
417 274.9029169868973
418 367.79464574503646
419 294.18281572887247
420 216.72229727327792
421 277.979361550477
422 154.66960546001073
423 426.5809612958023
424 190.05660964474774
425 260.5818885145748
426 251.51037140091083
427 246.18451357736012
428 124.79011717359776
429 339.9015800245586
430 181.63237773583757
431 169.8399998273129
432 140.76050925907867
433 206.57324801164458
434 384.1390458780513
435 252.60415738714974
436 232.4476052289493
437 355.4553608640487
438 260.9816798547375
439 240.16964746711736
440 266.68720660551287
441 280.33612310146265
442 343.2332733425441
443 55.6199860791057
444 303.0835111073175
445 157.96175747343895
446 404.6881712314312
447 398.5718706438331
448 397.33347900107043
449 223.2429991020597
450 246.3487332077325
451 74.06606853696414
452 246.50376151993817
453 357.47279302573776
454 240.3888957033214
455 274.9691951163076
456 250.28824068999998
457 36.713368959475204
458 201.36919318855274
459 219.3919764558657
460 109.13917178512477
461 294.3731638437498
462 296.1380188142973
463 397.09343384593035
464 319.4428804989405
465 317.0287769446995
466 290.83725983788685
467 202.20600618961535
468 326.2261023395554
469 257.4879906700232
470 199.40001643484575
471 188.96316075461903
472 314.66035763823464
473 213.69098372771387
474 268.4792790743942
475 247.7836493630279
476 213.09738189310843
477 151.38754179384946
478 221.48710381524342
479 303.79746056446055
480 226.7621571151005
481 290.34492850349955
482 254.73341179413515
483 308.23370751292117
484 281.08502629530324
485 361.0138370766982
486 280.6859799885497
487 249.67568739930476
488 305.94559067008953
489 278.49068109581333
490 123.31940257836881
491 266.61464255393656
492 200.08550267085593
493 289.4661266731706
494 218.25516446461273
495 304.420573703294
496 96.37928649951131
497 448.3245254702217
498 255.45985191879294
499 234.82550133403043
500 276.2019606554507
501 30.64101420310694
evaluations raw_y
1 156.85817144624994
2 234.90591311599357
3 303.36590453473417
4 254.03550272069708
5 358.42094386276506
6 238.0773975028046
7 218.16501808862947
8 307.238614447807
9 286.42949614203576
10 208.3161889589644
11 135.18132112851194
12 335.32184820763314
13 245.17157840137008
14 224.35278708412363
15 273.97638294433614
16 338.39666851835926
17 167.07752417991674
18 314.3698220412304
19 246.98697664331095
20 265.59249346165274
21 241.07224184630803
22 308.2798423516368
23 180.7649913146592
24 188.00107227097413
25 333.03061026952855
26 297.8495100313924
27 287.62344695856393
28 125.00219968618069
29 247.2166325084131
30 237.21573798030454
31 376.11806357267375
32 123.7875032101238
33 140.53814648923176
34 242.13525363133263
35 158.40612754410256
36 320.0967667200293
37 379.327499674243
38 80.5704563831234
39 176.99963128395126
40 154.83495132158828
41 333.2359034972062
42 172.4249687737752
43 267.8410340105182
44 309.8033471300679
45 176.43620707989808
46 277.6524913921544
47 282.11679340809496
48 260.9207293633
49 211.09777100756753
50 254.16791972993653
51 322.609753105693
52 262.0640807512875
53 317.71508090472446
54 301.1798825921918
55 305.0913046466264
56 229.2684232978188
57 268.6043449911591
58 306.6507117688967
59 342.0038941467942
60 214.14056438299167
61 473.1357413709148
62 176.84299126705844
63 229.97800814316562
64 285.97094062612143
65 295.38505984188924
66 313.32191812224767
67 283.5877955492304
68 373.20052552837075
69 280.0306026758707
70 256.9469902309626
71 327.3519548320135
72 318.19972744313503
73 186.63320514883455
74 99.40666770413408
75 319.83722603642485
76 294.9540084736392
77 347.48863234388693
78 286.0078892699968
79 322.3599862669857
80 312.5227307220283
81 258.0640294121359
82 224.99761235440226
83 296.23593946249497
84 364.21801166055525
85 213.58013307291336
86 169.9661992533315
87 288.91820768507154
88 80.5704563831234
89 377.49503796787207
90 165.03959013453328
91 286.4261574272644
92 157.2643100242872
93 346.75477445233463
94 157.00821119018136
95 295.05138459875076
96 248.66627758747396
97 214.1970477353883
98 242.4744034181515
99 311.76552530581637
100 208.66693170415874
101 222.49770289922844
102 309.7901873933568
103 301.49824936269255
104 413.28592482389405
105 293.2388325684337
106 266.3457099296722
107 323.8001642297544
108 355.9795672307472
109 295.7195695807548
110 205.8702369749341
111 129.51698774999454
112 153.40441801559282
113 254.83257822910727
114 211.72991828934954
115 362.45188080693595
116 217.35914260664043
117 308.1819380679179
118 281.6089801848462
119 148.25140415080864
120 288.08014264901857
121 242.49655379612682
122 241.33104966274578
123 125.131084476208
124 131.26764803997665
125 200.35083075006608
126 192.00243656116334
127 245.37844139737842
128 239.04092859557682
129 344.4627560493898
130 395.79943620563233
131 241.44529482981577
132 55.738821013059685
133 190.86733444097442
134 164.3743847740245
135 162.8812461554482
136 333.3879123634907
137 155.2048061978195
138 80.5704563831234
139 300.7272273950324
140 262.71172630181235
141 129.7325514037422
142 108.78353555486039
143 294.35385653312085
144 337.8830016947149
145 257.03290059508004
146 194.40685277712143
147 338.7846664504391
148 243.0673669136983
149 253.84197489923525
150 269.9629441054513
151 265.07187968775014
152 280.0705837701452
153 232.79520030671353
154 210.1645509917616
155 146.61667038418292
156 240.02647381572245
157 278.5688021075995
158 307.47864784324037
159 311.3222878530471
160 389.94432667190796
161 300.34059475555676
162 157.12882190346772
163 239.0647996211804
164 80.40683220642838
165 265.3170055282328
166 257.75778931497103
167 233.7141814996666
168 184.25243694047472
169 170.27066932382215
170 255.04784117452942
171 292.6796069862321
172 290.53042189822236
173 269.14988489820075
174 158.60245350614503
175 224.956368190995
176 329.07973195500426
177 283.5847159499582
178 366.75056175584615
179 164.73126336013163
180 281.0940586423287
181 151.49977717503776
182 55.738821013059685
183 315.0678583122258
184 206.5605948457111
185 175.06243836304654
186 264.1030155075233
187 300.1866419340256
188 277.4717364993812
189 320.0514304122581
190 256.62925654437845
191 279.51638546063623
192 353.116560390329
193 227.77713404378608
194 292.52825879424245
195 305.7009501633429
196 46.53416756242091
197 225.81498886470342
198 189.64638846217497
199 242.68948228401732
200 242.5178141189541
201 353.784849153967
202 290.93425926510713
203 244.20326455108946
204 304.1835519820442
205 354.8678628269427
206 268.8654390273892
207 290.4563988078109
208 298.76891345840784
209 308.8131483467639
210 278.0364265743115
211 312.8413810354967
212 234.72242052240395
213 222.01810545414884
214 259.7629635850666
215 310.17366469038706
216 352.14253975893246
217 250.04470419443527
218 212.16591020636966
219 220.48393627415143
220 227.43549623714344
221 203.85395464425986
222 159.65414749489244
223 305.81052306972094
224 250.30872249991876
225 266.55633137630446
226 238.3159892551997
227 284.761293650075
228 279.7065680468715
229 144.46790849639407
230 67.86142057666507
231 330.5606500057151
232 179.04723751204799
233 211.09259175817567
234 169.95018083917932
235 284.6628102357186
236 201.9634431015043
237 223.8554856471393
238 374.3303370102377
239 312.9213841879928
240 179.00378079758025
241 236.30292466070685
242 237.9616028016416
243 236.66145200410176
244 277.0384295949859
245 136.77283961532092
246 46.53416756242091
247 156.1066384477288
248 311.6886275539876
249 326.57074740546466
250 226.15233583825042
251 122.89770111140737
252 74.83626039492489
253 385.2205819531065
254 318.1750974280247
255 217.4586624148001
256 295.7694960400218
257 145.4544000366515
258 199.06351248608811
259 153.98270069669286
260 176.45135915412115
261 302.92869140566523
262 275.0160279983421
263 263.5377001922798
264 286.8519214259104
265 361.3631830682591
266 116.97373638691606
267 119.94919956009146
268 37.864509670712444
269 343.3389573668454
270 227.6305536378075
271 314.4184647457316
272 199.12219415979308
273 417.9193334775857
274 179.33860154426392
275 321.33085805062376
276 179.3735743045026
277 298.98260636416046
278 175.16592880386807
279 209.91394989669064
280 235.9622939100373
281 277.5858949096007
282 148.32033145367768
283 187.55826292019728
284 272.8056741696034
285 136.51694229820475
286 251.49102748684697
287 266.6232015329571
288 272.4721299656918
289 96.4082704860768
290 214.6995912685487
291 226.08119686708278
292 236.21460474954475
293 446.444492889902
294 232.30297436946415
295 182.94406996511572
296 46.53416756242091
297 245.64378988612722
298 274.9696797453941
299 356.431390975556
300 132.41489279436047
301 243.50199896719445
302 154.56720388849817
303 259.17633065632305
304 374.85782095853574
305 323.7552652766707
306 267.6351556112695
307 176.76447832315847
308 285.4353361299774
309 164.10629126705288
310 313.00876852114
311 202.6167435887832
312 316.7281762934067
313 319.14880268684607
314 229.99901773845008
315 205.74890196099088
316 170.1322178377564
317 279.1445394331893
318 37.864509670712444
319 232.9117861107851
320 262.4211249133957
321 201.80586749792283
322 302.42181804956635
323 235.56879368385216
324 238.38846101443653
325 293.53582170738815
326 248.6756255850667
327 112.8424258541389
328 222.55408169658466
329 190.56094719002223
330 271.17539096843564
331 264.2470416117792
332 263.5251798207256
333 325.0307626536975
334 265.1529409032633
335 252.02199052271467
336 262.03214513043855
337 218.54380069847625
338 183.94447793777167
339 229.5583959766605
340 169.1778015873125
341 282.3152991129607
342 224.82897489778972
343 335.48873596209717
344 238.12192722327475
345 266.1501041839923
346 196.63371586263304
347 275.35046077538027
348 175.38484673358062
349 369.1681155068245
350 115.14808418440211
351 222.11282445977207
352 250.38074381773188
353 262.862103561828
354 225.1338787507896
355 357.50593496308403
356 290.9825928839707
357 162.2097865828919
358 90.04994168404323
359 448.22737428317316
360 93.73299368450174
361 121.90713746889526
362 173.4604034728659
363 276.23766749597195
364 270.7363414923087
365 295.7882890676206
366 287.50382835033605
367 274.5946080326406
368 37.864509670712444
369 173.97111478957763
370 158.84862781794357
371 294.64002376797856
372 286.74376694598516
373 166.11941099198143
374 169.33633003009408
375 271.9835673244479
376 238.85361686112427
377 190.4784046411968
378 269.907368218033
379 351.86711120638415
380 308.6503512565089
381 325.60050838177074
382 129.59640837568543
383 261.19320990406266
384 271.4423629931258
385 275.03838840466733
386 209.74230893540872
387 214.6617566009346
388 217.53199440905883
389 165.73039179394112
390 285.00663599384524
391 292.93001227801915
392 399.1699150618531
393 260.7334265102386
394 339.55443765988247
395 449.6995913604979
396 144.83736841709975
397 273.53070075844124
398 245.99504573004168
399 245.88957610364156
400 301.3472276583622
401 207.71374759854777
402 253.34174937481808
403 113.34368199330139
404 247.6068976976605
405 152.90169589528668
406 286.3596210518246
407 300.0586937374634
408 198.66649537907742
409 292.76678026696254
410 359.97804175695296
411 346.1504989568325
412 336.0861060197068
413 305.67849856966893
414 194.69367464659433
415 152.9431745828266
416 405.5581530925939
417 234.5929702196102
418 37.864509670712444
419 253.02842190912548
420 314.3077852524393
421 214.73278834087935
422 233.42001591551403
423 257.9152638954831
424 248.4434644977388
425 280.3348337642688
426 191.686168482407
427 292.167688818515
428 286.70733813299034
429 267.8219304274114
430 337.0767870974348
431 131.04257411713758
432 275.9143149035486
433 146.68577778238193
434 292.39106365685427
435 343.0942384947708
436 268.0699501429873
437 186.81891440370333
438 216.32031285496194
439 333.4687783415303
440 227.21232179888858
441 353.2377941708295
442 210.0329630643236
443 268.96194191885087
444 219.1101632024851
445 325.53178060014153
446 158.77444443272995
447 238.6441923991083
448 254.31052628924334
449 292.3582606974163
450 385.6408629510314
451 145.6030037024999
452 321.8263398511634
453 214.32158822393723
454 302.81262007983173
455 296.8504288154178
456 266.1424698571589
457 225.88771902931435
458 306.2631400296419
459 162.03834010275068
460 357.80120374382716
461 234.58307067090166
462 141.13008100680455
463 308.7885751677033
464 196.068285277144
465 76.91733140403069
466 172.2484216338574
467 323.03464356327504
468 37.864509670712444
469 350.0761806909306
470 363.0230976388122
471 246.25172900009056
472 289.3750840484561
473 270.6664956776831
474 264.41250598910904
475 162.7211880617916
476 298.03186696652716
477 302.2540583021075
478 248.3096936970552
479 168.37273999190725
480 271.58377783402096
481 256.41790120215
482 185.0402030529781
483 252.99791349557648
484 215.60674638351009
485 227.15529392433166
486 240.31936712759523
487 310.8310848027861
488 194.89513826942752
489 63.140845106891504
490 163.49282837463159
491 262.8673939482822
492 251.1114370728466
493 193.11162976740462
494 154.77721683881668
495 139.54518708180768
496 334.74901835435696
497 297.7538998694805
498 284.2734722961285
499 257.375467093376
500 149.98871879166282
501 306.7069923947255
evaluations raw_y
1 339.3456667295485
2 91.537149577154
3 224.10694630136538
4 178.99732276588975
5 219.94360590191508
6 296.6259490502059
7 181.3005502825161
8 238.49577200584093
9 226.96511479030158
10 182.48455554619042
11 124.44998838143997
12 263.4361146210842
13 344.8973275848761
14 150.54439814604203
15 243.936220811882
16 208.99951437394043
17 285.22670781497914
18 65.55132180791915
19 375.06415540902765
20 117.46222601007248
21 283.92951069797977
22 299.80698186666467
23 187.492597831091
24 171.73664411998357
25 289.5377107367891
26 308.53158087022257
27 141.42985369461866
28 262.43841244937573
29 383.04688205479596
30 152.7848164712417
31 365.09073220980093
32 75.4105446943408
33 259.7520584246852
34 227.4001997850184
35 259.22670908036525
36 153.61779081858478
37 294.2571913042122
38 231.6013199461761
39 112.09281148236606
40 294.8218849421427
41 202.17242827796434
42 325.20385567139476
43 194.99561168957425
44 226.7835079602355
45 218.2477962857266
46 195.7374161543955
47 223.20547477576073
48 228.8792008644886
49 374.56499155181206
50 59.9014800311232
51 283.9177486072502
52 154.1705627958541
53 318.54534384217425
54 161.41965105397048
55 147.05127266221965
56 101.18221598069553
57 375.6852359719757
58 316.9751884985012
59 295.544336785242
60 244.3921525709359
61 294.73417321316947
62 129.57797274396057
63 239.4433869319207
64 209.33375305563527
65 180.07571010667434
66 318.9190970463806
67 135.66025919405047
68 249.62952821516433
69 292.9384729231154
70 185.2319916520989
71 388.87411827902537
72 213.9873906886455
73 330.3853818412292
74 272.22431414824314
75 195.55282133875176
76 232.93875381304304
77 305.7833479030468
78 274.7139798143946
79 288.6876809506317
80 381.4391878814082
81 305.68493325050895
82 282.5335850157117
83 268.5213145730338
84 322.1528657797335
85 294.164747335942
86 116.5684960270889
87 213.23543466907503
88 150.32000944385473
89 116.47306147550547
90 318.5050250248341
91 340.2832367286179
92 295.5742167577747
93 385.03767319486195
94 322.5981662870031
95 321.4278068185163
96 323.2151255464149
97 207.94728150504477
98 321.3032153882503
99 143.19581502083895
100 59.9014800311232
101 119.51281306548498
102 182.697433906596
103 186.37672710802065
104 173.96574123253768
105 254.87601908489242
106 314.42920658479164
107 218.1428392929005
108 181.0719445397961
109 249.33851340592895
110 251.1713693492645
111 268.91537404010177
112 309.28830065993503
113 226.4578940696604
114 311.36366062635364
115 229.4732643464567
116 416.70674859062115
117 218.43059018870588
118 222.29056888435386
119 269.29860527114346
120 186.94077303730995
121 282.10137058181704
122 254.50180795791763
123 232.17059312624457
124 110.8421211064927
125 303.7819016528282
126 304.9548085112155
127 124.26077725312108
128 316.1001127897987
129 189.8798257323199
130 187.17397976771574
131 197.5458216044684
132 128.17859789691536
133 249.03988331384872
134 202.0121522763636
135 344.9502200502956
136 395.2449007173883
137 102.2402994600587
138 245.91551123838548
139 362.7336600519526
140 201.59293701348545
141 414.569862348312
142 89.74712267635098
143 270.02943900010416
144 267.0219209352761
145 234.22846254546363
146 332.6296913245721
147 237.86382637647964
148 305.90158062137766
149 221.40871652833408
150 59.9014800311232
151 300.991888572551
152 257.39877513858886
153 317.6284250942695
154 88.17737248313824
155 177.29043380720123
156 191.31679840916706
157 201.55178593063374
158 64.72754637677681
159 191.13995851099062
160 368.6907223673385
161 213.00085128849017
162 264.7862693609068
163 159.6760597388993
164 303.42747506625545
165 236.6397007605554
166 192.73338580348906
167 237.82456572828255
168 226.41956007631637
169 361.41209096097896
170 347.2745264532721
171 348.3899811005647
172 217.38188525661116
173 404.41319959668687
174 197.1588699050184
175 111.2668599343938
176 203.37930284236592
177 153.2290636843777
178 268.386746328439
179 309.6413282352445
180 205.19916880236536
181 170.1971856285566
182 275.1153452245558
183 78.97813966021873
184 216.16216189421158
185 322.8376815926851
186 326.5288159092704
187 271.425739552105
188 211.26776423066596
189 205.3873739402586
190 102.9192118864059
191 242.7906822544449
192 130.42453293509493
193 141.50407206955072
194 367.2064007045285
195 285.65299633297843
196 303.11374801269653
197 259.292538938431
198 297.7009389571419
199 406.4909422391218
200 59.9014800311232
201 245.9035931048738
202 341.68468350520465
203 234.14593031232022
204 167.80801890391822
205 266.00216427447486
206 254.7246484387986
207 246.69871140978063
208 266.5219725600199
209 237.43908900411284
210 174.25727127213324
211 235.19362445942662
212 200.69560498811666
213 174.22140157594936
214 171.87507253376984
215 297.21306556416795
216 164.2456236648323
217 212.26510302819364
218 322.6192479240556
219 289.95408090575063
220 222.13997552202133
221 148.02186548593232
222 417.6770879521071
223 222.4137109640137
224 391.043647900567
225 256.6555352727098
226 227.43149202548818
227 214.43245435023505
228 231.167981472608
229 208.7947728661844
230 332.41949717746013
231 372.4494265089604
232 332.0713456227695
233 179.24517969208827
234 260.08281287699424
235 281.1962810694956
236 192.3244032912293
237 179.27555776370733
238 417.20432675359274
239 367.4268874158995
240 91.98346898200315
241 258.7144382157735
242 343.59234836885537
243 240.12194228546275
244 318.05993840042544
245 395.49295059592754
246 229.12747981084487
247 160.99678747844118
248 58.27218300170884
249 202.6671093300435
250 59.9014800311232
251 339.12001816655845
252 130.6667238291667
253 297.4414251107718
254 231.6147548531654
255 295.2981469923873
256 201.66823813040054
257 243.78052303127046
258 280.33674588782117
259 31.928398044919007
260 211.0693486643204
261 297.82079971607203
262 265.77618462730743
263 179.3062205778849
264 214.8745815801238
265 232.63461917299588
266 206.22992794073193
267 345.2114317113595
268 242.57183760766225
269 414.7386524647301
270 264.53463983645634
271 213.6221991816258
272 351.5133060850721
273 257.00438196138987
274 289.76483060051345
275 243.89917791964012
276 149.3035615529355
277 200.25859669937148
278 175.70013096083954
279 248.72095535679998
280 92.48283215561153
281 251.51943508468716
282 307.67722612561465
283 201.22986830063155
284 213.60340800636374
285 347.7673564879264
286 213.28321149133427
287 201.56869495116493
288 331.8060558060173
289 175.0271871963821
290 292.80137054021
291 329.4398659434622
292 251.6305857878897
293 373.26731653121806
294 166.253428210649
295 301.0556713730068
296 288.47686410844204
297 348.1374624295813
298 58.27218300170884
299 186.90208180565972
300 226.44810517999443
301 328.1324067040062
302 70.60534916707513
303 166.33314918531482
304 338.3111563495035
305 278.23823746708905
306 253.6510712557367
307 230.7112375615996
308 203.79102073870345
309 31.928398044919007
310 153.29999114962482
311 416.0260535187358
312 145.64154549155427
313 255.33830033706585
314 296.57172139296097
315 220.57813590367712
316 167.62228843908917
317 257.94479489015004
318 97.10345201717897
319 254.9767305364278
320 359.1815880699878
321 98.02126810432884
322 181.71480873486718
323 398.03047048009824
324 127.40979963789846
325 329.42779012962376
326 161.06117351973322
327 288.10448014811806
328 299.56395549641456
329 115.06005359303607
330 290.45615491609124
331 223.87380008453283
332 198.5705811822249
333 275.68136017119576
334 316.0919342671178
335 112.77693152934023
336 82.18261543829979
337 200.08995845834593
338 283.50020000121356
339 205.92472428142614
340 225.73242386913196
341 134.64052377350407
342 221.38552033540466
343 222.17505768794868
344 334.84750678610044
345 324.48796802924363
346 144.52284654301963
347 193.90534746243486
348 250.84765009000614
349 219.58230841275594
350 224.66854810237234
351 49.534453191364065
352 209.5717338362272
353 221.00052567677153
354 215.4458808833537
355 247.93063996763232
356 324.2887452871113
357 53.894775869077115
358 187.8557573852044
359 31.928398044919007
360 119.72415031024507
361 362.0076139432699
362 361.64864669754746
363 341.9691589466815
364 224.27526935936604
365 226.55912261382292
366 275.9774556004839
367 378.3394944658207
368 385.415682000647
369 266.19201108741333
370 108.70788560801721
371 270.1384478486203
372 162.05945314281234
373 168.18515440552844
374 302.3144212608278
375 265.61719954822104
376 262.0814352736261
377 132.84893896052765
378 296.2402708283439
379 165.7249480105721
380 172.34366049196285
381 206.0332716604122
382 222.24544961819564
383 140.8008440687839
384 213.74105014649578
385 261.92996710652415
386 303.13868943885984
387 153.8424749388449
388 171.86694921197446
389 242.42737333257082
390 162.64424078724272
391 349.0821734606436
392 260.09747221011685
393 110.52054573180047
394 198.29584409705245
395 247.65255610872006
396 298.1728238294214
397 206.03004555581126
398 406.44756068562634
399 133.2670910853154
400 140.8511425083186
401 274.0573598585012
402 311.28221719208705
403 215.38487284837208
404 140.2738395204567
405 110.50504842068693
406 193.26755775612108
407 271.4711669903627
408 326.0746540399216
409 31.928398044919007
410 209.2642912953624
411 342.3509333816166
412 132.7859489248037
413 254.92536007881841
414 86.77797209826181
415 186.91952906266488
416 281.76418994447573
417 122.02178621178257
418 269.8223961785002
419 344.5513027217933
420 71.8274555575201
421 367.2304297224503
422 299.82330348913797
423 206.29219912043388
424 149.5144354678513
425 181.8669773275685
426 278.7533088100248
427 188.6628555486901
428 209.20756130897047
429 309.7216765759818
430 278.37766872491204
431 207.62634023494354
432 167.3894185512654
433 356.87230249115953
434 234.27760627718223
435 252.21788248897855
436 249.25164902556455
437 267.08086695663354
438 280.7864050260318
439 315.7174346003704
440 230.71993621295886
441 267.20116996681287
442 335.6191879761709
443 238.39027647976582
444 291.8569496472532
445 326.8545734315978
446 177.97371976756182
447 189.1139071707126
448 215.19330027214883
449 288.3373397894673
450 195.50074260435946
451 163.38382868191064
452 199.35360834953835
453 186.25209799763658
454 199.4249912195788
455 353.2828054819661
456 235.31093278682965
457 218.7739289969006
458 268.7159881370596
459 31.928398044919007
460 310.6377232284226
461 305.05644216878375
462 238.75228638674864
463 312.6452226487995
464 172.92856594024732
465 261.76995045980107
466 321.6353553735244
467 356.9498933815254
468 335.76804923034126
469 229.2009778730542
470 214.43538716136908
471 357.39279532258286
472 112.85880613064218
473 183.94527225242263
474 51.72329041494837
475 232.35911486082028
476 233.06054450610839
477 171.02635088339593
478 278.74571614634044
479 147.18821142168883
480 235.65918925222743
481 236.11861288855386
482 203.8586473446501
483 247.32361818727014
484 392.36107429048917
485 183.88441034708657
486 292.3548302455106
487 295.22030761438316
488 312.8850511100403
489 339.1336276604851
490 385.3430513801071
491 216.91369133614768
492 244.3410301703571
493 167.5997328827391
494 179.14555591053008
495 298.2214042891637
496 274.54974528714945
497 136.03401159844083
498 304.9736040896351
499 318.70211737091347
500 211.8597172536764
501 230.17091741834204
