evaluations raw_y
1 9.878004893518714
2 3.3990161170963455
3 12.635775951277338
4 -4.456636094507671
5 6.45408326172786
6 5.02583711062375
7 11.636662581766231
8 11.57063356447231
9 5.964883491379121
10 1.4120225232799237
11 1.7602607527581893
12 10.299058614917545
13 2.058493751982674
14 4.859733926100387
15 -0.7440371912584425
16 3.3551975573674473
17 6.751518679202834
18 6.317635407256303
19 5.631123455575758
20 7.563545086812421
21 3.5084353534639217
22 12.137993176352493
23 3.4212694877545733
24 10.446726058714294
25 5.8318712468007625
26 -2.0642692987226945
27 6.80888381291761
28 1.7117888351234853
29 -5.588385306040452
30 3.3437787172326
31 5.187417146324988
32 9.375073719877623
33 1.9322736151855713
34 7.381442645326759
35 1.0072140481207423
36 7.618499212533443
37 6.7244795123993955
38 3.172241831268222
39 5.299902340477444
40 5.672219113717296
41 4.764940863432065
42 6.20192170840391
43 4.635352258594505
44 9.928719134697786
45 3.444041897848882
46 3.7548486664794978
47 9.183262010772093
48 11.876969631645311
49 8.264034209966722
50 13.685194283967576
51 8.523845380092313
52 10.763672711675692
53 11.092002710385891
54 11.223285302030018
55 7.578004197467335
56 2.5208394515294748
57 6.75965389613702
58 7.226405330833607
59 2.9249616638548996
60 3.2982864538903307
61 -2.3985164848712017
62 -1.7503007179808208
63 9.699227462921439
64 6.537054458884494
65 0.5474818209219339
66 2.9635537570370927
67 0.4657126420719737
68 7.397047173192361
69 6.96603063625461
70 5.292847668096553
71 6.510917390893926
72 8.119331049986389
73 3.535050929781837
74 0.9187267145205569
75 9.536962898387047
76 0.6620838979877277
77 13.280464480196974
78 12.626879264077084
79 7.3643680013668416
80 7.52487236730915
81 2.7602439812103237
82 5.880426951221233
83 11.624478997182251
84 9.801703958063404
85 9.92716568638847
86 9.047037277976607
87 9.099726618515277
88 7.896259739051473
89 6.285277006587399
90 9.903972154192566
91 7.686383833912417
92 2.1032078327010906
93 13.53556370026828
94 7.653556377785362
95 2.753931827378004
96 3.986250158415939
97 1.8769021911738184
98 1.0779513561622436
99 4.061721890184772
100 7.520734548911571
101 3.2853242991081046
102 6.019671265506691
103 8.45845493839473
104 3.1160198753900925
105 0.9658445141782672
106 0.5236219880071942
107 5.956013801759074
108 8.646518639366773
109 8.705957422689726
110 4.206910376823691
111 11.996107811097371
112 3.601488145906516
113 10.302767709830722
114 13.814300182928786
115 13.868966842308284
116 12.565433760162524
117 12.017343262721894
118 9.913761785202627
119 7.987337767045612
120 4.507249882587775
121 3.7628985513841644
122 2.885542580027455
123 7.07688291758752
124 1.0240498915424339
125 4.831857647651656
126 0.36408899989884524
127 -0.06135419882919235
128 -0.04205265820941695
129 -1.2513107211781793
130 4.792371990525955
131 4.710490351950768
132 4.498893698871895
133 7.02357963909282
134 3.510558118802058
135 1.5716586952179505
136 0.8125399854887965
137 2.8913156145785233
138 6.663402751909585
139 8.364752779773914
140 7.609304814888853
141 10.460258968444244
142 4.595556711067991
143 9.993789242483908
144 9.417582776125379
145 12.610811316249919
146 12.34773859283566
147 13.20083734933564
148 11.93393215061431
149 10.56095932663031
150 9.393473382564583
151 4.047732147450078
152 0.3595947033460045
153 -1.438111897349385
154 -3.3960230791169064
155 4.140820212296164
156 4.958132187335248
157 3.323245012146407
158 0.46027301660006614
159 1.2080092976475802
160 0.14286634625537165
161 4.110688435435427
162 4.898741811002422
163 5.03657615977135
164 7.334959839439951
165 5.775547419919149
166 3.345042100910769
167 2.9464133521218168
168 5.742019150082941
169 6.574155408588231
170 9.189633833298501
171 7.324401306612252
172 6.600361381125391
173 7.337313940533494
174 11.77195210997725
175 8.556940430197644
176 9.956078583469102
177 11.679699339827671
178 12.420437600255424
179 11.766775573899052
180 10.888418988255182
181 7.358744298293896
182 9.362726940815811
183 2.3936736723746757
184 1.2861646532396422
185 10.06941006494491
186 3.0104929350637053
187 4.495476741335354
188 6.4255448550711565
189 1.6053773154172593
190 3.3664349017278727
191 2.1573361212023667
192 4.316114436994734
193 4.979719573408377
194 6.12254307995558
195 7.601824548744481
196 6.828342624463652
197 5.059944876987825
198 5.521479048402474
199 5.572799092492396
200 7.720067357466039
201 10.928351868082416
202 9.150505589020682
203 8.311295183673819
204 10.602819380734573
205 10.923343097852833
206 8.619852853183493
207 9.90742106704953
208 11.49382991153698
209 11.895271316154577
210 11.635831043883357
211 9.509822454664828
212 6.856786331223717
213 1.8911175107123266
214 -0.37638536674347334
215 7.527854591778203
216 6.356709875278504
217 5.287123094614955
218 3.190791655559861
219 8.294661247121304
220 3.159270896827593
221 5.412505888537823
222 3.802135447700595
223 4.687584675343492
224 5.484047556952455
225 6.4714683980952294
226 7.792719763240671
227 7.513999211718232
228 6.469337885608146
229 6.104004003878853
230 5.50765742929606
231 8.31628586750665
232 11.363267520459356
233 10.662135133517756
234 10.359302274791142
235 11.388689252702992
236 9.939717587723736
237 8.929594634044602
238 9.982292393420668
239 11.159386031826399
240 11.523493699205961
241 1.1657705598156487
242 4.791184395882523
243 8.006425752509275
244 2.210347744338349
245 2.8358652986307615
246 8.562193964861542
247 3.3705297166095574
248 7.427384861305387
249 1.925555323293259
250 9.09133510890128
251 4.365522396474458
252 7.067008659491393
253 5.010030246484018
254 5.227058261154008
255 5.822201309572311
256 6.634248127205461
257 7.809677200073764
258 7.755192331617459
259 6.857907213795258
260 5.990301255881228
261 5.667207691744554
262 8.190005211847994
263 10.773885846171062
264 10.903449111747358
265 10.839599482838256
266 10.636684946523832
267 9.373208484128083
268 9.050371996358175
269 9.932162075759969
270 10.867348277398317
271 -5.212514782536927
272 -0.7271395021731699
273 7.932752259406058
274 9.075635450058513
275 3.858602362824495
276 5.401678802575169
277 5.905542578557487
278 3.060254933916074
279 8.959053298552996
280 1.3440523500293142
281 9.267488594791272
282 5.2975404055594435
283 8.361508365007932
284 5.9005479163914565
285 5.665760787756334
286 6.101377433858488
287 6.698519976423028
288 7.571326601044982
289 7.534198696191207
290 6.745198342126843
291 5.8745682464968985
292 5.706082052205125
293 7.6482655933812325
294 9.712755879261495
295 10.224217654860146
296 10.159622755119049
297 9.690698540916602
298 8.967128229704363
299 9.040822176895658
300 9.84288756161483
301 -4.345980441963901
302 -2.7360961771437053
303 2.4035982193260623
304 8.768124867517747
305 8.903041735576966
306 5.4825322837148756
307 5.633692578649178
308 2.4246979683102685
309 4.417464222980838
310 9.153822486621669
311 1.4629094098889046
312 9.16362062242662
313 6.060766504346416
314 9.315308553096486
315 6.563457503720161
316 6.03795948091987
317 6.369014497368751
318 6.674115130178491
319 7.182892735673552
320 7.11377647742974
321 6.542849083639499
322 5.767778813939327
323 5.589935008689886
324 6.967604726829843
325 8.535951791404589
326 9.15104279951538
327 9.173934430615148
328 8.896369424801133
329 8.64884300189008
330 8.977184699791646
331 -6.092580594978851
332 -4.7179281436220855
333 -1.7686633642125518
334 3.7855259638048517
335 9.029777304166544
336 8.855222526541525
337 6.157476497387344
338 3.6027019844319756
339 -0.06000753030599748
340 6.771173935022051
341 8.132774653535371
342 2.0487868583795565
343 8.882942111285857
344 6.712459338464946
345 9.979681824209242
346 7.069290298678531
347 6.376557048219095
348 6.631851362322228
349 6.628590489544898
350 6.775802028243797
351 6.694291988892379
352 6.318545760251924
353 5.624813883256175
354 5.385608763422079
355 6.296320269212083
356 7.4676685274437276
357 8.096800314327561
358 8.28098188659962
359 8.28755673151427
360 8.394148023665373
361 -5.986967270632152
362 -5.451562788902872
363 -3.982385151976879
364 -0.6206634157360869
365 4.862828165277085
366 9.150888603208674
367 8.71925684651519
368 5.481701658791814
369 0.5322488021175877
370 -0.8303157233227352
371 9.149076329735212
372 6.523828599305467
373 2.8860608628277293
374 8.4871127922642
375 7.2677706431135185
376 10.435836408330678
377 7.464316368138626
378 6.692970979347051
379 6.886901733686462
380 6.604535983683531
381 6.426980150183721
382 6.328119768036318
383 6.078636591332305
384 5.442821705057197
385 5.150241271633
386 5.72255435010293
387 6.608228109801974
388 7.234218661538942
389 7.579315942146107
390 7.833930986112094
391 -6.066977866169883
392 -5.788815802634383
393 -5.0475672536005645
394 -3.248409172898335
395 0.4942438538123253
396 5.727510793247346
397 9.179801516330622
398 8.20687013656897
399 3.6361097782628704
400 -2.34911691551946
401 0.044185546180393276
402 10.814471723251833
403 4.861825709084005
404 3.8136156997839716
405 8.033542415136763
406 7.741490016693608
407 10.746859089702511
408 7.775601124542799
409 6.98255412340578
410 7.127681650237135
411 6.616560181924714
412 6.164087655628378
413 6.0157236777551395
414 5.830297209096027
415 5.2551829777832815
416 4.93078640836554
417 5.278698632937005
418 5.97032582965513
419 6.589716572601232
420 7.060874213287832
421 -6.09577765023184
422 -5.949860024838142
423 -5.560413561989629
424 -4.61996536586165
425 -2.4570382423743053
426 1.5498645471527466
427 6.420686470758985
428 9.058205322638374
429 7.170992906274385
430 1.1398594362826373
431 -4.271124775339539
432 2.0082199555754325
433 11.505743547043837
434 3.478053339901272
435 4.694155908848914
436 7.572281730608439
437 8.147427302995473
438 10.95516148305861
439 8.016992236208813
440 7.237369383737095
441 7.347233431060905
442 6.663603556655824
443 5.99287333940635
444 5.763769420335203
445 5.601821426985346
446 5.085588721240191
447 4.753995356404695
448 4.963356605587003
449 5.525778266995424
450 6.134674935996675
451 -6.094818089391653
452 -6.024274024466795
453 -5.814170159843254
454 -5.313308331040252
455 -4.134782846548133
456 -1.6194692032992324
457 2.5271722141434023
458 6.952415825709182
459 8.71128588394836
460 5.639798517930047
461 -1.435407565928228
462 -4.968207752055113
463 4.40197931514975
464 11.299732779305348
465 2.533010332149041
466 5.4327616442568765
467 7.137960830418714
468 8.49721398259213
469 11.087259071015737
470 8.196189842305985
471 7.451565465667844
472 7.541598034358719
473 6.739960911871629
474 5.900174447871709
475 5.577787538404394
476 5.411502212292799
477 4.948784055490466
478 4.630633893900548
479 4.759835148216962
480 5.235292587165788
481 -6.0957533919943
482 -6.0605115274584715
483 -5.944662128617669
484 -5.6685885019056
485 -5.029349123407089
486 -3.5835575657797154
487 -0.7593832830051559
488 3.411873744875544
489 7.314632444581708
490 8.094677825978772
491 3.767310211337339
492 -3.6438142147199217
493 -4.534402057805015
494 6.690694525735338
495 10.438872815019943
496 2.0510989581063503
497 5.982634773812526
498 6.750251912382176
499 8.79951309660717
500 11.159572607205883
501 8.319429995348793
502 7.623656285940729
503 7.710394501249325
504 6.839780082822866
505 5.873696602326709
506 5.456428961685438
507 5.266718878254903
508 4.85281225113412
509 4.561197185897529
510 4.647097403955094
evaluations raw_y
1 -1.7291831445330965
2 8.72772497005721
3 1.7673949659905945
4 2.1403571037612803
5 -2.31606063069913
6 -6.212205907297336
7 14.855731419141891
8 3.8783424602815613
9 0.8886431933700685
10 4.19819613795394
11 0.1619504882084486
12 14.451387376335687
13 2.207611591152557
14 14.204172928887177
15 -0.8855933274744818
16 11.344792107272278
17 6.0055300479999945
18 -0.18944473970322084
19 4.529855825879375
20 8.385070911927015
21 15.895077279031682
22 2.9620655921240022
23 10.492773686436253
24 5.327913095889921
25 1.7402825022444752
26 2.713944043294254
27 7.420116940354405
28 4.25475486994842
29 -2.784131536528704
30 14.55536927283995
31 -2.9744919691413965
32 4.6299908986605605
33 6.3463897194175445
34 -0.7187686944706505
35 10.867919153518539
36 4.894887347361742
37 9.927696293171776
38 8.929536714497917
39 5.632976636532453
40 6.361407882656341
41 5.285531076764425
42 10.912506643175485
43 -1.9009479254850667
44 6.986251171134442
45 3.7869516037773794
46 14.090505580706356
47 6.305649287910656
48 5.0677634697679315
49 8.62238384933839
50 12.04752042346251
51 9.883901812723296
52 5.220974224710149
53 9.60811438743665
54 0.5555412130211517
55 6.165105535745083
56 -0.6229283479142689
57 3.8117084607771727
58 13.762175666598832
59 6.61080367235126
60 3.6891327331746444
61 -0.27512969288222777
62 -2.64788471592481
63 -5.073620841993911
64 -5.209569658174021
65 9.89048264712151
66 1.6363335384431519
67 3.2279062137904857
68 9.690178420091184
69 8.124319879896355
70 5.454029866564996
71 7.330355208440381
72 3.6467235572663736
73 7.762092990546836
74 6.7004167645517505
75 5.2331465750979085
76 9.94934660754815
77 7.683772406286331
78 6.660638167880051
79 10.743664441565448
80 6.561090979334432
81 5.718455179036969
82 0.4484052436688464
83 10.446512775317718
84 5.245587187839951
85 7.644333009065053
86 0.4557148569402494
87 5.24095290842876
88 7.668299900635636
89 6.796262802430014
90 5.893551767783917
91 -5.9200958956289895
92 -1.2789035515608411
93 -6.371991163026347
94 7.471838275159506
95 3.0229355675414706
96 1.5097155277261953
97 6.792872402172804
98 5.7726855602223175
99 8.423428465605713
100 5.837470744298557
101 3.140412607780646
102 8.037894780682551
103 5.346631075338236
104 5.291575640052882
105 10.442550068498022
106 8.795074660109279
107 5.891985791980163
108 8.3659279727687
109 12.229832284408142
110 12.48057653714964
111 7.441904517649078
112 5.995930728482865
113 3.2250025134587545
114 11.811359605375756
115 9.090849299246797
116 6.333681955290071
117 3.56282073079089
118 8.396879387935918
119 8.928760716536047
120 3.5217973355812946
121 4.032888249859781
122 2.1820435955867867
123 -0.35178045173966166
124 0.4766121182837231
125 -6.439697237023477
126 3.9500952107672767
127 -0.6084169103258672
128 5.79174738208173
129 3.7883787571547884
130 5.796310342930023
131 4.872729797821172
132 5.674442073473138
133 5.21932267722309
134 7.172416899196
135 8.212254749454745
136 9.965530310458568
137 7.545645116587135
138 6.90849830848089
139 9.33562650583811
140 11.221213630982115
141 12.786715485920997
142 8.264538838226319
143 9.122879232299024
144 8.567119293779708
145 7.660859845036587
146 10.025076378261105
147 6.094630828316794
148 4.158595600675445
149 8.82027713678674
150 6.525947959710037
151 -2.348318900482507
152 6.565761924899966
153 0.420617441751716
154 2.4589081126242878
155 2.0561909275916053
156 -2.201979051004084
157 5.2208198986522705
158 -0.3400213046247321
159 5.0085182439427065
160 2.454610457867342
161 5.339698891012957
162 4.575203413554274
163 5.620906726664884
164 5.320332896500386
165 6.666624727628564
166 8.073440327101343
167 8.220981106908681
168 6.86884631416154
169 7.889285274434544
170 11.364422653817078
171 11.179851201837838
172 11.821400410429135
173 9.540311512569154
174 11.883663206782595
175 12.518745754461897
176 10.018436019530249
177 8.424611270798113
178 5.331353802962405
179 4.420272160470425
180 6.877457286544644
181 9.895764789596152
182 2.2728193999332493
183 2.571255947113277
184 7.310549552760316
185 -3.000265636764805
186 0.3078819936212165
187 -1.1471338772801105
188 6.039044117594181
189 -0.0074026007545301975
190 4.434832377816239
191 3.2371237203833934
192 6.011948805481281
193 4.695049617844232
194 4.324117435184721
195 4.399005977209661
196 5.912158118372887
197 7.065186092091285
198 6.876790772954562
199 7.108445929542249
200 9.244555918751779
201 11.610463907613232
202 12.336532160000207
203 13.332171621824923
204 8.324962741519812
205 10.612772919032295
206 11.591768248809135
207 9.783573350689208
208 7.652004250432277
209 4.128538629581412
210 4.4694220129526485
211 3.035263400847518
212 -0.915165160082567
213 2.1868766875120897
214 0.6750232022917166
215 0.4730040062020491
216 -1.6232949541981783
217 0.7982913360082113
218 0.8327437557564261
219 5.425884986430741
220 -0.02973462757702172
221 3.7084606541486433
222 4.410094140119322
223 6.555584206237075
224 5.079927202051231
225 3.8920848744429577
226 4.221533229518987
227 5.505694673308534
228 6.163718680554643
229 6.511570797681641
230 7.579111638032229
231 9.99895629409289
232 11.813539491984766
233 13.162673180924884
234 12.287194933013199
235 8.01281581793466
236 9.179564940153185
237 9.756254659115836
238 8.715303197234373
239 6.1333414050389345
240 3.771087920506922
241 2.141155610012857
242 -2.0602915612142967
243 6.6510422265647
244 5.044509961209308
245 0.9964795915496731
246 -3.2542062688077644
247 1.1490648697323658
248 0.8647022203136164
249 3.4064642706749626
250 4.666726322514041
251 -0.26419664144181765
252 2.9372886037744212
253 5.124059685529071
254 6.757423065742993
255 5.609214131701254
256 4.464270255706788
257 4.556441014568323
258 5.294856995875222
259 5.790693450112539
260 6.450979797768776
261 7.985162230140953
262 10.254001124785677
263 11.816349889620437
264 12.847831754416845
265 11.16979186975379
266 8.215123079225881
267 8.195037582871024
268 8.310812854648903
269 7.218735449299606
270 5.0703753310333575
271 -8.332062191259586
272 -4.8279600112666685
273 0.4587523083659678
274 5.714536812710336
275 2.5633490719116585
276 -0.6767636577064093
277 -0.3357848313739814
278 1.1259570777099683
279 1.2391394566155316
280 5.57235946095178
281 3.9140888595719714
282 -0.6295009737307082
283 2.248459509999602
284 5.357292301283042
285 6.754360209568786
286 6.075144190225215
287 5.207302668258787
288 5.003567296416557
289 5.284468852692649
290 5.627166334883316
291 6.469728688928084
292 8.20480341871376
293 10.218725690052679
294 11.527273126903692
295 12.086281569486669
296 10.556717868688384
297 8.496567604381758
298 7.738281028834392
299 7.319493040451533
300 6.204452325633008
301 -7.983462258223216
302 -6.739387512158759
303 -4.342854846327613
304 1.824362745447957
305 5.591264880482053
306 2.522556431535992
307 0.9364053434147473
308 2.265863526110565
309 -0.3179960091410252
310 2.2568960305981633
311 7.298207368413993
312 3.160097040230906
313 -0.9825276056072365
314 1.7376579533605774
315 5.256190210369576
316 6.667799442862323
317 6.392727614247821
318 5.807983083900496
319 5.417952725050212
320 5.3299934696300015
321 5.528887558346249
322 6.483859272202272
323 8.236815935247062
324 10.011194582828132
325 11.0467562325019
326 11.350091602471753
327 10.33272859363026
328 8.773173832884753
329 7.655127742727224
330 6.861582664127573
331 -8.197080465095102
332 -7.859074495634729
333 -5.274819215290505
334 -3.8186337562468147
335 1.8266669541388336
336 5.285131499717941
337 3.7293171161905114
338 2.8864774800983404
339 1.6815650574084509
340 -1.016854707721975
341 3.34465138454488
342 8.6239031836086
343 2.439033833841441
344 -1.223400268036139
345 1.3755313168007601
346 4.98704348788057
347 6.531304636505386
348 6.569665053130273
349 6.215152800421054
350 5.7311665059639285
351 5.36929283733443
352 5.460684434007769
353 6.454647061143655
354 8.15089424146266
355 9.684265664835797
356 10.51724976015522
357 10.82640517570552
358 10.284360680919239
359 9.047322551645411
360 7.811779107515833
361 -8.354370681899812
362 -8.18393022132319
363 -6.843890127278519
364 -4.535407816192757
365 -3.2883985490396137
366 1.3221049125408884
367 4.425831393892668
368 3.955560065122252
369 2.6970704362394122
370 -0.3543491077252454
371 -0.40956044999507346
372 4.231566682223525
373 9.4888061118839
374 1.7880201063783798
375 -1.3379556354900615
376 1.1124196875236556
377 4.647596928332595
378 6.364164000375345
379 6.6484072341345755
380 6.460984839470788
381 5.940543223347607
382 5.400287719554682
383 5.4125506122890705
384 6.3962245170802685
385 7.992106304842411
386 9.308664016680472
387 10.058184775815961
388 10.50059269185431
389 10.292588290250196
390 9.304786491755404
391 -8.345830064834942
392 -8.28540049691646
393 -7.7252771818355965
394 -5.907910834280472
395 -4.138918189572848
396 -2.950623528498438
397 0.5805139730574385
398 3.0762593040666584
399 2.86015984772802
400 0.918955785601753
401 -1.8488465427681713
402 0.814261839896834
403 5.079650468605925
404 9.839236403138315
405 1.2486669292854864
406 -1.3502967528309933
407 0.9185284767640227
408 4.299387722975253
409 6.190105870405616
410 6.669282311773688
411 6.602267379035854
412 6.070489719152702
413 5.430525722898514
414 5.388358608140274
415 6.331451852654111
416 7.805872919452905
417 8.957266934174818
418 9.716052900499717
419 10.297884371662464
420 10.308981991733358
421 -8.35623021909679
422 -8.326104523628429
423 -8.096556445424126
424 -7.120401836959808
425 -5.218951392515631
426 -3.8837823250972
427 -2.8117785018179076
428 -0.259279604266734
429 1.4823498184961266
430 1.0393598890243765
431 -1.1010671306602198
432 -2.10025088262646
433 1.9114864737323773
434 6.0511977607290035
435 9.723184588469152
436 0.8319532500423539
437 -1.2909722991733998
438 0.77950173339041
439 3.9805060908829697
440 6.023823475411404
441 6.6585293207148055
442 6.673250186019564
443 6.1425870773949205
444 5.464146240008043
445 5.394959641123033
446 6.282113679755154
447 7.635221511936185
448 8.678635142140296
449 9.479451327097756
450 10.161369657176712
451 -8.355790879587367
452 -8.342287473474213
453 -8.24427199024329
454 -7.784553088258836
455 -6.518008859616788
456 -4.743071474297747
457 -3.7104626428663163
458 -2.8251614917091317
459 -1.1038761387530134
460 -0.10022472232775503
461 -0.8220475840233712
462 -2.4555423328978137
463 -1.4311947979457598
464 2.64649761683071
465 7.122835514778833
466 9.265198101720017
467 0.5285110103923559
468 -1.1879576865538508
469 0.6861033386810447
470 3.7099224740239136
471 5.870615033655444
472 6.630418694265753
473 6.6941523516410015
474 6.170218355429687
475 5.50266627831777
476 5.434622397044213
477 6.264271968729217
478 7.508422262146935
479 8.482259014419444
480 9.319945193157139
481 -8.356174295847012
482 -8.349563650293614
483 -8.304902086704764
484 -8.093732387737028
485 -7.405733210763266
486 -5.9914553990351145
487 -4.419907810647077
488 -3.6039712517619904
489 -2.93839041029711
490 -1.8844968631953498
491 -1.476669429475268
492 -2.265324643716818
493 -2.899852287842316
494 -0.45387500266786096
495 3.1541277216807253
496 8.159946812758196
497 8.602545638366331
498 0.3190930261256333
499 -1.0630682565067047
500 0.630700805602078
501 3.493389906660217
502 5.7370037275388555
503 6.5916238063480215
504 6.677084694080713
505 6.1665206122603715
506 5.544056648389968
507 5.502078643097921
508 6.284319673285105
509 7.434274761337285
510 8.35675773927104
evaluations raw_y
1 1.153587900408221
2 5.853874663443181
3 9.123831854008445
4 6.530236287447242
5 7.170674029837346
6 5.958150954280865
7 3.865262357953473
8 10.778125889444183
9 8.229600324300781
10 9.238913500056707
11 10.293228439144958
12 -0.9652351087334505
13 -0.5063837068243016
14 -2.814894106482254
15 4.121488360083266
16 2.6760166242292
17 0.7526149673305407
18 4.679786740175189
19 -3.1425474541179454
20 -2.7239955541968226
21 8.270086305314425
22 5.811455584235432
23 6.607330860643117
24 7.043116496381111
25 11.425395631460402
26 6.032893895279598
27 1.8265691757274904
28 -1.3114487415774454
29 3.103427442823963
30 8.16302260524722
31 -0.5795763350247061
32 7.992896997909513
33 -4.419503674491839
34 16.08117155824029
35 2.446902550319477
36 6.622693806587149
37 3.13767945617981
38 6.6732719992132985
39 11.18295464321332
40 1.6106304214014022
41 10.138075034110216
42 5.927131597526397
43 10.052362408577462
44 5.09063727214553
45 7.49606027248387
46 3.77533117519606
47 7.429689585110399
48 2.729777131801535
49 8.160398637715563
50 4.35953551388284
51 9.46830600050631
52 5.253522300413437
53 10.48999104224544
54 10.984216321885665
55 4.712352563368433
56 6.386359971032268
57 11.800812519430039
58 0.3837415659275192
59 5.639125375410751
60 8.45169545871009
61 -5.046380040435599
62 5.956007867365589
63 5.298517274464855
64 8.51412201948934
65 6.016767261591171
66 0.4219485473672391
67 5.395404062241716
68 3.109397863213196
69 6.835363663976416
70 2.6222103378079424
71 8.46445213553687
72 7.664049388431753
73 8.991587977204514
74 7.069423378011902
75 11.474130850875465
76 10.94803932963322
77 8.49467193277028
78 2.858063117595055
79 3.406758706066036
80 8.736685580829388
81 7.780865060988936
82 9.571550981009484
83 12.469553005005348
84 13.524412771479225
85 4.096959916455422
86 3.7858055897341414
87 7.310227681454895
88 2.098149693086188
89 0.26936989288742874
90 8.560071914950221
91 -7.4357118373159565
92 -1.5338432204176153
93 1.589084974756953
94 7.443789893166212
95 1.8093789050188858
96 -0.573715700650939
97 8.167625332305184
98 8.42450073813661
99 4.799617131682769
100 9.853235389767269
101 8.51756499316227
102 8.45039292808746
103 8.878413789402256
104 9.410200481645656
105 10.357360618089519
106 10.162219285715002
107 9.444285844670462
108 9.180287444241005
109 3.628194394713017
110 4.18079537192278
111 8.494340424260983
112 7.114633913317248
113 9.873803647588373
114 11.194445795645212
115 9.402914074580037
116 3.870047240083625
117 4.114245214181269
118 7.747387153201464
119 5.841824744470308
120 2.30378597370622
121 -9.961989438293184
122 -6.310931716714078
123 -5.207426322151575
124 5.7108001718409485
125 5.276793715361475
126 1.6208025338947967
127 1.8357357051396086
128 3.259217506206003
129 6.906776105460645
130 5.334443747846475
131 7.474672173664649
132 7.367867393783468
133 8.951261064174368
134 10.198676198015267
135 9.544431393602668
136 12.520688613257843
137 14.483173328922792
138 10.092889517683556
139 4.458065928007145
140 2.6087452513129366
141 5.95611111359138
142 8.149999081026525
143 7.742226714302889
144 8.627931192974744
145 11.03428984449693
146 6.431104745407494
147 3.275896733642781
148 3.962675676714861
149 7.238153689943303
150 4.037326180907831
151 -10.106390217363602
152 -4.896007856198643
153 -1.3120129710629196
154 -0.48918960788884647
155 10.617674736379083
156 2.255736339462235
157 3.949850615707726
158 2.587098006295439
159 1.9890076679300628
160 6.276304758217844
161 4.29707001355564
162 4.218155783736513
163 6.19494306118998
164 8.647579204707114
165 9.55938781490447
166 10.060494527095447
167 13.32322798332962
168 12.542004164041327
169 8.802939359669859
170 6.469566951061866
171 5.769007865009717
172 7.04996155917729
173 10.677672350487533
174 8.776533214771417
175 9.551617354358433
176 10.318798346684952
177 6.390261456644321
178 3.3310049236609514
179 3.476706564506854
180 5.0769721062195075
181 -6.147123962140725
182 -7.471854045702796
183 -3.752154286023369
184 6.869652702919829
185 0.9457624727852174
186 8.584884543810997
187 -3.0236615795065234
188 5.683497037091958
189 2.7799934878496715
190 2.1924198629878786
191 6.120368961094206
192 2.5460400078539767
193 3.088292260918837
194 5.185192318340707
195 7.739580790023275
196 8.926204713182727
197 10.547631194467018
198 12.639578498142097
199 9.771689500361205
200 7.4994902525413085
201 7.347035848046872
202 7.556059342558505
203 9.448324488646433
204 10.00876065691494
205 11.412648838043499
206 9.333864875151724
207 8.919225193838376
208 6.133790014709679
209 3.667795004738276
210 3.022619358010083
211 -12.333304876831429
212 -0.841189700464815
213 -9.14552527609278
214 2.590540976403068
215 -2.7350942663682716
216 0.7481449226567586
217 5.857264737998502
218 -4.376814252077354
219 6.577595650314861
220 3.384387060024892
221 3.2674730391936992
222 6.925614772473704
223 1.9594359006186617
224 2.231688105495616
225 4.3487380919655365
226 6.762676877617287
227 8.47117311912626
228 10.550063777948425
229 11.410538527956366
230 8.507053859002294
231 6.996978372261221
232 8.010037816869001
233 9.067989233895268
234 9.922975611133994
235 8.91062957006722
236 11.265030950294989
237 8.647100852682604
238 7.729491531743439
239 5.9660738042399215
240 3.822542588631609
241 -1.9343044912582754
242 -1.0074714640788622
243 -2.563404512173376
244 -1.2915347468186873
245 10.567776411293792
246 -9.865737877690513
247 1.1228007214292188
248 4.846484182378541
249 -2.5766402218480753
250 5.546757626906073
251 3.168388809760941
252 4.389704062653172
253 8.133227170340101
254 2.0343757038722607
255 1.7129250807290375
256 3.696716022690733
257 6.047944592945895
258 8.132195105020546
259 10.248942112420432
260 10.324398957459978
261 7.8542581854656435
262 6.978547985310973
263 8.25716567689019
264 9.14375044881791
265 8.509006941441491
266 9.617775731664375
267 10.636674197498273
268 7.960159754060042
269 6.915856860387385
270 5.772167427431828
271 -2.6824104195346434
272 -5.087521427688127
273 -2.9926848417842455
274 -8.853255845747244
275 5.868796235376647
276 6.8180784770793466
277 -5.696636729400392
278 1.3212904916596449
279 2.9000547147415805
280 0.6439005274174597
281 4.009096822369726
282 2.4571903006549434
283 4.751519643341357
284 9.378411857165176
285 2.5812084581787893
286 1.4975253796443524
287 3.360922760264182
288 5.655272545276955
289 7.902305941947455
290 9.7399581356014
291 9.480031310790611
292 7.4879470196515605
293 7.042302904631377
294 8.028002806446363
295 8.293118413976497
296 8.069299757731832
297 10.1378200295811
298 9.959048278858223
299 7.4083348107612785
300 6.4003742614795645
301 -12.35678693619869
302 -10.52253570687185
303 -7.719825215409827
304 -10.050299122062384
305 1.567493405198551
306 9.230099937287871
307 -3.2997889638109488
308 -0.5107169856149829
309 2.61552015254226
310 -0.45882304309653543
311 3.9800116716469693
312 2.5598888735297565
313 1.9448352264575448
314 4.486073982181388
315 10.339364762683172
316 3.408385373888475
317 1.6163166220259446
318 3.2877706597062435
319 5.546386724266925
320 7.699583323334011
321 9.185774629892107
322 8.789861445835758
323 7.327973432186241
324 7.093344033129305
325 7.652450176321354
326 7.779625615585882
327 8.479156363479543
328 10.296244557745526
329 9.350266610131177
330 6.96904473848109
331 -12.219463409728892
332 -12.175212380960637
333 -10.677511252700956
334 -10.847793127139607
335 -8.33513733307916
336 4.078323524175546
337 2.4200320813096425
338 -5.553020424856548
339 1.9301227871192554
340 5.038835939783391
341 -4.248494046927213
342 6.592115140872895
343 1.4415960339877905
344 1.736277071441609
345 3.97952256510849
346 10.93337093212379
347 4.3607984814012966
348 1.9867985889008264
349 3.398796828131521
350 5.593816565241448
351 7.496189531002461
352 8.627818422227762
353 8.24550424381191
354 7.281977884261115
355 7.160460336230813
356 7.500038123819135
357 7.869497517397244
358 9.040958714266417
359 10.204598088695862
360 8.80360351740062
361 -12.163453148383805
362 -12.525522928462612
363 -12.155101584420668
364 -11.932845872100575
365 -12.066449393628185
366 -0.6264390906570394
367 6.966591296683988
368 -0.5475837166205655
369 -2.846036247727456
370 1.5929605995774772
371 7.7487668043957285
372 -7.32342411059136
373 8.053613107247244
374 0.7144387374738868
375 1.6288163062623107
376 3.5143235368435155
377 11.170994601967685
378 5.271272445485604
379 2.4773835036018537
380 3.57604407612804
381 5.630760888834103
382 7.262828670635941
383 8.08654992229408
384 7.827261538213747
385 7.290354151165118
386 7.287276911382614
387 7.6209169827509795
388 8.259527373665875
389 9.46236028937513
390 9.964861159839222
391 -12.596870415223654
392 -12.575751597366779
393 -12.525857222759432
394 -12.497242761028161
395 -12.830183611677782
396 -8.931237867271413
397 3.0598712953679175
398 8.374218411266305
399 -1.581414352784698
400 0.15351725870187538
401 -0.1883157849949011
402 9.689810609315451
403 -8.967673520597899
404 8.417633048157224
405 0.3683772063278554
406 1.4170139451749024
407 3.218488167798102
408 11.127767317049948
409 6.016101033050459
410 2.952184968620723
411 3.7161941610358316
412 5.557943176754361
413 6.96581502541272
414 7.583309168626803
415 7.5040470483698485
416 7.315577701878272
417 7.45991480710698
418 7.89120594673707
419 8.68566205652423
420 9.684579470587929
421 -12.838497773271001
422 -13.146035598541934
423 -12.898093825381189
424 -12.746821218330153
425 -12.938653861016249
426 -12.273373336044173
427 -3.29366090026762
428 3.93704955353481
429 4.341161376489998
430 -3.7307568885019364
431 1.7183259809325713
432 -1.9288475783976007
433 10.156467146668868
434 -9.031424226665766
435 7.976160198935233
436 0.3479275312069081
437 1.0030286999211258
438 3.1095704628958654
439 10.916060910924427
440 6.541739979104929
441 3.316249331425432
442 3.7509786728724146
443 5.353231978634625
444 6.579972765134006
445 7.122623807642798
446 7.242084371100971
447 7.333509453073985
448 7.638460993770253
449 8.187235563530836
450 9.018140886732823
451 -13.143375837223156
452 -13.144705939539744
453 -13.037256080480793
454 -12.908258022053548
455 -12.960333100533843
456 -13.022489795149959
457 -9.68917752324894
458 1.148172059759132
459 5.7340370418438225
460 -1.2595492116494242
461 -5.59350809265965
462 1.8653651301235166
463 -2.656658767153907
464 8.99483705100064
465 -7.788445968097788
466 7.053077709964237
467 0.5708775506332658
468 0.38384415156269913
469 3.1375285508946202
470 10.656325968504737
471 6.8667973036805545
472 3.530773243924621
473 3.6530375402412667
474 5.0261183850869475
475 6.133778268317439
476 6.688142499461055
477 7.008935395185166
478 7.329949331344105
479 7.788204772274286
480 8.431189973797988
481 -13.145472562270204
482 -13.145089297780853
483 -13.095157357686238
484 -13.00887920745648
485 -12.993683027420923
486 -13.112566736922249
487 -12.277353752753902
488 -5.662768083983027
489 3.1272448788739657
490 7.638959747308732
491 -4.66516854795864
492 -5.3394299340635225
493 1.0698752472518471
494 -2.0912960745211246
495 6.527162632900151
496 -5.692080985607461
497 5.912223353706697
498 0.9512705440389283
499 -0.38563487649125816
500 3.2195549747654426
501 10.446280923107796
502 7.059667744154123
503 3.6098316307989773
504 3.4349902004112014
505 4.608204956312047
506 5.657723579206079
507 6.2785757963527695
508 6.779729379526762
509 7.291505897700367
510 7.884838817322434
evaluations raw_y
1 7.182020996985102
2 -6.877136280787365
3 1.6830623476054418
4 -0.4419435238398768
5 2.992231991641381
6 -1.5039762893075874
7 8.992663444620415
8 4.513024396175263
9 2.332488187846342
10 0.8818459585311103
11 2.8268989618819216
12 11.373421386918174
13 14.218738843763198
14 1.3008331232097983
15 9.922457959330703
16 -12.78075943221926
17 3.8451206864888476
18 12.742501601621012
19 2.2934792677486953
20 9.911882403633028
21 5.1468053815355645
22 9.794342662138726
23 6.714305887737679
24 -1.1889630691071404
25 1.1688175319174823
26 1.0531778454116565
27 5.408765070702936
28 12.41843956173895
29 3.8958688830738843
30 4.346892086110456
31 -4.098830428828918
32 -2.6262842511081392
33 5.6513330931714965
34 7.448872353403299
35 1.5487661060960694
36 10.589505399268369
37 8.728948777282081
38 8.67878299293239
39 3.230303280068502
40 6.564541478295018
41 3.4908038795755605
42 10.826676420658512
43 8.413710705234578
44 9.549108577235991
45 9.20410710642757
46 2.5851503328725878
47 2.2905869766567006
48 3.8391627179290024
49 8.203903382075259
50 1.2711944844055638
51 2.8798473813273695
52 8.42072875194942
53 8.348520145928653
54 1.1473845167903698
55 8.026944484731025
56 -1.6299307555489468
57 5.65532998755962
58 7.669062071620683
59 8.294075993963599
60 10.605382540062285
61 4.890296259344675
62 -0.39048167948731516
63 0.8476579040599188
64 5.756501553762032
65 7.1517358217527205
66 11.31927909742252
67 6.750695566139006
68 7.057764705841569
69 3.6605767771288455
70 4.5142019420567125
71 1.7858844044065356
72 7.037027344087799
73 5.583392812862158
74 5.767497370180321
75 5.967293359621772
76 6.679189023996403
77 7.655238153014728
78 8.418603754143259
79 8.72782116246973
80 7.448317715303048
81 13.039679892577276
82 3.5971556637608897
83 5.581602300877247
84 12.549550455635487
85 4.202673019177942
86 2.9348954761852553
87 4.920252061016878
88 3.137228136698644
89 3.9404101158488394
90 6.864994942322576
91 2.645120290967856
92 -3.7699287846469955
93 5.102422989494045
94 3.8705139833646243
95 7.318434856412502
96 6.3267094577686045
97 4.551615565733295
98 3.7292158187213773
99 3.641013859610146
100 3.4019843556846867
101 4.366315159896204
102 5.924324405830095
103 5.14632001728581
104 3.479362721250015
105 5.359721038625844
106 5.282072977171897
107 8.267403083965572
108 11.888930730744402
109 7.008751505961934
110 6.698291999966661
111 11.517082536108912
112 9.41519329127546
113 10.149709892177508
114 4.524372170364453
115 9.837770461059531
116 3.656010050379489
117 8.333595141138018
118 3.507147920730234
119 5.803355479057363
120 11.445276789154377
121 -2.0713117754177293
122 -3.54910467634424
123 2.2821293482856957
124 6.260282921769264
125 6.412058731221798
126 6.419711857413192
127 6.930720496957692
128 2.9876882081419573
129 1.6001352276511005
130 2.4707788956357897
131 3.0736995032777186
132 4.45456574238242
133 4.696421125179772
134 2.892939727258133
135 4.100355677807872
136 3.056317893098824
137 4.932739567577545
138 8.928697496817797
139 8.227620675109424
140 5.514919171997601
141 7.1913531973601845
142 11.803304063757444
143 11.006369376969445
144 5.801782868375666
145 5.29904696065622
146 10.271816706559447
147 5.9995393045340535
148 11.208157399375164
149 8.824625338899507
150 11.01153056521837
151 -2.8726005092807343
152 -1.968330071813735
153 11.67651093810272
154 3.8306403551204298
155 -2.1225335743467393
156 1.4901049963958577
157 5.816926195832435
158 5.788005772212241
159 3.6715439842306985
160 1.1266751440857665
161 1.8034821515712207
162 3.0107459798273775
163 3.8272250877116574
164 2.8095139722611986
165 3.078949793918248
166 2.6432293895134693
167 2.829500702113176
168 5.104967555733096
169 7.621999372510581
170 6.710416587366231
171 5.434269469885344
172 7.157046345827977
173 9.123302371412073
174 7.299381276036715
175 5.26272183851602
176 6.802905845011305
177 9.94592636324818
178 6.443911253896744
179 6.777201702137578
180 11.050907265155853
181 -7.813659608883151
182 3.823190463880249
183 0.8129829257007292
184 4.726742316637807
185 7.650887187390549
186 -3.2778459181389072
187 -2.487186278642392
188 5.660778306967314
189 5.394208563267362
190 4.639632528789628
191 1.7517466832652844
192 1.7520436134783488
193 2.6239694115098073
194 2.564009736232882
195 2.3954551298230005
196 2.2988902025000852
197 2.201265803246816
198 3.105466370570123
199 5.321003787223088
200 6.792529701186895
201 6.456772319134091
202 5.433765229783434
203 6.249827069930583
204 6.741276286544902
205 5.705014007876043
206 5.877209321543957
207 7.150428546183919
208 10.602120852927243
209 8.906670483586476
210 3.943265986178748
211 -3.684897306018086
212 12.140876633407352
213 -1.7879500146316452
214 -3.743897543509398
215 1.1927978916615407
216 12.699382746571285
217 -1.602288060160705
218 -2.3177777014215235
219 5.527484345585926
220 5.682336346278915
221 5.622031000925367
222 2.7578307968126428
223 1.763854193968796
224 1.876394009956179
225 1.8643680162528224
226 1.81421834258339
227 1.8167822767965136
228 2.278667625697696
229 3.542044906751784
230 5.364540249704193
231 6.653430999206884
232 6.501014268243418
233 5.597829199067421
234 5.656539870722646
235 5.69580257173037
236 5.640392748059235
237 6.413503440663365
238 7.285123325736193
239 10.881086522289271
240 10.640175524508791
241 -10.434212046064733
242 3.6027400681482042
243 5.805392789024664
244 1.2591269082257743
245 -0.46391286631260764
246 -2.4038799845478427
247 11.336292195892176
248 0.3762798250256365
249 -1.3236850178534216
250 5.279154774550635
251 6.2022046579318335
252 6.165760071220204
253 3.7119260784256483
254 1.8084292874189203
255 1.3568408181481755
256 1.292117809767401
257 1.3389340486176073
258 1.6716854452885062
259 2.5419777791359524
260 3.8527872296002696
261 5.524678859323848
262 6.787095726835769
263 6.670758782285549
264 5.852272663037695
265 5.566870397399346
266 5.627055366905532
267 6.077581417527531
268 6.746243080372952
269 7.533377847502525
270 10.956968693450879
271 -1.120075609568819
272 -2.22997006886382
273 -4.03027883744718
274 7.222698740729338
275 -3.928173369029599
276 -3.5653616602171474
277 3.4586687537512404
278 5.888962519490515
279 0.9914370075235803
280 -0.19901291861158876
281 5.050872970026994
282 6.621066025441348
283 6.388314242775328
284 4.52732332374145
285 2.016043347716648
286 1.057774950576252
287 0.881226635673525
288 1.0803518161135526
289 1.7230325986925357
290 2.7896417848543233
291 4.123748472864118
292 5.763211981406829
293 6.935575661984464
294 6.867465833097667
295 6.16760421904966
296 5.851566011001369
297 6.020703006581292
298 6.516809369488015
299 7.022200038991574
300 7.792715995172019
301 -11.596769066416748
302 -8.271097934399405
303 -1.4133703833608822
304 -5.123678743958391
305 1.7228906254381535
306 -2.7909286056179026
307 -0.40484040270933686
308 6.47442866992583
309 1.9410865542838243
310 0.7865118000054787
311 0.7950187214342979
312 4.949612098377408
313 6.855916899580061
314 6.38042795074853
315 5.129430027166617
316 2.3867193785294307
317 0.9923990162827344
318 0.6834500999671779
319 1.0092356224137229
320 1.8435140887549897
321 3.011060571917403
322 4.378604775677165
323 5.9656562235544035
324 7.037701721784833
325 7.04532856986099
326 6.530563985047825
327 6.293943862822019
328 6.455808083142581
329 6.886821319816424
330 7.2424587134230265
331 -12.219334472950946
332 -10.725371529297414
333 -4.360939429565059
334 -5.3206289556659305
335 -1.6728440709295143
336 -5.447263576136633
337 -5.092797767937355
338 1.4249447697358169
339 5.0231657170162585
340 0.7685390779077417
341 0.2972372354536197
342 1.6318308627626545
343 4.98234066660811
344 6.9652379878074395
345 6.274780834110932
346 5.518082265595046
347 2.8641463771459583
348 1.1430713781632842
349 0.6821527215173356
350 1.057785525158883
351 1.990607453126217
352 3.210325798030097
353 4.587493727348877
354 6.096286737422249
355 7.089152859350295
356 7.193663224258138
357 6.864897101441114
358 6.701282370847001
359 6.835159728820161
360 7.170744146934588
361 -12.49884208445862
362 -11.784159453184303
363 -8.018879512796438
364 -2.763537655186968
365 -8.033257105157073
366 -0.5080363272042652
367 -8.177835055730627
368 -7.001844008607341
369 3.360393445883357
370 2.6184272359401546
371 1.3494299510128176
372 -0.1707802223701802
373 2.332623653506849
374 5.1354268063802495
375 6.996357528354329
376 6.1806709620507245
377 5.712137053870061
378 3.3675622312968727
379 1.4512422103835412
380 0.8247911012980689
381 1.1809177136207278
382 2.147994790946305
383 3.378418308377544
384 4.735850241590997
385 6.158340884113928
386 7.096142882016384
387 7.298551723673437
388 7.125080563609165
389 7.020781117330697
390 7.131078288844552
391 -12.792284828944474
392 -12.338848148181695
393 -10.343150870569914
394 -5.235006889091918
395 -3.6343604742030218
396 -8.49704038310149
397 -2.213639963301463
398 -7.9300760149839435
399 -3.966835561291417
400 6.793145736014685
401 1.2761359385232245
402 2.39852362767855
403 -0.4909869107379867
404 2.920235483436852
405 5.388092585186493
406 6.97439867146347
407 6.163631442053618
408 5.752077675418926
409 3.823252237064851
410 1.8442006136392204
411 1.0601085605763383
412 1.3508736385276288
413 2.3038944594184105
414 3.5101214979417263
415 4.825492146405692
416 6.162862968628227
417 7.064677888077821
418 7.354181244336647
419 7.305997902653615
420 7.2476561356551885
421 -12.794697808570543
422 -12.580356057272974
423 -11.558195844092149
424 -8.300776977880323
425 -3.404320897758712
426 -5.437985300138906
427 -8.207526646648947
428 -4.108759233592291
429 -8.348301301444943
430 1.3909635630735981
431 10.0294394343294
432 1.0014649136144516
433 3.160482534047275
434 -0.6571004133783043
435 3.417768474259921
436 5.719457720939327
437 6.910222492021991
438 6.246103280409485
439 5.69073227107381
440 4.184163117081628
441 2.259905486584371
442 1.348807174167352
443 1.5489015861982476
444 2.4510303408423253
445 3.6064334935655706
446 4.8637205956566305
447 6.121949892865148
448 6.999490590647478
449 7.362326396287796
450 7.412752227112078
451 -12.794759199267501
452 -12.691062800035994
453 -12.163872502945033
454 -10.33087743567721
455 -6.182362433312575
456 -2.771867319584766
457 -7.197931682394968
458 -8.2494349461643
459 -4.28849903684891
460 -9.57237048412994
461 5.360003608578074
462 11.27581651177557
463 1.1559076029693274
464 3.3729416279368643
465 -0.7082884469733588
466 3.8385074465360907
467 6.109934146782868
468 6.813752922890272
469 6.41668053292415
470 5.58240142060406
471 4.433944884699734
472 2.6561403990062953
473 1.6628544519469781
474 1.7619153755160595
475 2.58621478230272
476 3.6710073918423247
477 4.859636099458806
478 6.045419720635834
479 6.905244974111566
480 7.327898606054466
481 -12.794852092615951
482 -12.743845196697862
483 -12.467700533739547
484 -11.467572727208786
485 -8.800415067437012
486 -4.385502599653528
487 -3.0989706694290904
488 -8.701291174248171
489 -8.515092872754039
490 -3.129179049321554
491 -9.61485586682107
492 7.041857435802601
493 10.344689327631052
494 1.2577797744844879
495 3.0523294552644895
496 -0.6880764768205738
497 4.189893423847441
498 6.539577373484719
499 6.698109643607426
500 6.646703166478245
501 5.472473278917737
502 4.5790178728838615
503 3.008531628009517
504 1.9824170324847918
505 1.980695056631473
506 2.708347286724529
507 3.7085344258185575
508 4.821648587019556
509 5.940948462116412
510 6.786530374112774
evaluations raw_y
1 4.9055354869711065
2 -0.6322748322552361
3 -2.63762408400181
4 10.33923554209989
5 6.5865638698515605
6 6.1573303942679445
7 2.3017450271997033
8 2.4895117907010365
9 6.198795022455023
10 11.041414549054
11 1.2963860958110844
12 -0.496140686734277
13 10.144461665062053
14 14.19461831538744
15 8.890846371775668
16 7.725336254364036
17 10.77654019914079
18 1.3973686558973966
19 5.569244613816988
20 3.4805457309175196
21 -4.424730313739303
22 1.6251621643517735
23 8.054394271442614
24 4.124936983289618
25 -2.6102250288743294
26 8.328557825342958
27 6.806616123848444
28 2.077248036133433
29 11.382909756433975
30 -0.6557080717537858
31 4.528099223870026
32 3.506196003331813
33 3.4483661296759465
34 7.532765130230703
35 6.458629719662307
36 3.6910091541231287
37 4.66951502197185
38 6.150249881601534
39 1.1871848269097622
40 7.51920774454341
41 7.618086288372375
42 10.561157955972787
43 6.025685245166889
44 7.2703843080896
45 9.210795679708081
46 4.710674329522745
47 11.558928754509498
48 4.672822438393523
49 6.750326824263441
50 4.824738530712331
51 0.9323639280480676
52 12.793494442000911
53 4.936903147262122
54 4.163893456818154
55 7.230876668465493
56 6.976769423946538
57 4.0160416726177495
58 9.242519802831687
59 7.9051374960293215
60 5.279370880840324
61 0.686020346231152
62 0.7952236842242324
63 3.720257238345553
64 8.47572483997168
65 5.229317085226413
66 8.131327103665194
67 12.223232306047807
68 4.663796579652095
69 6.093306918544015
70 5.545681241154485
71 8.980069141797662
72 6.664851191135716
73 12.155208273566203
74 11.382572046181995
75 14.688949626672784
76 4.664556405434855
77 7.991069686215723
78 6.4143575632982035
79 11.17409759626798
80 9.835741862671467
81 3.7385113490458717
82 11.280146259577664
83 7.545303335804988
84 2.0603462698884014
85 11.97158878740867
86 -1.319855970580706
87 7.605611596860874
88 6.223583498229727
89 11.517296427091724
90 3.495234323078279
91 7.4489114385556014
92 0.7103024235028716
93 5.3419851981082
94 3.693266130849748
95 6.120955277504275
96 6.238153271319277
97 7.894763859441873
98 5.812858909192044
99 6.017465805779157
100 5.595124381698955
101 7.902886461891301
102 6.937537568334507
103 10.007085714865703
104 8.620432985337494
105 5.524797019578319
106 4.432913630036155
107 6.7138890316180175
108 10.468754166027086
109 11.47859559088706
110 12.332070562661984
111 8.57043719336532
112 2.4916759446891437
113 10.736269219864809
114 5.556001031748977
115 3.534581738564873
116 -0.8073919370028011
117 -0.4964337193595102
118 7.081554412386776
119 4.708323361122396
120 3.955931098711278
121 1.8597345299792418
122 2.0124896592853876
123 -4.95003269489233
124 3.382938895008639
125 1.0361399073782562
126 3.1492659097523497
127 6.08803236098467
128 6.281871605083548
129 6.126647569846633
130 4.277756214104947
131 5.1623769118300515
132 6.815534060953958
133 8.167545340337261
134 8.91762812845402
135 7.356260484831125
136 5.461662945299471
137 5.866952220858806
138 8.343100423438981
139 10.274411174448261
140 11.751749505763847
141 10.659587140780268
142 8.324697122024077
143 5.315578063597829
144 13.328798413202058
145 6.092999307661062
146 8.796096684465557
147 0.10286458331930304
148 7.772302472089713
149 5.957767892833257
150 4.412993330093261
151 13.673551917992167
152 5.7097242661498875
153 10.29468191338422
154 0.9179996650462763
155 4.5643400916480665
156 2.4500146527548887
157 2.6910925008574704
158 5.576322822562957
159 5.884574242363459
160 6.097271857833983
161 3.9288465675845123
162 4.422518486626205
163 6.45732744104179
164 7.649049962927224
165 8.409011902156326
166 7.420937431275351
167 5.363287886048701
168 7.960688370505734
169 8.536636904351791
170 9.94518985911937
171 12.499848753215483
172 10.526449020402856
173 9.264280423309275
174 7.498966361070741
175 13.840517780801882
176 4.5730757814566125
177 7.161846224141316
178 7.991925520170021
179 9.055235662442902
180 7.159088290584833
181 3.2210799833959642
182 6.968920072031437
183 4.535220182554648
184 5.713570398236881
185 -0.35062749107213076
186 6.033655541215511
187 5.052757419054054
188 2.7900980434157114
189 4.9697157939967855
190 5.879804992630362
191 5.81252922545829
192 4.379722918650554
193 4.285953142772382
194 5.797065131910813
195 7.234508365740422
196 7.84639499440907
197 6.760102179773142
198 6.7128924861678705
199 8.707983104876002
200 8.818865720217737
201 10.148077278771684
202 12.732307851435207
203 10.634679756871439
204 9.82039226154211
205 8.490657237355109
206 12.50027281273967
207 3.706084330387279
208 4.514477727092048
209 6.819741413523469
210 7.8483756499217066
211 1.9954577524115291
212 4.7959703258106074
213 4.719748908713306
214 4.953765157047365
215 3.0844958916637504
216 -0.8320593497189122
217 5.478813932851063
218 3.4265576288453357
219 3.8842670923570086
220 4.63702527577101
221 5.913894146077936
222 5.847978533512408
223 4.86780460151623
224 4.461636430421465
225 5.441389358851592
226 6.609032446801997
227 6.904014145152622
228 6.54037064712013
229 7.882834889581688
230 9.025446924267385
231 9.211652291815975
232 10.453459711164633
233 12.860951971298096
234 10.73684845139029
235 9.55988733023537
236 9.915325263156122
237 12.556868875445646
238 5.370337995026031
239 3.46728468066237
240 5.467868535629412
241 -3.3013457851803873
242 -3.6995272103692907
243 1.5299048428421185
244 3.238176050581778
245 4.926603073708326
246 0.6870567930390279
247 -0.3821765764095124
248 4.6332869182171414
249 4.070362281491334
250 3.9258626981469
251 4.655754258493213
252 6.082183979493077
253 5.962862780297073
254 5.205317027341081
255 4.687826628655325
256 5.214595087040438
257 5.945367384442082
258 6.312796814227422
259 6.926851850881152
260 8.585239891536466
261 9.246886621400272
262 9.501430742983327
263 10.703104973771417
264 12.974019293080545
265 10.710707944270968
266 8.96475569252221
267 10.838023910902482
268 13.362962099434515
269 8.130386806430627
270 4.73048523002856
271 -2.7374837711228572
272 -2.9339602347399056
273 -3.1355060348675314
274 0.9642197086860578
275 3.4601641751802434
276 3.747510418633317
277 -0.4985431510504479
278 0.41975642414131187
279 5.051034197974851
280 4.747028509957889
281 3.6300861777829443
282 4.770878758190629
283 6.291912945953465
284 6.05411969439462
285 5.396622951455436
286 4.946098785624752
287 5.173674055914664
288 5.6637070695164775
289 6.288618682329603
290 7.513255672772
291 8.966816667625032
292 9.381129582676841
293 9.661326116342135
294 10.912742019884586
295 13.048289395153734
296 10.668050690095926
297 8.264641218859445
298 10.834380732731681
299 13.979465580503087
300 10.653699001445615
301 -4.461719558264364
302 -3.7192088611875707
303 -2.8885584142387395
304 -2.615488468387826
305 0.5930769275845404
306 3.0813859855899883
307 2.3699958538752446
308 -1.0029144178404468
309 1.2807822483356597
310 5.63871562993163
311 4.81012690160064
312 3.3596100397845023
313 4.956004373649878
314 6.486651373981366
315 6.113098084649411
316 5.530260572204025
317 5.228224376941858
318 5.361332505861867
319 5.787017680529331
320 6.638831536960035
321 8.025449425492878
322 9.158695439368188
323 9.436951642021018
324 9.749880935760672
325 11.096081074970112
326 13.05325907732906
327 10.62201580604682
328 7.710905927629698
329 10.283354502578723
330 14.083983906119148
331 -4.865262140653648
332 -4.3852736720789345
333 -2.6120331378403643
334 -2.9806439645404508
335 -2.3144171177736883
336 0.4291200512946809
337 2.5478052963476863
338 1.2623375672379735
339 -1.1336124288158849
340 2.094650329266212
341 5.997706937838744
342 4.566495361339863
343 3.204925627190114
344 5.180783926762516
345 6.648693812656367
346 6.149543836632755
347 5.639908324989425
348 5.514692878076246
349 5.693993417809224
350 6.15184501859175
351 7.10127654492379
352 8.391686719858905
353 9.224907870487359
354 9.447228504119591
355 9.825650361240793
356 11.244748555058194
357 12.990482170588013
358 10.572179246492642
359 7.340624250651993
360 9.525065493103451
361 -4.961035991223076
362 -4.749289680778948
363 -3.5972520205462186
364 -2.308632466216352
365 -2.775590883824514
366 -1.9302889261275344
367 0.5124831051547032
368 2.086032801951092
369 0.42109959816346043
370 -1.0351094510161754
371 2.8232843404828163
372 6.127470895641374
373 4.23517799270738
374 3.1614805807885755
375 5.418996692631596
376 6.774737177574098
377 6.176505061356115
378 5.735808375768228
379 5.778862430533022
380 6.065342318201052
381 6.5844410533153
382 7.522148914744675
383 8.616093629671992
384 9.211153017292636
385 9.44920660653932
386 9.89739795165654
387 11.354395216872401
388 12.874086118826234
389 10.527280318080749
390 7.136362097542154
391 -4.9678743607880955
392 -4.880288549918724
393 -4.339204859165327
394 -2.945935924183593
395 -2.1929382837406424
396 -2.4383968678929255
397 -1.4382700836734958
398 0.7312315955002273
399 1.672010650211358
400 -0.21345766331757443
401 -0.7895873346520226
402 3.4529271034174487
403 6.1028942138273825
404 3.912124725748103
405 3.2010247995765084
406 5.652234837958159
407 6.869396615716524
408 6.202137873835444
409 5.818630864638683
410 5.9996324458754
411 6.402507444600786
412 6.97905073974454
413 7.8435195692322415
414 8.72653866696324
415 9.157619094457992
416 9.444894230059301
417 9.969105825847448
418 11.426055233825164
419 12.724953057535647
420 10.486408652819433
421 -4.967646650692313
422 -4.929649104291391
423 -4.692696768292908
424 -3.843456839803796
425 -2.539286025263073
426 -2.0593823115754253
427 -2.0271340925495522
428 -0.8937386886092091
429 0.9626010155237723
430 1.2635576862062035
431 -0.685796629242539
432 -0.4440497708270992
433 3.9869831113393506
434 5.986180067143475
435 3.629400515171501
436 3.2986061881408926
437 5.866643343444627
438 6.9408448084564744
439 6.228656121995774
440 5.8873471710192575
441 6.169951642327214
442 6.6731065355932255
443 7.291725428233265
444 8.058821183821804
445 8.758258106721925
446 9.09526340524322
447 9.436585526100682
448 10.037702571464864
449 11.464854439994212
450 12.56092000495211
451 -4.96786019955762
452 -4.950223630442288
453 -4.8439819409882094
454 -4.415260446972841
455 -3.399203896314824
456 -2.2744906089651846
457 -1.8714013686542246
458 -1.5752886800886259
459 -0.3575003600657287
460 1.131050525407089
461 0.8458352772434378
462 -1.0198936120494073
463 -0.030372010141164196
464 4.43574192987898
465 5.815998145412272
466 3.3951144693871655
467 3.433664880441238
468 6.05622471052026
469 6.99586321211009
470 6.256359037553335
471 5.943094626246513
472 6.293351439269973
473 6.8712039207366296
474 7.513158336273769
475 8.184868999593977
476 8.742055428219281
477 9.039915721897604
478 9.431234368842496
479 10.100694201211834
480 11.478247499680858
481 -4.967827553935279
482 -4.959400740727563
483 -4.909288567714747
484 -4.703209959759651
485 -4.10360157084167
486 -3.040776318848378
487 -2.0679022868909507
488 -1.632996054816516
489 -1.109112685912521
490 0.12637236957185372
491 1.2055148619886538
492 0.42405239796593763
493 -1.2306358572176994
494 0.4283081930322483
495 4.80934803128789
496 5.614788335853306
497 3.209732773667521
498 3.5904226564509214
499 6.22027026660615
500 7.039295873232209
501 6.285729326616948
502 5.988666715309812
503 6.377830226348294
504 7.004091271878593
505 7.654313417670348
506 8.247382202062688
507 8.700788523564785
508 8.998200803677747
509 9.431871953424505
510 10.157370572864885
