evaluations raw_y
1 7.022563610221359
2 41.67130721118043
3 46.312617682001
4 75.34950373904682
5 61.27817532523145
6 38.704464275798266
7 37.13549795829561
8 29.51943571733149
9 27.40600978530527
10 30.18371451287939
11 48.19109557830284
12 30.147717538389518
13 56.9940990150633
14 56.927287761832766
15 52.612713663307524
16 58.393621099635304
17 25.30837801037017
18 41.0577384747877
19 28.50146775671018
20 70.00730404223218
21 41.94669373276421
22 27.297948496392372
23 31.89621771900559
24 33.97328648716503
25 31.115142695738346
26 35.8751686533854
27 19.597077379098852
28 5.417122152374949
29 43.795462780682804
30 66.17564858312393
31 102.76400464662997
32 63.960791536003455
33 46.202695207113834
34 27.16313711723032
35 17.79296156249232
36 18.539398151246036
37 13.514404430290913
38 12.04852331419921
39 6.834746876042951
40 3.152533914455914
41 13.802373067221197
42 9.263752686714538
43 22.478550962030162
44 17.29546427462735
45 6.260254207528378
46 9.511490735418258
47 12.10558797682165
48 18.217444476942738
49 19.336853981145403
50 36.2327350111103
51 25.743619497807863
52 25.3525647747716
53 8.880353447125634
54 15.179387644076849
55 12.272343479667049
56 7.655924248268576
57 6.975286484942484
58 11.512694527245028
59 15.570390238433488
60 29.57057886571546
61 112.0321740185871
62 55.313523388587576
63 20.6007255692878
64 8.59720540108792
65 12.834663808536117
66 13.758044635850627
67 11.166395545144727
68 7.14761289129618
69 9.379242572962173
70 36.62143674273289
71 5.515963561891413
72 5.615359298795562
73 10.303639894360096
74 13.954725101382259
75 16.826405092775254
76 7.116001181626891
77 7.375379475626999
78 13.178873438980272
79 19.577326069677092
80 22.046936693364163
81 17.219892385636484
82 6.051307603152759
83 8.438627389576535
84 6.384909089005269
85 10.500842491842388
86 7.282540281376649
87 10.640490287854876
88 12.32396776409338
89 5.156679382707239
90 11.70906958868323
91 49.12854592696051
92 28.512502472180312
93 17.808841544815174
94 15.182380809058099
95 10.866074878040768
96 10.028863013788119
97 9.915321845940444
98 10.924419266697656
99 6.312905743769722
100 8.86877940942323
101 3.8898102782444917
102 4.038714544499406
103 5.536809652800662
104 8.36986852413451
105 10.531226805375404
106 10.071174400888633
107 5.754730170819836
108 6.847839159663848
109 9.251153920773655
110 17.21255702035397
111 15.336628737315367
112 9.524997787568077
113 6.231174358278369
114 2.2140262417461325
115 3.3755764622991107
116 3.395001179141735
117 19.438664426362436
118 20.024957542692196
119 7.349090371977346
120 9.318692727865933
121 52.12596000665542
122 29.003296205658962
123 16.71788761245114
124 14.500128267460248
125 20.41593564430384
126 12.504960345617587
127 6.5088887434239
128 9.046585439913482
129 8.680480159335138
130 3.49813139375829
131 6.522758403115104
132 5.369022452600346
133 2.948930362400495
134 5.668626189945591
135 7.460407828860604
136 9.435476348355152
137 6.216121474942876
138 4.463634202351802
139 6.913553859255148
140 8.923847929010707
141 13.326087204053698
142 10.8000023263451
143 7.795551113130881
144 5.186576721278699
145 4.7128220233547395
146 5.780946731486736
147 15.141257047451393
148 24.48945865520644
149 10.988249364279655
150 5.968738032523028
151 24.44121256916155
152 5.5185806805280775
153 6.948959577120729
154 10.148837632642444
155 21.616004560202168
156 20.231320080889788
157 10.734992615143128
158 5.940099485727132
159 7.1285167493787345
160 6.080412486602126
161 4.648922510356934
162 5.936615843689668
163 5.436969391911203
164 3.6005426483149443
165 4.866034053763343
166 7.516890751860268
167 8.712649114730041
168 4.651091998003172
169 4.696247839767502
170 7.055373215156713
171 6.692072001251595
172 9.420771872120133
173 8.97331064374981
174 5.63632221150168
175 5.446318892961357
176 6.795248827300566
177 13.486560183154786
178 23.865403317181617
179 19.870782123801288
180 6.622024524467776
181 9.140609313323905
182 4.692009632273868
183 3.5745363127102436
184 6.831828307189147
185 14.817857198637743
186 26.947189776159043
187 17.878030882210894
188 8.681864272896131
189 5.401337113640004
190 5.744969543850856
191 5.603157109238284
192 5.8235485713337205
193 5.151386947756026
194 5.493459207714732
195 4.617697554770443
196 5.3952157893120765
197 8.306252975704174
198 7.584823164333851
199 4.701571187093874
200 5.0446857350495815
201 5.852976339824485
202 5.479671168856659
203 7.173839434960039
204 7.113831688938353
205 4.61393421009401
206 6.079232415374676
207 9.52222376232973
208 19.13609600834981
209 25.71623496763302
210 15.995943438414479
211 1.9297767890867645
212 6.782068322848908
213 4.7221389245660355
214 5.282394456227002
215 9.230106931519423
216 21.169191660669078
217 27.461385751277174
218 15.552526002867548
219 7.47601959326431
220 5.252876240833142
221 5.6690616696801595
222 6.455206737441341
223 5.911866454894557
224 4.781442261007912
225 5.676171679953854
226 5.432824101376381
227 6.501025560331545
228 9.134431663208737
229 7.196885869162772
230 5.201502358448563
231 5.392119800083345
232 5.010898690149444
233 4.813851496876817
234 6.000914990498177
235 5.3993208208917025
236 4.7793493663712745
237 7.05031198413456
238 12.234320762705043
239 22.20054942006743
240 25.51262674413627
241 6.112153241759656
242 8.273684132142144
243 8.725263191788477
244 5.960423532506679
245 7.513457429677169
246 13.928341307666194
247 25.125560798841086
248 25.529284106403722
249 13.510578228179341
250 6.886648777622902
251 5.471844138377782
252 6.257656335078767
253 7.042453039554704
254 5.394034885038259
255 4.524434634421396
256 5.835267231358654
257 6.361659210736731
258 8.083639741084225
259 10.246123169081525
260 7.397008170363346
261 5.889770770936496
262 5.569240997144546
263 4.618294946130607
264 4.437008903377406
265 5.0184984967853135
266 4.563788874667411
267 5.225208729399869
268 8.122607984327857
269 14.524444217436265
270 24.350216056958573
271 2.9676144366772785
272 5.449485164324551
273 9.15612676498581
274 8.166900391630106
275 7.1629110455838445
276 10.284181361000956
277 17.93789655357845
278 26.081977086252657
279 22.682711914989362
280 12.263524331346446
281 6.785637358337384
282 5.829842071510518
283 6.799141524087505
284 7.007920479852566
285 4.8915656726621
286 4.351158211314507
287 6.109796490643987
288 7.624849354329367
289 10.198408908405781
290 11.617273942533698
291 8.047749219194992
292 6.55436603162289
293 5.785700442488661
294 4.585916056763022
295 4.255515694081345
296 4.4289236896870525
297 4.439855192497169
298 5.783678701910246
299 9.32015102604693
300 16.795711410891208
301 1.840037191331194
302 3.147933962671237
303 6.216120364425759
304 8.64654850542328
305 8.207020465236516
306 8.656559638941975
307 12.86150131200519
308 20.264334832175738
309 25.144867213801636
310 20.295744977481434
311 11.578793940217647
312 6.950981363082919
313 6.213044213210972
314 7.044394678052549
315 6.660799714880261
316 4.49067589853142
317 4.3177154221084315
318 6.653182218793102
319 9.357031239706998
320 12.73632873451569
321 13.107766769011233
322 8.930472434717341
323 7.174531463517422
324 6.136827263744873
325 4.867789099988131
326 4.35521777854644
327 4.352926549037099
328 4.725308432210646
329 6.493892426209022
330 10.75679541313228
331 1.6537194614637825
332 2.222154147601138
333 3.783257144648192
334 6.551182277879244
335 8.28222906609196
336 8.494077078167987
337 10.012519380009133
338 14.70198728646216
339 21.0545091510631
340 23.56215578591027
341 18.53022596325158
342 11.266167058120093
343 7.260786126934864
344 6.557228408004979
345 7.064084620927139
346 6.239616018180085
347 4.218793111869288
348 4.496371602132221
349 7.567151582763993
350 11.56908841990431
351 15.431537902483702
352 14.63333265803276
353 9.938790975732779
354 7.82634100936602
355 6.639529187785789
356 5.385966223583781
357 4.746858580039374
358 4.668833146155414
359 5.262331944878731
360 7.406075892155602
361 1.698579509302119
362 1.9185023597855895
363 2.608474890023099
364 4.308132455221224
365 6.641531624041745
366 8.06297715431472
367 8.834790722461207
368 11.039182528559685
369 15.729874182293333
370 20.881393127641736
371 21.960998283155856
372 17.289442128792945
373 11.184562861213166
374 7.646524693434131
375 6.866196622984373
376 6.984361464312601
377 5.862259636164237
378 4.112457390611018
379 4.945586397965964
380 8.903723008725194
381 14.128293622080328
382 18.07553291185166
383 16.175732927071543
384 11.061591286812856
385 8.579028994794056
386 7.271785123334238
387 6.058546433306883
388 5.3484544939920955
389 5.2332482589287075
390 5.9892437790456
391 1.6747102043857174
392 1.7847841013084111
393 2.1019548702288753
394 2.9512867742615736
395 4.649789422512504
396 6.617602066992219
397 7.935925414293081
398 9.122874288739673
399 11.699157234282644
400 16.116953532339966
401 20.239910168492667
402 20.565242833924117
403 16.434747281768807
404 11.255221751555961
405 8.074193904159573
406 7.155709519463497
407 6.890844879797299
408 5.593273004035775
409 4.209842984790799
410 5.709022400623642
411 10.637107461130364
412 16.8593384316144
413 20.57065225576368
414 17.7603857469411
415 12.321721144265686
416 9.468759677597898
417 8.015655651881865
418 6.827696182917219
419 6.082324630285702
420 5.962266581958483
421 1.6509737094027817
422 1.7149764118134518
423 1.8760351580015797
424 2.2829572916611096
425 3.2424723898159344
426 4.851952755601584
427 6.5526949927397915
428 7.852615348842694
429 9.315572571095979
430 12.04140750268744
431 16.085376901518813
432 19.43225780208638
433 19.420438073673665
434 15.861387163183515
435 11.424957069879408
436 8.518994982378143
437 7.438602819725126
438 6.836955602957104
439 5.474603098521714
440 4.543816464183661
441 6.800592164466446
442 12.689743113937064
443 19.616643626913614
444 22.911180291423676
445 19.419023418876726
446 13.731390222846724
447 10.51061315909633
448 8.868796861219302
449 7.670889410969899
450 6.911567722365606
451 1.6512203670615715
452 1.6823775182628955
453 1.7686809933791776
454 1.970742519958121
455 2.4604231289249583
456 3.472109252937717
457 4.9620465534694915
458 6.475218430186117
459 7.780971518466433
460 9.407860496487386
461 12.146555142290412
462 15.815568113787993
463 18.617548100057444
464 18.510123092538443
465 15.487930240942847
466 11.653999754722824
467 8.964595314847923
468 7.72733923161315
469 6.858363515959725
470 5.535508446344172
471 5.13584060642302
472 8.203786228311612
473 14.965755963471862
474 22.31326023671967
475 25.130043549140357
476 21.166250004850763
477 15.287699089818206
478 11.7092121737239
479 9.83937132170243
480 8.59313340461271
481 1.6510359480791243
482 1.6665269596019054
483 1.7142874738534526
484 1.8212979012018415
485 2.06757272196858
486 2.6239954414310387
487 3.643915776880743
488 5.014186132125932
489 6.3936949439732915
490 7.704153162027547
491 9.414413683677719
492 12.09256934981498
493 15.431828212382504
494 17.86921965023961
495 17.79561142232381
496 15.253055341269889
497 11.914837643764418
498 9.403944543490283
499 8.035062810463664
500 6.9803884760605275
501 5.795558720680708
502 5.991545328518708
503 9.879530342043061
504 17.376885492521737
505 24.908920915523268
506 27.263996820810195
507 22.999458876622672
508 16.9787393273041
509 13.063155406684103
510 10.939699230714012
evaluations raw_y
1 48.18625284574512
2 30.72163874888254
3 50.19700671765828
4 27.41030731247065
5 53.07436306592073
6 79.89818817907758
7 42.32618723619222
8 48.07659367122479
9 59.7121229157366
10 38.845238222143095
11 41.642940532752746
12 35.30759782106398
13 40.96616858452716
14 25.016876540666516
15 58.35927958807374
16 43.7675718595017
17 31.68397619419004
18 43.67553252461647
19 35.75876277583564
20 50.506554268822974
21 38.13675706008486
22 73.12038941169088
23 65.2756400804579
24 50.656996537068494
25 88.79933177277836
26 36.462970110159674
27 54.30607359292953
28 43.2570728150104
29 66.84661718446289
30 51.214186730301535
31 109.91437465633261
32 48.93357349868504
33 36.593845315886334
34 29.760226315524623
35 14.778672640412372
36 23.80531239896762
37 4.86429615374932
38 17.095622150653707
39 10.355747999825635
40 15.338595256759849
41 16.97420730999702
42 28.175677213726832
43 24.120421821571558
44 7.819604681143939
45 14.69232405653548
46 12.495965421577877
47 6.703849755848943
48 25.477266412057475
49 8.31431884104714
50 17.456735584111133
51 19.465273621513163
52 38.045999544511034
53 26.513948947384243
54 24.815723303693133
55 11.092494179307911
56 9.860224783711766
57 20.87107467222062
58 14.912771181986496
59 9.634292361536156
60 20.33563652106648
61 88.22613254591761
62 15.875607454010131
63 16.198771321282845
64 26.24293018397651
65 9.052914878094628
66 16.519828792295762
67 5.00626688221873
68 6.561014692168701
69 3.5889409602721556
70 4.2799936951434345
71 7.814214385297888
72 10.8582189447661
73 12.460931621316666
74 6.7172941172639495
75 5.804012475066817
76 7.1609027814958255
77 5.830079185069145
78 5.7254055896297125
79 5.35919813900111
80 13.090192749129919
81 11.332052898719295
82 22.753661679495934
83 15.379614859267695
84 19.86926664600265
85 9.52745514777974
86 5.983050701528286
87 9.675146301137946
88 6.004851270727762
89 6.528932921382451
90 5.741785110832589
91 47.33817699446294
92 24.126477671175525
93 20.240070264170154
94 22.394317404187085
95 8.563575367259453
96 7.260974735324147
97 13.936926671097224
98 16.91098423954439
99 10.41769762677208
100 6.564895671619753
101 7.064180845496304
102 6.1356991042098965
103 9.50917378024379
104 9.275163973987262
105 2.2073387346131583
106 4.286588934766017
107 3.478103543105325
108 5.661859326701196
109 4.066082493670159
110 10.434257548519131
111 5.52848855858727
112 7.633892752273125
113 15.241352756122556
114 42.387571050441345
115 12.750852894813361
116 7.591635950255595
117 6.794614165187445
118 2.961103882878034
119 8.87410241210076
120 6.946521509625033
121 35.00203341145351
122 16.214919401957435
123 14.145096410910856
124 19.403854711730997
125 12.861612181696167
126 7.023845146442252
127 7.064921515107498
128 29.5402827803505
129 33.08221428171228
130 13.30136943856732
131 7.65326156753951
132 5.728816721188823
133 6.379126372070082
134 6.878198336284356
135 5.800827882486663
136 1.1045383180625552
137 2.764986258247336
138 5.6696625646374335
139 9.37460741837393
140 8.703601663612043
141 9.679018314158142
142 5.605765958038631
143 5.448581659906327
144 21.27641935016814
145 17.806566237244027
146 13.43796532243557
147 8.434676055913416
148 7.240268753631517
149 5.696078084661753
150 9.947863675693153
151 37.60566023968763
152 9.04248521014387
153 9.60620127044711
154 17.37648880877002
155 15.761022608653775
156 8.165008630508662
157 5.613190258618553
158 7.777217363481757
159 23.242191598885483
160 21.65945090187536
161 9.667541230663463
162 9.620991692853059
163 5.296285829235197
164 5.598472554229062
165 4.8741377814026405
166 4.676977802521982
167 1.459038378574263
168 1.834513057668677
169 5.242315495000819
170 9.746117732635401
171 11.331175160407092
172 7.258456850717144
173 4.914520559764503
174 5.772582401836235
175 15.328543221129639
176 15.823339755034267
177 11.112348884406678
178 7.488048644058775
179 8.313035992777149
180 7.8324711410658505
181 21.587944468537874
182 14.146050483584288
183 13.293783021841959
184 13.310902752986443
185 16.949288351693962
186 13.795550795011803
187 6.555071302714471
188 5.404915584500532
189 7.989762763494014
190 14.81603760303863
191 12.704225863766892
192 10.022521094574728
193 8.953313210684977
194 5.1440111263231225
195 4.83392825183844
196 5.225827172622822
197 4.72572931133711
198 2.212136998205902
199 2.0932053963878365
200 5.236071120973345
201 11.09949910114519
202 11.898391353772983
203 6.515495658628573
204 4.890416194323339
205 6.918941927953211
206 14.250856615713843
207 14.221751507073167
208 9.754810178900025
209 7.889606498183916
210 9.271681780269441
211 10.502573988761668
212 5.311124509441914
213 7.132897848910641
214 8.826240561702487
215 11.239234828715182
216 14.357610847712396
217 12.20339761333094
218 6.730279779120686
219 5.951127125814384
220 7.5017819278023
221 10.468693323479142
222 10.148182371257654
223 10.917931795532361
224 8.261059601735795
225 5.045363730983111
226 4.9082193716708336
227 5.8260353299344745
228 5.152837365084453
229 3.0266719128375428
230 3.077010073544442
231 6.906170737265351
232 13.650389438858825
233 10.986550620561863
234 6.419139779491017
235 5.518877299314287
236 8.556240368251808
237 13.483277939100535
238 12.498286045398434
239 9.22557723287141
240 8.884179164061251
241 5.327237839054515
242 3.673174268550504
243 5.376162918181731
244 6.456963807203993
245 7.74464400403192
246 9.380085068372805
247 11.767931822674367
248 10.755261205659725
249 7.657956461241156
250 6.63728171890526
251 7.188057928911717
252 8.811911654269212
253 10.070938518232417
254 11.15148051160748
255 8.048384171886978
256 5.3940485526893
257 5.502244657501928
258 6.38370221588454
259 5.657161082132973
260 4.175909297678985
261 4.869743926305107
262 9.857375636173835
263 15.27486960969005
264 10.036841988582847
265 6.3996832800038215
266 6.7447648882183024
267 9.773575692186018
268 12.475635348667481
269 11.365753300509164
270 9.537629509852238
271 2.6565818922841964
272 2.5064634307199216
273 3.235483141973972
274 4.56479914111652
275 5.825983633430236
276 6.877521154115191
277 7.777073822639982
278 9.652362450365088
279 9.85301706772734
280 8.471153392287444
281 7.365364258817181
282 7.345442744569133
283 8.64374914940471
284 10.495130219197765
285 10.930980007560645
286 8.115608273743584
287 6.060214636272146
288 6.2836850946899325
289 6.936688044132163
290 6.329253968651459
291 5.60327240618221
292 7.243649022261448
293 12.890622134292256
294 15.90930097491169
295 9.673307853175487
296 6.799144786628012
297 8.042979684089806
298 10.426002536600961
299 11.852440365912702
300 11.06947269924834
301 1.119007587583398
302 1.607472899638623
303 2.2660185526923864
304 2.862435063083732
305 4.21057135102332
306 5.496085272780618
307 6.176781269514622
308 6.617475330185625
309 8.292698818697193
310 9.44361479697951
311 9.04845501009914
312 8.066029199498065
313 7.893585201446548
314 9.072520092319957
315 10.715223070123578
316 10.621162453182405
317 8.328092480325411
318 6.887095549091239
319 7.116350976708722
320 7.520380794522081
321 7.167973127122696
322 7.222514836944713
323 9.840881057945733
324 15.42497829642897
325 16.209645383086567
326 9.827737095545752
327 7.546656799686298
328 9.060127792319841
329 10.901320605572586
330 11.74572977613739
331 1.0559466871730085
332 1.3144941851609857
333 1.7583396507036992
334 2.192768614145844
335 2.688194570683179
336 4.036497669493412
337 5.252149435391859
338 5.634781419769306
339 5.8914795203892885
340 7.551493358169017
341 9.226967173330383
342 9.397378959393933
343 8.69799583891107
344 8.556012289696724
345 9.535684340146497
346 10.703394205034414
347 10.326047355036977
348 8.644542154264087
349 7.711230478380574
350 7.886812362266499
351 8.149254970262797
352 8.142797454179462
353 8.968919195644075
354 12.402652155895385
355 17.409301987390194
356 16.53492802985545
357 10.386363269705345
358 8.41093024415613
359 9.852102629056334
360 11.358970082820075
361 1.0587723145541377
362 1.1820894849210077
363 1.4536600844456014
364 1.839376974079157
365 2.0941872737292977
366 2.6179416192969573
367 3.934253330623191
368 5.02117821976174
369 5.226426600396687
370 5.471465096877559
371 7.143169034970834
372 9.02112348416021
373 9.556569053666239
374 9.17284834680773
375 9.09940368688251
376 9.82276981503168
377 10.53221754963169
378 10.107187578097506
379 8.981734840224462
380 8.41798989165065
381 8.560443262390018
382 8.829718384474205
383 9.225126446140624
384 10.788046106399783
385 14.789687676102057
386 18.99675243265895
387 17.01994633188963
388 11.18334857027303
389 9.304645637594247
390 10.520374873997305
391 1.0542499123538833
392 1.116145660547939
393 1.2750482558734002
394 1.5617617565670041
395 1.852435739777074
396 2.01419748555159
397 2.6000352635278694
398 3.846592990047569
399 4.784934594215504
400 4.907098036050698
401 5.215798710190404
402 6.863951076828492
403 8.770808726868836
404 9.54653838945689
405 9.438503446361345
406 9.423124483789682
407 9.90143982772448
408 10.293377345985029
409 9.957619081732222
410 9.272410838176778
411 8.978852938202797
412 9.159391428319015
413 9.55814643122832
414 10.390398349008063
415 12.629068042962938
416 16.95930698182725
417 20.345673439259055
418 17.65399964569799
419 12.125431200338172
420 10.211117183292878
421 1.0547588525787082
422 1.0849255815241172
423 1.1756201109844686
424 1.3636390171432538
425 1.6348900545856848
426 1.828614244336733
427 1.966178035542706
428 2.6014104438094248
429 3.749481485335147
430 4.54276954533575
431 4.639627699786186
432 5.028826179962911
433 6.618769118750724
434 8.468988109102217
435 9.39322048130451
436 9.496528125716136
437 9.524150585677816
438 9.820774157064381
439 10.042452395410352
440 9.845815178197304
441 9.49352520446223
442 9.42192119711839
443 9.713334373048003
444 10.326603859424988
445 11.614354117583916
446 14.450317309752405
447 18.920425532161666
448 21.54480604719029
449 18.409456154569586
450 13.1556579447944
451 1.0540747479709083
452 1.0693619844735767
453 1.1208486032203333
454 1.237551315008302
455 1.4420079813394628
456 1.6738662838825011
457 1.7928195063634653
458 1.9452980056234166
459 2.603120151946922
460 3.6367968159792823
461 4.2995502494402205
462 4.402257540483143
463 4.863718506909075
464 6.373681151293743
465 8.127830740223931
466 9.129890743171508
467 9.38348296596552
468 9.45003097011768
469 9.642573783488269
470 9.800599642843096
471 9.748928034908694
472 9.655077672553464
473 9.786559864569462
474 10.243574374838186
475 11.125377350489542
476 12.87438628695075
477 16.221902736230696
478 20.689757072770437
479 22.645967192365163
480 19.255761110147194
481 1.0540622286939554
482 1.0616771993357474
483 1.090700512723733
484 1.1615885120985188
485 1.2999150056388047
486 1.5044503925593573
487 1.68697572780835
488 1.7593692842119726
489 1.9418788075130335
490 2.596299397700083
491 3.5105614863919423
492 4.061669062224837
493 4.185765852377187
494 4.702935890182307
495 6.122914705700169
496 7.763706632852077
497 8.792407191509366
498 9.149578184122516
499 9.259744550078887
500 9.413748652325667
501 9.573528213834738
502 9.659071516171949
503 9.777126444073396
504 10.104480073017118
505 10.762102118655827
506 11.945701902164513
507 14.150415094071336
508 17.919896049436165
509 22.285273424338204
510 23.67971141101751
evaluations raw_y
1 24.911700338580893
2 23.255328665244555
3 40.04714569654472
4 67.79154598114926
5 52.482098072272436
6 34.401231195596054
7 27.917351515796838
8 26.41077430829591
9 40.31864969375695
10 33.276570852659084
11 32.78231155898722
12 94.30862220848717
13 36.67065390276816
14 47.17662659417516
15 23.751309106573885
16 45.87483435542685
17 27.333333826165184
18 40.28278686160299
19 40.84555637441358
20 32.7662685386559
21 73.09785286844357
22 28.25220765225045
23 25.828578102685597
24 29.725395453804076
25 38.234136680900804
26 46.11401669995148
27 33.98419708138412
28 63.628207680865664
29 45.69986830389346
30 45.70496363142974
31 79.7589223962891
32 65.56636884773859
33 34.704878625266836
34 19.658857091308406
35 20.517034550119366
36 23.007599588578696
37 11.87605381024119
38 25.912912335644084
39 12.605412028030257
40 17.010114113516046
41 5.931852626417644
42 32.30914117088998
43 26.35914928190047
44 13.823118418410381
45 10.123621283047456
46 19.900004902655798
47 17.78322438709021
48 20.36431720815089
49 25.263049603709
50 4.4185004043318
51 16.05422034397259
52 24.462840628886802
53 1.3113446771899877
54 5.399587912574215
55 10.34467342477626
56 12.91982654892747
57 17.04982124485402
58 17.29685571988232
59 32.65609677219489
60 10.998296701807446
61 38.40693046223929
62 11.249934687569544
63 25.181947066693596
64 10.503287772373179
65 15.957822753543935
66 18.242761534042536
67 13.15863571334078
68 7.889447131378416
69 5.110406102893908
70 6.161501513519118
71 3.9375127048832983
72 9.641382434396242
73 5.235941257416954
74 6.521705903725294
75 8.909308364987407
76 11.375862263031983
77 9.258513396183476
78 9.420161870260783
79 17.916254729472225
80 2.7424555727479287
81 6.905680266708723
82 14.174818435247088
83 4.53747396191587
84 12.107219748618558
85 3.536992656551622
86 7.285213148431879
87 7.520289297534566
88 10.995365555400165
89 12.60121292621978
90 78.31648588773635
91 43.985248502847725
92 125.10117928587557
93 13.640925113314662
94 9.71592927768508
95 11.0868196327945
96 15.551177918972595
97 13.67515272308462
98 8.899881170333162
99 7.111007234928226
100 4.041706014399608
101 0.41322808093702734
102 9.31279020507303
103 7.083355234140484
104 4.1330720666892455
105 6.0431374196585965
106 6.757376014445517
107 7.704874784093475
108 7.343725371179502
109 12.263361409577582
110 10.678417752857007
111 8.52668148386388
112 11.297980042740809
113 7.190495496824217
114 5.679380990214085
115 60.846967217681154
116 37.782302609715245
117 4.231485183091761
118 6.348443325109103
119 5.182465402353321
120 26.09292375510905
121 44.313465833921306
122 21.89302325183699
123 14.447198879851369
124 9.903661029086443
125 10.033762762361421
126 12.29238589658721
127 12.988180643290132
128 10.93976712513876
129 8.60889383055429
130 8.455735101081222
131 6.728816276561284
132 8.716554892350118
133 11.484862838983647
134 5.665126094891207
135 3.3792282408688985
136 4.476592122112612
137 5.2108290272807185
138 8.921495661999842
139 8.541345543718178
140 9.718328578409077
141 12.836619139572765
142 9.399021687689622
143 9.986769045053535
144 6.97456256154547
145 12.142709436343623
146 55.629188366541534
147 31.41549535217198
148 6.273554923232789
149 5.4590731296406965
150 8.379249022229239
151 40.53075357308129
152 19.93871017295439
153 14.967107654853134
154 14.029574917033335
155 11.041607235319074
156 11.121181418766836
157 11.952801070070503
158 11.401146360692518
159 10.084184617492504
160 7.741021389004085
161 7.325137532876816
162 13.161500906937976
163 14.376153507700696
164 15.148109237274427
165 6.614052061775235
166 2.8547953614607997
167 2.899027038370557
168 5.991177548551973
169 8.955351973025858
170 9.044881410028982
171 9.688287597166386
172 12.657353581008417
173 8.03134906028958
174 7.868414532841804
175 5.1220403996679575
176 16.968455467263983
177 48.230938065108866
178 25.518146126311432
179 8.091695428979396
180 6.541878038823787
181 12.377770475878881
182 15.14515226768124
183 15.195385251861387
184 13.813979532304796
185 13.535473174737296
186 12.15225020205588
187 11.469632021576718
188 11.30758572473067
189 10.743253935842494
190 9.321616870650795
191 7.2961438730450165
192 6.924661182977514
193 14.8563534462439
194 19.880615606180182
195 16.88133220910767
196 7.378090932454593
197 2.881211771350064
198 3.147991522804319
199 7.35051500563138
200 9.196131296052473
201 9.287998074689531
202 11.04802015406019
203 11.8617685984871
204 7.621977109135985
205 5.400760322810126
206 5.830277605591506
207 21.601968517490878
208 39.298153312532364
209 20.85600855850714
210 9.580845585954961
211 6.501966417950386
212 5.948110736071507
213 6.792419675771772
214 11.835687503743467
215 12.266958544112075
216 12.502374225981278
217 12.216839261176254
218 11.436021242325761
219 11.018007947184037
220 10.307106214647305
221 8.651115209853717
222 7.079608144684915
223 6.848694931910911
224 15.301240114328955
225 21.441945838149042
226 17.592983427343388
227 8.696130865916116
228 3.808478071097202
229 4.422110428803419
230 7.697652636089079
231 9.199181669560579
232 9.3790216938446
233 11.761657144241852
234 11.580339802293265
235 7.820676983282203
236 5.410887806930209
237 8.6759967073302
238 24.29013418490904
239 32.06124171623222
240 19.805335354531177
241 5.412488321369519
242 1.7049573824733377
243 4.0188891271883715
244 7.424396283523606
245 10.43195243808176
246 10.77117262508053
247 11.656827278187308
248 11.951153137580231
249 11.392456342969819
250 10.835444156065536
251 9.817116215697451
252 8.098549837767884
253 6.763137394953157
254 6.79770196390796
255 14.87895586509693
256 21.09466852685492
257 17.604366684316897
258 10.231933803175371
259 5.445465160227911
260 5.516079162782246
261 7.674006729593757
262 8.897106661560532
263 9.552129362868584
264 11.804634933389547
265 11.33417798561015
266 8.294546286807165
267 6.880436291919365
268 11.98582296472476
269 25.150867116146454
270 29.0669537873749
271 0.6902318351871861
272 2.4165117589960095
273 1.59072225809222
274 4.226565229064099
275 7.7972547244592345
276 9.540256676910554
277 9.744429895444345
278 10.903846750167927
279 11.525969560242462
280 11.187321430155897
281 10.492616759395991
282 9.153869080050683
283 7.70560830047682
284 6.431166949036879
285 6.795534114898308
286 14.064006838912047
287 19.737060717661876
288 17.624808531811237
289 11.86906956884434
290 7.258336759684008
291 6.377385458133416
292 7.594234091969187
293 8.5843231230567
294 9.691826838865907
295 11.491373978304209
296 11.052396614360426
297 8.948598248589796
298 8.751168725425108
299 14.917722804346473
300 26.06486805912545
301 0.8318795724348447
302 1.6820556658570247
303 2.5945525258089206
304 1.4887130675498268
305 4.505453157929278
306 7.9710387607769
307 8.911148244120039
308 9.005635127066189
309 10.17867198016802
310 10.930978898094315
311 10.727436873014787
312 9.891019118235937
313 8.527973383814821
314 7.385175575259542
315 6.15120489287856
316 6.799195795871656
317 13.105619255765166
318 18.278930347339692
319 17.631048770856445
320 13.332451546936841
321 8.884568295221484
322 7.184466235567486
323 7.606094827867107
324 8.428454561210236
325 9.701473774677506
326 11.109919124684232
327 10.849995118984747
328 9.648613519707123
329 10.700522330600199
330 17.64681541469687
331 0.44309623041358137
332 0.9770998601133362
333 2.247362515373512
334 2.291472499733673
335 1.6623247975457818
336 4.86152414122668
337 8.022801177133974
338 8.464057314664002
339 8.442365410967318
340 9.467913865483455
341 10.207578010966017
342 10.051587062393187
343 9.19021028401708
344 8.021152156189038
345 7.097479608470569
346 5.9345192191853595
347 6.794675493450849
348 12.205813090964291
349 16.9536729225314
350 17.501077541737942
351 14.45113588876649
352 10.295140332782609
353 8.020990696983723
354 7.788744488448473
355 8.431429883629427
356 9.659041417538226
357 10.800407767702653
358 10.78304887919668
359 10.460282807993199
360 12.758778478992802
361 0.4215788440195323
362 0.6584780277611256
363 1.4448322452750992
364 2.5145754117897074
365 2.0627574075382307
366 1.9578366988863936
367 5.21027836534999
368 8.00157667445888
369 8.142555736626537
370 8.001160714929089
371 8.801183534973127
372 9.438698409900624
373 9.300492830994429
374 8.53496837417392
375 7.630241803960559
376 6.828063368593725
377 5.776231613060348
378 6.786493800836673
379 11.424658777214868
380 15.79661174025378
381 17.226498242356552
382 15.262666295024326
383 11.53448371482262
384 8.906692796430967
385 8.156263567868386
386 8.579526664211334
387 9.658125442353386
388 10.63974632067566
389 10.922990864878951
390 11.481352041840392
391 0.4156943286551046
392 0.527244370667817
393 0.9336474834960091
394 1.8566431918499597
395 2.5860585359533133
396 1.95300983132333
397 2.3114851087942365
398 5.511811734352996
399 7.9376127696301495
400 7.912324223460939
401 7.66120533459668
402 8.216145908765919
403 8.714228809501364
404 8.597347023496635
405 7.994611470209632
406 7.3240817843652355
407 6.57350895314143
408 5.666481128141795
409 6.778452074752407
410 10.77380567534724
411 14.81280783903006
412 16.875639202378284
413 15.857435840113208
414 12.635459722968823
415 9.838603556955638
416 8.69323956833449
417 8.871584891329288
418 9.769113666250838
419 10.682786275281792
420 11.321821820097664
421 0.41273139917032187
422 0.4670357321792332
423 0.6736095988004975
424 1.232439234248686
425 2.161236337519121
426 2.574145559348694
427 1.9494005818261733
428 2.6816735906356284
429 5.750452196897124
430 7.852118658494819
431 7.749763281704049
432 7.411489957985483
433 7.739125514840262
434 8.096458371167287
435 8.01065122237132
436 7.57853357692733
437 7.069027806724068
438 6.335058736219477
439 5.596045696813571
440 6.773809284427873
441 10.247572005333456
442 13.999593979583505
443 16.51702144189855
444 16.305618175790908
445 13.621323054306096
446 10.804627749283512
447 9.37458921806129
448 9.31141383737863
449 10.040724355045914
450 10.960739751673337
451 0.41261062190527287
452 0.43906181615480155
453 0.5461726444613062
454 0.8528536394647588
455 1.51983478474022
456 2.372506162407787
457 2.542310337576065
458 2.0272335848145655
459 3.0391931127913914
460 5.926020575322645
461 7.758610799573783
462 7.636890026258313
463 7.240944552713978
464 7.378314940667812
465 7.611704442872719
466 7.558501799423542
467 7.264187714497451
468 6.840039646956038
469 6.116069177579519
470 5.557480590669409
471 6.774639717569533
472 9.832293603166617
473 13.346979086187437
474 16.189917499183633
475 16.65267021832652
476 14.507707943068148
477 11.788054037238584
478 10.174569373948158
479 9.901883858685123
480 10.498037156717112
481 0.41263917611364487
482 0.4256578970745033
483 0.482469105614894
484 0.6488461432774183
485 1.0498131218577995
486 1.777620925384194
487 2.5162014793768845
488 2.5211128926991746
489 2.1614947741833817
490 3.365877866698924
491 6.046638270925515
492 7.664413689508887
493 7.55907747571738
494 7.135326815155471
495 7.1255553513774235
496 7.256825855265461
497 7.226546399029165
498 7.019641238253498
499 6.622826476190187
500 5.920617590690023
501 5.544184235219689
502 6.781844313703241
503 9.512655019034716
504 12.836658516046386
505 15.908902277559797
506 16.925982125900155
507 15.304346833339398
508 12.771886027739782
509 11.069428880045596
510 10.638306392412137
evaluations raw_y
1 25.801807572651857
2 59.95352405558982
3 32.315045140695986
4 29.34598885651759
5 21.750690117341595
6 40.29272967847466
7 55.32474308410949
8 27.82451799005893
9 11.129506188321901
10 22.784023313427177
11 65.19583340038857
12 18.58268678887662
13 9.158557730933913
14 56.06681475555885
15 11.623156448226554
16 74.45609937409671
17 47.456084223869766
18 40.45456873899041
19 27.9301514119798
20 30.056692295997937
21 61.72902335025147
22 48.059154654595154
23 53.25330040408632
24 52.57128929810796
25 22.603535849718856
26 61.47712374267777
27 63.65624903710779
28 46.18143652615418
29 40.13053621580484
30 38.04004192939883
31 127.57056060195922
32 61.33342384615266
33 16.874630254474155
34 7.587404854350101
35 10.76185943265606
36 10.178757752284454
37 12.5295965780902
38 2.5362750838249157
39 5.699999994029865
40 7.294098753964518
41 14.103564642264896
42 1.2320055545868867
43 6.360218047716417
44 14.567080086959436
45 10.987272758009714
46 15.118898252462275
47 17.714467455236207
48 17.547133542874956
49 13.901401279425471
50 8.307177603894203
51 18.063704413424475
52 21.958721506017888
53 7.2186643361313525
54 22.04018690033228
55 13.15287136754758
56 37.790300106440235
57 34.402845611159535
58 32.107386828242475
59 9.290424960478287
60 14.64427871738415
61 117.17563611609674
62 52.10149099120649
63 29.111807931968862
64 6.420524352019779
65 8.018134194775707
66 2.12328429728388
67 15.656836920380666
68 48.089835014744395
69 27.320363696689718
70 2.7827849888245635
71 11.501999019800769
72 18.422095257970376
73 15.380746173624543
74 3.909670772308636
75 15.840363709619735
76 5.7488871963155725
77 6.983190104221241
78 9.613872920723956
79 11.14137130887039
80 8.17810161809817
81 12.35860288628191
82 25.20422324280286
83 15.098352577241833
84 3.4887558696747547
85 8.898950977699535
86 13.348724682363326
87 56.09316982609484
88 25.20864359218359
89 11.10285908876868
90 7.893230278148764
91 81.41810496554798
92 35.44473731411952
93 8.556700866907978
94 2.7141946774726495
95 11.707304110959189
96 6.459475078301441
97 43.15925376539146
98 105.81087173933645
99 74.16267265002861
100 19.446141016285175
101 12.943199868906515
102 20.767826297931137
103 20.64020359769317
104 31.54294073418207
105 30.01831160623515
106 8.126585251208727
107 4.593782884231724
108 6.341630518511355
109 5.859521305431078
110 15.020633930920496
111 17.277382159484382
112 31.81665168300906
113 24.74656864073613
114 6.497974234996934
115 5.198542518096771
116 7.422292974376425
117 15.771004827523543
118 33.615099815376176
119 11.547726712442323
120 11.197219717680515
121 70.99295854940986
122 49.63836443844308
123 14.500063452706204
124 8.316095021865522
125 4.3789977502118465
126 4.795551074805822
127 13.264355620125428
128 57.25797400063983
129 80.78853153858607
130 50.69424443689144
131 23.136361047809416
132 22.5196354668071
133 22.9228451496869
134 38.82420838643784
135 60.84250838520338
136 22.087411100229687
137 6.880805688210103
138 1.9594095084250185
139 5.939941195420024
140 8.591465354645246
141 15.428469921867222
142 24.868934753226565
143 26.572891292472345
144 19.180143165635013
145 10.55816449922457
146 2.9585248969514293
147 10.292959991048761
148 15.143714916439261
149 15.03960700702124
150 11.396606321808266
151 47.288523453415415
152 23.0530720079769
153 17.297473223815842
154 11.171325791770846
155 5.86916583226939
156 4.142951200596487
157 3.550158211781979
158 14.234478516094294
159 41.730086055297306
160 58.49030822312057
161 41.57515412931092
162 30.347711114347245
163 26.905156281737565
164 34.419464020548276
165 56.79995362610589
166 43.74823941253112
167 16.506128867928073
168 6.014508459019992
169 2.6674982851852187
170 6.620281558732198
171 10.69227673219389
172 15.582255435707001
173 21.019230919477017
174 22.869229781099257
175 17.584431277138563
176 9.741147598937108
177 2.6787374187282915
178 8.855472536842813
179 12.523233887457327
180 13.469098470383296
181 13.793983092670958
182 14.349785603245138
183 16.16783484176031
184 14.966197399400219
185 10.360563457099344
186 6.712510426112835
187 4.949483582788723
188 3.7225824444176316
189 12.305144652680974
190 32.74603373553429
191 44.75036993246687
192 39.54880671451202
193 32.9779509843703
194 34.4747733893304
195 46.99228681537711
196 52.267821105543405
197 34.10067126603485
198 16.5117036092611
199 6.948783122242264
200 4.453540281618311
201 8.391470332949899
202 11.480353305504664
203 14.681876536479905
204 19.31227642750349
205 20.906494006707966
206 15.30470532412129
207 7.949465419625842
208 2.811538797213738
209 8.531274263599759
210 12.551286252603697
211 5.859146206376678
212 6.407533719228212
213 9.43136648027162
214 11.500739130527755
215 11.717861832729303
216 9.458017684811784
217 7.209363806181825
218 5.141945260000629
219 3.96662110760532
220 10.94956432609698
221 26.44740941074032
222 37.04672589051909
223 37.001154544793515
224 36.67488703108247
225 42.63439075973694
226 50.52703242686234
227 46.99175593953892
228 31.82104039762951
229 18.711356130782995
230 9.373711712088465
231 6.831356010762165
232 9.99040560602457
233 11.966995952879476
234 14.682773878171602
235 18.454195881153407
236 18.785119145998156
237 13.496170625071517
238 6.266161996642246
239 2.8321218189140316
240 8.481462003054641
241 2.4920088704585877
242 2.9380599002320897
243 7.664386200579327
244 8.709461808148983
245 10.087611169254183
246 10.476135134088674
247 9.129971259028853
248 7.448814272444536
249 5.23894461376679
250 4.1842696534157255
251 10.018276730020522
252 22.150534676645744
253 31.771509818766724
254 36.15708545054791
255 40.589038574834476
256 47.099324564916216
257 50.57741134086922
258 44.630237871280954
259 33.099211519280146
260 21.755892305598433
261 12.329340807474454
262 9.189334948330629
263 11.127111673142608
264 12.621279656663436
265 14.996235748727539
266 17.817311010559173
267 17.050102717742362
268 11.741536530084797
269 5.175855104854921
270 3.0303435570572326
271 0.5538948099888727
272 1.0820166324454836
273 4.744669238006938
274 7.384763454485215
275 8.436771943137463
276 9.602202302060988
277 9.947888877608515
278 9.027589507945592
279 7.496173769181695
280 5.233823768759505
281 4.432163170220025
282 9.354455720547055
283 19.185567656290623
284 28.786763825380632
285 36.20370917695219
286 43.06024845020981
287 48.94904696036493
288 50.109594200427395
289 44.7513857647112
290 35.59888626854837
291 25.12240744175444
292 15.176545219407224
293 11.206116337690554
294 12.086830691832594
295 13.353683239057755
296 15.45068910042338
297 17.259626624203182
298 15.49481497488258
299 10.360023457430898
300 4.540334871516867
301 1.1289873621756727
302 0.8093715212699513
303 2.4424597553842813
304 5.418144848332542
305 7.240434720231904
306 8.372252688150276
307 9.41840442617295
308 9.690932502690062
309 8.93866003606836
310 7.389876993478377
311 5.221693817987166
312 4.68701361408025
313 8.887048362685327
314 17.39486979373861
315 27.15374114497584
316 36.26516558962217
317 44.195054274913396
318 49.49796012698271
319 50.20443365995617
320 46.075999079312204
321 38.58863093038546
322 28.293115456433963
323 17.705727506903102
324 12.953280371648061
325 13.011627752251984
326 14.136708499602243
327 15.858491382522608
328 16.655649715574437
329 14.242351702911606
330 9.29519477830442
331 0.8117143409516973
332 0.6931036544328832
333 1.2560170042754175
334 3.211612697605859
335 5.551674593849046
336 7.130258559046352
337 8.330018078300006
338 9.28847351736694
339 9.502109428421667
340 8.783953532160638
341 7.213911891622814
342 5.232988481837884
343 4.919120814651154
344 8.641788370179972
345 16.38025020436581
346 26.20365551962001
347 36.110598092142624
348 44.44674894648987
349 49.66274137176581
350 50.79826638526475
351 48.0154048530334
352 41.577500805532104
353 30.996539932850165
354 19.927667016662237
355 14.550776983923026
356 13.98340986064925
357 14.895965913027913
358 16.130419742931142
359 16.070826481191425
360 13.254914416158579
361 0.5791632456320696
362 0.6088639220029216
363 0.7924636681256895
364 1.7581005885432286
365 3.624944460278769
366 5.559779075920266
367 7.04086596277049
368 8.260223492161545
369 9.143872345558828
370 9.301658991929552
371 8.571924235962987
372 7.021354010121744
373 5.262193082903981
374 5.13869989046162
375 8.577740236918501
376 15.843480868949008
377 25.587950900095116
378 35.74625414855418
379 44.28183123160394
380 49.786130859878334
381 51.75031181175132
382 50.18187302101807
383 44.19501451617697
384 33.223048785198074
385 21.91471808289988
386 16.112378802238403
387 15.012040276180002
388 15.598402037604345
389 16.2952882639708
390 15.555435529226454
391 0.5619643733591188
392 0.5791550619022252
393 0.634072705671882
394 1.040964436147593
395 2.1570580808300903
396 3.84681429448435
397 5.533846519506219
398 6.953889549105312
399 8.155571958351373
400 8.969185963962232
401 9.07411520889279
402 8.327358248134553
403 6.836845682790786
404 5.3043072199471855
405 5.358305640542944
406 8.64732911832686
407 15.58887835924671
408 25.134378710592234
409 35.27762146666583
410 43.979971094441616
411 49.98896326346902
412 52.91255541481267
413 52.23399970357491
414 46.313789696453824
415 35.06398561479548
416 23.768993529283264
417 17.681239397614547
418 16.08739684012068
419 16.25837369975253
420 16.41078346065175
421 0.5549620868561655
422 0.5655683223290231
423 0.5823965896078968
424 0.738665306709746
425 1.301089696700445
426 2.4443299076206215
427 3.9695780559484786
428 5.495199966773546
429 6.860360975546409
430 8.02128326456129
431 8.76854247857964
432 8.824952602328986
433 8.071827979504771
434 6.671063526878898
435 5.358550073734316
436 5.5860090338492165
437 8.80703529267787
438 15.495046777338963
439 24.77608167055765
440 34.80068039914656
441 43.68283499029393
442 50.29613097526442
443 54.10213095717663
444 53.97905355658314
445 47.9585611460896
446 36.64433080582141
447 25.54466607222803
448 19.264388817316757
449 17.204850656577115
450 16.904981785005056
451 0.553546707365959
452 0.5591800112965358
453 0.5651366690708057
454 0.6218292929034428
455 0.8771606529826684
456 1.5306169198079604
457 2.6470672913876094
458 4.038293891188419
459 5.448928461556925
460 6.757852073913283
461 7.86625157520393
462 8.550398278516258
463 8.564731230028805
464 7.820815028325206
465 6.528119697132119
466 5.426173598924807
467 5.824182289163386
468 9.02253090225257
469 15.494601583893465
470 24.49377111620923
471 34.37323156697227
472 43.45364368319069
473 50.66514086306552
474 55.180249379454104
475 55.354171512682925
476 49.225294544340834
477 38.05585313626728
478 27.264861437054627
479 20.861006404675297
480 18.36170766630405
481 0.5535735810616387
482 0.5562824300039431
483 0.5589261207800456
484 0.5788306600810218
485 0.687244468584717
486 1.0217615109494802
487 1.7206583310855117
488 2.790659252159615
489 4.075121122167081
490 5.396420980225239
491 6.647738013427472
492 7.698484294948114
493 8.323146206932915
494 8.303821592844328
495 7.583799203042074
496 6.409530235979882
497 5.508132020668836
498 6.071671635589666
499 9.27078646906282
500 15.553535424917548
501 24.28150077094576
502 34.02370800689633
503 43.30319764667898
504 51.04001288298107
505 56.071619477752385
506 56.37912448318179
507 50.2162558240368
508 39.356189010645664
509 28.942783732321356
510 22.46632346155589
evaluations raw_y
1 52.473507190047094
2 63.15938349762337
3 74.7769797862971
4 68.55360146508569
5 59.267701807512545
6 36.83853860095163
7 54.61914920668303
8 8.222974403999567
9 23.346990597747773
10 13.29927450252285
11 31.46917888509311
12 44.472817349493845
13 31.840412660202787
14 38.71536619683443
15 42.690965936160325
16 26.445640183717774
17 39.06343110516303
18 61.54274426073525
19 33.20570010780445
20 15.494653853728975
21 47.19868917050419
22 38.601896014749364
23 44.59564341019435
24 61.15510187672778
25 60.0017764205882
26 69.65916894787203
27 29.271588066679843
28 53.10050813461311
29 34.369581341560895
30 44.336882637165864
31 100.44632928000804
32 54.96329361413877
33 19.93104448492862
34 18.711043858058265
35 2.5343747957194616
36 9.570885426842525
37 14.640404551076069
38 3.968500171489426
39 11.266644078338157
40 8.456731774337504
41 11.253761425633016
42 10.355437784029231
43 4.8243405500251475
44 15.550499385798688
45 19.797498915744278
46 14.606706965404417
47 9.59597676649769
48 12.522678414031896
49 12.854984710586756
50 6.1428959730591846
51 18.275214395976572
52 26.738551947284066
53 25.78050571229175
54 31.098425414788757
55 30.89743058765872
56 23.858491672927393
57 20.06371474759805
58 9.40568840783148
59 11.506896416433118
60 21.439163770355872
61 88.8925039417635
62 58.968756750740376
63 26.955924674882116
64 13.94562914218567
65 6.181003098542371
66 9.371128368623772
67 8.041368480263124
68 7.141730929875205
69 7.175536152508145
70 6.231013919000842
71 3.486078571268642
72 17.779235179781047
73 3.61436697528433
74 6.4346622422882325
75 8.719971160261956
76 7.674799411816092
77 46.37536346052236
78 5.96190450005748
79 2.2376925608184837
80 10.243985260047149
81 9.026660144014269
82 13.22806777460237
83 15.095220012905905
84 24.02052753284937
85 23.148508504865664
86 18.210226437411084
87 17.881469154754928
88 10.303047965610402
89 5.7075603100789625
90 13.229423477951293
91 75.50781598659833
92 62.419453717906165
93 41.509780359537075
94 28.610187159657137
95 13.91230701303268
96 4.488287449927113
97 6.621383671063571
98 3.674883797303668
99 3.8742078497620147
100 5.236959721579298
101 5.8781369357783015
102 10.597861290220493
103 17.09052569128402
104 8.578429961275571
105 7.149905228076094
106 5.392123452688
107 26.50472034627366
108 17.290636116216426
109 -0.48751139465415516
110 3.7905041125082906
111 6.506716526490475
112 9.851507366950914
113 10.805792535355593
114 17.479847889240617
115 19.092977175757046
116 17.63813265088607
117 16.81809107770681
118 12.203702918545726
119 14.03370449422087
120 8.93475141653982
121 74.93960858126518
122 46.82941347661052
123 39.79187156031516
124 30.566330495478773
125 21.29205337759668
126 12.33915280610907
127 5.075547012532503
128 5.679149699612582
129 2.008611022967028
130 3.127553218673507
131 3.0448892821145472
132 6.009980532485845
133 16.132059971112483
134 11.556945240844714
135 7.431752293786811
136 7.125213217957302
137 8.825065753107936
138 37.27972632367942
139 14.821680291226926
140 5.148351237155474
141 6.170866056878314
142 8.819602282638948
143 9.73775271060307
144 6.373624581019128
145 12.667984293402807
146 17.376638406763576
147 16.001632461145146
148 13.440286283501122
149 14.441485760326868
150 19.150506354382628
151 29.865107385871138
152 15.879166250928698
153 18.329792248200093
154 23.163638615886203
155 21.51153646102544
156 15.52726036752151
157 11.718730700956053
158 5.6740939659545075
159 5.5296385586233745
160 2.3235574610816854
161 1.5179593135726097
162 2.9414433113484515
163 8.142539066042117
164 17.3112336806611
165 7.8342317497714316
166 6.201562249825606
167 6.371206062467621
168 19.795692464899613
169 34.133781483288175
170 18.671351901670953
171 7.582146996373686
172 6.245052259676982
173 9.119688830107194
174 7.555666071751535
175 6.696067173844816
176 11.524863373212327
177 16.42060434059273
178 14.982329457873778
179 12.140925294884367
180 18.950195048256333
181 8.334277480474157
182 4.52890525048404
183 10.074301048302127
184 11.753873218311655
185 15.578742373914125
186 15.00306297125225
187 13.004331109997432
188 11.017147500311784
189 6.68726966625593
190 5.8421972083371205
191 2.930138299388722
192 1.2740764694095659
193 3.11563292506064
194 10.83208130066222
195 15.062179129289843
196 7.347603804029877
197 6.1096748081371945
198 10.988888537914175
199 29.006767661176998
200 36.24133547610944
201 20.531614977137817
202 7.407745319228061
203 5.918306899536493
204 7.938221350050636
205 6.103077626945943
206 6.295526754822151
207 11.065632487478508
208 14.589159038690125
209 13.348047899722259
210 13.84292657928455
211 6.547697475792392
212 10.418402529467361
213 12.110404527177085
214 8.15456298693457
215 9.926385159036027
216 12.477955029746655
217 12.55366787633052
218 12.039531941303498
219 10.142246940233997
220 7.164292848702187
221 6.051217981141627
222 3.1869880047346597
223 1.3675456667252321
224 4.098641742544572
225 12.151931726495175
226 14.02792470137586
227 9.185928414920367
228 9.533593485446149
229 18.9778326620413
230 36.92099881552296
231 39.4786747693514
232 20.57575538549937
233 7.41358592041183
234 5.330230398971065
235 6.654194581473596
236 5.018670012980811
237 6.025159356468024
238 10.164110190408373
239 12.45489205759338
240 12.5037828128625
241 5.706805896153764
242 7.692049732006632
243 12.89575491171005
244 9.451495650091603
245 6.346466555281247
246 8.42107092701933
247 10.8044663964758
248 11.367271996025085
249 11.069544971165277
250 9.307520252393406
251 7.354036205634888
252 6.074732809320513
253 3.2519997015883204
254 1.723916606249614
255 5.252562683928574
256 12.75172248680039
257 14.597764678350227
258 12.512072434764038
259 15.525569538481419
260 28.241653102056915
261 44.96575554646445
262 42.36565010276751
263 21.13048423018177
264 7.45790170394756
265 5.05539651137473
266 5.662755733653591
267 4.405163656299702
268 5.873827740355047
269 9.045525910048053
270 10.87899091781411
271 0.7429059135442225
272 2.7395405830517743
273 10.003691784222951
274 11.426098950320002
275 7.944693498473144
276 6.060772636409844
277 7.175881821157129
278 9.358778327187819
279 10.264628368941631
280 10.020080288843886
281 8.643414867598041
282 7.29831326633639
283 5.871861177051739
284 3.2054820897301264
285 2.1805777690051515
286 6.292517247593482
287 13.245290916003224
288 16.070873919829967
289 16.8771652180801
290 23.103810972782288
291 38.43103604123149
292 53.173325830242746
293 45.57766270465071
294 21.97060790219164
295 7.606115900904582
296 5.028739429145315
297 5.130334871521495
298 4.291200315618809
299 5.718427123599393
300 8.142353328715185
301 -0.3811709470465501
302 0.6624237860279725
303 4.90458008941523
304 11.487666808638044
305 9.917268598757756
306 7.670540690736759
307 6.112701185461467
308 6.3090899695482845
309 8.100945090668342
310 9.1399114047835
311 9.016464131114727
312 8.040053288875443
313 7.029459952607891
314 5.511116016856992
315 3.1166545999564326
316 2.731220194790836
317 7.204229987200964
318 13.914824364261348
319 18.153356689175403
320 22.02355209831665
321 31.81875149631341
322 49.3026649343613
323 61.49386253414755
324 48.79272500960113
325 22.713145558988646
326 7.9776270692342655
327 5.248894071756421
328 5.052025061409372
329 4.455972555754945
330 5.615824696148054
331 -0.3349881185087056
332 0.08455650061775355
333 1.9648617054489617
334 7.239043522460349
335 11.637040294505136
336 9.070037177602966
337 7.701690893393264
338 6.242497172022906
339 5.797380272366801
340 7.080309065579899
341 8.076888198554443
342 8.088913807513633
343 7.43928382781726
344 6.607464403213315
345 5.093893165259946
346 3.077820955139866
347 3.364979827597023
348 8.063244910945516
349 14.848155758041377
350 20.69059388831705
351 27.801096381530176
352 41.31290997281913
353 60.498221757085936
354 69.40254231916082
355 51.50538326114525
356 23.45417161037713
357 8.556724753581623
358 5.6672529465234165
359 5.28601929695652
360 4.756821088344064
361 -0.5401239830086071
362 -0.25577695440920234
363 0.61121747021916
364 3.504622614768569
365 8.907211363631793
366 11.23012295138877
367 8.664037657274713
368 7.7708821737442575
369 6.3865847835966765
370 5.532089234426099
371 6.29925690960529
372 7.136323286569114
373 7.24577395814067
374 6.831981672949748
375 6.115762625838037
376 4.694800663317884
377 3.1433579424659452
378 4.052656921487523
379 8.944956522401164
380 16.025136872229393
381 23.598584001910595
382 34.041271259338636
383 51.214611670223356
384 71.4067978846288
385 76.3124394619682
386 53.685417892201585
387 24.22827686246453
388 9.283994662408379
389 6.22138640555881
390 5.690245269181315
391 -0.542975554768961
392 -0.40610318481335916
393 0.01357683596208692
394 1.4249437782126635
395 5.0727570941209255
396 9.901836342260063
397 10.73991083864869
398 8.480557554614718
399 7.82232217982304
400 6.518463825433781
401 5.420322005631405
402 5.726468125657885
403 6.343199126294025
404 6.496353381805383
405 6.242065506438879
406 5.6201041874651425
407 4.367843252096264
408 3.3222850466438536
409 4.7811580323100324
410 9.877170300499735
411 17.413432206594745
412 26.798609409737836
413 40.55173230292326
414 61.05491550718303
415 81.40479216896384
416 82.00263284594998
417 55.37425888525097
418 25.01231714091358
419 10.097678015455541
420 6.845060747078893
421 -0.542352854974044
422 -0.47590482536846435
423 -0.26079235705161485
424 0.42022173155486175
425 2.418243629216361
426 6.450649296767848
427 10.417638158592002
428 10.328469710061645
429 8.40383110264484
430 7.851566927748554
431 6.629400568776449
432 5.397160624436683
433 5.322029174843286
434 5.701782644990154
435 5.851241996713901
436 5.699434028729792
437 5.168858193782999
438 4.143364942924047
439 3.6042307960144413
440 5.541791408519663
441 10.866561952047611
442 18.980024005727945
443 30.205180896788516
444 47.09700962719023
445 70.37110663075566
446 90.0969195452987
447 86.42893691077043
448 56.60310432734544
449 25.77779613530083
450 10.939671615376847
451 -0.5425522890076495
452 -0.5096533579620282
453 -0.3946101411850149
454 -0.0533083143130102
455 0.9660209095970003
456 3.475291287312444
457 7.562168857929369
458 10.64857449761769
459 10.025793562718052
460 8.380397762932061
461 7.864735922690485
462 6.718206739679287
463 5.422946562723678
464 5.050142872973105
465 5.204516429388996
466 5.317277034448689
467 5.2280900975819335
468 4.794329856990952
469 4.031403987392057
470 3.9726885817053255
471 6.328041644150794
472 11.912623041820241
473 20.690301321213802
474 33.71889399398541
475 53.441546972313844
476 78.81382916607448
477 97.28075167068266
478 89.63332961673855
479 57.41445721498927
480 26.49442570255523
481 -0.5430524274471775
482 -0.5264610006066304
483 -0.4634214580796501
484 -0.28318380693261713
485 0.23497751011096324
486 1.6184760664491236
487 4.504779055405602
488 8.41740762643225
489 10.729396922267867
490 9.820467502247439
491 8.385308463507256
492 7.868824681264364
493 6.787836735896274
494 5.475366346439272
495 4.881238587036136
496 4.837255279384895
497 4.895119609863571
498 4.843052204452019
499 4.513938408293022
500 4.028995457994436
501 4.410945274460801
502 7.13574888996722
503 13.011449720865066
504 22.50608218895773
505 37.23910009606501
506 59.39061056431059
507 86.15757408450358
508 102.8998301314299
509 91.71819102708356
510 57.858301536230684
