evaluations raw_y
1 -0.05683419974141979
2 0.7280222687259065
3 0.9869938644200417
4 -2.6713059602106073
5 0.6770311748437412
6 4.929115580312134
7 -0.15513489664546057
8 -0.2541794520138967
9 -3.8388131333341886
10 0.3575905557391651
11 -2.0437004428094347
12 1.200092427813864
13 1.5004117554681238
14 0.8975075295822341
15 -2.610016811538819
16 1.3528751224481408
17 -2.7087883800808368
18 3.58674927308459
19 -1.4727260729335492
20 -3.2647964700473833
21 -2.729133674414557
22 -3.3468078481425168
23 -3.963292023471178
24 3.9578993693048785
25 2.763055361344108
26 4.044962564257541
27 2.0935048568521095
28 -1.9446957069563247
29 -1.2974352958218198
30 -1.7162094290291945
31 -0.4703281713357078
32 -0.6826026236263494
33 -0.258053719045066
34 -0.6826026236263495
35 -0.4703281713357079
36 -0.6826026236263496
37 -0.4703281713357078
38 -0.25805371904506647
39 -0.6826026236263495
40 -0.258053719045066
41 -0.25805371904506647
42 -0.6826026236263495
43 -0.25805371904506647
44 -0.045779266754424786
45 -0.6826026236263495
46 -0.4703281713357075
47 -0.8948770759169913
48 -0.4703281713357079
49 -0.4703281713357079
50 -0.6826026236263495
51 -0.258053719045066
52 -0.6826026236263495
53 -1.1071515282076332
54 -0.8948770759169913
55 -0.6826026236263494
56 -0.4703281713357079
57 -0.6826026236263496
58 -0.25805371904506647
59 -0.6826026236263495
60 -0.0007162525043113988
61 -0.258053719045066
62 -0.4703281713357078
63 -0.4703281713357078
64 -0.8830218107717831
65 -0.7083670155881399
66 -1.5679832585438889
67 -0.6826026236263496
68 -0.4703281713357078
69 -0.4703281713357078
70 -0.4703281713357079
71 -0.25805371904506647
72 -0.6826026236263495
73 -0.4703281713357078
74 -0.4703281713357079
75 -0.8948770759169913
76 -0.6826026236263494
77 0.07639692413368016
78 -0.8948770759169913
79 -0.4703281713357079
80 -0.6826026236263495
81 -0.6826026236263495
82 -0.8948770759169913
83 -0.8948770759169913
84 -1.1071515282076332
85 -0.8948770759169913
86 -0.4703281713357079
87 -0.8948770759169913
88 -0.4703281713357078
89 0.5571848780471598
90 -0.6826026236263496
91 0.7259110811649077
92 -0.4703281713357078
93 -0.25805371904506647
94 -0.6826026236263495
95 -0.4703281713357079
96 -0.25805371904506647
97 -0.25805371904506647
98 -0.4703281713357079
99 -0.4703281713357078
100 -0.6826026236263496
101 -0.7052816070105306
102 -0.8948770759169913
103 -0.4703281713357078
104 -0.4703281713357078
105 -0.8948770759169913
106 -0.4703281713357079
107 0.4462311375806325
108 -0.6826026236263494
109 -0.8948770759169911
110 -0.8948770759169913
111 -0.6826026236263495
112 -0.6826026236263495
113 -0.6826026236263495
114 -1.1071515282076332
115 -1.1071515282076332
116 -0.4703281713357079
117 -0.3504828083763507
118 -0.8948770759169911
119 -0.258053719045066
120 -0.6564122509433536
121 -0.045779266754424786
122 0.45715517781656123
123 -0.25805371904506647
124 -0.4703281713357079
125 -0.4703281713357079
126 -0.25805371904506647
127 0.6102433505540708
128 -2.768887382467546
129 1.3768303733486287
130 -0.8948770759169913
131 -0.4703281713357078
132 -0.9351462860346094
133 -0.7942094418501147
134 0.275321809490681
135 0.40172650541473587
136 -1.3162846892434645
137 -0.6826026236263494
138 -0.8948770759169913
139 -0.38837567946548246
140 -0.6826026236263495
141 -0.8948770759169911
142 1.3185399139386127
143 0.012586851748049799
144 -1.1071515282076332
145 -0.8948770759169913
146 -1.398894471566484
147 -0.8948770759169913
148 -0.8948770759169911
149 -0.4703281713357079
150 -0.6826026236263495
151 -0.045779266754424786
152 -0.045779266754424786
153 -0.25805371904506647
154 2.2643067690011085
155 -0.4703281713357079
156 -0.4703281713357079
157 0.7201663817009742
158 -0.4703281713357079
159 -0.258053719045066
160 -1.4063478596130152
161 -0.4703281713357078
162 0.2909759642997667
163 0.15295617960182728
164 -0.4703281713357079
165 -0.23929087804625526
166 -0.8948770759169913
167 -0.6826026236263494
168 -0.8948770759169913
169 -0.6826026236263495
170 -0.6826026236263495
171 -2.3485594112289134
172 -0.8948770759169913
173 -1.1071515282076332
174 -0.8948770759169913
175 -1.1611364639348496
176 -0.4703281713357079
177 -0.8948770759169913
178 -0.8948770759169911
179 -0.4703281713357079
180 -0.6826026236263496
181 -0.28554446991568216
182 -0.5192114497742808
183 1.5729933563927516
184 -0.045779266754424786
185 -0.6373286748774795
186 0.08219784519145867
187 -0.4703281713357079
188 -0.6075112965241602
189 -0.4703281713357079
190 -0.6470720471740257
191 -0.9287737655067447
192 -0.6826026236263495
193 -0.6826026236263494
194 -0.4703281713357079
195 -1.325896384384571
196 -1.4497005697519585
197 -0.6826026236263494
198 -0.6826026236263494
199 -0.6826026236263495
200 0.9129215203889465
201 -0.6826026236263495
202 -0.8948770759169913
203 -1.1071515282076332
204 -2.0952523261203626
205 -1.1071515282076332
206 -0.6826026236263495
207 -1.1071515282076332
208 -0.8948770759169911
209 -0.8948770759169913
210 -1.1071515282076332
211 1.339287525104948
212 -1.4257464054679048
213 -0.24175552084567675
214 -0.045779266754424786
215 -0.25805371904506647
216 -0.9615654387033057
217 -0.335525421558607
218 -1.4160822104309763
219 -0.4703281713357079
220 0.25031244563595156
221 0.9200365406978531
222 0.23035518098123875
223 -0.4703281713357078
224 -0.4703281713357079
225 -1.1071515282076332
226 -0.4703281713357079
227 -0.4703281713357079
228 -1.2318235443942394
229 -0.8948770759169911
230 -2.254172034566234
231 -1.7363245697998233
232 1.7982094827044584
233 0.1180394949416792
234 -0.6826026236263494
235 -1.1071515282076332
236 -0.8948770759169911
237 -1.1071515282076332
238 -1.1697220944629372
239 -0.6826026236263494
240 -0.7193239511711862
241 -0.24284752197619985
242 -0.6826026236263495
243 -0.25805371904506647
244 1.2030300738541488
245 -1.6635705137677472
246 -0.258053719045066
247 -0.49251022998976746
248 -0.4480059294955341
249 1.1153891367978876
250 -1.0324620118087202
251 -0.17444364040845484
252 -0.10344809716973469
253 -0.25805371904506647
254 -0.4703281713357079
255 -1.0788306214457366
256 -0.20514870503306348
257 -0.36204496118315754
258 1.3935662760310739
259 -0.8948770759169911
260 -0.6826026236263495
261 -0.8948770759169913
262 -0.8948770759169913
263 -1.1071515282076332
264 -1.1071515282076332
265 1.5423139422222403
266 -0.8948770759169913
267 -0.8113764934556262
268 -0.6826026236263496
269 -0.6826026236263494
270 -0.25805371904506647
271 -0.4703281713357079
272 1.5640813757487086
273 -0.045779266754424786
274 -0.6826026236263495
275 -0.6826026236263495
276 -0.4703281713357079
277 -0.25805371904506647
278 -0.045779266754424786
279 -0.009599702627245854
280 0.8197419820371179
281 -0.4703281713357075
282 -0.4703281713357078
283 -0.4703281713357078
284 -1.2546586954460694
285 0.7175173704633329
286 -1.6823451034323624
287 1.617965822253768
288 -0.25805371904506647
289 -0.8948770759169913
290 -0.6826026236263495
291 -0.8948770759169913
292 -1.1071515282076332
293 -0.33358997781836686
294 -0.8948770759169913
295 -0.8948770759169911
296 -0.8948770759169911
297 -1.2517471198159877
298 -0.6826026236263494
299 -2.298188373527835
300 -0.8948770759169913
301 -0.6826026236263495
302 -0.4703281713357079
303 -0.2916311142874304
304 -0.4703281713357079
305 1.383914883470428
306 -1.7460901947085254
307 -0.25805371904506647
308 -0.25805371904506647
309 -1.3837606839168524
310 -1.4609277744755498
311 -0.4703281713357075
312 -0.4703281713357078
313 -0.6826026236263494
314 -0.6826026236263495
315 -0.8948770759169911
316 -0.6826026236263494
317 -1.1071515282076332
318 -0.6826026236263495
319 -0.8948770759169911
320 -0.8948770759169911
321 -0.8948770759169911
322 -1.1071515282076332
323 -0.8948770759169913
324 -1.1071515282076332
325 -0.8948770759169911
326 -0.8948770759169911
327 -1.7397885269653202
328 -0.12888893091430598
329 -0.6826026236263495
330 -2.5948242398871644
331 -0.6826026236263495
332 -0.6826026236263495
333 -2.9351925597108277
334 0.021020541273685467
335 -0.4703281713357078
336 -0.045779266754424786
337 1.5008679226707375
338 -0.045779266754424786
339 -0.4703281713357079
340 -0.6419529334219292
341 0.2901423354219297
342 -1.6120168462805142
343 -0.4703281713357078
344 -0.220372822070445
345 3.168643832223953
346 -0.4703281713357078
347 -1.1071515282076332
348 -1.5417720725416015
349 -0.6826026236263495
350 -0.8948770759169911
351 -0.43795031083846203
352 0.025272656922827874
353 -0.8948770759169913
354 -2.1516543831934336
355 -0.8948770759169911
356 -0.8948770759169911
357 -0.8948770759169913
358 -0.8948770759169913
359 -0.4703281713357079
360 -1.5740910545215825
361 -1.7962320300334966
362 -0.6826026236263495
363 0.8948738902278974
364 -2.1821844448331107
365 -0.6826026236263496
366 -2.4210304178010813
367 -0.25805371904506647
368 -0.25805371904506647
369 -0.449163898153917
370 -0.258053719045066
371 -0.258053719045066
372 -0.258053719045066
373 5.71368497418431
374 -0.7587387749355683
375 -1.782979240836762
376 -1.9228118199841202
377 -0.9724545640464934
378 -1.3377287416082266
379 -0.8948770759169911
380 -0.8948770759169911
381 -0.4703281713357079
382 -0.8948770759169913
383 -0.6826026236263495
384 -0.30729274864759026
385 -1.1071515282076332
386 -0.6686018693556441
387 -0.6826026236263495
388 -0.8948770759169911
389 0.8159064200017774
390 -1.5541428837517075
391 -1.1071515282076332
392 -1.63317042092964
393 3.256708441234981
394 -0.6826026236263494
395 -0.6826026236263495
396 -1.6856611069600564
397 -0.4703281713357079
398 -0.25805371904506647
399 -0.4703281713357079
400 -0.25805371904506647
401 -0.258053719045066
402 -0.258053719045066
403 -0.258053719045066
404 -0.6826026236263495
405 -0.4703281713357075
406 -0.11222396466479978
407 -0.07684920399154427
408 -0.6826026236263494
409 -0.9335449211804405
410 -1.1823224699626804
411 -0.8948770759169911
412 1.6698656710312487
413 -0.8948770759169913
414 -1.1071515282076332
415 -0.8948770759169911
416 -0.8948770759169911
417 -1.7218804975925928
418 -0.6826026236263495
419 -0.4703281713357079
420 -0.8948770759169911
421 -1.1071515282076332
422 -0.6826026236263495
423 0.41958931191466364
424 -0.4703281713357078
425 -0.9889063631618886
426 -0.045779266754424786
427 0.521845354464755
428 -0.25805371904506647
429 -0.4703281713357079
430 -2.3623714206344997
431 -0.258053719045066
432 -0.258053719045066
433 -0.258053719045066
434 1.0195904525505124
435 -0.6826026236263495
436 -1.6993806443747363
437 -0.6826026236263495
438 -0.8948770759169913
439 -0.8948770759169913
440 -1.718105850695634
441 -0.8948770759169911
442 -0.8948770759169913
443 -0.8948770759169913
444 -0.8948770759169911
445 -0.8948770759169911
446 -0.8948770759169911
447 -0.6826026236263495
448 -0.8948770759169911
449 -0.8948770759169913
450 -0.6826026236263495
451 -1.1071515282076332
452 -0.6826026236263495
453 0.3872869537993846
454 -0.25805371904506647
455 -0.6826026236263495
456 -0.258053719045066
457 -0.21678293911401858
458 -0.25805371904506647
459 -0.7035432629291785
460 -1.5283022744546715
461 -0.258053719045066
462 -1.3892038719029176
463 -0.258053719045066
464 0.4567227282030806
465 -0.4703281713357075
466 -0.540737313574045
467 0.9058862403618773
468 -0.6826026236263494
469 -0.4703281713357078
470 -0.6826026236263494
471 -1.376582503865501
472 -0.6826026236263495
473 -0.8948770759169913
474 -0.8948770759169911
475 -0.8948770759169911
476 -0.8948770759169911
477 -3.0963280976067185
478 -0.8948770759169911
479 -0.8948770759169913
480 -0.6826026236263495
481 -0.003349606594083898
482 -0.6826026236263495
483 -0.8948770759169911
484 -0.4703281713357079
485 0.9834570424945686
486 0.8506013383876997
487 -0.25805371904506647
488 -0.25805371904506647
489 -0.25805371904506647
490 -0.045779266754424786
491 -0.258053719045066
492 -2.296768517260266
493 -0.4895358627012881
494 -0.4703281713357078
495 -1.6359188587707623
496 -0.6826026236263495
497 1.1642621578451111
498 -0.7696887043372309
499 -0.6826026236263494
500 -0.6826026236263495
501 -0.6826026236263496
502 -0.8948770759169913
503 -0.8948770759169913
504 1.9032712204383078
505 -0.8948770759169911
506 -0.8948770759169911
507 -1.1071515282076332
508 -0.8948770759169911
509 -0.6826026236263495
510 0.40992573620350004
evaluations raw_y
1 2.1760662409129097
2 0.4920001322085522
3 0.15422082371146217
4 -0.652461204322677
5 1.6540725707405828
6 -0.8734903110270559
7 -1.0783352388374365
8 2.1662473013491805
9 -0.05137865981583856
10 1.4013198445131092
11 2.749328475149058
12 -2.8789798385203587
13 -1.1359039932663508
14 4.586914050779832
15 4.313742929372223
16 0.9251241963756097
17 2.8326509982455974
18 1.4415234007930013
19 -0.15570091116370932
20 -0.9767335926142582
21 4.955630082657841
22 -1.2324013148701158
23 -1.4428389814604858
24 1.4414637166711861
25 -1.0467279856312726
26 2.0147884890465253
27 -1.2361406131424344
28 0.48336210301445676
29 3.7425664086581527
30 -1.7772500407204381
31 -0.4703281713357078
32 -0.6826026236263495
33 -0.6826026236263495
34 -0.258053719045066
35 -0.25805371904506647
36 -0.8948770759169913
37 -0.4703281713357078
38 -0.8948770759169913
39 -0.4703281713357078
40 -0.6826026236263494
41 -0.6826026236263495
42 -0.4703281713357078
43 -0.4703281713357079
44 -0.4703281713357079
45 -0.4703281713357078
46 -0.8948770759169913
47 -0.4703281713357078
48 -0.6826026236263495
49 -0.258053719045066
50 -0.25805371904506647
51 -0.25805371904506647
52 -0.4703281713357075
53 -0.4703281713357078
54 0.50892488148621
55 -0.8948770759169913
56 -0.4703281713357075
57 -0.8948770759169913
58 -0.6826026236263495
59 -0.045779266754424786
60 -0.6826026236263494
61 -0.4703281713357078
62 -0.6826026236263495
63 -0.4703281713357079
64 -0.25805371904506647
65 -0.25805371904506647
66 0.32098805433754607
67 -0.6826026236263494
68 -0.6826026236263496
69 -0.4703281713357078
70 -0.4703281713357078
71 -0.6826026236263495
72 -0.6826026236263495
73 -0.6826026236263495
74 -0.6826026236263495
75 -0.045779266754424786
76 -2.740939472261978
77 -0.4703281713357079
78 1.8827359513837767
79 -0.6826026236263495
80 -0.4703281713357079
81 -0.25805371904506647
82 -0.6826026236263495
83 -1.9114417891576678
84 -0.8948770759169913
85 -0.8948770759169913
86 -0.6826026236263495
87 -0.8948770759169913
88 -0.7587766005805613
89 -1.9223780092907328
90 -0.25805371904506647
91 -0.4703281713357078
92 -1.0595927279412138
93 -0.4703281713357079
94 -0.25805371904506647
95 -0.25805371904506647
96 0.9496020640572437
97 1.0194631222223907
98 -0.31057348299452225
99 -0.258053719045066
100 1.3927076714582727
101 -0.6826026236263495
102 -0.6826026236263495
103 -0.258053719045066
104 -0.4703281713357079
105 3.6172904615124084
106 0.6775302427583215
107 -0.4703281713357079
108 -0.6826026236263495
109 -0.6826026236263495
110 0.6458392837285716
111 -0.6826026236263495
112 -0.6826026236263495
113 -0.6826026236263495
114 -0.8948770759169913
115 -0.8948770759169913
116 -0.6826026236263495
117 -0.1701862850525534
118 -0.8948770759169913
119 -0.4703281713357079
120 -0.410999560846268
121 -0.6784594488547924
122 -0.25805371904506647
123 -0.4703281713357079
124 -0.518481108963813
125 3.182542793380851
126 1.4582367824480298
127 -0.6826026236263494
128 -1.6967324286167793
129 -1.4545324192191207
130 1.780625920297243
131 -0.6826026236263495
132 2.3793682347772096
133 0.1982546186424683
134 -0.5723803641038825
135 -0.22424143899342353
136 -0.6826026236263494
137 0.8499808215401508
138 -0.6826026236263495
139 -1.6746539764881365
140 -0.4703281713357075
141 -0.5999195524013119
142 -0.6826026236263495
143 -0.10537705301228861
144 -0.6826026236263495
145 -0.8948770759169913
146 -0.6826026236263495
147 -0.8948770759169913
148 -0.6826026236263495
149 -0.4703281713357079
150 -0.6826026236263495
151 1.3417225736458533
152 -0.5108732708072541
153 -0.4703281713357079
154 -0.25805371904506647
155 -0.1990867067518156
156 -0.49510091589685334
157 0.49447698937164314
158 0.5870228089829697
159 -1.069181614799605
160 -0.8560703431803711
161 -0.6826026236263495
162 0.5026611803272845
163 -1.9316684590163737
164 -1.284040722834101
165 -1.3023192755279178
166 3.722582190034675
167 -0.258053719045066
168 -0.6826026236263495
169 -0.4703281713357075
170 -1.02217739809178
171 -0.6826026236263495
172 -0.6826026236263495
173 -0.4703281713357079
174 -0.649635671248801
175 -0.6826026236263495
176 -0.6826026236263495
177 -0.25805371904506647
178 -0.6826026236263495
179 -0.6826026236263495
180 -0.6826026236263495
181 -0.6826026236263495
182 -1.807991920546388
183 -0.6826026236263495
184 -0.6227893668827542
185 0.98776249802287
186 -0.6826026236263495
187 -1.7145579498930785
188 0.14482646518174924
189 -0.25805371904506647
190 0.07783583128581917
191 -1.0996141666697323
192 3.3704962095473885
193 -0.4703281713357075
194 1.911682799093575
195 -0.5836161494711996
196 1.722963608999272
197 -0.4499706587614214
198 0.5097667890644331
199 0.9035447402138006
200 -1.9860662252513914
201 -0.7489785883176072
202 -0.6826026236263495
203 -0.6826026236263495
204 -0.4703281713357078
205 0.2698671859822612
206 0.36191504044769485
207 -0.6826026236263495
208 -0.6826026236263495
209 -0.6826026236263495
210 -0.6826026236263495
211 -2.4491174902521093
212 -0.6826026236263495
213 -0.6826026236263495
214 -0.4703281713357079
215 3.639938224428909
216 1.6314278422194377
217 0.6001262300451722
218 1.4512342192911314
219 -0.045779266754424786
220 2.0894401587396243
221 -0.258053719045066
222 -1.01710881267126
223 1.3349826517134575
224 -1.2468883647154114
225 1.6230428376819384
226 -0.6826026236263495
227 0.7279200919772186
228 -0.6826026236263495
229 -0.258053719045066
230 -1.1079200518883003
231 -0.6826026236263495
232 -0.6826026236263495
233 -0.258053719045066
234 -0.4703281713357078
235 -0.6826026236263495
236 1.5233080294795949
237 1.2336024176341467
238 -0.4703281713357079
239 -0.6826026236263495
240 -0.6826026236263495
241 -0.07910525877332612
242 -0.6826026236263495
243 0.4632325806234956
244 -0.1441540603177554
245 -0.3287280518819049
246 0.35421792995994705
247 1.6775672391117389
248 0.4838657538818165
249 0.6004749839901691
250 -0.23224296930516464
251 0.28022317445695943
252 0.5390729642501808
253 -0.045779266754424786
254 -0.1490237654444453
255 -0.004816491995759953
256 2.723966050481704
257 -0.4529142553337908
258 -0.2930952157270418
259 -2.0078620119643635
260 -0.5472644765463136
261 -0.6826026236263495
262 -0.6826026236263495
263 0.8923272685267643
264 -0.6826026236263495
265 -0.6826026236263495
266 -0.4703281713357075
267 -0.6826026236263495
268 -0.6826026236263495
269 -0.6826026236263495
270 -0.6826026236263495
271 1.9503475125161298
272 -0.6826026236263495
273 -0.25805371904506647
274 -0.4703281713357079
275 0.46037391161686614
276 -0.2803772397816986
277 -2.5767875518266883
278 0.616931079379635
279 -1.0596423644176096
280 1.756922790542043
281 0.0916607767069273
282 -0.25805371904506647
283 1.0250988138318444
284 -0.07824146176777158
285 -0.258053719045066
286 -0.6826026236263495
287 -0.4703281713357079
288 3.1895622794821983
289 0.929006904759937
290 -2.2507099792974463
291 -0.4703281713357079
292 -0.6826026236263495
293 -0.11888838643761335
294 -0.6826026236263495
295 -1.0417805744305648
296 -0.6826026236263495
297 -0.4703281713357079
298 -0.6826026236263495
299 -0.6826026236263495
300 -0.6826026236263495
301 -0.6826026236263495
302 -1.1936865948447504
303 -0.8948770759169913
304 -2.0082817264855533
305 -0.3215542537310494
306 2.1125887994005295
307 -0.9474840461652587
308 -0.25805371904506647
309 3.2695002124950516
310 2.11378363472902
311 -0.5968665309585157
312 0.6905855373334444
313 -0.258053719045066
314 0.6810389052326844
315 1.826223150306172
316 -0.6826026236263495
317 1.1919357175437004
318 -0.9256349573777771
319 -0.943922985514501
320 1.5407094618908843
321 -0.4703281713357079
322 -0.6826026236263495
323 -1.907914498671312
324 -0.6826026236263495
325 -2.15768061551186
326 0.6551222467769734
327 -0.550645554194341
328 -0.6826026236263495
329 2.3141956929606993
330 -0.6826026236263495
331 -0.8445422158655316
332 -2.5725394418967475
333 -1.949612483066483
334 -0.6826026236263495
335 -1.592937774355981
336 -0.43019183536398
337 -0.25805371904506647
338 -0.25805371904506647
339 0.613745163992427
340 -0.6664356764282395
341 -0.4800359519190478
342 0.04696415798155007
343 -0.258053719045066
344 -0.25805371904506647
345 -1.2370987447445263
346 -0.258053719045066
347 -0.5313103213483885
348 -0.6826026236263495
349 0.3188371196559723
350 0.732859090912223
351 -0.4703281713357075
352 0.31937501621666875
353 -0.6826026236263495
354 -0.6826026236263495
355 -0.4703281713357079
356 -0.6826026236263495
357 -0.8948770759169913
358 -0.6826026236263495
359 0.040696769371942776
360 -0.6826026236263495
361 0.28305869373419185
362 -0.4703281713357079
363 -0.6826026236263494
364 -2.3590252342652063
365 -0.045779266754424786
366 0.6370186640702502
367 -0.25805371904506647
368 -0.25805371904506647
369 -1.176579547456611
370 1.7071858433203995
371 -0.9862563871401351
372 -1.9727577175200213
373 -1.585023138713726
374 -0.6826026236263495
375 -0.7898548813131328
376 -0.6826026236263495
377 -0.2752037219821215
378 -0.5634361405147044
379 -0.8948770759169913
380 3.0622558516438465
381 -0.6826026236263495
382 -0.549726104647233
383 -0.6826026236263495
384 -1.1351461420215339
385 -0.4703281713357079
386 -0.6826026236263495
387 0.6599617048894113
388 -0.6826026236263495
389 1.6554556897688038
390 -0.6826026236263495
391 -0.258053719045066
392 -0.6826026236263495
393 -0.1820752168390204
394 -0.6826026236263495
395 0.15100685480566334
396 -2.1266207723490513
397 -0.045779266754424786
398 -0.045779266754424786
399 2.3485354682317876
400 -1.47715498925889
401 -2.0635988752800607
402 0.536890465645629
403 -1.69658128106893
404 -2.0371969534643077
405 0.6455022019757247
406 -0.503117319019663
407 -0.16022327151224947
408 0.8870589940841618
409 -0.40982428701571916
410 0.508359688030159
411 -0.6826026236263495
412 -0.3800437185500817
413 1.697713575611629
414 -1.90986126703846
415 -0.4086298444874159
416 -0.6826026236263495
417 -0.6826026236263495
418 -0.045779266754424786
419 -0.8948770759169913
420 -0.6826026236263495
421 -0.3013141601138005
422 -0.6826026236263495
423 -0.6826026236263495
424 -0.045779266754424786
425 -1.4846032542738545
426 -0.6725878384199432
427 -0.045779266754424786
428 -0.14578228328508125
429 -0.17666842084491607
430 -2.873001461765105
431 -0.6405846817161813
432 -0.8063225835831185
433 0.1313276946851052
434 1.951747838321411
435 1.1808284009256724
436 -1.4534794354022833
437 -0.4703281713357078
438 -0.6826026236263495
439 -2.568692920258558
440 -0.4703281713357079
441 -0.6826026236263495
442 1.3331183296553322
443 -0.8948770759169913
444 -0.4385099211541744
445 -0.6826026236263495
446 -0.6826026236263495
447 -0.4703281713357079
448 -2.2924571761559216
449 -0.7928822480884878
450 -0.6826026236263495
451 -0.6826026236263495
452 -0.6207328444827793
453 -1.2102199445628634
454 -0.25805371904506647
455 -1.6965252274749116
456 -0.20995254967897925
457 -0.6826026236263495
458 0.052994950811144914
459 0.7550099632078424
460 0.08306899755558672
461 -1.3751436047323433
462 1.0362711075315638
463 2.632636623978555
464 2.627065410671094
465 -0.5719592788137542
466 0.07507167949985538
467 -0.4703281713357075
468 -2.4300801366694182
469 -0.4703281713357078
470 -0.4703281713357079
471 -0.19936932078729264
472 -1.9362158274082075
473 -0.8948770759169913
474 -0.8948770759169913
475 -0.6826026236263495
476 -0.6826026236263495
477 -0.6826026236263495
478 -0.6826026236263495
479 -0.045779266754424786
480 -0.6826026236263495
481 -0.994451429873329
482 -2.9318123173511426
483 0.7016473700298573
484 -0.4703281713357079
485 0.6019035514772878
486 -0.045779266754424786
487 -0.9855229984224554
488 -0.7095958295425726
489 2.981069016846136
490 0.5071919640626574
491 -0.5281157828168119
492 0.8780855345705851
493 -0.7605967590497573
494 1.5868076687120727
495 2.4513592474860904
496 -0.6826026236263495
497 -1.1442501364570008
498 1.9266468311576224
499 -0.4030701181995038
500 -1.366717893622046
501 0.91344769990125
502 -0.6826026236263495
503 -0.8948770759169913
504 -0.09714658793732045
505 -0.8948770759169913
506 -0.6826026236263495
507 -0.6826026236263495
508 -0.6826026236263495
509 -0.6826026236263495
510 -0.6826026236263495
evaluations raw_y
1 -0.39182169680501566
2 0.749437090389788
3 8.450257576812238
4 1.9640973215741284
5 -1.201445425805379
6 -1.2941924518015087
7 3.115212366097346
8 -2.0259327250426846
9 -0.3342328910288542
10 0.23415708386274847
11 1.4348374604550584
12 -0.952270414102717
13 1.421905543868335
14 4.15149496394754
15 3.0761437065604103
16 -0.4950942169270436
17 3.462586744171374
18 0.279877290420804
19 1.2501773443131325
20 5.8484397588737655
21 1.511732873239751
22 -0.0777124743222059
23 2.2377461716997638
24 1.0648337490935362
25 -2.634674332568989
26 4.74728186691268
27 -1.7136623534141764
28 -3.4670666865133573
29 -1.7278756221117617
30 -0.8405595718271658
31 1.4137671692468372
32 -0.6826026236263495
33 -0.4703281713357078
34 -0.4703281713357078
35 -0.8948770759169913
36 -0.8948770759169913
37 -1.1071515282076332
38 -0.6826026236263496
39 -0.4703281713357078
40 -1.2457738476224145
41 -0.6826026236263495
42 -0.258053719045066
43 -0.6826026236263495
44 -0.4703281713357078
45 1.3673351574521615
46 -0.8948770759169913
47 -0.25805371904506647
48 -0.6826026236263495
49 -0.4703281713357075
50 -0.6826026236263495
51 -0.25805371904506647
52 -0.4703281713357079
53 -0.4703281713357078
54 -0.8948770759169913
55 -0.4703281713357078
56 -0.50720347584902
57 -0.28158935232510673
58 0.935537790302623
59 -0.4703281713357078
60 -0.4703281713357079
61 -0.6826026236263494
62 -0.6826026236263495
63 2.3486436724289104
64 -0.4703281713357078
65 -0.8948770759169913
66 -0.8948770759169913
67 0.993373068949921
68 -0.6826026236263496
69 -0.4703281713357078
70 -0.25805371904506647
71 -1.1071515282076332
72 -0.4703281713357078
73 -0.8948770759169911
74 0.30050982009616384
75 -0.6826026236263495
76 -0.6826026236263495
77 -0.4703281713357079
78 -0.6826026236263495
79 -0.4703281713357075
80 -0.6713594465924185
81 -0.4703281713357078
82 -0.6826026236263495
83 -0.4703281713357078
84 -0.6826026236263494
85 -0.8948770759169913
86 -1.1071515282076332
87 -0.8948770759169911
88 -0.6826026236263496
89 -0.4703281713357078
90 -0.6826026236263496
91 -1.0158593129792108
92 0.7971213740331446
93 -0.045779266754424786
94 -0.4703281713357078
95 -0.6826026236263496
96 -0.35856901789378115
97 -1.0943982394983363
98 -0.6826026236263496
99 -1.9736446132519705
100 -0.3292713051391396
101 -0.6826026236263496
102 -0.4703281713357078
103 -0.2527707009804554
104 0.5418873554599969
105 -0.4703281713357078
106 -0.6826026236263495
107 -0.4703281713357079
108 -0.6826026236263496
109 -2.8886677775390206
110 -0.6826026236263495
111 -0.4703281713357078
112 -0.6826026236263495
113 0.3407272736578934
114 -1.1071515282076332
115 -0.6826026236263495
116 -0.6826026236263496
117 -0.8948770759169911
118 -0.6826026236263495
119 -0.4703281713357078
120 -0.8948770759169911
121 0.09534116969867049
122 0.013715545871387097
123 -0.045779266754424786
124 -2.5930912231510748
125 -0.6826026236263496
126 -0.18388864412489497
127 -0.35891741167945335
128 -1.4453146605288678
129 1.4285553531944664
130 0.5173428530852344
131 -1.4514664711099048
132 -0.073439761671793
133 3.9638572094809685
134 -0.3619201218304279
135 -0.4703281713357078
136 3.4885873733159953
137 -0.25805371904506647
138 -0.6826026236263496
139 0.12652537951885767
140 -0.8948770759169911
141 -1.8906537872177176
142 -0.4673579414662907
143 -0.8948770759169911
144 -0.8948770759169911
145 -0.47664760310190735
146 -0.6826026236263496
147 -0.8948770759169911
148 -0.6826026236263495
149 -0.4703281713357078
150 -0.8948770759169911
151 -0.4703281713357078
152 -0.6826026236263496
153 1.8917633074012004
154 -0.4703281713357078
155 -2.4194034284554653
156 -0.7927719481272228
157 -2.7338197015827705
158 -0.23348674881412235
159 -0.02591118384857838
160 -0.9221476527895867
161 -0.6826026236263495
162 2.541986964389356
163 -2.5331464650286795
164 2.6274598082262917
165 -0.6826026236263496
166 -2.2807136544378843
167 -0.25805371904506647
168 0.5338416570185298
169 -3.233926815751677
170 -0.8948770759169911
171 -0.8948770759169911
172 -0.8948770759169911
173 -2.8126232917161356
174 -1.033136682917541
175 -0.40736211323739546
176 -0.6826026236263496
177 -0.8948770759169911
178 -0.6826026236263496
179 -0.6826026236263496
180 -0.6826026236263495
181 -0.4703281713357078
182 -0.6826026236263496
183 0.0028757036837623318
184 -0.9491968586626868
185 0.5201873623320601
186 -0.8603796412974285
187 -0.1401890686518038
188 -0.6826026236263496
189 2.1716455026656805
190 -1.15327734128853
191 -0.6760185277421301
192 0.5473324240567665
193 -2.5059140973683354
194 0.5266045539062632
195 0.931810539589313
196 2.014215416766005
197 -0.25805371904506647
198 -0.11673810168903037
199 -0.4703281713357078
200 -0.6826026236263496
201 -0.8948770759169911
202 -0.5263380790886453
203 2.345523336176426
204 -0.811146032229094
205 1.4316766703285098
206 -1.1642873088536296
207 -0.8948770759169911
208 -0.8948770759169911
209 -0.6826026236263496
210 -0.6826026236263495
211 -0.011492764242477138
212 -0.9944703082846414
213 -1.9573964488711084
214 -0.6826026236263495
215 -0.7815881204263804
216 0.369984316763607
217 0.6664643836570704
218 -0.4703281713357078
219 2.9286662832695853
220 -0.7708927449073396
221 0.5001974715296531
222 1.4704717925181319
223 -0.13756313186704405
224 -0.17497417411376448
225 -1.0058828313078063
226 4.285249803426434
227 -0.25805371904506647
228 0.5077481553963574
229 -0.6826026236263496
230 -0.6826026236263496
231 -0.002813598122920591
232 2.592659502125693
233 0.6807542008077192
234 -0.45516607329313363
235 -1.7494496810599238
236 -0.7112983741824568
237 -0.6826026236263496
238 -0.6826026236263496
239 0.3768503214642147
240 -0.6826026236263495
241 -0.7035072509880755
242 -1.1237282523284335
243 -0.4359850496079001
244 0.8589824425180981
245 -1.2167087192317863
246 -1.797808684841642
247 5.199766856931806
248 0.04628109314104589
249 -0.7197980939123654
250 -0.22475114830395482
251 -1.8996625028372334
252 0.31339456718339376
253 -0.02285132692028735
254 0.5693794303394564
255 -1.970886589228316
256 0.21679537081628864
257 1.8783544592468528
258 -0.6826026236263495
259 -0.8948770759169911
260 2.9209661248572525
261 -0.29302390733397843
262 -0.9792664974351482
263 -0.6826026236263496
264 -0.6826026236263496
265 -0.8948770759169911
266 -0.8948770759169911
267 -2.931842987468972
268 0.9707212899799303
269 -0.8948770759169911
270 -0.8010409982537737
271 1.1009230346984733
272 1.4456806418147239
273 -0.6826026236263496
274 2.541727827220238
275 0.0026931871633283366
276 -2.1766803589403434
277 0.22327537128266828
278 -0.34603173633168316
279 -0.7855304494597464
280 3.457414552778956
281 -1.7817393077210886
282 -0.8008960878156806
283 0.5425450596473955
284 -3.6087888954379377
285 0.9873847567933264
286 -0.279299764671015
287 1.239931690066784
288 0.7873875501602963
289 -0.29633291874613543
290 -0.6826026236263496
291 0.09652570058679544
292 1.8971533961186093
293 -1.0398320012235578
294 -0.2787682070505677
295 -0.8948770759169911
296 -0.4703281713357078
297 -2.5172380380233017
298 -0.4766244154270465
299 -0.6826026236263496
300 -0.8948770759169911
301 1.93367747646494
302 -0.8948770759169913
303 -0.7902431073535394
304 -0.8948770759169911
305 -1.1071515282076332
306 0.24278317511218495
307 -0.8948770759169913
308 0.45968916545340965
309 0.0015251330740704283
310 0.08013200740705864
311 -2.343696166593932
312 -2.4814104726293333
313 -5.191408674278335
314 -1.4378962786492018
315 -1.926978245717986
316 -1.1071515282076332
317 1.686156255680808
318 0.30906301178440465
319 -2.7715083298390266
320 -1.159996749075825
321 -0.2723219394992409
322 -0.8948770759169913
323 -1.6072694575123756
324 -0.9455916476870632
325 -2.7644208336344724
326 -2.485419673328608
327 -2.3253019230731513
328 -2.5170779293677508
329 -0.6826026236263496
330 -0.8948770759169911
331 -0.575032446846564
332 -0.8948770759169913
333 0.9741438804052764
334 -0.5446658587377815
335 -0.02268317963222921
336 -0.6344323210346298
337 1.4458546564417523
338 -1.3325037716378116
339 0.09560466391901634
340 0.6370707854417588
341 -3.9648987716596142
342 3.168174438190889
343 -0.6826026236263494
344 -0.9616768229254831
345 -0.4225376158629437
346 -0.8948770759169913
347 0.5198873039835221
348 1.2475873845508971
349 -1.616792067685469
350 -0.6826026236263494
351 -0.5822498161971306
352 -2.3008509982644565
353 -1.0922875019712852
354 -2.0289419286501276
355 -0.5929037227669786
356 -0.4564061992688099
357 -0.8948770759169913
358 -0.8948770759169913
359 -0.6826026236263494
360 -1.2064589881002714
361 -0.8948770759169913
362 -0.8948770759169913
363 -0.08041613899911537
364 -1.1071515282076332
365 -0.6905992282313469
366 -0.8948770759169913
367 -0.8948770759169913
368 -2.3476978092300667
369 -0.6826026236263494
370 -0.7305809890692843
371 0.5020578355659072
372 -0.6926117110820131
373 -0.8948770759169913
374 1.6912309529185237
375 -1.1071515282076332
376 -1.1071515282076332
377 0.08957417624984587
378 -0.12355842063613265
379 -0.6826026236263494
380 -1.7830992103269523
381 -0.8948770759169913
382 -1.3194505826338316
383 -3.7789738038831926
384 0.599322074429093
385 -0.8948770759169913
386 -1.4360217295206072
387 -1.5194065116228839
388 -0.8948770759169913
389 -0.8948770759169913
390 -0.9569985163143881
391 -0.8948770759169913
392 -0.8948770759169913
393 -1.1071515282076332
394 -0.8948770759169913
395 -1.4461876569069287
396 -0.8948770759169913
397 -2.5415457742713143
398 -1.7167130178743346
399 -0.6826026236263494
400 -1.0445146073075184
401 0.4787206724379911
402 0.714385181584311
403 2.858564361715822
404 1.5995028098753747
405 1.300280382159162
406 -0.13191980075220977
407 -1.5121905105076752
408 -3.2248962836063635
409 -0.8948770759169913
410 -0.48469601391059025
411 -0.8948770759169913
412 2.415221848868768
413 -0.6041912367376554
414 -1.9794484232453704
415 -0.8948770759169913
416 -0.8948770759169913
417 -0.8948770759169913
418 -0.8948770759169913
419 -0.6826026236263494
420 0.9199633796294792
421 -1.1307223081565976
422 -1.1071515282076332
423 -2.1386541531636896
424 -1.1906353765378255
425 -0.8948770759169913
426 1.1872730681774586
427 -0.6826026236263494
428 -1.2999818383989163
429 0.4905452157326944
430 -1.6962617505576156
431 -0.9276306826448215
432 -0.316254231338597
433 -0.8948770759169913
434 1.5510869267341012
435 -0.8948770759169913
436 -0.8948770759169913
437 -2.2002536087788753
438 -0.591807923161948
439 -1.1071515282076332
440 -1.1071515282076332
441 -0.8948770759169913
442 -0.8554945479411398
443 2.1007085856451466
444 1.0101949553043805
445 -0.8948770759169913
446 -1.1071515282076332
447 -0.10437877765819659
448 -0.029989258259986884
449 -1.1071515282076332
450 -0.021470522676185988
451 -0.8948770759169913
452 -1.1539812547840458
453 -1.1071515282076332
454 -1.5839128206632964
455 -0.8948770759169913
456 -1.1071515282076332
457 -0.6826026236263494
458 -0.3352013288829412
459 -0.6826026236263494
460 -1.3063258187613784
461 -3.1657029015371867
462 -0.6826026236263494
463 -0.8948770759169913
464 2.5736398086379007
465 -1.1071515282076332
466 -1.1071515282076332
467 1.131575254129844
468 -0.7534383324656913
469 -1.1071515282076332
470 -1.1071515282076332
471 -0.1402589883743105
472 -0.8948770759169913
473 0.1430775366262762
474 -1.055481976529296
475 -1.1071515282076332
476 -1.1071515282076332
477 -1.2658439053620079
478 -1.6577176362973116
479 1.023041800916889
480 -0.08151928369739125
481 -0.8948770759169913
482 -0.8948770759169913
483 -0.8948770759169913
484 -1.1071515282076332
485 -0.6636431450954733
486 -0.8948770759169913
487 -0.6826026236263494
488 -0.6826026236263494
489 -0.6826026236263494
490 2.040717862053234
491 -1.0979033861298177
492 -0.6826026236263494
493 -0.6826026236263494
494 0.5988292168610507
495 0.1408482119615686
496 1.8428035364228001
497 0.9087508752685126
498 -0.937098809978619
499 -0.9724525175036021
500 -0.8948770759169913
501 -1.1071515282076332
502 -0.8948770759169913
503 0.2657322999752423
504 -1.091468339561935
505 -1.1071515282076332
506 -2.086109043307145
507 -0.2162477669243683
508 -1.1071515282076332
509 -0.8948770759169913
510 -0.10482288894356562
evaluations raw_y
1 3.274195580185429
2 1.660700001398205
3 3.172441743192469
4 0.9154939489874254
5 1.4304484215723539
6 3.582382222953144
7 -2.251955389687995
8 -0.8383461495215323
9 -0.19700169196790895
10 -3.224562653681946
11 2.2737068187715095
12 -7.932279094097776
13 0.12817471378630707
14 -2.628157693882842
15 -0.5129854838516176
16 -2.3204292012548113
17 0.3102397912217979
18 -0.4378019265448828
19 3.5379020883984604
20 0.6507693703019192
21 1.5902459782885772
22 3.91336672289607
23 -0.8552374038089848
24 -0.7088226139971703
25 0.09623269553749147
26 -2.4496841461468994
27 -0.0013433606501258577
28 0.45739725100565043
29 0.7302928998924865
30 3.942532759643047
31 -0.25805371904506647
32 -0.6513843947354014
33 -0.6826026236263495
34 -0.6826026236263495
35 -1.1071515282076332
36 -0.258053719045066
37 -1.1071515282076332
38 0.8040047147386806
39 -0.6826026236263495
40 -0.258053719045066
41 -0.25805371904506647
42 -1.1071515282076332
43 -1.6481688481129744
44 -0.6826026236263495
45 -0.6826026236263495
46 -0.4703281713357078
47 -0.6826026236263495
48 -0.4703281713357079
49 -0.4703281713357078
50 -0.6826026236263495
51 -0.6826026236263494
52 -0.25805371904506647
53 -0.8948770759169913
54 -1.1071515282076332
55 -0.6826026236263494
56 -0.25805371904506647
57 -0.25805371904506647
58 -0.6826026236263494
59 -0.4703281713357078
60 -0.4703281713357079
61 -0.4951760843423525
62 -0.4703281713357078
63 -0.6826026236263495
64 -0.4573620249009056
65 -0.045779266754424786
66 -0.045779266754424786
67 -0.8948770759169913
68 -0.4703281713357078
69 0.1470936948411128
70 -0.045779266754424786
71 -0.25805371904506647
72 -0.4703281713357078
73 -0.6826026236263495
74 -0.4703281713357079
75 -0.4703281713357079
76 -0.4703281713357079
77 -1.1943140436979185
78 -0.6826026236263494
79 -0.3062651311926573
80 -0.6826026236263495
81 -0.8948770759169913
82 -0.25805371904506647
83 -0.8948770759169913
84 -0.8948770759169913
85 -0.9450898772209779
86 -0.8948770759169913
87 -0.25805371904506647
88 -0.6826026236263494
89 -0.8948770759169911
90 -0.6826026236263495
91 -0.258053719045066
92 0.04162023932879677
93 1.2070854654553298
94 -0.25805371904506647
95 -0.045779266754424786
96 -0.045779266754424786
97 -0.8018568450285186
98 -0.258053719045066
99 3.6139050022540813
100 -0.4703281713357078
101 -0.25805371904506647
102 -0.2698685808679703
103 -0.4703281713357079
104 -0.4703281713357079
105 0.6036237410177847
106 -0.24978952200050686
107 0.8554879947712608
108 -0.6826026236263494
109 -0.8948770759169913
110 -0.8948770759169913
111 -0.8948770759169913
112 -0.6826026236263496
113 -0.8948770759169913
114 -0.8948770759169913
115 -0.8948770759169913
116 -0.8948770759169913
117 -1.1071515282076332
118 -1.1071515282076332
119 -0.6737705668697591
120 -0.4703281713357078
121 -0.045779266754424786
122 -0.045779266754424786
123 -0.4703281713357078
124 -0.25805371904506647
125 -0.25805371904506647
126 -0.045779266754424786
127 -0.25805371904506647
128 -0.25805371904506647
129 -0.4703281713357078
130 -1.435464728525349
131 -0.4703281713357075
132 -0.4703281713357079
133 -0.4703281713357079
134 -0.8948770759169913
135 -0.6826026236263494
136 -0.8948770759169913
137 -0.6826026236263495
138 -2.7336808327078055
139 -1.1071515282076332
140 -0.8948770759169913
141 -0.8948770759169913
142 -0.8948770759169911
143 -2.470012561820755
144 -1.1071515282076332
145 -1.1071515282076332
146 -1.1071515282076332
147 -0.6826026236263494
148 -0.8948770759169913
149 -1.1071515282076332
150 -0.25805371904506647
151 -0.045779266754424786
152 2.002030340080556
153 -1.7768199340100304
154 -0.045779266754424786
155 -0.9723498122756498
156 -0.045779266754424786
157 -0.25805371904506647
158 -0.045779266754424786
159 -0.25805371904506647
160 0.9418250207188432
161 -0.25805371904506647
162 -0.4703281713357079
163 2.091051340625177
164 -0.6826026236263495
165 -0.4703281713357078
166 -0.6826026236263495
167 -0.6826026236263495
168 -0.6826026236263494
169 -0.014140576552796214
170 -1.579944128906929
171 -0.8948770759169913
172 -0.6826026236263496
173 -0.8948770759169913
174 -1.1071515282076332
175 -1.1071515282076332
176 -0.8948770759169913
177 -0.8948770759169913
178 -1.1071515282076332
179 -1.1071515282076332
180 -0.8948770759169913
181 -0.6826026236263495
182 -0.9775270734397941
183 -0.25805371904506647
184 -0.045779266754424786
185 -0.045779266754424786
186 -0.045779266754424786
187 -0.6826026236263495
188 -0.25805371904506647
189 -1.0957234591254554
190 -0.25805371904506647
191 -0.25805371904506647
192 -0.45965422511542453
193 -0.4703281713357075
194 -0.962004351253779
195 -0.4703281713357078
196 0.45285126682419463
197 -0.4703281713357079
198 -0.6826026236263494
199 0.6054587327383603
200 -0.8948770759169913
201 -0.8948770759169913
202 -0.9189620849970825
203 -1.1071515282076332
204 -1.1071515282076332
205 -1.1071515282076332
206 -1.1071515282076332
207 -0.4703281713357079
208 -1.1071515282076332
209 -0.8948770759169913
210 -1.1071515282076332
211 -0.4570544117144446
212 -0.25805371904506647
213 -0.25805371904506647
214 -0.045779266754424786
215 -0.045779266754424786
216 -0.045779266754424786
217 -0.8948770759169913
218 -0.6826026236263495
219 -0.4703281713357079
220 0.14513811737052085
221 2.620936747504113
222 -0.25805371904506647
223 -0.25805371904506647
224 -1.7245480135579587
225 -0.6826026236263494
226 -0.4703281713357079
227 -0.6826026236263494
228 -0.6826026236263494
229 -0.6826026236263495
230 -1.1071515282076332
231 -1.1071515282076332
232 -1.1071515282076332
233 -0.8948770759169913
234 -0.8948770759169913
235 -1.1071515282076332
236 -1.1071515282076332
237 -1.1071515282076332
238 -1.1071515282076332
239 -0.6826026236263495
240 -0.4703281713357078
241 -0.4703281713357079
242 -0.045779266754424786
243 -0.045779266754424786
244 -0.045779266754424786
245 -0.045779266754424786
246 -0.045779266754424786
247 0.016713214859704895
248 -1.2454709493331166
249 0.45386288745823444
250 -0.25805371904506647
251 -0.4703281713357078
252 -0.6097778132818789
253 -0.4703281713357078
254 -0.6826026236263494
255 0.36544990305302205
256 -0.4703281713357079
257 -0.8948770759169913
258 -0.6826026236263494
259 -0.8948770759169913
260 -0.17033417846493726
261 -0.7821181959950532
262 -0.8948770759169913
263 -1.1071515282076332
264 -0.8948770759169913
265 -0.8948770759169913
266 -1.1071515282076332
267 -1.1071515282076332
268 -1.1071515282076332
269 -1.1071515282076332
270 -0.8948770759169913
271 0.4130217757501169
272 -0.045779266754424786
273 -0.045779266754424786
274 -0.045779266754424786
275 -0.045779266754424786
276 -0.045779266754424786
277 -0.25805371904506647
278 1.4550309898133618
279 -0.25805371904506647
280 -0.25805371904506647
281 -3.714629051630236
282 -0.25805371904506647
283 2.1766558862163827
284 -0.43673881955367333
285 -0.4703281713357079
286 -0.6826026236263495
287 -0.6826026236263494
288 -0.6826026236263494
289 -0.8948770759169913
290 -0.6826026236263495
291 -0.8948770759169913
292 -0.8948770759169913
293 -1.1071515282076332
294 -1.1071515282076332
295 -1.0228237047643876
296 -1.1071515282076332
297 -1.1071515282076332
298 -1.1071515282076332
299 -0.4703281713357078
300 -0.8948770759169913
301 -2.2884910842505533
302 -0.045779266754424786
303 -0.045779266754424786
304 -0.045779266754424786
305 -0.045779266754424786
306 -0.045779266754424786
307 0.37420170038612355
308 -0.25805371904506647
309 -0.25805371904506647
310 -0.4703281713357078
311 -0.25805371904506647
312 -0.4703281713357078
313 -0.33278754497315477
314 -0.4703281713357079
315 -0.4703281713357079
316 -0.6826026236263494
317 -0.8948770759169913
318 -0.6826026236263494
319 -0.8948770759169913
320 -1.9286288590942218
321 -0.8948770759169913
322 -0.8948770759169913
323 -1.1071515282076332
324 -1.1071515282076332
325 -1.1071515282076332
326 -1.1071515282076332
327 -1.1071515282076332
328 -0.4703281713357078
329 -1.1071515282076332
330 -1.1071515282076332
331 -0.4533722959844508
332 -0.045779266754424786
333 -0.045779266754424786
334 -0.045779266754424786
335 -0.045779266754424786
336 -0.045779266754424786
337 -0.045779266754424786
338 -0.045779266754424786
339 -1.6823886154635463
340 -0.4703281713357078
341 -0.25805371904506647
342 -0.4703281713357078
343 -0.4703281713357078
344 -0.4703281713357079
345 -0.4703281713357079
346 0.6170962686301875
347 -0.8948770759169913
348 -0.6826026236263495
349 0.5522155028679541
350 -0.6826026236263495
351 -1.1071515282076332
352 -0.8948770759169913
353 -1.1071515282076332
354 -1.1071515282076332
355 -1.1071515282076332
356 -1.1071515282076332
357 -1.1071515282076332
358 -1.6138236870933889
359 -1.1071515282076332
360 -0.8948770759169913
361 -1.1071515282076332
362 -0.4840526811117387
363 -0.045779266754424786
364 -0.045779266754424786
365 -0.045779266754424786
366 -0.045779266754424786
367 -0.045779266754424786
368 -0.045779266754424786
369 -0.045779266754424786
370 -0.635869027346355
371 -0.25805371904506647
372 1.256197582080147
373 -0.4703281713357078
374 -0.6826026236263495
375 -0.6826026236263494
376 -0.6826026236263494
377 -1.3084408258637916
378 -0.6826026236263495
379 -1.091744817187634
380 -0.4703281713357079
381 -0.8948770759169913
382 -0.8583506601255304
383 -1.1071515282076332
384 -1.1071515282076332
385 -1.1071515282076332
386 -1.1071515282076332
387 -1.1071515282076332
388 -1.1071515282076332
389 -0.045779266754424786
390 -1.1071515282076332
391 2.6933463764093952
392 -0.045779266754424786
393 -0.045779266754424786
394 -0.045779266754424786
395 -0.045779266754424786
396 -0.045779266754424786
397 -0.045779266754424786
398 -0.045779266754424786
399 -0.045779266754424786
400 -0.4703281713357078
401 -0.25805371904506647
402 -2.169123282863149
403 -0.4703281713357078
404 1.2684833570420189
405 -0.8948770759169913
406 -0.8948770759169913
407 -0.8948770759169913
408 0.0736269173638231
409 -0.8948770759169913
410 -0.6826026236263495
411 -0.8948770759169913
412 -1.1071515282076332
413 -1.1071515282076332
414 -1.1071515282076332
415 -1.1071515282076332
416 -1.1071515282076332
417 -1.1071515282076332
418 -1.1071515282076332
419 -0.7427218037032026
420 -0.8948770759169913
421 -1.1071515282076332
422 -0.045779266754424786
423 -0.045779266754424786
424 -0.045779266754424786
425 -0.045779266754424786
426 -0.045779266754424786
427 -0.045779266754424786
428 -0.045779266754424786
429 -0.045779266754424786
430 -0.4703281713357078
431 -0.25805371904506647
432 -0.25805371904506647
433 1.1297732209396092
434 -0.4703281713357078
435 -2.6557187479440163
436 -0.4698793263167897
437 -0.8948770759169913
438 1.8623659827402377
439 -0.8948770759169913
440 -1.1071515282076332
441 -0.23725561332871914
442 -1.1071515282076332
443 -1.1071515282076332
444 -1.1071515282076332
445 -1.1071515282076332
446 -1.1071515282076332
447 -1.1071515282076332
448 -0.8948770759169913
449 -0.4703281713357078
450 -0.25805371904506647
451 -1.1071515282076332
452 -0.045779266754424786
453 -0.045779266754424786
454 -0.045779266754424786
455 -0.045779266754424786
456 -0.045779266754424786
457 -0.045779266754424786
458 -0.045779266754424786
459 -0.045779266754424786
460 -2.478518701829042
461 -0.25805371904506647
462 -1.1858195936327687
463 -0.8948770759169911
464 0.4933029968712468
465 -0.6826026236263495
466 0.866715108937778
467 -0.8948770759169913
468 -0.8948770759169913
469 -0.0712948342905797
470 -1.1071515282076332
471 -1.1071515282076332
472 -1.1071515282076332
473 -1.1071515282076332
474 -1.1071515282076332
475 -1.1071515282076332
476 -1.1071515282076332
477 -1.1071515282076332
478 -1.7829484654030008
479 -0.6826026236263495
480 -0.4703281713357078
481 -1.1071515282076332
482 -0.045779266754424786
483 -0.6826026236263495
484 -0.045779266754424786
485 -0.045779266754424786
486 -0.045779266754424786
487 -0.045779266754424786
488 -0.045779266754424786
489 -0.045779266754424786
490 -0.045779266754424786
491 1.2692026855170546
492 -0.045779266754424786
493 -0.6442706967474128
494 -0.9120028819021876
495 -0.8948770759169913
496 -3.293527769950474
497 -1.1071515282076332
498 -0.6826026236263495
499 -0.8948770759169913
500 -0.045779266754424786
501 -1.1071515282076332
502 -1.1071515282076332
503 -1.1071515282076332
504 -1.1071515282076332
505 -1.1071515282076332
506 -1.1071515282076332
507 -1.1071515282076332
508 -1.1071515282076332
509 -0.8948770759169913
510 -0.6826026236263495
evaluations raw_y
1 -4.345986202350919
2 -2.7052447550811607
3 0.40221251199112873
4 1.2083142907173516
5 0.9249707731683277
6 1.3442045630939645
7 9.072576688581174
8 8.925725111315499
9 4.961353420552685
10 4.521792353496668
11 3.471036200344342
12 -3.147256466672487
13 -1.996112179590545
14 -1.4995149846058302
15 2.866405427286887
16 2.590296404913553
17 4.849015794402817
18 1.3270577741214078
19 -1.8466020601022404
20 1.5256067311218613
21 1.1425811254753255
22 1.558261995707546
23 0.5304440895683855
24 -1.3832452132265258
25 -0.9842645261202724
26 3.929942362021502
27 2.700793044683161
28 2.399695772480266
29 2.9139307714360303
30 4.229289620300399
31 0.6870567715867062
32 -0.6826026236263495
33 -0.8948770759169913
34 -0.4703281713357078
35 -0.6826026236263495
36 -0.4703281713357079
37 -0.4703281713357078
38 -0.25805371904506647
39 -0.4703281713357079
40 -0.9605100921678
41 -0.4703281713357079
42 -0.6826026236263496
43 -0.8948770759169913
44 -0.4703281713357078
45 -0.6826026236263495
46 -0.8948770759169911
47 -2.381240856398874
48 -0.6826026236263495
49 -0.6826026236263494
50 -1.0288645887406989
51 0.8371946177651937
52 -0.4703281713357078
53 -0.6826026236263495
54 0.07828812797886464
55 -0.6826026236263496
56 -0.8948770759169913
57 -0.8948770759169913
58 -0.6826026236263495
59 -0.07809119725723518
60 -0.8948770759169913
61 -0.4703281713357075
62 -0.6826026236263495
63 -0.4703281713357079
64 -0.4703281713357078
65 -0.6826026236263495
66 1.9937154504643182
67 -0.25805371904506647
68 -0.25805371904506647
69 -0.258053719045066
70 -0.9364623897042144
71 -0.4703281713357075
72 -0.6826026236263496
73 -0.43015948099801515
74 -0.4703281713357078
75 1.6411439662356617
76 -0.6826026236263495
77 -0.4703281713357078
78 -0.6826026236263495
79 -0.6826026236263494
80 -0.6826026236263494
81 -0.6826026236263495
82 -0.8948770759169913
83 -0.6826026236263495
84 1.455246871103875
85 -2.8685140606564654
86 -0.8948770759169913
87 -0.6826026236263496
88 -0.258053719045066
89 -1.1071515282076332
90 -0.6826026236263494
91 -0.07526247096229166
92 -0.6826026236263495
93 -0.4703281713357079
94 -0.4703281713357078
95 0.1746280585783535
96 -1.1471535538185902
97 -0.6826026236263495
98 -0.4703281713357078
99 -0.4703281713357078
100 -0.6826026236263494
101 -0.6826026236263495
102 -0.6826026236263496
103 -0.6113180599409244
104 -0.6826026236263494
105 -1.3280635013653659
106 -0.6826026236263495
107 -0.3558837346336968
108 -2.21130848247548
109 -0.5050743220622544
110 -0.6826026236263494
111 -2.235873379936512
112 -0.6826026236263496
113 -0.8948770759169913
114 -1.1071515282076332
115 -0.8948770759169913
116 -0.4901394606516767
117 -0.8948770759169913
118 -0.258053719045066
119 -1.1071515282076332
120 -0.2853941028670304
121 -1.9032745227846657
122 -2.266766421940679
123 2.314415852585665
124 -0.9365341897084106
125 2.453969415707374
126 -0.8852394146996323
127 -2.369402549874798
128 -0.25805371904506647
129 -0.6826026236263495
130 -0.6755678791150896
131 -2.4376179850480373
132 -0.8948770759169913
133 -1.5254387053628469
134 -0.6826026236263494
135 -2.080519536415264
136 -0.8376220997538617
137 -0.21199041930535412
138 -0.8948770759169911
139 -0.6826026236263495
140 -0.6826026236263494
141 -0.6826026236263496
142 -0.8948770759169913
143 -0.8948770759169913
144 -0.8948770759169913
145 -0.968371123597827
146 -0.6826026236263495
147 -0.8948770759169913
148 -0.8948770759169913
149 -1.1071515282076332
150 -0.8948770759169913
151 -0.6826026236263496
152 -0.20729588414536737
153 -0.0639846588359072
154 -0.6826026236263496
155 -1.3665588049829616
156 -0.6826026236263495
157 -2.161556997290303
158 -0.25805371904506647
159 0.1147992081103919
160 0.895086978836688
161 -1.255300187858698
162 -0.5409058869697283
163 0.262076723428151
164 -0.5963076604448104
165 -0.3317946019737954
166 -2.4937925668776
167 -0.15610094765067828
168 0.7770235409855508
169 -1.1071515282076332
170 -0.8948770759169913
171 -0.6826026236263496
172 -0.8948770759169913
173 -1.1071515282076332
174 0.9428483126583128
175 3.9545319183410204
176 -1.290595749795835
177 -1.1071515282076332
178 -0.9413189126152923
179 -1.1071515282076332
180 -0.8948770759169913
181 0.5504119085233414
182 -2.6839803855615982
183 -0.4703281713357078
184 -0.6826026236263494
185 -0.028706204365433696
186 -1.6743793686593211
187 -0.4703281713357078
188 -0.25805371904506647
189 0.8117175861105297
190 1.9098176761932113
191 0.29875141093087154
192 1.8512609300278877
193 0.2910794567871059
194 -0.6826026236263495
195 -0.6226816280878618
196 2.6271272718397602
197 -3.1979652033630104
198 -1.8067815769519733
199 -0.8948770759169913
200 -1.1683979724753988
201 -1.1071515282076332
202 -0.8948770759169913
203 0.023604584078639412
204 -0.6826026236263495
205 2.762760473963988
206 -0.06222106944755845
207 -2.1197757753831454
208 -0.6826026236263496
209 -1.1071515282076332
210 -0.8948770759169913
211 -0.8948770759169913
212 -2.7455893605425357
213 -0.8948770759169913
214 1.4039433775478383
215 -0.11915020848759561
216 -0.15230868782445328
217 -0.4703281713357078
218 -0.25805371904506647
219 -0.08964482416488306
220 -0.7895258181753417
221 1.1420489527908149
222 -0.7544014252737851
223 1.076239417760512
224 -1.0326472508119013
225 -1.5591701256372694
226 3.8263908229775097
227 -2.572059782533831
228 1.9616989913202243
229 0.8975364923897313
230 -0.6826026236263494
231 0.3737337128979079
232 -0.3940512717596911
233 0.7970008279255181
234 -0.6826026236263494
235 -0.513715958939855
236 -0.5150385823367443
237 -0.7561552431955767
238 -0.6826026236263496
239 -0.6826026236263496
240 -0.6826026236263494
241 -0.288891578260538
242 -0.40937508654892
243 -1.414222986080666
244 -0.6826026236263495
245 -0.6826026236263496
246 -0.25607783947277674
247 -0.6826026236263494
248 -2.4156748605864458
249 -0.6826026236263496
250 -1.5170895451764597
251 -2.8084543151672925
252 -2.585377391341218
253 1.689425304026741
254 -0.19231364600860834
255 -0.593886951438177
256 -0.6826026236263494
257 -0.724417747998553
258 -0.21736239014624692
259 -1.4868972808809324
260 -0.8948770759169913
261 0.42605613488169536
262 -0.8948770759169913
263 -0.8948770759169913
264 -0.8948770759169913
265 -0.6826026236263496
266 -0.6612931213899416
267 -0.8948770759169913
268 -0.8948770759169913
269 -0.6826026236263496
270 -1.811696187476759
271 -0.6826026236263496
272 -0.6826026236263494
273 -1.7140921778949716
274 0.5411453630561436
275 -0.6826026236263496
276 0.2496348930699307
277 -0.8948770759169913
278 1.0889034513980984
279 -0.6826026236263496
280 1.7953991388792743
281 -0.8229920496635542
282 1.5812990828671167
283 1.6468302649490458
284 1.1206971000413408
285 1.2224140123722145
286 -0.8948770759169913
287 -4.108574491387046
288 0.4699417750758125
289 -2.5871421995508914
290 -1.1071515282076332
291 -0.8839381509239893
292 -0.8948770759169913
293 -1.1071515282076332
294 -0.8948770759169913
295 -0.4830213558233234
296 -0.5286019956248038
297 -0.8302927980862899
298 -0.4703281713357078
299 -0.6826026236263496
300 -0.6826026236263494
301 -0.6826026236263496
302 1.0731790394165404
303 -0.8071086833639567
304 -0.6826026236263495
305 -0.6826026236263496
306 1.5436779302966877
307 0.6398564474670663
308 -1.8093243943406538
309 -0.8948770759169911
310 -0.7207917787262135
311 -1.0216628826029446
312 -0.8948770759169911
313 0.6184386175972069
314 0.09943429553009797
315 3.3126885666701114
316 -0.8948770759169913
317 0.5145292426458234
318 0.9837106999391496
319 0.17224448748906473
320 -0.6826026236263495
321 -1.0818339413114344
322 -1.1071515282076332
323 -1.1071515282076332
324 -0.9891702985930639
325 0.19780622324623764
326 0.5504747057688315
327 -0.6826026236263496
328 -0.6826026236263494
329 -0.6826026236263494
330 -0.6826026236263494
331 -0.8948770759169913
332 -0.4703281713357078
333 -0.4703281713357078
334 -0.4703281713357078
335 -0.4703281713357078
336 -2.265065596028366
337 -2.252782916182836
338 -3.1160894320978056
339 0.9532921254997926
340 -0.39255749518183314
341 -0.20103590916332337
342 -1.1071515282076332
343 0.8789709859082391
344 -1.6974256427755452
345 0.06520706351845296
346 -1.7884955498014299
347 0.1830732633409582
348 -0.6080926355034068
349 -1.4741168238413904
350 0.026157103421762917
351 -0.0223646690776369
352 -1.1071515282076332
353 -0.8948770759169913
354 -1.1071515282076332
355 1.2865833398597109
356 -0.6826026236263494
357 -0.4703281713357078
358 -2.6685985938805463
359 -0.8948770759169913
360 -0.6826026236263494
361 -0.8948770759169913
362 -0.6826026236263495
363 -1.7162697802307574
364 -0.8948770759169913
365 -0.4703281713357078
366 0.0021344003229738506
367 0.9076174943030719
368 3.4520114074793944
369 -3.677216576255505
370 1.0254140617107188
371 1.3635550645419512
372 -2.4668114418663105
373 -0.007761896408550184
374 -1.6169124202517329
375 -1.7595025663975963
376 -0.6826026236263494
377 -0.010543143057516247
378 -0.840453983910741
379 -1.8656669962557175
380 -0.7862654073010071
381 0.3756334761911915
382 -0.8948770759169913
383 -0.6826026236263494
384 -0.8482640756759943
385 -1.6548894780794365
386 -0.6826026236263494
387 -0.4703281713357078
388 -0.4645771674089223
389 -1.1071515282076332
390 -0.8948770759169913
391 -1.1071515282076332
392 0.22786611742535445
393 -0.4085625013241655
394 -0.5973430476578162
395 -1.0936233088249427
396 -0.8051000995591779
397 -0.8948770759169913
398 2.2960636745413687
399 1.5016899645877908
400 0.11525684477107889
401 0.4354363722081343
402 -1.538615475429432
403 -3.0871927785804365
404 -0.8948770759169913
405 -1.5707450991039131
406 -0.8948770759169913
407 0.202241418555972
408 0.6703049941542052
409 2.0311455012230604
410 1.0711338278192966
411 2.4397585638087027
412 -0.8948770759169913
413 -0.6826026236263494
414 -0.6826026236263496
415 1.2770630056575913
416 -0.4703281713357078
417 -0.6826026236263495
418 -1.8915846481563963
419 -0.6826026236263494
420 -0.8948770759169911
421 -1.4186949516214584
422 -1.2626347765112134
423 -0.8948770759169913
424 -0.6826026236263494
425 0.2768708044893451
426 1.7829998832075205
427 1.379562104242775
428 -0.7677833553876894
429 1.1878106190010618
430 -2.387264839995505
431 1.8837721403555077
432 0.4169005778205899
433 0.494517029458027
434 -0.18423218797481278
435 -0.9174220884004879
436 -1.1071515282076332
437 1.6032458922433088
438 -0.3253747416148802
439 0.5441851366773538
440 -0.23372623989378571
441 -1.0162428883332608
442 -0.8948770759169913
443 -0.8948770759169913
444 -0.4703281713357078
445 -0.6826026236263494
446 -0.6826026236263495
447 -0.8948770759169913
448 -0.6826026236263494
449 -1.1071515282076332
450 -0.6826026236263495
451 -1.1071515282076332
452 -0.4770478564129941
453 -0.8948770759169913
454 2.070029867569368
455 -0.547540408430673
456 -2.9248292308803454
457 -0.8948770759169913
458 3.1720141474398797
459 1.6658452089725602
460 -4.176777301222484
461 1.8211668339607936
462 -0.8948770759169913
463 -3.6465082079196667
464 -2.243770929472391
465 -1.9307928972225046
466 -1.1071515282076332
467 0.18928422383263444
468 1.0090755648437124
469 1.997215629664824
470 -1.5200852119894144
471 -0.6826026236263495
472 -1.5360070209201977
473 -0.8948770759169913
474 -0.6826026236263496
475 -0.4703281713357078
476 -0.8948770759169913
477 -1.1071515282076332
478 -0.4703281713357078
479 0.1626251218355117
480 -0.6826026236263495
481 -0.8948770759169913
482 -0.6826026236263496
483 -0.8948770759169913
484 -0.6826026236263495
485 -0.6826026236263494
486 -0.14178910047325
487 -1.092439650496817
488 1.2333490310810367
489 1.575853861149446
490 2.4925633692852354
491 0.17870057035262732
492 -1.1071515282076332
493 0.1140444907404361
494 -0.033496213638423256
495 -0.7757247544948913
496 -1.1071515282076332
497 -0.8833699977986897
498 0.783236486662594
499 -1.1071515282076332
500 -0.8900273150161289
501 -1.1071515282076332
502 1.9281722469787579
503 -1.1071515282076332
504 -0.4703281713357078
505 -0.4703281713357078
506 -1.4349767784961607
507 -0.8948770759169913
508 -0.26100580131108586
509 -0.8948770759169911
510 -0.8948770759169913
