evaluations raw_y
1 581953.6935810313
2 3.3975528904492555e+28
3 -5.459424411299948e+25
4 3.107650036022496e+24
5 1.7527771753742352e+26
6 -2.5739473631034848e+17
7 -1345836473697987.2
8 -2.1344088702428624e+20
9 -1.1334229536039152e+27
10 -2.278250049385442e+20
11 -2.0580424896537226e+28
12 2.687014206639786e+22
13 5.373197087671145e+19
14 -6.9377857185445596e+25
15 4236.087262143931
16 8.599361360000869e+26
17 -2.701452009333847e+20
18 -4.049279136124902e+26
19 -7.137104526613541e+23
20 41814413.77988575
21 -1.1071929697390749e+26
22 -1.0301058866701691e+24
23 3159833437987.3384
24 5.9625579212630516e+26
25 -13934170.144988406
26 -1.6528272498666896e+17
27 2.133502109854261e+28
28 -2.4236563798434766e+25
29 6.121839014038548e+25
30 8.816843035686086e+25
31 4.235527843426231e+29
32 -8.337161179235095e+25
33 5.1850014419410464e+17
34 -5976381.544504655
35 25837625960.03395
36 1.337457027003808e+22
37 5.9102916649495155e+22
38 9.27536315857385e+21
39 1.0678287636276725e+26
40 3.665018469794089e+21
41 -8.424372979385695e+30
42 -5.900479762820389e+23
43 -1.6521117943448437e+29
44 5.287321829262769e+26
45 196394.14780613588
46 2.3006416385432973e+29
47 -1.505807083150278e+24
48 5989840479424481.0
49 1.7754259263040278e+32
50 1.0416457302393918e+29
51 -1049357323.3684416
52 -8.935951351436205e+32
53 -4.0348266988408193e+30
54 -6.937290079814504e+28
55 -4.394286670090457e+25
56 -3.3757049468793014e+26
57 -1.3499876784902188e+27
58 -1.1309452223460002e+27
59 -8.761349567867833e+25
60 -6.759183118822671e+27
61 -7.294644014936664e+31
62 -3.450534605220094e+26
63 -4.0260503328221473e+31
64 7.954514018301603e+21
65 -6.400328611720697e+23
66 -1.144286248223372e+24
67 -8.369598140808695e+19
68 -2.203567981864028e+18
69 -2.513531507116981e+16
70 -1.3308527799849206e+22
71 -519746776961144.25
72 -40805303823.29042
73 -11595997.233182741
74 -815287445.3650712
75 3140.692142687967
76 1687060.8878412994
77 27648168348.800602
78 9794454305.537086
79 359792054301.25073
80 5.7331490843768224e+17
81 1.1779980330221675e+17
82 5.324558886123502e+24
83 9.485122155117978e+21
84 5.2220997063471235e+19
85 -1.0328774159279819e+27
86 1.1283173434826586e+27
87 5.039310991760993e+26
88 7.46125919618434e+23
89 -8.323774732950372e+30
90 -1.668769221069181e+29
91 -1.7685237233834167e+28
92 -1.1222076695055599e+27
93 -4.205303465279664e+26
94 -1.0945103509391037e+26
95 -7.539066014080697e+25
96 -6.943020346581113e+25
97 -5.321281107344241e+25
98 -2.4460325053215866e+25
99 -1.578185769268312e+24
100 -1.0974093471842683e+24
101 -7.436268237184599e+23
102 -5.7963477644599156e+23
103 -2.6207596258869592e+20
104 -2.2990705126836984e+20
105 -2.0836716690503533e+20
106 -2.4623550061396938e+17
107 -1.681373582374014e+17
108 -1400015523096057.5
109 -1044924239.9875405
110 -13925921.127312291
111 -6082463.282780069
112 4351.0846230438965
113 218317.4622136794
114 47071162.15984647
115 26306826509.806362
116 3112404903291.3135
117 6174412588807310.0
118 5.145647275419018e+17
119 5.6147733476717445e+19
120 3.1972746119719383e+21
121 9.175080511638989e+21
122 1.2153047358209018e+22
123 2.6316613195952053e+22
124 5.721354421326037e+22
125 2.8775249461691205e+24
126 3.622352077636424e+31
127 -1.1416250625217304e+31
128 -4.02605033282217e+31
129 5.234083144724259e+30
130 1.2390860852192125e+24
131 -172956893731607.5
132 -8.976299680350193e+32
133 -3.6385961187723757e+25
134 -4.034826706864579e+30
135 -5.210387882847148e+29
136 -4.070021829340745e+31
137 -4.0261255743708426e+31
138 -8.935951413367085e+32
139 -3.422703337907624e+23
140 -1.1303370278524605e+27
141 -3.901386488558785e+31
142 -5.7393109146320006e+29
143 -1.5682465063009086e+22
144 -2.084500893863139e+26
145 -4.034826697339336e+30
146 -6.75918311886771e+27
147 -2.8802454318823147e+26
148 -4.222693682856835e+22
149 2.3443226523782194e+26
150 -2.8157330339577273e+25
151 -1.1283942636283406e+27
152 -1.9071987179938746e+26
153 -6.9962119755229275e+25
154 -1.7844089973339424e+25
155 -6.759183119800751e+27
156 -9.338556455103158e+32
157 -7.657521757777503e+30
158 -8.935951413367085e+32
159 -9.376371115664663e+20
160 -1.9860759491326906e+26
161 1.0148218684506683e+17
162 1.1283171732449483e+27
163 -8.589778253537758e+32
164 -7.38983972186192e+31
165 -4.0260503328221473e+31
166 -1.8074381420584347e+31
167 -8.751930046383397e+30
168 -3.9443935279006605e+30
169 -1.9077008487118832e+29
170 -1.364289582542198e+29
171 -6.850666747673434e+28
172 -2.1455668621647386e+28
173 -1.8184921456153235e+28
174 -6.539486900789393e+27
175 -1.2854539310789685e+27
176 -1.0799802998902765e+27
177 -9.421653116435228e+26
178 -1.110031196615985e+27
179 -1.0840272595289328e+27
180 -3.5317605060313575e+26
181 -4.2087605801003845e+26
182 -3.285543036745068e+26
183 -3.1005514859194414e+26
184 -1.1010037745653932e+26
185 -1.148461280056944e+26
186 -9.751921977176868e+25
187 -7.962322628265824e+25
188 -7.619073231047092e+25
189 -6.992710336683072e+25
190 -7.149756864994051e+25
191 -5.534537230328696e+25
192 -7.156585294044037e+25
193 -4.4548074142159816e+25
194 -2.2051982507222494e+25
195 -2.367673604299169e+25
196 -1.6033645646340658e+24
197 -1.589544268106529e+24
198 -8.310235298018191e+23
199 -1.1136036622620509e+24
200 -9.37890471363241e+32
201 -4.0348267208668943e+30
202 -1.1283173745904035e+27
203 -8.935951413367085e+32
204 -8.935951413367084e+32
205 -8.935951413367085e+32
206 -9.299540991721159e+18
207 -8.935951413367085e+32
208 -4.418163388110924e+31
209 -4.026726251133762e+31
210 -4.02605033282217e+31
211 -2.0323924964017088e+27
212 -7.413315357998851e+28
213 -4.026163164556518e+31
214 -7.045381333486036e+28
215 -8.935951413367085e+32
216 5.702522250064495e+27
217 2.3470642243288538e+29
218 -9.615633206020698e+30
219 -8.935951413367085e+32
220 -4.034826698310798e+30
221 -4.0348266983107974e+30
222 1.6839204213872445e+24
223 -4.0348266983107974e+30
224 1.1283173434826588e+27
225 -4.035955136153018e+30
226 -1.789426812092808e+28
227 -4.034826698311353e+30
228 -2.588312112845121e+30
229 -8.935954817456829e+32
230 8.935951395844983e+32
231 -1.423724829381628e+24
232 -4.034826899993985e+30
233 -5.0169156478150104e+26
234 -6.129897601899159e+25
235 8.935940129730605e+32
236 -5.630865775400798e+27
237 -7.178764452352541e+31
238 -8.887939681582481e+32
239 -8.043905693237483e+32
240 -8.390780350778497e+32
241 -8.575374679593234e+32
242 -8.645116437636717e+32
243 -7.406766762737384e+31
244 -7.395132734801851e+31
245 -4.071720040533878e+31
246 -4.0261257924666654e+31
247 -3.5653903184499698e+31
248 -4.026050332822148e+31
249 -1.091924635908261e+31
250 -4.026050332822186e+31
251 -1.3191690151224833e+31
252 -1.0524131601101159e+31
253 -9.295518210074599e+30
254 -8.80318053664731e+30
255 -8.665626016866346e+30
256 -8.39961444927403e+30
257 -4.034826707188157e+30
258 -4.0348266988331514e+30
259 -3.687310288833156e+30
260 -3.8083603526356576e+30
261 -5.708762457642749e+29
262 -5.4424225147560634e+29
263 -1.7544608347139662e+29
264 -1.6843822359706383e+29
265 -1.6473956638919114e+29
266 -1.1550475036560497e+29
267 -4.390938980021266e+28
268 -6.795541534282141e+28
269 -2.1377915858502354e+28
270 -2.0345923373876534e+28
271 -1.7353657560544426e+28
272 -1.7993898744738597e+28
273 -6.709958959851964e+27
274 -8.935952677280397e+32
275 -8.935951470598554e+32
276 -1.555953290660366e+21
277 -5.7045533118600466e+29
278 4.030678047833622e+30
279 -6.282508853892319e+31
280 235933335764521.3
281 -1.2080436718274043e+23
282 -8.935951413367085e+32
283 -3.1937784063713753e+28
284 -7.4562896677907e+30
285 -1.8457181959751204e+29
286 -8.935951413367081e+32
287 -8.935958396182747e+32
288 -8.246119060449535e+32
289 -8.935951413367085e+32
290 -2.3297381777363182e+27
291 -8.935951413367085e+32
292 -9.752613990232176e+27
293 -8.935951413367085e+32
294 -8.935951413367085e+32
295 -4.4485640056661586e+18
296 -8.935951413367085e+32
297 -8.935954370834283e+32
298 -3.8352640981594137e+30
299 -4.127135300956166e+31
300 8.935940130191876e+32
301 -4.026050448113642e+31
302 -5.424512574100144e+26
303 -4.0259375010878214e+31
304 -6.2641724407449185e+29
305 -4.026054560016162e+31
306 -4.02605033282217e+31
307 -4.02605033282217e+31
308 -4.026050332822169e+31
309 -4.026049338498934e+31
310 -2.186909721089967e+26
311 -8.125395738120062e+32
312 -9.188217099061975e+32
313 -8.606637220614858e+32
314 -8.471443329594862e+32
315 -8.630561258958277e+32
316 -8.507551331245903e+32
317 -8.935951413367085e+32
318 -8.935951413367085e+32
319 -8.935951413367085e+32
320 -8.935951413367085e+32
321 -8.256522203526826e+32
322 -8.372465270134725e+32
323 -8.935951352347549e+32
324 -8.75256549703103e+32
325 -8.935951349045662e+32
326 -8.009846860722895e+32
327 -8.935951350603932e+32
328 -8.52180507942909e+32
329 -8.157247030165774e+32
330 -7.265486651206297e+31
331 -7.575919089185751e+31
332 -7.35882493832988e+31
333 -7.339521762996301e+31
334 -7.045436269392904e+31
335 -4.407444909942987e+31
336 -3.8893691525502694e+31
337 -4.0513501893820538e+31
338 -4.0267262511337265e+31
339 -2.5750105314294147e+31
340 -3.943890717979772e+31
341 -4.026125129454912e+31
342 -4.026050332822186e+31
343 -4.02605033282217e+31
344 -2.1992002654120043e+31
345 -4.0260503328221486e+31
346 -4.026050332822147e+31
347 -4.026050332822147e+31
348 -8.935951413370158e+32
349 -9.15358449127367e+31
350 -4.0260503763835326e+31
351 -8.935951413367085e+32
352 -5.255380314079877e+30
353 -8.935951413368973e+32
354 -8.935951413437262e+32
355 -8.935951413795923e+32
356 -8.935951413367085e+32
357 -8.935951413367085e+32
358 -3.0517671590534784e+17
359 -1.3300664340827195e+25
360 -1.7229662789761104e+28
361 -1.270475460833639e+22
362 -5.241763491752481e+30
363 -8.017899709264782e+28
364 2.2914174678742348e+16
365 317974739981926.2
366 -8.935951413367085e+32
367 -8.97430226635925e+28
368 -4.679561535306737e+29
369 -8.935951413367085e+32
370 -5.040786309174936e+29
371 -8.616795909188687e+30
372 -8.935951413367085e+32
373 -8.935951413367085e+32
374 -3.01907184475391e+31
375 -8.935951413366812e+32
376 -6.106880647026618e+27
377 -1.6209451175648842e+31
378 -8.79909032732718e+31
379 -8.935951413367085e+32
380 -8.976299680350193e+32
381 -4.0348333903669217e+30
382 -7.809845199084134e+23
383 -6.759183120238367e+27
384 -8.935951868133373e+32
385 -6.54134916757309e+32
386 -9.323526477388205e+32
387 -9.338556456642346e+32
388 -8.973559045246643e+32
389 -8.555713177063431e+32
390 -8.748233262704317e+32
391 -8.93595455801186e+32
392 -8.639483322844211e+32
393 -8.935951472636945e+32
394 -8.935951413367085e+32
395 18405192478802.047
396 -8.855634192596896e+32
397 -8.935951413367085e+32
398 -8.935951413367085e+32
399 -8.935951413367085e+32
400 -8.935951413367085e+32
401 -8.311022275976322e+32
402 -8.726122318012708e+32
403 -8.935951413367085e+32
404 -8.874953143542544e+32
405 -8.935951413367085e+32
406 -8.935951413367085e+32
407 -8.935951413367085e+32
408 -8.274920892775645e+32
409 -8.91954480303198e+32
410 -8.935951413367085e+32
411 -8.935951413367084e+32
412 -7.912436674848498e+32
413 -8.935951352055517e+32
414 -7.329169847992222e+32
415 -7.974470891466983e+32
416 -8.935951346928672e+32
417 -5.788000120892456e+32
418 -8.972963432377607e+32
419 -8.866480524536814e+32
420 -8.541245339004414e+32
421 -8.973487165240095e+32
422 -9.905607681856577e+31
423 -8.935951413376015e+32
424 -1.2528760384909183e+30
425 -4.506721090557909e+31
426 -9.338556449201467e+32
427 -8.976299680350193e+32
428 -4.034826698310798e+30
429 -8.976299680350193e+32
430 -1.8703876157792142e+30
431 -8.935951413367085e+32
432 -8.935951425687171e+32
433 -4.0350560943733057e+30
434 -4.0415858837338726e+30
435 -4.027979981546844e+31
436 -8.935951660793352e+32
437 -1.3385667357891624e+29
438 -9.338556446649318e+32
439 -8.976310980471336e+32
440 -8.935951413581752e+32
441 -8.93595141336949e+32
442 -1.1087188187034317e+31
443 -8.936019097502816e+32
444 -8.935951413367085e+32
445 -2.8966217189498303e+24
446 -6.95098593852922e+19
447 -1.9959327856673733e+28
448 -8.935951413367085e+32
449 -8.935951413367536e+32
450 -8.935951413367085e+32
451 -9.328834961598532e+23
452 -8.935951413367085e+32
453 -8.533346380084869e+32
454 -3.8636106956062715e+21
455 -6.309109673958865e+25
456 -8.935951413367085e+32
457 -3.7529985885329e+27
458 -8.935951413367087e+32
459 -9.375036640530786e+32
460 -8.958190210892008e+32
461 -9.09423340191377e+32
462 -8.663903524331588e+32
463 -9.338556456287433e+32
464 -8.91589170731664e+32
465 -8.4225860522416e+32
466 -8.966290339121399e+32
467 -8.879001975210835e+32
468 -8.974833767803306e+32
469 -6.592645233048521e+32
470 -6.648021051846319e+32
471 -8.862279782650272e+32
472 -8.935954306904636e+32
473 -8.935952644842904e+32
474 -8.93595185566512e+32
475 -6.256628276653793e+32
476 -8.165715682676152e+32
477 -8.93595141378001e+32
478 -8.859872390014793e+32
479 -8.935951413369992e+32
480 -8.803536886156026e+32
481 -6.263670369944076e+32
482 -8.550528070066073e+32
483 -8.699754765250256e+32
484 -8.935951413367085e+32
485 -8.124518437090278e+32
486 -8.935951413367085e+32
487 -8.935951413367085e+32
488 -6.222434370216367e+32
489 -8.935951413367085e+32
490 -8.935951413367085e+32
491 -8.844239870843508e+32
492 -8.935951413367085e+32
493 -8.845637542601434e+32
494 -8.935951413367085e+32
495 -8.210173216574009e+32
496 -9.378904713632413e+32
497 -8.976299805742455e+32
498 -7.038418904059588e+25
499 -4.026050356913443e+31
500 -8.976299680646927e+32
501 -7.895217990363572e+32
502 -8.11861158668661e+25
503 -4.429533003768047e+31
504 -4.035231136107507e+30
505 -9.338556447007355e+32
506 -9.339293251402038e+32
507 -4.049086569498478e+30
508 -8.976299680350193e+32
509 -8.968991452549314e+32
510 -8.935951413367097e+32
511 -8.9359514133671e+32
512 -8.976299680350193e+32
513 -4.034826792285954e+30
514 -4.0348266983107974e+30
515 -1.063980279792086e+30
516 -4.0260515244802494e+31
517 -2.6032451351586094e+24
518 -5.286909415181846e+31
519 -8.93595141337578e+32
520 -8.936019025763192e+32
521 -9.338557617893596e+32
522 -8.935951445410364e+32
523 -8.935951729351554e+32
524 -3.022715179954189e+28
525 -4.1269701900124845e+30
526 -4.03482846658145e+30
527 -8.83894000802054e+19
528 -5.167593077386599e+26
529 -9.338556454822939e+32
530 -4.0348266983107974e+30
531 -8.936029355977876e+32
532 -1.1299080743777654e+27
533 -9.369073952600242e+32
534 -9.168390335906901e+32
535 -9.32919024681288e+32
536 -9.17734437732191e+32
537 -9.319766837167531e+32
538 -7.999385669633609e+32
539 -8.933297280302529e+32
540 -8.445734936348484e+32
541 -9.336361016630375e+32
542 -5.908858224756418e+32
543 -8.810551129226666e+32
544 -8.435846087929497e+32
545 -8.976299680350193e+32
546 -7.78606349091862e+32
547 -8.970733941108434e+32
548 -8.931139996341058e+32
549 -8.445554624216032e+32
550 -7.09903896055702e+32
551 -8.789963028884847e+32
552 -8.836579218738168e+32
553 -9.338556456813292e+32
554 -8.936018756129585e+32
555 -7.899394640282118e+32
556 -8.732969042482319e+32
557 -8.93595474103535e+32
558 -8.783120413329106e+32
559 -8.717217811490088e+32
560 -7.923254579080948e+32
561 -8.935952606921709e+32
562 -1.1085085218546943e+32
563 -8.93595184684813e+32
564 -8.902974675629327e+32
565 -8.935951471457221e+32
566 -8.935951466707803e+32
567 -8.935951420191556e+32
568 -8.935951413804497e+32
569 -8.870990621053702e+32
evaluations raw_y
1 -3.912780646648436e+30
2 -2.794854697248447e+21
3 -4.245948179721143e+17
4 -1.6602000697393e+26
5 -4.861694558404202e+30
6 1.0430371813808e+19
7 -3.1293652398635115e+25
8 2.1829161236975193e+26
9 5.0704194994921714e+20
10 4.3884452905324306e+26
11 -3.894123481124976e+32
12 4.479397997174952e+26
13 1.9308572032583296e+22
14 -1.4356403941868648e+19
15 9.835006249188164e+17
16 -6.048800352625891e+25
17 1.9119050842652907e+29
18 -2.533364789901567e+29
19 -1.3241158740798897e+25
20 7.918670860757392e+19
21 -2.373642157154837e+26
22 2.0187355321723965e+24
23 -6.77067801843526e+25
24 6.206019660066768e+24
25 -1.63961397536932e+26
26 -2.69801118717097e+22
27 206487030246820.5
28 -23752.9930643249
29 -43281268772.24835
30 3.286515438603177e+16
31 6.627638095888092e+30
32 -8694621736.369555
33 96192283513461.16
34 -109551776439006.42
35 -9.300492677319945e+28
36 -4.240469969962209e+23
37 1.2170248549057028e+26
38 1.553120773524382e+27
39 1555105950136124.2
40 -1.470898744502093e+26
41 3660461970146162.0
42 3.8988451180906e+25
43 392665277584213.4
44 -9.442130791969648e+24
45 -2.727943665250409e+26
46 4.985410718371214e+21
47 1.2004858526938237e+19
48 1.0122044243489908e+26
49 -4.097286484418465e+29
50 -3.350649923346961e+29
51 1.2941749803267384e+24
52 -8.93595141336708e+32
53 -1.190697871202062e+31
54 -1.422828008531389e+30
55 -1.2914269778482428e+25
56 -4.870706968841854e+27
57 -4.0260503328221675e+31
58 -4.603755580017863e+29
59 8.346301952360058e+30
60 -2.8291428082786255e+30
61 -1.135221732184892e+25
62 -1.3619287886874942e+26
63 -1.1237515747017798e+27
64 -5.5777186559552265e+25
65 -1.1917047462992004e+26
66 -3.382704712772896e+24
67 -5.396430136321896e+25
68 -4.063252712502862e+22
69 -6.204383052298103e+24
70 -5.592360601882168e+19
71 -1.4263357360554713e+19
72 -4.539599723311834e+16
73 -116995008141.38585
74 -3754976467.9531903
75 -7164993039.5798435
76 -26410.831059889908
77 1427814623671.4001
78 84756548304241.17
79 274322596268139.94
80 211134034228280.56
81 4.711349095112059e+17
82 7.80208123844107e+16
83 2.799537812706234e+19
84 2.61786132517776e+22
85 6.772216195761132e+17
86 1443654902962598.8
87 5.49614095575668e+23
88 6.542320510371787e+20
89 -4.2973061366927384e+32
90 -5.673140447173897e+30
91 -4.282125279341322e+29
92 -3.197385312747594e+29
93 -2.4146391096311345e+29
94 -8.398258684327676e+28
95 -2.700933987340355e+26
96 -2.3709440128474005e+26
97 -1.774990266601387e+26
98 -1.7092917824384555e+26
99 -1.4612430504586202e+26
100 -6.5232562144906815e+25
101 -6.266997883102783e+25
102 -2.2091364739025836e+25
103 -1.3767382776438656e+25
104 -1.0255377706026322e+25
105 -4.116296148781233e+23
106 -2.6915965986932915e+22
107 -2.909452356230727e+21
108 -1.3461778385498302e+19
109 -4.231043299380319e+17
110 -107919505488327.5
111 -44398675258.73895
112 -8702209318.047323
113 -23586.295086454327
114 98268564842123.61
115 206388689626992.16
116 389838244533427.0
117 1575134815132613.2
118 3637618383907119.5
119 3.4648241335172492e+16
120 9.85689069840254e+17
121 1.1130281214849354e+19
122 1.1553156419867955e+19
123 7.607443800110467e+19
124 5.0776518109155466e+20
125 4.259935488105349e+21
126 -8.935951119659562e+32
127 267069497.35140976
128 -9.66674557541805e+31
129 -2.629054954592037e+31
130 6.823638257777662e+21
131 -1.680398091851669e+31
132 -2.0586169819278714e+25
133 -2.5646866344810094e+31
134 4.03463234412819e+30
135 -1.128317279920677e+27
136 -1.1411407265906708e+30
137 -6.207843960158447e+27
138 -6.158085332443035e+27
139 -4.0348266983107974e+30
140 -1.4471851369165587e+29
141 -7.646501287719801e+21
142 -3.146377782102131e+27
143 -4.025885338062961e+31
144 -4.0267262511340566e+31
145 -7.887500308569019e+27
146 -1.0158882120965698e+28
147 -4.034826698310794e+30
148 -3.59454463117882e+25
149 1.5604673214355156e+28
150 -4.046165027704539e+30
151 -1.5402247486407597e+21
152 -4.5229824086812195e+28
153 -6.759183118867686e+27
154 -8.70031814435969e+25
155 -940679622483018.6
156 -5.7222930219469935e+22
157 -2.3947667241501563e+26
158 -1.181060358925182e+27
159 -1.294757148458873e+27
160 -1.9909703665638292e+21
161 -5.210494791139048e+26
162 -4.02605033282243e+31
163 -8.93595141336708e+32
164 -4.334775236878263e+32
165 -3.788010659172094e+32
166 -4.0260503328221675e+31
167 -1.2516729393333395e+31
168 -6.645592406772657e+30
169 -5.338242790761003e+30
170 -2.232089826291592e+30
171 -1.4082023112004957e+30
172 -2.24640603120925e+29
173 -4.3515009174532e+29
174 -4.0466394700958614e+29
175 -3.320046516544929e+29
176 -3.2257091955200546e+29
177 -2.5482904956208935e+29
178 -2.4587561926648736e+29
179 -9.263543515788141e+28
180 -8.12425753585751e+28
181 -4.875217756938216e+27
182 -1.1236863414148907e+27
183 -2.6989631568030383e+26
184 -2.5935289422832507e+26
185 -2.3846240427142403e+26
186 -2.3034333831797282e+26
187 -1.717880845515148e+26
188 -1.6080834004666263e+26
189 -1.667421885296639e+26
190 -1.6035340641426296e+26
191 -1.4339421266208912e+26
192 -6.890276577314513e+27
193 -1.3953019284798151e+26
194 -9.662604988049476e+27
195 -6.749668052491982e+25
196 -6.672082133806539e+25
197 -6.3910621263154265e+25
198 -5.9250261162507015e+25
199 -5.499579209795531e+25
200 -8.935951413367085e+32
201 -9.491925225866985e+31
202 -1.3778273427485536e+32
203 -8.935951413367085e+32
204 -8.935951413164606e+32
205 -2.4081325262211795e+31
206 -4.5916824721442944e+18
207 -3.326843917416312e+29
208 -1.583168126809518e+18
209 -4.026726251134057e+31
210 -4.0260503328221693e+31
211 -4.02373413790895e+31
212 -8.43705038794467e+24
213 5.8801948687811044e+32
214 -8.976355989006746e+32
215 -8.935940130047674e+32
216 -8.935951413367085e+32
217 -8.93595141335652e+32
218 4.0348251187764304e+30
219 6.363313398973532e+27
220 4.03413260178251e+30
221 -1.5856309121747228e+31
222 -4.0348266987779963e+30
223 -4.0348266983107974e+30
224 -4.034826669272536e+30
225 -8.935951532841176e+32
226 -8.935940130193612e+32
227 -5.648317801844835e+24
228 -4.0260503318901134e+31
229 -4.025928105742547e+31
230 -4.0348264354747874e+30
231 -3.599770991845317e+25
232 -1.2584506818589202e+31
233 -8.935971881084622e+32
234 -8.93563038390041e+32
235 -4.0348266983107974e+30
236 -4.0348266983107974e+30
237 -8.935951413367077e+32
238 -8.372973104504802e+32
239 -4.4424148226975924e+32
240 -4.701180082378738e+32
241 -4.3238753505483304e+32
242 -3.843677675594549e+32
243 -3.795430052169338e+32
244 -9.684782229926263e+31
245 -3.972207676037608e+31
246 -3.9135903586916482e+31
247 -4.0260503328221675e+31
248 -4.0056873682882624e+31
249 -3.965186428193291e+31
250 -2.6065214403575313e+31
251 -2.5682579417422335e+31
252 -1.6193898746533945e+31
253 -1.1869741265964113e+31
254 -1.168982951595975e+31
255 -6.175450591066532e+30
256 -3.920848807964568e+30
257 -5.385542396546804e+30
258 -4.891709929354446e+30
259 -3.992932734033528e+30
260 -3.9184832997344304e+30
261 -3.282610310777408e+30
262 -2.8298842156845174e+30
263 -2.14270018315786e+30
264 -1.9727688259180034e+30
265 -1.3571579575267202e+30
266 -1.1088327634050093e+30
267 -5.006579615163516e+29
268 -4.441550252242227e+29
269 -4.18858411296692e+29
270 -4.074169100738207e+29
271 -3.953190164982639e+29
272 -4.44382857034468e+29
273 -3.308794665156093e+29
274 -3.05766700278187e+22
275 553304013634.4846
276 -3.3403653235795333e+21
277 498601779280490.75
278 6.759182789442055e+27
279 -3.455561452731134e+24
280 -4.957328246534044e+27
281 -1.7908088666561013e+21
282 -8.935883821535897e+32
283 -8.935951413367085e+32
284 3.624365094901899e+24
285 -8.935883821535897e+32
286 -1.3603524621515528e+31
287 7.225862785449252e+28
288 -8.935948968544515e+32
289 -3.513082123749368e+31
290 -8.935951413367068e+32
291 -8.935951413356901e+32
292 5.240173864763703e+20
293 -6.215905793447573e+25
294 -8.935951413358891e+32
295 -6.916979487806138e+30
296 4.880226015736885e+17
297 -8.895603146383977e+32
298 6.759181935390211e+27
299 -4.0861354662582405e+31
300 3.719055559082168e+21
301 -3.189655583204431e+25
302 -1.621704449674365e+29
303 -6.759183113205201e+27
304 -7.838428698310718e+19
305 -2.2497455348528903e+28
306 -1.4842127841035142e+23
307 -4.0260503327603863e+31
308 2.2650593922690316e+25
309 -2.2791129535647327e+25
310 4.0228548452130054e+30
311 -8.697442341206932e+32
312 -8.935969956690143e+32
313 -8.722471121161148e+32
314 -8.88282641916938e+32
315 -8.935951413367085e+32
316 -8.335097999746691e+32
317 -8.812827082312919e+32
318 -6.3014614134375864e+32
319 -8.935951413367077e+32
320 -8.935951413356306e+32
321 -8.830603093041748e+32
322 -8.935951121351694e+32
323 -8.935940208208189e+32
324 -8.672800698675167e+32
325 -8.935625921413009e+32
326 -8.279742058376396e+32
327 -2.8268079895762883e+32
328 -3.8660565674467524e+32
329 -4.302731263376421e+32
330 -5.082537168589056e+32
331 -4.326863693683257e+32
332 -3.941305069943837e+32
333 -3.7377348877272185e+32
334 -3.5203326079983665e+32
335 -3.4558549333407736e+32
336 -1.4130240871073352e+32
337 -9.265325849450696e+31
338 -9.728774382490566e+31
339 -9.359299008664669e+31
340 -4.026707718946331e+31
341 -4.0267261326922836e+31
342 -4.026050332822428e+31
343 -3.973450203927408e+31
344 -4.026050332822167e+31
345 -3.942749660229707e+31
346 -3.8813082705236e+31
347 -4.0229235981799293e+31
348 -8.935940130193534e+32
349 -8.935951407284943e+32
350 -5.821048105070142e+20
351 -8.420023405987262e+32
352 1.541858434565631e+18
353 -8.935951413367085e+32
354 -4.3034504905792516e+32
355 -8.935883821535897e+32
356 -8.935951413367085e+32
357 -8.935951413367085e+32
358 -9.338556446649302e+32
359 -2.0800459854180293e+32
360 -8.756565252713993e+26
361 1.3334708475051976e+16
362 -8.935951413367085e+32
363 6.68072749657827e+27
364 -2.024119083049952e+30
365 -8.895603146383977e+32
366 -8.935951413341467e+32
367 -8.935951413367085e+32
368 -8.935883821535897e+32
369 -8.935951413367085e+32
370 -8.935940130193625e+32
371 -3.014283818196159e+28
372 -1.0636905396674873e+30
373 1.0005180231742415e+18
374 -8.935895104709331e+32
375 4.689125932256037e+16
376 4.02131559746269e+30
377 -2.192826445078027e+31
378 1.7150902420601993e+19
379 -8.935883821535897e+32
380 -8.935951413367085e+32
381 -1.3316770006679025e+27
382 -8.935942641030956e+32
383 1.0855976301693473e+27
384 -8.935951413367084e+32
385 -8.975803476913715e+32
386 -8.152256482960028e+32
387 -8.753259794359143e+32
388 -8.935951532968408e+32
389 -8.935951413367085e+32
390 -8.902212120426217e+32
391 -8.208040739451095e+32
392 -8.331399718114988e+32
393 -8.839635478647665e+32
394 -8.935951413367078e+32
395 -8.858374138564401e+32
396 -8.935951413367077e+32
397 -8.935951413367077e+32
398 -8.935951413367071e+32
399 -8.935951413358348e+32
400 -8.935951413356728e+32
401 -8.935951413357345e+32
402 -8.935951413356179e+32
403 -8.935010538950834e+32
404 -3.720883457368933e+32
405 -8.935951127323787e+32
406 -8.51546991524389e+32
407 -8.633184947699002e+32
408 -3.442774762609826e+32
409 -8.935940130045798e+32
410 -8.935886038155613e+32
411 -8.590918834385614e+32
412 -8.93563409868565e+32
413 -8.935625441660621e+32
414 -8.895603146383977e+32
415 -8.59310293533957e+32
416 -8.701244978316083e+32
417 -8.93595141336708e+32
418 -8.935951536144175e+32
419 -8.461320029405201e+32
420 -8.813790306875562e+32
421 -8.377355061944161e+32
422 -9.338556446646044e+32
423 -8.976367269788288e+32
424 -9.382201387910091e+28
425 -8.935951413367067e+32
426 -9.338556446649302e+32
427 -8.935940130193919e+32
428 -4.148417196511553e+27
429 -8.976299680357806e+32
430 -8.935951413367085e+32
431 -8.935951413347664e+32
432 -4.3237851329632013e+30
433 -3.0321903743385047e+28
434 -7.153670369528627e+23
435 -8.935951413367085e+32
436 -8.935951413367085e+32
437 -4.545072734095223e+20
438 -8.935951413366644e+32
439 -8.935951413367085e+32
440 -8.935951413367085e+32
441 -8.935951413365385e+32
442 -2.3317221936121074e+30
443 -8.465265283769574e+29
444 -8.935951413367085e+32
445 -8.935951408228653e+32
446 -7.70397786352948e+28
447 -8.935883821535897e+32
448 -8.935948198539606e+32
449 -8.935948652714443e+32
450 -8.24521081746008e+31
451 -1.0885803572951448e+20
452 -4.524570852289793e+29
453 -8.935951412654061e+32
454 -8.935951413367085e+32
455 6.297651859517944e+27
456 -8.935951413366966e+32
457 -8.935951413367085e+32
458 1.1229342980114141e+27
459 -9.320101681757675e+32
460 -8.97635635084182e+32
461 -8.975294580550264e+32
462 -8.641976827548805e+32
463 -7.864968213115621e+32
464 -8.935951534805632e+32
465 -8.607669740072649e+32
466 -8.935951532785308e+32
467 -8.935951413367085e+32
468 -8.935951413367085e+32
469 -8.804198293148163e+32
470 -8.840721108457137e+32
471 -8.935951413367085e+32
472 -8.935951413367085e+32
473 -8.935951413367085e+32
474 -8.935951413367085e+32
475 -7.95610059418145e+32
476 -8.658255961981787e+32
477 -8.935951413367085e+32
478 -8.404966643813624e+32
479 -8.756261758443197e+32
480 -8.935951413367084e+32
481 -8.81155937385375e+32
482 -8.895079445749675e+32
483 -8.39724295405171e+32
484 -8.337414397198429e+32
485 -8.935951413367077e+32
486 -8.935951413367077e+32
487 -8.631218200202913e+32
488 -8.08313829416201e+32
489 -8.935951413367071e+32
490 -8.935951413367068e+32
491 -8.935951413240384e+32
492 -8.93595141335852e+32
493 -8.82088131288445e+32
494 -8.903471433857738e+32
495 -8.792653119117948e+32
496 -8.935951413367085e+32
497 -9.338556446649302e+32
498 -3.62256767682223e+31
499 -9.338427642107893e+32
500 -5.6525729652192e+30
501 -8.93594854895405e+32
502 -4.033698386557169e+30
503 -8.97636727218138e+32
504 -8.936007757574859e+32
505 -8.935943124982163e+32
506 -4.0260505550793015e+31
507 -9.338556446649302e+32
508 -8.935940130193641e+32
509 -7.520079832368273e+26
510 -8.937085517790558e+32
511 -4.0348266980752794e+30
512 4.020304624926785e+31
513 -4.02605033282217e+31
514 -8.895603146383977e+32
515 -5.533547213439456e+30
516 -2.97354047000817e+17
517 -5.759570715689817e+23
518 -1.0688644927591613e+31
519 -8.935951413367085e+32
520 -8.935951413367085e+32
521 1.1652492453051354e+24
522 -8.935951415207504e+32
523 -96166017020759.47
524 -1.1828893946534297e+29
525 -8.935951413367081e+32
526 -8.935951413368676e+32
527 -4.902355199015864e+29
528 -8.935951413367085e+32
529 755866637472921.0
530 -8.935951413367085e+32
531 -8.935951413385982e+32
532 -4.3252714967163776e+17
533 -9.338556446649302e+32
534 -9.338556446649302e+32
535 -9.299684892448257e+32
536 -9.335536966031928e+32
537 -8.969672661515574e+32
538 -8.147335090280265e+32
539 -8.715269671239111e+32
540 -8.97038428607675e+32
541 -8.976356411634172e+32
542 -8.967314203466167e+32
543 -8.833716346115868e+32
544 -8.876111566631804e+32
545 -8.35081431748867e+32
546 -8.910442662090512e+32
547 -8.874591518104591e+32
548 -8.788370626251068e+32
549 -8.707620020748673e+32
550 -8.59624871665934e+32
551 -8.698759142914328e+32
552 -8.935951413367085e+32
553 -8.935951413367085e+32
554 -8.935951413367085e+32
555 -8.79585168565035e+32
556 -8.935951413367085e+32
557 -8.83533415303944e+32
558 -8.224370165659918e+32
559 -8.935951413367085e+32
560 -8.045898956077806e+32
561 -8.935951413367085e+32
562 -8.935951413367085e+32
563 -8.561929293801588e+32
564 -8.526207021624203e+32
565 -8.935951413367085e+32
566 -8.4425243862184e+32
567 -8.935951413367085e+32
568 -8.669540955412401e+32
569 -6.845723066050704e+32
evaluations raw_y
1 -1.4490134859245724e+25
2 -24552337521.575607
3 -3.22719560665827e+19
4 -2.5172134513345626e+19
5 -4574448392204020.0
6 3.3265874826460695e+22
7 1.5165158529820344e+32
8 7.283844618769967e+30
9 -1.2774333860513121e+29
10 4.225284955222971e+29
11 1.8370799277271372e+16
12 6.815107691155417e+21
13 99007373892649.75
14 -5.73674295158661e+26
15 1.894674955065896e+29
16 -1.1742341193759056e+27
17 -1.7816081116215776e+24
18 1.8281864259584726e+26
19 6.364273964389031e+22
20 -7.853731846772764e+31
21 1.957946730038365e+23
22 1.0420554126196528e+20
23 4.226874047182335e+17
24 -5.706333717316101e+19
25 3.6133508348537754e+21
26 6.43450423598452e+25
27 -1.1509093445468823e+22
28 4.6851484153362935e+28
29 2.0810184955131945e+32
30 -4.106338734341075e+20
31 -1.2053147378890895e+31
32 -4.342661720246935e+17
33 1.8386163562196146e+25
34 -2.9861664674585704e+30
35 1.846211135182285e+24
36 1.7101904862480737e+18
37 -3.449304914085109e+27
38 -2.9561439974326075e+24
39 -3.9476666289537564e+21
40 -3.0527816667525496e+16
41 -2.864397643154009e+28
42 4254209117375.9946
43 9.168930527214301e+20
44 -2.2214603844578702e+28
45 7.566374761808715e+23
46 -289635760626.7054
47 1.9589722154041326e+21
48 -1.5274835342104212e+25
49 5.388851482834372e+30
50 211470.6829065438
51 -5.040486825421259e+22
52 -1.0806208265141368e+31
53 -3.722133331739418e+31
54 -2.9994945444328964e+30
55 -4.0348266983107974e+30
56 -3.285074316999772e+25
57 -4.0260579035860763e+31
58 2.706371296415371e+30
59 -4.5318282190748665e+24
60 -2.6740004124294414e+26
61 -8.935883821243673e+32
62 -2.534661927107552e+24
63 -9.630123503649473e+21
64 -5.8820123578268855e+23
65 -9.466915854586793e+21
66 -1.1335645826365605e+20
67 -624376063805582.9
68 -2.656348144399355e+21
69 -1.6600261763149706e+20
70 -1.0560797890892604e+23
71 -3.3906593412245673e+18
72 -1.4009137370830077e+18
73 -3.4821117570984403e+19
74 -291212597884.6862
75 -258396534548.05167
76 19547.93822474763
77 2.352834437788571e+16
78 -20738125252054.46
79 268755620848101.66
80 1.6776717933051103e+18
81 3.634794145426325e+23
82 3.3926611593957417e+19
83 3.2955754999454974e+19
84 2.0467732442097378e+21
85 4.652540575271052e+20
86 5.877334755087576e+18
87 1.1431944010654924e+21
88 9.057231067795333e+20
89 -7.459291202033799e+31
90 -2.1768933859371497e+31
91 -3.0044163365699396e+30
92 -1.292748458910353e+29
93 -2.8428571042129556e+28
94 -1.9786523253544218e+28
95 -3.4924453482964497e+27
96 -1.1987855582247428e+27
97 -5.815868358357701e+26
98 -1.5029705975358786e+25
99 -3.008550606595033e+24
100 -1.7247356823763388e+24
101 -5.346378605822656e+22
102 -1.1385479415424795e+22
103 -4.0797716985431924e+21
104 -3.73913433134197e+20
105 -5.484682991370088e+19
106 -3.322179202295256e+19
107 -2.647899523623094e+19
108 -4.5360686952035085e+17
109 -3.111543359310746e+16
110 -4507588977990652.0
111 -288694262877.1703
112 -24699161789.34583
113 212765.77507273314
114 4231278582949.352
115 79938170440417.81
116 1.851181417485115e+16
117 3.359171565400384e+17
118 1.7058615311156767e+18
119 1.0016658453710324e+20
120 8.867927722278438e+20
121 1.9857008084169266e+21
122 3.6178899212824724e+21
123 6.809029815541067e+21
124 3.3151943889205143e+22
125 6.3685073235161605e+22
126 1.7109340014672493e+31
127 -8.971652945620732e+30
128 -8.93596269654052e+32
129 -9.035828386182617e+29
130 -8.935951413415841e+32
131 -8.935951413367085e+32
132 -1.0976646616057253e+31
133 -8.935962696538687e+32
134 -8990344199168216.0
135 -4.593524228500443e+27
136 -4.026050332824937e+31
137 -4.02605033282217e+31
138 4.0260503207554533e+31
139 -2.664886664350702e+30
140 -3.5061395096854184e+28
141 -7.361762823033318e+21
142 -8.966081713922563e+30
143 -1.3031231114165367e+28
144 3.614436288554368e+29
145 5.527661166657766e+26
146 -1.2076428153350054e+26
147 -3.502711067547982e+23
148 -6.75918311886771e+27
149 -1.3115074283679557e+26
150 -6.759183118867933e+27
151 -3.208602502933519e+31
152 9.487937135007227e+25
153 4.187031920798608e+27
154 1.1282419491932604e+27
155 -6.598102065091905e+26
156 -2.117146072074742e+25
157 -5.648276689421454e+24
158 -3.5557041155925864e+22
159 -4.0260503335398094e+31
160 -6.75918311886771e+27
161 -1.3632470236924636e+27
162 -6.75918311886771e+27
163 -8.935883821250345e+32
164 -8.515352531990923e+31
165 -6.8435904603634275e+31
166 -4.0260571692512927e+31
167 -3.730642815599735e+31
168 -2.4776584405820786e+31
169 -1.1973668748999327e+31
170 -1.0870935234607246e+31
171 -4.0348266983107974e+30
172 -3.148241208787222e+30
173 -3.028908029913311e+30
174 -2.9675766039760467e+30
175 -1.1557504796993144e+29
176 -1.2060445104290785e+29
177 -3.0096981374110116e+28
178 -2.863336524317069e+28
179 -1.9391608421667757e+28
180 -1.9651694689385004e+28
181 -3.4125200359715267e+27
182 -3.348211482209933e+27
183 -1.2685727647100275e+27
184 -1.2004085897803251e+27
185 -5.812545110430443e+26
186 -5.8846459774668924e+26
187 -2.4114891060352325e+26
188 -2.4637368405617237e+25
189 -1.1439190836392201e+27
190 -1.4139056319504748e+25
191 -4.625245899088845e+24
192 -2.892495369398214e+24
193 -1.4760490597749462e+25
194 -2.5344635698291306e+24
195 -2.550779734348817e+24
196 -1.7218982614060578e+24
197 -5.697408554806063e+23
198 -1.0661351580212214e+23
199 -5.445844152712368e+22
200 -3.5013541065442862e+28
201 -8.93595142272987e+32
202 -8.935951413370037e+32
203 -8.935951413367085e+32
204 7.728142650113532e+26
205 -1.0812530208991376e+30
206 -1.0437679245624353e+19
207 -8.935951415287223e+32
208 -1.1283174299917374e+27
209 -8.533357663258303e+32
210 -9.338476462502499e+32
211 7.177758419449518e+20
212 -4.026839082868405e+31
213 -3.0641597363119363e+31
214 -4.026053326151347e+31
215 -8.93595141336704e+32
216 -8.935951413367085e+32
217 -4.429533002653249e+31
218 1.1283085683459686e+27
219 -6.505861436485164e+29
220 -4.26554397570372e+30
221 20948166061148.484
222 -9.117781611684852e+32
223 -8.533348629162622e+32
224 4.025937501086739e+31
225 -8.935951413367098e+32
226 -4.025937501350693e+31
227 -4.034826698308894e+30
228 -4.034826698310797e+30
229 -1.1546874932888463e+27
230 -4.026058122753016e+31
231 -4.0260577077957056e+31
232 -4.02605033282217e+31
233 -1.2746615253837712e+31
234 -4.02605033282217e+31
235 8.935951413366972e+32
236 -1.0321635318844781e+29
237 -6.585182614316444e+32
238 -8.935962696538638e+32
239 -8.90890304065594e+32
240 -8.710301455641834e+32
241 -8.743218874523933e+32
242 -8.935883821247486e+32
243 -8.824480481322128e+31
244 -7.691090290314942e+31
245 -7.49155849709583e+31
246 -7.189321179664361e+31
247 -4.0260579642956973e+31
248 -3.233709200591345e+31
249 -4.0260503335335485e+31
250 -4.0260503328250264e+31
251 -4.02605033282217e+31
252 -3.7303436966516777e+31
253 -3.7663230612121966e+31
254 -3.212018716861354e+31
255 -1.9808373178994209e+31
256 -2.118643723287346e+31
257 -8.63643340923673e+30
258 -1.1776012132503423e+31
259 -1.1266658650516243e+31
260 -1.1330425741244772e+31
261 -1.065350592722109e+31
262 -8.730701037773788e+30
263 -8.956271140362922e+30
264 -4.0348266983107974e+30
265 -4.0326285486886734e+30
266 -3.196014067442503e+30
267 -2.7870995019760436e+30
268 -2.958680724756256e+30
269 -2.0841260332315446e+31
270 -3.0855147881006206e+30
271 -2.981486794032807e+30
272 -2.3308801255583798e+30
273 -8.79452252720253e+29
274 -4.0259582635996606e+31
275 -4.0259375010878214e+31
276 -8.935962695771171e+32
277 -8.935951414217009e+32
278 -8.935962696540507e+32
279 -8.533357663258303e+32
280 4.183650275240155e+16
281 -8.935940130203514e+32
282 -4.156576878753748e+31
283 -4.038247019510004e+28
284 -8.935951413367085e+32
285 -9.537989980575352e+23
286 -8.935951413367085e+32
287 3.363479222849567e+23
288 -5.808780573641518e+32
289 6.759183139945344e+27
290 -8.533292259723161e+32
291 -8.93595141089396e+32
292 6.759163898429961e+27
293 -8.935951413367085e+32
294 -2.886369020910032e+23
295 -8.935951445162275e+32
296 -2.0345506981127595e+25
297 -8.935951315808312e+32
298 -1.1297168618246038e+27
299 -3.7939001861747973e+31
300 -5.147242033899204e+21
301 -1.128317343458877e+27
302 -8.935951413367033e+32
303 -2.3326451820470635e+24
304 -8.935951413367085e+32
305 -3.1633934796078805e+31
306 -1.0151724462667363e+27
307 -8.935951413367087e+32
308 4.034823394172928e+30
309 -1.740133154828565e+29
310 -4.02605033282217e+31
311 -9.183743838469917e+32
312 -8.838486717426664e+32
313 -8.577955518763404e+32
314 -8.875415434597315e+32
315 -8.920087899033478e+32
316 -8.935951422668349e+32
317 -8.935951415419035e+32
318 -6.86643746307449e+32
319 -8.93595141336941e+32
320 -8.836179320300153e+32
321 -8.935951413367085e+32
322 -8.935951413367085e+32
323 -8.645002270621012e+32
324 -5.130815155916284e+32
325 -5.5506510101508936e+32
326 -8.935883821234053e+32
327 -8.935884688227185e+32
328 -7.128412808979677e+32
329 -8.877037197736589e+32
330 -8.935951413367085e+32
331 -8.539113372016922e+32
332 -8.068272693293089e+32
333 -6.377816377948942e+32
334 -8.821655101453292e+31
335 -8.40028513968146e+31
336 -7.879099547624807e+31
337 -6.791651911904322e+31
338 -8.499185040792987e+31
339 -2.010795422637655e+29
340 -7.141657857172366e+31
341 -7.034544322119572e+31
342 -4.429533002653249e+31
343 -4.0268289674836882e+31
344 -4.0260579247139294e+31
345 -3.120378181514983e+31
346 -4.0260581231242286e+31
347 -4.0260560533963446e+31
348 4.030224967247254e+30
349 -4.0164327203432315e+31
350 -7.535610316393243e+24
351 -8.93596269654052e+32
352 -5.461908396241545e+30
353 -1.1283185151698773e+27
354 -8.93596269654052e+32
355 -8.935962696540213e+32
356 -3.47493637631638e+26
357 -8.935951420625855e+32
358 -8.93591387876789e+32
359 -8.935951425866217e+32
360 -8.758883688503056e+31
361 -8.935962696540435e+32
362 1.0656180482373732e+19
363 -4.02605033282217e+31
364 6.736838441668244e+27
365 -5.412339756685937e+24
366 -8.935951413485477e+32
367 -8.935951413362178e+32
368 -8.935940130193651e+32
369 -8.935951413367085e+32
370 -8.935951413367085e+32
371 -3.215690740746123e+17
372 -1.155159222312532e+29
373 -8.935951413367085e+32
374 -8.935951413367084e+32
375 -8.935951413367078e+32
376 -8.935951413367085e+32
377 -8.935940130193651e+32
378 -8.935951413367085e+32
379 -8.935951413367085e+32
380 4.02605033282217e+31
381 -1.966062103235216e+32
382 -3.446900302177874e+31
383 -1.1690713707837195e+26
384 1.852040292908181e+31
385 -9.332019892659317e+32
386 -8.940657209685444e+32
387 -8.480313612146325e+32
388 -8.802432353520283e+32
389 -8.453805799325816e+32
390 -8.935962589538794e+32
391 -8.935962227569589e+32
392 -8.935962695770338e+32
393 -8.935951445291153e+32
394 -8.906829046421185e+32
395 -8.935951422773438e+32
396 -8.935951415418082e+32
397 -8.93595141577465e+32
398 -8.935951414207776e+32
399 -8.935951413413483e+32
400 -8.824874233376994e+32
401 -8.935951413369182e+32
402 -8.935951413367098e+32
403 -7.88474271020089e+32
404 -8.935794783336511e+32
405 -8.935951413367085e+32
406 -8.714018072267367e+32
407 -7.318994903611465e+32
408 -8.935951413367085e+32
409 -8.181282332250489e+32
410 -8.935951413367085e+32
411 -8.245123997151635e+32
412 -8.419638949174914e+32
413 -8.91243729089849e+32
414 -8.70686921462686e+32
415 -8.935951413367035e+32
416 -8.935951411062662e+32
417 -8.888646037526181e+32
418 -8.113395199505006e+32
419 -8.935883821353947e+32
420 -8.935883821247509e+32
421 -7.735938522028551e+32
422 -9.298208179666194e+32
423 -8.93595141340454e+32
424 -6.491468338943541e+30
425 -4.0260503297425485e+31
426 -9.033725910351016e+32
427 -8.935951413367085e+32
428 -8.93596269654052e+32
429 -8.93596269654052e+32
430 -8.935951413367002e+32
431 -8.935962696501918e+32
432 -8.895614429557407e+32
433 -1.151436172286805e+27
434 -1.1283173494689898e+27
435 4.02602430290191e+31
436 -8.9359514118466e+32
437 -8.817440239367185e+32
438 -8.895614429552618e+32
439 -6.945993514395405e+32
440 -6.987088739407806e+31
441 -2.3726304747666192e+26
442 -1.3083349029313237e+27
443 4.429533002609332e+31
444 -1.1283177813281522e+27
445 -8.935951413367093e+32
446 4.0260499015238623e+31
447 -8.93596269654052e+32
448 -697573611067467.6
449 -8.935951385372762e+32
450 -1.1083019691075919e+27
451 4.0259375010878214e+31
452 -3.5581149824332045e+21
453 -8.97629968035019e+32
454 -8.935951409666072e+32
455 -5.3336439845204294e+26
456 -8.935951413371903e+32
457 -8.935951417128702e+32
458 -8.935951413390395e+32
459 -9.338478664848245e+32
460 -7.92597372247475e+32
461 -8.553094049636072e+32
462 -8.851149497776031e+32
463 -3.3436620030950465e+32
464 -7.075631418380072e+32
465 -8.93596269654052e+32
466 -8.93596252346882e+32
467 -7.148214875559915e+32
468 -8.593525269514384e+32
469 -8.935962696540207e+32
470 -8.72648696466482e+32
471 -8.935961600090615e+32
472 -8.882899153871976e+32
473 -8.93596269575596e+32
474 -8.935961749159947e+32
475 -8.825057125089709e+32
476 -8.90617502585743e+32
477 -8.66673986896912e+32
478 -8.711297350457568e+32
479 -8.93595142253568e+32
480 -8.935951422407653e+32
481 -8.935951423162681e+32
482 -8.935951419272374e+32
483 -8.93595141602686e+32
484 -7.156395740537231e+32
485 -8.737493621430738e+32
486 -8.935951415273414e+32
487 -8.935951414224199e+32
488 -8.935951414245805e+32
489 -8.935951413485818e+32
490 -8.935951413417284e+32
491 -8.935951413401947e+32
492 -8.598826693832154e+32
493 -8.922103911760862e+32
494 -8.935951413369162e+32
495 -8.935951413367098e+32
496 4.0328119417378634e+30
497 4.0348264132047817e+30
498 -8.895603146536526e+32
499 -5.330912764312222e+32
500 -4.025891616427592e+31
501 -9.821980840483954e+27
502 -4.169468357669038e+29
503 -5.8797630234275736e+26
504 -4.0259374854300476e+31
505 -8.935951413367085e+32
506 -8.9359514134759e+32
507 -1.7073926791467232e+28
508 -8.93596269654052e+32
509 -8.93596269654052e+32
510 -8.93596269654052e+32
511 -8.935962696540497e+32
512 -1.1283173433880883e+27
513 -8.935952297820159e+32
514 -7.178894252595547e+31
515 -8.935962696457753e+32
516 -1.1821753529443388e+29
517 -8.935962696540507e+32
518 -8.533290071427113e+32
519 -1.274647080238889e+30
520 -1.1295508898764033e+27
521 -8.934170940228329e+32
522 -1.8194781766107614e+23
523 4.025937421306809e+31
524 4.034824610742918e+30
525 -1.3641568088722388e+26
526 -1.1283173434822981e+27
527 -5.708441332179607e+29
528 -8.935962696539988e+32
529 -8.93596269654052e+32
530 -1.1289393611904314e+27
531 -8.935951412814735e+32
532 -2.5175842375544027e+23
533 -9.176408592368338e+32
534 -9.33846071170812e+32
535 -8.851267096781699e+32
536 -9.105002204527855e+32
537 -8.914938321531975e+32
538 -9.14727537145905e+32
539 -9.035195220151886e+32
540 -8.857731398306031e+32
541 -8.899546751783632e+32
542 -8.930503978882554e+32
543 -8.935962530023676e+32
544 -8.93596269654052e+32
545 -8.93596269654052e+32
546 -8.935962591344546e+32
547 -8.89242501754973e+32
548 -8.652390617074699e+32
549 -8.735184529634095e+32
550 -8.687484393565802e+32
551 -8.935962696540242e+32
552 -8.9359626965402e+32
553 -8.9359626965387e+32
554 -8.858491858603135e+32
555 -8.935962199100661e+32
556 -5.751833877036673e+32
557 -8.935961786372732e+32
558 -8.935962695760096e+32
559 -8.801269948607267e+32
560 -8.935962436328704e+32
561 -8.935962696538976e+32
562 -8.738499769781428e+32
563 -5.049042368064857e+32
564 -8.935951434033886e+32
565 -8.761455124979335e+32
566 -8.935951425503667e+32
567 -8.289282051667933e+32
568 -7.88080987376572e+32
569 -8.935951422615659e+32
evaluations raw_y
1 1.5713079152014733e+17
2 -6.0898294301282165e+26
3 -2.2727536359472534e+25
4 8.487776242567718e+20
5 -2.8737581498816953e+21
6 1.0308055238851432e+17
7 132219408.30201809
8 2.9496146453263925e+29
9 -1.1029522058995718e+24
10 2.3122110468709637e+24
11 1.1986644876671404e+22
12 3.129083247626512e+24
13 -1.795338415270445e+22
14 -4.8161022702859e+24
15 -6.386219228125266e+20
16 1840428353178661.5
17 8.239207538010805e+24
18 -6.340776211808462e+20
19 -1.3383386986858687e+21
20 -3.0563514560593904e+24
21 -7.93968648230739e+23
22 32.715385713871996
23 -7.198719508319081e+32
24 -2.7811927170544783e+25
25 3.0395339289902197e+21
26 6.9857155579556535e+25
27 -7.294022296795507e+27
28 2.826162734418163e+24
29 6532965.766822474
30 1.0258337721221616e+20
31 -2.63346977399399e+23
32 1.5461669833405565e+17
33 -2.233460606539499e+31
34 3.5995526090998605e+25
35 -6.776257177697979e+23
36 4.74216094685634e+28
37 -6.751951749237411e+29
38 -30955606057.205284
39 1908578794.192419
40 3.9588885152666165e+25
41 -621035731066.7654
42 2.8065424318004012e+26
43 -2.8162760482346237e+23
44 -5.094183377831394e+25
45 6.117986572155287e+24
46 -1.9051216295637675e+26
47 -8.350497289405153e+20
48 -1.06894159633819e+22
49 -3116091879222204.5
50 -1.1902480131002804e+31
51 -4.8068515679241564e+23
52 -1.3212814309889832e+32
53 -2.690316864370271e+28
54 -1.9795729985050865e+32
55 -2.2862542730285267e+30
56 -8.935951413260612e+32
57 -6.66250040704655e+26
58 -6.648874673694731e+27
59 -7.12244173506139e+19
60 -1.5978265322819347e+25
61 -4.5868393864055296e+24
62 -8.935951413435059e+32
63 -2.312897001700408e+30
64 -6.077005119544474e+23
65 -1.9955456380476357e+23
66 -6.75918311886771e+27
67 -5.174305539714448e+20
68 -3.9689827358642437e+23
69 -3.8015403541248296e+29
70 -7.784343568118431e+21
71 -1.3058152685172374e+23
72 -4.484256981754814e+22
73 -2.4494079312201994e+18
74 -6.21063141169654e+22
75 -1.3421746037480102e+23
76 -5.621103380505201e+19
77 -2.2320992429630746e+18
78 -5370487344644.8955
79 -70188555888.05919
80 5.682404082511494
81 26083660.68732855
82 48378382.76182381
83 -403559.0880662583
84 -1.266176720902849e+18
85 6.49505385791778e+16
86 1.6672285329541138e+19
87 1.0699380384315877e+17
88 1.1538062261308039e+20
89 -7.33417077368856e+32
90 -2.3234550038770804e+31
91 -1.1885605322804705e+31
92 -6.549115709071949e+29
93 -6.475135470644691e+27
94 -6.320291677276762e+26
95 -1.8280471560185114e+26
96 -5.247905587594922e+25
97 -2.7129850431901126e+25
98 -2.322217511582107e+25
99 -7.717668463560565e+24
100 -2.929312872612137e+24
101 -1.2459379440528296e+24
102 -8.213507024675521e+23
103 -5.1298460991586076e+23
104 -3.6536826016963176e+23
105 -2.7519007340355142e+23
106 -2.6530937249349436e+23
107 -1.7671887129208315e+22
108 -9.898879258283892e+21
109 -2.871715686495158e+21
110 -1.3282220611050597e+21
111 -8.24712355867018e+20
112 -6.421237139445516e+20
113 -6.119647712575158e+20
114 -3116837746459165.5
115 -617138146997.18
116 -30944729324.173027
117 27.25180710650981
118 6545442.1657122215
119 134894274.5493818
120 1888853152.1963603
121 1938356929021611.2
122 1.000349512985839e+17
123 1.4940990067280768e+17
124 1.046197993681352e+20
125 8.556624503238559e+20
126 -8.935951413367009e+32
127 -8.935951413367085e+32
128 -8.935962697267906e+32
129 -8.503687226776253e+32
130 -8.935951413516265e+32
131 -8.93596269654052e+32
132 -4.035552779845998e+30
133 -4.02605033282217e+31
134 -1.3667482748306543e+29
135 -9.487638889051217e+17
136 -3.300749246077393e+26
137 1.1283144698266872e+27
138 -4.033698380967315e+30
139 1.075260342567689e+21
140 -4.0259375010878214e+31
141 -9.278547656895302e+24
142 1.2669873590094696e+22
143 8537106888689991.0
144 -6.739960095651146e+27
145 -4.4294068574433203e+21
146 -2.7863564433306253e+25
147 -8.935951413511758e+32
148 -1.191690906543903e+28
149 -6.758542388413587e+27
150 6.133478906474187e+32
151 -1.6202223103561562e+24
152 -1.6775886226625537e+27
153 -4.407242204556278e+22
154 -1.2616873224024786e+18
155 -6.75918311886771e+27
156 -8.196264531921947e+24
157 -1.817016983353492e+22
158 6.759183102813656e+27
159 -5.409077897116308e+23
160 -3.384866739865388e+18
161 -5.059451358177934e+22
162 2.107489372501519e+29
163 -8.935951413434871e+32
164 -8.93595141326399e+32
165 -7.139492295350209e+32
166 -7.568787666254385e+32
167 -1.9819058621674146e+32
168 -1.2885089487281862e+32
169 -2.3764478008142737e+31
170 -2.0840132636800806e+31
171 -1.1036859773377939e+31
172 -1.2317834617959432e+31
173 -2.259639461602518e+30
174 -2.3358587276523315e+30
175 -6.11197740650615e+29
176 -6.513789330759562e+29
177 -3.750353407370018e+29
178 -2.7705524569806348e+28
179 -7.543795157284407e+27
180 -6.477316659488148e+27
181 -6.658064511020467e+27
182 -5.967025537672947e+27
183 -6.523701515622332e+26
184 -5.79310377103804e+26
185 -6.176370436290094e+26
186 -1.8226364228598245e+26
187 -1.7729027023698342e+26
188 -5.510136170197461e+25
189 -5.228237467292191e+25
190 -2.9493301302663718e+25
191 -2.739990436563417e+25
192 -2.173945428367281e+25
193 -2.2430628789158024e+25
194 -1.4051137955231173e+25
195 -1.4939689809795047e+25
196 -4.778847856116438e+24
197 -4.5716333507788923e+24
198 -3.451900228266405e+24
199 -2.9866930179600904e+24
200 -8.935951568847315e+32
201 -1.1283173434827564e+27
202 -8.881996249839618e+31
203 -2.2832025945014448e+32
204 -8.935951413367097e+32
205 -7.80934969575294e+19
206 -6.614362988775415e+27
207 -8.935883821535898e+32
208 -8.935951310557138e+32
209 1.6734308355142527e+21
210 -8.93596269654052e+32
211 -8.935962808063333e+32
212 -8.935951413367085e+32
213 -8.935951415963731e+32
214 -8.935963295099892e+32
215 -8.935951413367088e+32
216 -2.3491133982642654e+20
217 -4.0274634876029304e+31
218 -8.935951413367085e+32
219 -4.026050332822375e+31
220 -4.942216901340964e+27
221 -4.02605033282217e+31
222 -4.429533002653249e+31
223 -9.673084806970062e+28
224 -8.935951413410628e+32
225 -8.935951426025133e+32
226 -1.8181366351890062e+31
227 -3.795696176220714e+26
228 -8.976299680365573e+32
229 -4.429533002653249e+31
230 -4.0348266983107974e+30
231 -4.0348266983107974e+30
232 -4.041585881429665e+30
233 7.484776469231373e+22
234 -4.034826698341008e+30
235 -4.0348072007637163e+30
236 3.972685788011939e+31
237 -8.935962276392114e+32
238 -8.93596269654052e+32
239 -8.903076916530572e+32
240 -8.9359514135072e+32
241 -4.4275136098153624e+32
242 -8.857886807319034e+32
243 -8.935951413367085e+32
244 -8.935951413367009e+32
245 -8.900601963486514e+32
246 -8.83537150320027e+32
247 -8.669164753186623e+32
248 -7.743038048537732e+32
249 -7.13240368042249e+32
250 -7.673939281392726e+32
251 -6.373400009605947e+32
252 -1.9881518913245898e+32
253 -2.056572053471631e+32
254 -1.2981305920712298e+32
255 -1.1604402078378086e+32
256 -3.9969280039746044e+31
257 -4.025938819342129e+31
258 -2.550983292594245e+31
259 -2.333547913094322e+31
260 -2.2311263638503985e+31
261 -1.9981816250973777e+31
262 -1.1571047584754125e+31
263 -1.2055475736681712e+31
264 -1.0931679276718406e+31
265 -1.0804285812573842e+31
266 -4.0355809964043474e+30
267 -4.0337430915999567e+30
268 -2.375454416443549e+30
269 -2.5024422424474418e+30
270 -2.268177921181565e+30
271 -2.2948162716784317e+30
272 -6.859946388051202e+29
273 -6.584371064807235e+29
274 -2.084289894123816e+32
275 -8.935951984953507e+32
276 -8.936030288371708e+32
277 -8.935962696546807e+32
278 -2.4575951938187155e+28
279 -8.845825687897718e+27
280 -8.935951879680683e+32
281 -2.4773182634704722e+30
282 -8.93595141336912e+32
283 -2.8932353694475083e+29
284 -1.1298408661189264e+27
285 -9.729986684046439e+30
286 -8.935939213257527e+32
287 -4.383831042712179e+19
288 -8.93595141336708e+32
289 -8.935962695803765e+32
290 -2.00640263425148e+30
291 -8.935951413367178e+32
292 -8.935951413367142e+32
293 -8.93595141336711e+32
294 -1.1134817071785759e+19
295 -3.745238690178401e+26
296 -6.759164077983734e+27
297 -4.9098733375406645e+22
298 -133089323141968.03
299 -8.935952611625456e+32
300 -8.936016931087474e+32
301 4.035305254236047e+30
302 -5.243293692192913e+25
303 -8.935951417940394e+32
304 -2.1578053161996705e+28
305 -8.935883821535897e+32
306 -8.93601900519826e+32
307 -8.93595141357708e+32
308 -6.796625214317067e+27
309 -1.172626608607802e+28
310 -1.1283173434952122e+27
311 -8.975008251566889e+32
312 -8.93596295432163e+32
313 -8.935962809302291e+32
314 -8.935962697227891e+32
315 -8.935962568492555e+32
316 -8.93596269654052e+32
317 -8.640028311070892e+32
318 -8.93058171224282e+32
319 -8.79075767721556e+32
320 -8.935951426489945e+32
321 -8.84649844527936e+32
322 -8.875086602999533e+32
323 -8.93595141351566e+32
324 -8.935951413509056e+32
325 -8.769503814150188e+32
326 -8.889605552159346e+32
327 -8.790732305661336e+32
328 -8.935951413367097e+32
329 -8.799056385289724e+32
330 -8.935951413367085e+32
331 -8.487198911317692e+32
332 -8.831841586788483e+32
333 -8.935951413367085e+32
334 -8.935951413367012e+32
335 -8.93595141336701e+32
336 -8.633117906860365e+32
337 -8.935951413262586e+32
338 -8.700345438239187e+32
339 -8.924812611531233e+32
340 -8.935951413510535e+32
341 -8.935951413265617e+32
342 -8.645162900499355e+32
343 -8.935951413258016e+32
344 -7.438326312008224e+32
345 -8.566015119176194e+32
346 -8.935951423211845e+32
347 -5.643921219555279e+32
348 -1.672036617328907e+30
349 -1.0125445911343674e+28
350 -8.936030288371708e+32
351 -2.660068486173912e+25
352 4.030376764442545e+30
353 -4.293148438188897e+31
354 -4.290906223532515e+28
355 -7.260051594815658e+28
356 -8.936095907964862e+32
357 -3.9290088979661577e+27
358 -6.414619518193581e+17
359 -1.1283424181204875e+27
360 -1.1283204969861435e+27
361 -8.935951413367085e+32
362 -8.93596269654052e+32
363 -8.93596269654052e+32
364 -9.534927112859855e+31
365 -8.93596269654052e+32
366 -8.936030288372086e+32
367 4.028067515260445e+30
368 -1.1796996665432207e+23
369 -7.684648345862433e+29
370 -8.935962696540563e+32
371 -9.338556446649303e+32
372 -8.935951413367291e+32
373 -6.724884705417105e+20
374 -1.6875292068482188e+30
375 -8.056868012702022e+30
376 -8.935951413367384e+32
377 -8.935951413367085e+32
378 -3.1808286111351065e+26
379 -1.3999692027462966e+32
380 -8.935951413367085e+32
381 -1.5367217027584165e+27
382 -1.278671334936828e+31
383 -5.128703290188698e+31
384 -8.93595141336713e+32
385 -8.975526545828547e+32
386 -8.97477766868035e+32
387 -7.373480356881639e+32
388 -8.93601715170367e+32
389 -5.392946711143615e+32
390 -8.935963325074388e+32
391 -8.782296872670993e+32
392 -8.935962711484687e+32
393 -8.935962772325412e+32
394 -8.935962697263876e+32
395 -8.935962190627062e+32
396 -8.935962596640928e+32
397 -8.93596269654052e+32
398 -8.286671683022363e+32
399 -8.93596269654052e+32
400 -8.532940600736912e+32
401 -8.935962695802514e+32
402 -8.682587635113105e+32
403 -8.850643609099245e+32
404 -8.935952601425899e+32
405 -8.935952000336835e+32
406 -7.990921725041284e+32
407 -8.636234315354e+32
408 -8.935951425961211e+32
409 -8.93595142463048e+32
410 -8.872611062937209e+32
411 -8.935951417655497e+32
412 -8.430028056791365e+32
413 -7.876586922509931e+32
414 -8.708613826688234e+32
415 -8.935951413514094e+32
416 -8.634892562021132e+32
417 -8.935951413509487e+32
418 -2.572551519495833e+32
419 -8.935951413505264e+32
420 -8.920519472436078e+32
421 -8.93595141342762e+32
422 -9.37890471363241e+32
423 -8.937036123763447e+32
424 -8.935962303486791e+32
425 -8.936327928874629e+32
426 -1.5741936518051998e+29
427 -1.1749301100974555e+27
428 -1.4320483665535043e+28
429 -1.1283749550449001e+27
430 -8.935957027372068e+32
431 -8.935951396570796e+32
432 -6.759172118196491e+27
433 -8.935940130193655e+32
434 -9.338635321653925e+32
435 -4.0367779252115284e+31
436 -8.935959596135623e+32
437 -6.882660029732734e+29
438 -8.935951413367085e+32
439 -8.936030288371708e+32
440 -1.238641663425126e+27
441 -8.93596269654052e+32
442 -8.936030288371708e+32
443 -8.935952225160316e+32
444 -2.7295978146107776e+32
445 -1.5902209858388453e+21
446 -2.0869145222964713e+31
447 -9.206986112224772e+30
448 -1.1252092536500225e+27
449 -8.93596269654052e+32
450 -8.935952162392203e+32
451 -8.935959935586805e+32
452 -1.1283173553646648e+27
453 -8.93596269654052e+32
454 -4.919831857073865e+25
455 -8.935962696540207e+32
456 6.651962332667151e+27
457 -8.935962696622981e+32
458 -8.93596269654052e+32
459 -2.9107891853850427e+32
460 -8.387023445562585e+32
461 -8.973357854812388e+32
462 -8.973888252115279e+32
463 -8.920219568749089e+32
464 -5.71840518207635e+29
465 -8.862701780689271e+32
466 -8.936029990140649e+32
467 -8.936028830436821e+32
468 -8.364974498897257e+32
469 -8.822728507998394e+32
470 -8.93601697943754e+32
471 -8.935963346053984e+32
472 -8.935963313993519e+32
473 -8.93596313114246e+32
474 -6.675501937687851e+32
475 -7.782909820431294e+32
476 -8.881171427872044e+32
477 -8.390012538147826e+32
478 -2.6035502258734054e+28
479 -8.935962697251353e+32
480 -8.855687474832302e+32
481 -8.93596234026395e+32
482 -8.86891276384439e+32
483 -8.773418617843596e+32
484 -8.935962479458266e+32
485 -8.93596269654052e+32
486 -8.935962597878174e+32
487 -8.843752213326164e+32
488 -8.93595856034403e+32
489 -8.93596269654052e+32
490 -8.93596269654052e+32
491 -8.882823100565521e+32
492 -8.935962664518729e+32
493 -8.744054280238603e+32
494 -3.459820634037715e+32
495 -8.905797034120497e+32
496 -4.0348267093029177e+30
497 -8.935962696541595e+32
498 -8.976317499927997e+32
499 -8.936057838843596e+32
500 -8.936020653553078e+32
501 -9.88678231009301e+28
502 -4.04158671338027e+30
503 -4.0415858814297026e+30
504 -4.0348266983108025e+30
505 -2.8654859815850187e+26
506 -8.935951807265271e+32
507 -8.950214796399996e+32
508 -2.4572880933531823e+26
509 -8.936019006528488e+32
510 -4.026726251137159e+31
511 -7.887501051561068e+27
512 -4.477913559195189e+16
513 -6.75918311886771e+27
514 -8.936019005211605e+32
515 4.028067515866695e+30
516 -2.876587654472133e+30
517 -8.533413971916049e+32
518 3.6532507328587174e+31
519 -8.935962696540798e+32
520 -8.935952737247703e+32
521 -7.249240393388788e+27
522 -7.569402798750491e+30
523 -8.935951413390177e+32
524 -2.224436748486442e+31
525 -9.338567729822736e+32
526 -9.338567729822736e+32
527 -8.935962696730727e+32
528 -9.338567729822736e+32
529 -8.935960318510547e+32
530 -8.93596269654052e+32
531 -5.951985485175841e+25
532 -1.2950459894196067e+27
533 -9.37890471363241e+32
534 -8.78292355872692e+32
535 -9.328638018030515e+32
536 -8.620710850450423e+32
537 -8.975366161701717e+32
538 -8.976299680365627e+32
539 -8.844015733589299e+32
540 -8.74337650242261e+32
541 -8.972043283324457e+32
542 -8.937033357065236e+32
543 -8.466082303588881e+32
544 -8.82071097330301e+32
545 -8.58905795615587e+32
546 -8.800783342237967e+32
547 -8.765046027117008e+32
548 -8.482198233262145e+32
549 -2.0134051192243254e+31
550 -8.752388032891235e+32
551 -8.936030186464005e+32
552 -8.936019005198257e+32
553 -8.936016973182282e+32
554 -8.936016860886491e+32
555 -8.93601688049082e+32
556 -8.935963479806384e+32
557 -8.906148560571311e+32
558 -8.935963315019414e+32
559 -8.935963162021346e+32
560 -8.935963067478762e+32
561 -8.935963089228157e+32
562 -8.449829646129839e+32
563 -8.935962793896456e+32
564 -8.935962830182021e+32
565 -8.30794185031628e+32
566 -8.935961619313285e+32
567 -8.935962614191337e+32
568 -8.935962697243336e+32
569 -8.935962291823924e+32
evaluations raw_y
1 8.841920226206751e+27
2 -7.645920099927188e+29
3 -4.956179510433042e+27
4 -1.621774839120087e+23
5 950.1132124202305
6 -123988053.64973874
7 7.627525722716188e+19
8 -3.36530508373831e+21
9 -7258689272327904.0
10 1.1670857244208662e+20
11 -7806265626520.616
12 -5.530466325983791e+19
13 2.5241863743515413e+24
14 -6.716229653757341e+28
15 -1.4672084149993087e+27
16 1.3122013759534196e+26
17 229944878552200.97
18 4.1576149449766637e+24
19 -8485899956493877.0
20 1.2315795463621152e+25
21 6.323036765886075e+18
22 -2.188610193634438e+16
23 2.0297884752271883e+28
24 4.605898694027799e+24
25 -5.847714098189611e+27
26 2.4837707896630395e+26
27 -2.3000070429507273e+26
28 43639559524784.945
29 1.2760748907425818e+18
30 7.105310297106538e+21
31 -2.903917390416019e+21
32 -4.08467223694582e+19
33 -1.236613245578298e+27
34 3.748420001357213e+24
35 2.7080747130561344e+17
36 -1.2831314322185346e+21
37 -1.4115708740899734e+28
38 7.476731650302812e+18
39 5.565295498669514e+25
40 -3.2783070178480497e+22
41 8.840287500776489e+25
42 -4.679167164542008e+18
43 -4.971887070644549e+18
44 -4.657644231041416e+18
45 -1.826244149433512e+19
46 -114527705780.5543
47 -9.432549730524286e+23
48 1.4569735994976073e+26
49 8.5683371564514e+22
50 -2.677423730909017e+28
51 -724467090.6074624
52 -4.034788125411417e+30
53 -3.5083733818992466e+27
54 -1.8994940183157077e+25
55 -7.548869453714699e+26
56 -4.091894793340665e+28
57 -4.406447268878845e+26
58 -1.338382783479539e+27
59 -4.0348266983107974e+30
60 -6.841029672081228e+25
61 -7.505332634397961e+23
62 -5.854557061527542e+27
63 -1.0948401011963233e+26
64 -1.1473730924201189e+26
65 -227756773595520.38
66 -1.1898125649664666e+23
67 -7.979097234953285e+19
68 -9232271798141362.0
69 -3.8183772694767186e+18
70 -6.627980974091131e+21
71 -5.409766418464842e+18
72 -1.502470621816301e+17
73 -133863038987472.25
74 -3031185498628951.0
75 -1.0066669086557418e+16
76 -133363879890422.92
77 -1836832022.5172079
78 -315484809.1298754
79 1629.696684599476
80 280.1573613292183
81 15514093471495.45
82 1.3409597953246605e+17
83 5.049981902836261e+19
84 7.49980278243379e+23
85 3.1381075619241305e+21
86 1596051972355907.0
87 6.798266995003192e+17
88 7.885140390864421e+16
89 -7.353361916301676e+29
90 -6.209342867590855e+28
91 -2.597366267829669e+28
92 -1.4100023351118486e+28
93 -5.890632389662936e+27
94 -4.979032130267631e+27
95 -1.4847960208884306e+27
96 -1.2353878491182421e+27
97 -2.2788041681179127e+26
98 -9.161764408177265e+23
99 -1.5569245254402637e+23
100 -2.9601503247231133e+22
101 -3.477902278342331e+21
102 -2.864811857606582e+21
103 -1.319106287688389e+21
104 -4.247809118398193e+19
105 -4.1657862368578355e+19
106 -1.8215926971241638e+19
107 -4.975824130176184e+18
108 -3.9331697684014234e+18
109 -4.820355445477246e+18
110 -2.1798524598546564e+16
111 -9806582506951542.0
112 -7439864775065656.0
113 -7052899867341.68
114 -114496489792.86084
115 -887010323.3850619
116 -123750235.13780099
117 951.1614199328509
118 44584409629448.11
119 217772994209662.53
120 2.7522661653529558e+17
121 1.2769829360234386e+18
122 6.413057506209745e+18
123 6.181225768820146e+18
124 7.813402208327136e+19
125 1.1245134553425589e+20
126 -4.0348266983107963e+30
127 -4.428919932146947e+31
128 -1.4583648199029293e+25
129 -4.035242502003585e+30
130 -6.336997427537359e+28
131 -8.936019231388035e+32
132 -1.894055114891264e+29
133 -1.6602141128942123e+30
134 -1.5043087219906242e+20
135 -1.2697454139316257e+28
136 -4.0348005320656596e+30
137 -2.698366128400115e+28
138 8.49299811310176e+32
139 -4.8762054725895534e+27
140 -8.935951413520911e+32
141 -2.567912025610714e+28
142 -9.338624038480491e+32
143 -7.953349460194726e+27
144 -6.759185491616913e+27
145 -6.790642872138115e+27
146 -3.390484434485535e+23
147 -1.32113932549057e+28
148 -6.62437451046669e+21
149 -6.830491073406792e+27
150 -2.0613627180228146e+26
151 -3.0932073976868634e+25
152 -9264599287187518.0
153 -10332216112720.328
154 -2.731792585707249e+29
155 -3.7938978578844167e+30
156 -4.7232453998351446e+26
157 -1.1283173327157335e+27
158 -2.1504636528079663e+19
159 -6.459056271965363e+21
160 -1.1241780041914235e+24
161 -2.278364081892037e+16
162 -1.756388559690609e+25
163 -4.0348266983107974e+30
164 -3.477951304363363e+30
165 -7.636053680793073e+29
166 -6.2134726472174376e+29
167 -6.1881745223938895e+28
168 -6.136022699434368e+28
169 -4.110319156821152e+28
170 -2.431631855771423e+28
171 -2.619641753567906e+28
172 -1.361206932854959e+28
173 -1.429549989357153e+28
174 -5.870106808774067e+27
175 -5.298599932323214e+27
176 -5.750266963652477e+27
177 -8.947855516243768e+27
178 -4.8598412269723213e+27
179 -3.741618876893622e+27
180 -1.4533913191144313e+27
181 -1.4587385045212526e+27
182 -1.109071446486115e+27
183 -1.224920302081988e+27
184 -1.1784039694408212e+27
185 -7.342962781709689e+26
186 -4.370861569122755e+26
187 -2.347572200089732e+26
188 -2.260394648976584e+26
189 -1.1232371763643965e+26
190 -1.0455208068337327e+26
191 -6.830552085615892e+25
192 -1.8346750277655286e+25
193 -9.484680341415768e+23
194 -9.126548863064527e+23
195 -7.523420331428787e+23
196 -1.665596370949815e+23
197 -1.568084000975689e+23
198 -1.150067251219144e+23
199 -3.3378863838294415e+22
200 -4.1563693967152995e+31
201 -8.935951413369211e+32
202 -8.936019005198274e+32
203 -1.2052812445462581e+24
204 -2.3767454180624178e+20
205 -1.367951251461053e+25
206 -1.7706811590822946e+20
207 -4.034826698221147e+30
208 -4.0348266983107974e+30
209 -4.0344491169595727e+30
210 -1.3301866379256324e+24
211 -6.639608939582692e+27
212 -4.0348266983107045e+30
213 -2.8164148332718915e+29
214 -4.034819495705277e+30
215 3.185152093960477e+27
216 5.381884128513717e+27
217 -4.0348266983107974e+30
218 -4.026825311159272e+31
219 -1.0605376025170417e+29
220 -8.936019048798014e+32
221 -8.936997791401727e+32
222 -9.338556446649302e+32
223 -6.760942937317321e+27
224 -7.294166104337299e+26
225 -6.763109255244181e+27
226 -8.935951413756211e+32
227 -1.1787903544713563e+23
228 -4.0348266983107974e+30
229 7.88739734082753e+27
230 -5.559473244873143e+31
231 -4.0348266983107974e+30
232 6.269650496543596e+24
233 -3.429201384844208e+30
234 3.354686829060031e+25
235 1.4450461360981902e+27
236 -5.047352567210423e+21
237 -9.290536508685973e+32
238 -8.356912511241468e+32
239 -8.935951413524583e+32
240 -4.273397540702159e+31
241 -4.035257724896875e+30
242 -4.0348266983107974e+30
243 -4.0348266983107974e+30
244 -3.5178156324496717e+30
245 -4.0348003627502156e+30
246 -4.034788039152493e+30
247 -3.766850949018152e+30
248 -3.449240711492171e+30
249 -1.6123041189950374e+30
250 -1.2947234152168856e+30
251 -7.851005332803531e+29
252 -7.342518570616711e+29
253 -5.998197355494011e+29
254 -2.468171368638418e+29
255 -1.8576832973969966e+29
256 -7.510795027178582e+28
257 -8.421358665005432e+28
258 -6.406523870374134e+28
259 -5.965407273687255e+28
260 -6.028390323137686e+28
261 -4.01406390710037e+28
262 -3.1216976684800394e+28
263 -1.9546382154653978e+28
264 -2.633843474854526e+28
265 -2.590044709301982e+28
266 -2.62343847057876e+28
267 -2.5859626626924385e+28
268 -2.5581498820979705e+28
269 -1.2890639066868724e+28
270 -1.4321110808029606e+28
271 -1.411585042222809e+28
272 -1.7286863807756306e+28
273 -1.3649228554257496e+28
274 -4.0260522834514307e+31
275 -9.338556446649302e+32
276 -8.936019005198274e+32
277 -9.29819689649276e+32
278 -8.935951413936045e+32
279 -1.063005560293176e+28
280 -8.626678488505476e+30
281 -8.935951432745116e+32
282 -1.1134229990757387e+30
283 -1.3135985068319043e+32
284 -1.8751245283629016e+25
285 -8.936019005198385e+32
286 1.1283173434826588e+27
287 -1.8555342086265346e+31
288 -4.429537257653141e+31
289 -8.935975675174087e+32
290 4.3946173819515606e+26
291 6.75884214247524e+27
292 -7.6381472211851995e+28
293 -4.034826698309889e+30
294 -4.0348266983107974e+30
295 -7.405552814902399e+23
296 -3.5333605142361794e+26
297 -1.139760822873687e+30
298 -4.291177284059283e+18
299 -4.034965101569116e+30
300 -2.1225620311298608e+21
301 -4.9083751339360506e+27
302 -1.3127001752054516e+30
303 -4.034826698359307e+30
304 -4.0280675163336763e+30
305 6.759183118867606e+27
306 -4.02806751519193e+30
307 -4.026050626950072e+31
308 -1.2241011014345874e+30
309 -4.034826684308692e+30
310 -4.032283327031386e+30
311 -9.140619466386778e+32
312 -9.338556446649302e+32
313 -9.229252273334311e+32
314 -8.937030333420987e+32
315 -8.936019290719332e+32
316 -8.582406406514427e+32
317 -8.936018909292533e+32
318 -8.329000150593649e+32
319 -8.474416387021126e+32
320 -8.935951413526527e+32
321 -8.469880236964372e+32
322 -7.892086094506366e+32
323 -5.654438943743466e+31
324 -4.3997717532057585e+31
325 -4.394200721381265e+31
326 -4.158388872994686e+31
327 -3.6281928657259683e+31
328 -3.973470022286303e+30
329 -4.0043847562452524e+30
330 -3.954546226016151e+30
331 -4.0348266983107974e+30
332 -4.0348266983107974e+30
333 -4.0348266983107974e+30
334 -4.0348266983107974e+30
335 -4.0348266983107974e+30
336 -3.75110517366645e+30
337 -3.942044300885207e+30
338 -3.9506507771108765e+30
339 -3.6367869020288144e+30
340 -4.0348266982195736e+30
341 -4.0348203618814543e+30
342 -4.023362700846915e+30
343 -3.9483468865740333e+30
344 -4.034788272052943e+30
345 -3.747710964978432e+30
346 -3.4557976685784445e+30
347 -3.799172553987089e+30
348 -9.338624038480491e+32
349 -1.1879504454330612e+30
350 -4.0260503329985447e+31
351 -8.935951422318967e+32
352 6.246406529114931e+21
353 -8.937150939493198e+32
354 -1.5990914725358632e+22
355 -4.0260939509932885e+31
356 -8.938919906865105e+32
357 -3.936599008538565e+28
358 -3.538993943082248e+32
359 -8.947858559448073e+32
360 -9.338624038480491e+32
361 -8.895670738215166e+32
362 -8.936019005198274e+32
363 -8.935951413367273e+32
364 -6.004897889034094e+30
365 -1.815616454889106e+29
366 -3.361457245826138e+32
367 -1.3057792495439718e+23
368 -8.93595164369883e+32
369 -3.446103889318301e+28
370 -7.09550961955817e+27
371 -1.526780362310665e+27
372 -8.91587343245875e+25
373 -8.895603214836455e+32
374 -6401818081115036.0
375 -2.426878087179308e+23
376 -7.693327149658767e+17
377 -6.800307743512005e+27
378 -8.936019005198274e+32
379 -4.5740539094323014e+26
380 -6.435207508689735e+29
381 -8.935951413367085e+32
382 -4.034826766813369e+30
383 -4.428857084341363e+31
384 -9.157529599468595e+32
385 -9.266886676256292e+32
386 -9.338556446649302e+32
387 -9.338556446649302e+32
388 -9.326420069395753e+32
389 -9.299354952137378e+32
390 -9.054876872134027e+32
391 -9.283822267258696e+32
392 -9.04406200044965e+32
393 -8.937084981446561e+32
394 -3.600990192629775e+32
395 -8.936019300747666e+32
396 -8.892930163643342e+32
397 -8.16418455159897e+32
398 -8.725972680131531e+32
399 -8.936019005198274e+32
400 -8.936019005198274e+32
401 -8.92895988246025e+32
402 -8.935975537155285e+32
403 -8.284712855674825e+32
404 -8.935951413988317e+32
405 -8.020093402219915e+32
406 -8.93595141352707e+32
407 -8.255589528363277e+32
408 -8.619885002313154e+32
409 -7.183901507950772e+32
410 -8.936014538716802e+32
411 -8.817312482389727e+32
412 -8.935951413369192e+32
413 -8.541181928763746e+32
414 -7.528477500432645e+32
415 -7.815903601458924e+32
416 -1.3871340159699823e+32
417 -5.64185674011716e+31
418 -5.692300672510192e+31
419 -4.33616408133685e+31
420 -4.350087292080086e+31
421 -4.42604244585036e+31
422 -7.570216996433511e+26
423 -4.0267262766584894e+31
424 -9.43138814789864e+29
425 -4.0323653018090885e+31
426 -2.7215028654944515e+31
427 -6.759289655817325e+27
428 -6.833041380887472e+32
429 -9.338556446649302e+32
430 -8.936620299402232e+32
431 4.0359550156542793e+30
432 -9.29819689649276e+32
433 -4.0260503328258195e+31
434 -4.0267262511340566e+31
435 -4.026726251137074e+31
436 -2.3906919297694597e+25
437 -4.035961253598295e+31
438 -4.0271174115616834e+31
439 -4.0295950709317642e+31
440 -9.338624038462446e+32
441 -8.936019005198274e+32
442 -4.026726251134112e+31
443 -8.648457841800319e+30
444 -1.5598793420335298e+31
445 -8.896182503536547e+32
446 -4.0260503242537387e+31
447 -7.66197402337455e+30
448 -4.170908841153999e+31
449 -9.338624038479558e+32
450 -9.338556446649302e+32
451 -1.0144891100208725e+25
452 -9.338556446649302e+32
453 -6.759183376986506e+27
454 -8.936019005198274e+32
455 -8.935951420028308e+32
456 -8.936019005198274e+32
457 -8.935951413367085e+32
458 -1.4449996158683376e+28
459 -9.270436329478975e+32
460 -9.285078282697487e+32
461 -9.327430640070937e+32
462 -9.116963124139705e+32
463 -9.250643348879042e+32
464 -9.216416306678998e+32
465 -9.192699995691543e+32
466 -9.143270745610897e+32
467 -9.338556446649302e+32
468 -9.298491049807957e+32
469 -8.472205327615749e+32
470 -9.285682623110844e+32
471 -3.4870733733529578e+31
472 -9.272488108214007e+32
473 -8.651949690700252e+32
474 -9.137118532379252e+32
475 -9.174732699027448e+32
476 -8.934249106399523e+32
477 -5.500097347768077e+31
478 -8.677168860762114e+32
479 -8.927059849128242e+32
480 -8.937337242420378e+32
481 -8.937155960351754e+32
482 -8.937022246241917e+32
483 -8.937013105671516e+32
484 -8.884598890865001e+32
485 -8.603369732682022e+32
486 -8.936019215686248e+32
487 -8.936019049225502e+32
488 -8.560757794321793e+32
489 -8.654088537489576e+32
490 -8.930722199424587e+32
491 -8.936019005198274e+32
492 -8.781197824600081e+32
493 -5.535425067402145e+32
494 -8.789786292100745e+32
495 -8.323576968665678e+32
496 -9.338556494877591e+32
497 -8.940539601303241e+32
498 -9.338556446649762e+32
499 -9.33855645805281e+32
500 -9.338556446644788e+32
501 -3.3860562810893866e+31
502 -9.338556446649302e+32
503 -1.8085449564286466e+31
504 -7.440785795606712e+24
505 -1.9527679408842125e+27
506 -8.935951413367085e+32
507 -8.954222843668988e+32
508 -9.305036253244568e+31
509 -4.0268373038849934e+31
510 -9.338556446649302e+32
511 -4.0260518453540767e+31
512 -8.895591863210543e+32
513 -9.338545163475868e+32
514 -1.349105327732572e+27
515 -4.023837005266125e+31
516 -9.338570444070771e+32
517 -8.935951413369345e+32
518 -4.026050332841419e+31
519 -9.064845344475499e+32
520 -8.936019005199342e+32
521 -9.338556446649302e+32
522 -1.9346240970455596e+32
523 -4.02605033282217e+31
524 -4.026754770072024e+31
525 -6.380907437792812e+30
526 -1.9623172020805384e+26
527 -1.9391780494640384e+29
528 -8.97630011485774e+32
529 -8.936094641829096e+32
530 -9.338624038480491e+32
531 -4.0260509425633767e+31
532 -4.464638645238679e+28
533 -9.120782422897593e+32
534 -9.338624038480491e+32
535 -9.3386238881409e+32
536 -9.326980134780788e+32
537 -8.299847663363266e+32
538 -9.243185151537875e+32
539 -9.22990495920341e+32
540 -9.338556446649302e+32
541 -9.222469579108628e+32
542 -9.292950519725304e+32
543 -9.16495787592205e+32
544 -9.073989911904605e+32
545 -9.203043228899786e+32
546 -9.338556446649302e+32
547 -9.238173499591806e+32
548 -9.318415256790954e+32
549 -9.288846571313782e+32
550 -8.927936189074539e+32
551 -8.781623878691009e+32
552 -9.005467362682347e+32
553 -9.279973219060435e+32
554 -9.279860874016874e+32
555 -8.991294615232361e+32
556 -8.738888311829323e+32
557 -8.1181194881187e+32
558 -8.869917181282413e+32
559 -9.174450074940235e+32
560 -9.355004043830139e+32
561 -9.2928308319621e+32
562 -8.89933840325772e+32
563 -7.586467182717287e+32
564 -9.084299502566002e+32
565 -8.57677593446319e+32
566 -9.302966473706771e+32
567 -9.247047322326725e+32
568 -8.917099257706136e+32
569 -9.005740129337364e+32
