evaluations raw_y
1 -27.667291068233183
2 -29.95619992637437
3 -2.969188603224868
4 53.40817753820986
5 -9.063838418677365
6 9.402923347780778
7 81.7740525036433
8 -79.1748070592891
9 49.07876436809895
10 104.73053760923906
11 52.72241921686345
12 98.24947515502154
13 172.76696061878556
14 90.25127144278234
15 -66.2819867507556
16 194.9008178468975
17 58.418396840219025
18 48.116758047423176
19 60.53966720379749
20 133.57143139971365
21 -9.112950457944763
22 -11.042875808206338
23 -22.534600376216613
24 -60.96314763879067
25 -41.62261888018817
26 84.84197324183256
27 60.73445210495403
28 -30.56535659444849
29 -47.54641406440847
30 -18.829361817697414
31 -71.17595429802458
32 -50.11241217272575
33 -56.822836809817254
34 -80.61547023368577
35 45.11932020313979
36 -44.36259416303541
37 -9.594415736255556
38 -23.379621920160382
39 -68.23777979290287
40 52.9660586949161
41 -45.55490914721541
42 16.118536908138278
43 -73.10778302376826
44 42.68485598895901
45 -57.193737964816975
46 -75.90279649818669
47 29.379407758323694
48 26.820257128580373
49 -46.70032878674919
50 -26.223827658064998
51 -80.47733536553118
52 1.4457545443398936
53 -48.27881232225908
54 -40.55826027322716
55 3.316927666287
56 -58.22663978632167
57 42.51642271177458
58 -24.078111758322265
59 -42.720654180565994
60 -32.201931404158564
61 -29.148437406307522
62 -71.48226684269896
63 -70.66388418027954
64 -57.6980087058851
65 -68.58594831435514
66 62.03309283557746
67 -18.245104705908705
68 -35.79528795420632
69 -59.4626151763008
70 -66.94695414227584
71 -6.711442161039166
72 -68.05520550014384
73 -73.06226373479586
74 -45.89287315442385
75 26.727311331490103
76 -43.402870337008494
77 -47.22240167307945
78 -83.7564725636419
79 -18.163864221900802
80 -62.96528724397734
81 -72.831823422348
82 -49.11610757676935
83 -66.01836315699471
84 -55.58826392285409
85 -68.95385000605818
86 -25.63197660740033
87 -52.560456865533915
88 -33.267395990308124
89 -76.12249471526616
90 -84.13274321350212
91 -77.17922080996942
92 -28.796393348609985
93 -95.43193284693494
94 -63.39513267183862
95 -37.734889033557295
96 -61.42321233615185
97 -26.397842985127312
98 -92.2956662928217
99 -33.782957596964096
100 -10.703380983793753
101 -80.72360011538974
102 -40.674151676089316
103 -58.09214122681027
104 -89.85014509532478
105 -63.767833886904185
106 -60.025506118814384
107 -56.47807171190056
108 -75.5086077755611
109 -83.50123073542645
110 -60.23819244481599
111 -81.75647417675978
112 -83.89514905158067
113 -51.025069167098536
114 -84.9370918696449
115 -83.28872639229947
116 -62.67004717638785
117 -89.5348011785043
118 40.8221625996025
119 17.056472754086236
120 -54.3793202667513
121 -89.0305941252465
122 -92.07521714837395
123 -29.35480893967465
124 -102.72309321909978
125 -39.39575376223092
126 -74.41161559152769
127 -97.45578250300333
128 -111.14345593328264
129 -81.11574972483919
130 -42.750636268454336
131 -70.85079890346834
132 -104.95054136273274
133 -34.456884474970046
134 -76.19005230356771
135 -85.14939664812029
136 -98.62738618288898
137 -76.45332009149942
138 -97.5309389875029
139 -57.78933048351371
140 -102.84834044789807
141 -83.34296506146337
142 -81.15041566984051
143 -73.95224051694086
144 -28.940194223039576
145 -108.11864785931553
146 -94.69309707384001
147 -74.58684967374641
148 -94.88875837468655
149 -68.48092977859139
150 -71.06037011688767
151 -32.25184456125229
152 -82.94008627431181
153 -76.89898171655929
154 -69.22558608595129
155 -100.53608587175772
156 -99.78201525771702
157 -106.81881867666947
158 -117.29065309050452
159 -108.309839464129
160 -108.99420531237932
161 -117.77877952713597
162 -104.9609622693234
163 -78.52438744675231
164 -98.0673375116194
165 -109.36203344858524
166 -93.63254284869744
167 -112.01317878237914
168 -94.52490221887439
169 -93.96025706791684
170 -80.9983655662746
171 -106.0616905951598
172 -43.967267570812666
173 -93.71891688828819
174 -95.58399729214423
175 -60.37243448723659
176 -57.688435624224745
177 -88.42601493914073
178 -93.89414527304865
179 -105.90810479552772
180 -78.6715426404602
181 -72.36057388682757
182 -64.32389837011215
183 -87.82920180296856
184 -110.04540452151548
185 -65.807609123094
186 -105.58560874523747
187 -92.0895541466466
188 -94.14413128893115
189 -104.82245047127148
190 -101.77193342043208
191 -130.50547588296902
192 -112.59640593611539
193 -101.17034805865167
194 -106.96016164527245
195 -116.7688249178248
196 -119.25247776728973
197 -89.57300111488583
198 -105.10575291569343
199 -109.88339446491358
200 -98.9859990995107
201 -100.46025964088273
202 -104.73935082494766
203 -112.31078728211095
204 -90.46852450601101
205 -67.77686773033801
206 -92.91653655459271
207 -73.3512944001605
208 -111.80047572528906
209 -86.21900742735505
210 -108.18595559430806
211 -105.62687265018289
212 -71.45599938542429
213 -111.8070998203041
214 -114.99389075133934
215 -106.397659433737
216 -50.27082560931657
217 -103.16910211575147
218 -85.24659752734033
219 -88.58794665949456
220 -114.21861527563092
221 -98.76697296627782
222 -113.82654716058897
223 -121.57437489729708
224 -121.16085063626744
225 -90.50116824660037
226 -116.11910345765625
227 -111.80769267248678
228 -93.80068273445562
229 -98.80058940976178
230 -108.36519376428609
231 -89.04079738951654
232 -93.79008818542877
233 -94.02206099544141
234 -110.58280261642498
235 -109.05223295926203
236 -127.28172146550428
237 -97.82000585607592
238 -99.82399632018013
239 -93.19262958097762
240 -108.14519338091125
241 -113.72541327867184
242 -109.83248569482356
243 -87.4735423758234
244 -92.65316357877876
245 -104.24910032847852
246 -121.16577930721024
247 -99.9163001569695
248 -118.68587528730392
249 -112.14434825307893
250 -108.25850952880826
251 -122.39524620790476
252 -125.53730145812052
253 -115.11002689301276
254 -125.70311728076095
255 -101.09510004773325
256 -92.61301473091518
257 -127.4436887329595
258 -127.27071045251056
259 -107.09575213442814
260 -114.9939755046754
261 -106.87315115641199
262 -99.30167983080693
263 -99.5772259869331
264 -111.06176013853418
265 -120.93804114698007
266 -94.97073375732012
267 -111.90869595306295
268 -105.58515541861243
269 -120.60371458076669
270 -108.74291499780068
271 -99.6117000068415
272 -109.62648534044224
273 -119.32907812955926
274 -113.57773438926435
275 -100.77493257087872
276 -111.25356775223122
277 -108.37135556350675
278 -107.42558121242809
279 -113.39733169617129
280 -122.8710139764406
281 -108.33624464567336
282 -108.18008113738644
283 -109.81304427060876
284 -96.22348630236257
285 -107.98040080716504
286 -109.33037026311499
287 -107.81666509772516
288 -94.08608203613497
289 -104.9887347605703
290 -125.67552104477481
291 -126.63343298473522
292 -95.20929802560394
293 -112.7359902057605
294 -109.0960230426362
295 -115.20224486622848
296 -112.76551962972462
297 -104.93126313993774
298 -112.83229473882751
299 -113.45277417968053
300 -110.69775074548025
301 -117.579665232825
302 -110.10131031365799
303 -122.0611175350634
304 -115.10540370589646
305 -107.77287664123064
306 -116.41850920684215
307 -109.63753700177818
308 -120.73362340815406
309 -113.52587109980423
310 -136.38811465784877
311 -113.94450895662331
312 -113.42195034331452
313 -113.11709945050858
314 -105.10918389577427
315 -110.14689464445489
316 -119.0131707976889
317 -111.98320027558653
318 -106.62265675690728
319 -117.36453862779713
320 -107.38629110913406
321 -111.30756359463808
322 -112.44428983707476
323 -126.58574915329126
324 -127.36325967826171
325 -112.60604115430475
326 -109.07896020202834
327 -114.21713323508561
328 -110.0747713245274
329 -125.96215394754407
330 -113.18328785699538
331 -108.54755814696198
332 -118.35766838053911
333 -113.19597323456014
334 -112.12659286417929
335 -107.91455801029919
336 -109.43565972882988
337 -111.80648896178553
338 -100.73961621460349
339 -105.64177269721924
340 -119.37374684834168
341 -131.02686136829576
342 -130.34816921401273
343 -113.74473132585564
344 -106.30720380854632
345 -114.45949369559335
346 -121.93914903716136
347 -128.98171393656003
348 -126.95956270705769
349 -110.79495623387976
350 -130.4655657859414
351 -103.66055725281666
352 -109.0568150506436
353 -113.47558820504996
354 -125.47297018741665
355 -129.09678046794252
356 -115.61072295958542
357 -114.6149761358925
358 -112.47257147130495
359 -117.34883745442967
360 -105.5819958686598
361 -115.11508161839679
362 -110.50199803587805
363 -108.10766961576329
364 -109.23609159828011
365 -123.02485981611453
366 -118.61534968671936
367 -127.63285341338499
368 -129.4281199665339
369 -107.74874523502086
370 -116.53833494118135
371 -116.89357841320245
372 -114.04399986554805
373 -116.7380550479021
374 -127.48290855680273
375 -109.05541421175627
376 -108.91265261138079
377 -107.8069326442685
378 -113.76861123165709
379 -114.18737786417468
380 -111.11953001628504
381 -123.34076417872514
382 -133.33275639529893
383 -120.55014469669453
384 -118.92708923530866
385 -107.28458438013884
386 -114.01433583201977
387 -117.1142162350312
388 -135.42763428096413
389 -125.9319134793902
390 -114.01417541964092
391 -108.68588200399157
392 -110.48595605153592
393 -120.81776351973544
394 -112.44516313880686
395 -120.97869143166321
396 -108.18905206060795
397 -125.48244260107226
398 -125.69539578801754
399 -134.2195365037383
400 -113.47139979062872
401 -129.09229250485413
402 -111.49006924908903
403 -110.11278923983562
404 -129.2546566431017
405 -110.6381261056696
406 -123.29785599048789
407 -108.72169632071163
408 -105.2000938581649
409 -111.81397410422954
410 -107.11496425405218
411 -118.30139820777269
412 -129.12651501224852
413 -110.01528083165277
414 -105.14949309810106
415 -134.1163985166863
416 -131.1332176991343
417 -109.84380984492296
418 -121.09249075298214
419 -109.63404418761864
420 -110.2715141946617
421 -117.05954626345178
422 -109.06412133954102
423 -120.21174933102867
424 -113.19899819060609
425 -108.49814746354696
426 -112.3104067224759
427 -117.00311489718739
428 -118.53556358925533
429 -131.45049813980071
430 -113.03477868917895
431 -109.05249026778056
432 -108.17300459602367
433 -122.16432408601808
434 -110.62913616600854
435 -125.11267004948809
436 -115.02969435704267
437 -119.88026068473155
438 -130.2217105404446
439 -110.58297639992765
440 -116.70622879376401
441 -123.80086061741906
442 -137.14054446691787
443 -121.15472787931611
444 -105.87990168299082
445 -108.68213964442405
446 -118.34609266905785
447 -119.6132701697733
448 -110.89700234971558
449 -107.31229928989146
450 -110.99803442262846
451 -125.3073618891912
452 -113.91866805563924
453 -127.181106123788
454 -133.1030355173931
455 -122.68529613718854
456 -112.64200174301058
457 -128.2533732897172
458 -115.25486641857584
459 -107.39686562084215
460 -128.98643401054056
461 -133.5396785643332
462 -126.66503770263607
463 -107.72069597208736
464 -134.98993083189276
465 -124.00940539766749
466 -120.12134625863442
467 -126.75888479308307
468 -133.2519299011001
469 -108.82678914534407
470 -113.51004879577499
471 -118.79063996080667
472 -134.52861545144242
473 -132.9917508959386
474 -113.09346186500292
475 -131.02138811037696
476 -132.9194894034657
477 -112.31314319692589
478 -109.76795604632628
479 -112.26489814249439
480 -107.06681051215793
481 -122.7020676039649
482 -131.84057159627596
483 -110.52223713755947
484 -112.67331024807984
485 -109.0646251778023
486 -114.70658541473561
487 -132.7190808041976
488 -108.74345779307207
489 -112.53887181091679
490 -119.79096757315864
491 -109.70064276415698
492 -121.72615204614395
493 -108.55661469452419
494 -109.50799079371853
495 -109.15127090641943
496 -117.5426438337263
497 -109.05870026266311
498 -133.75062357917486
499 -106.17102240000037
500 -119.35544691243891
501 -122.94969762476565
502 -131.9863047641928
503 -119.92859850572562
504 -134.2900184727352
505 -135.91284317543213
506 -114.01438244996766
507 -107.91712873288903
508 -133.35271989312884
509 -114.50261835026022
510 -123.18570899697265
511 -135.42001960936437
512 -117.86627533315364
513 -134.3843790323251
514 -114.16497165706268
515 -108.84553562814348
516 -105.92037071955367
517 -109.03719296507069
518 -115.77034006913577
519 -119.46994979112019
520 -118.08758927374193
521 -124.92000804850686
522 -127.49248396418584
523 -135.43412951168594
524 -112.79004328493008
525 -116.38002142857988
526 -130.42836997328587
evaluations raw_y
1 132.5900667477216
2 105.9429916808321
3 65.20403680641212
4 73.41533107580574
5 -62.60966542121462
6 107.94956628486152
7 24.018987779172832
8 20.666505272161913
9 12.272966926020274
10 80.24459693532174
11 111.45215024249953
12 76.30134361041074
13 111.13432542770467
14 -48.12205833765343
15 65.89666055610688
16 -5.764027723373867
17 -10.38991840779008
18 -64.02466740585164
19 40.62894927592323
20 56.36324260243995
21 -12.680637799179337
22 -12.310335414583163
23 96.9579135135123
24 -33.39793319466499
25 192.9339195514337
26 44.86036990327044
27 15.69007005807271
28 -16.55738409962832
29 226.61453604206395
30 121.14986647732695
31 -57.91799857240947
32 -2.7782708126223152
33 -6.456406061580621
34 100.26460873106178
35 -22.919819873288688
36 -10.984953483034761
37 -25.056697597680884
38 29.093912779474763
39 -67.30098516942815
40 -55.987091302392535
41 6.0545996138654665
42 34.94388797547633
43 18.89936330819039
44 34.420515156611046
45 -43.80506682337715
46 24.684993675397834
47 57.30828381408238
48 -19.573501346421914
49 -52.48759497331281
50 -66.74407538451884
51 81.42284554571626
52 -2.274816161654494
53 39.8510982508369
54 29.07848978956421
55 -62.52198186445633
56 47.04860284954652
57 -47.39731760761287
58 55.048299997903726
59 -27.274896526262438
60 8.989075859329109
61 -118.8571578307993
62 -81.66346478607426
63 -23.792056424131186
64 -110.73369743787335
65 -51.00391266805025
66 -17.060336736631516
67 -21.436570848748445
68 -89.94014024427133
69 -76.07603031587695
70 -83.61618797012649
71 -98.74230146467356
72 -68.64801973050876
73 -80.43116750602316
74 -58.137881354167035
75 -52.74336476314784
76 29.970705564337084
77 -7.455972624750464
78 -58.59722683058836
79 -17.324558611431016
80 -57.37272606697904
81 -63.688943050111895
82 44.08800806731929
83 32.95889884846538
84 -33.856882207783556
85 -84.86295570788738
86 4.151403997597656
87 -36.56220903498518
88 -69.61634334899334
89 52.2827354023575
90 -41.91621849418176
91 -36.709982629462885
92 -101.93087289488207
93 -109.61966644625727
94 -45.179527405473166
95 -95.61764382765841
96 -77.66942203318969
97 -94.72182461623277
98 -95.97857082517838
99 -88.16762089361349
100 -83.95662742239487
101 -93.13570599350636
102 -102.29098182786359
103 -77.14363504830975
104 -77.52889790114142
105 -96.01082556139221
106 -63.830392292973684
107 -31.3457648345002
108 -104.85226287036618
109 -96.48831256019184
110 -73.42481162497093
111 -36.2133889817663
112 -92.07536399832803
113 -122.59892147118978
114 -69.63946623570436
115 -90.15189970586138
116 -84.17501906404412
117 14.668412601107521
118 -60.824237004756554
119 -23.016357001115857
120 -106.7112700117537
121 -77.2930313723189
122 -86.17143697712578
123 -98.82552137059905
124 -114.54405490853348
125 -112.99556990276973
126 -109.93974465140266
127 -98.94332342098035
128 -109.14726591145283
129 -83.25019192908174
130 -111.46697465118066
131 -111.59018906243706
132 -116.98845404719586
133 -114.06325163483362
134 -108.86467369353329
135 -65.05068709668993
136 -99.84535812616184
137 -52.796668807423224
138 -91.42794982743531
139 -88.70746212348554
140 -90.7898602550703
141 -118.0278899685553
142 -96.45535328190806
143 -109.15499796568119
144 -113.84117730490017
145 -102.58976380314719
146 -108.73348027691026
147 -99.50886448711466
148 -87.54662442921891
149 -115.18844264223647
150 -33.319536970023506
151 -54.324498431388285
152 -109.0492168520343
153 -117.97796427456733
154 -111.77107882601018
155 -120.64664049745436
156 -99.06423656442976
157 -113.19829656609771
158 -74.0740110909082
159 -98.88423709166509
160 -101.14503685291145
161 -125.55334229605447
162 -103.64043356331614
163 -105.90460740462275
164 -115.36843342495706
165 -94.68737716371571
166 -94.15958174378149
167 -118.2803459414258
168 -61.3502705774065
169 -110.12625165743788
170 -120.53306981517095
171 -79.64147237864302
172 -112.18009055654282
173 -116.2125558598439
174 -90.53405425799303
175 -109.52487997383803
176 -106.45977916613676
177 -112.34079802335337
178 -115.70189146681477
179 -97.93990973713291
180 -117.02289014410348
181 -109.04427272399245
182 -105.18185525156596
183 -109.27564431214982
184 -109.4121249244154
185 -106.36562814939828
186 -118.59130349206204
187 -108.08024050900475
188 -119.40165620110376
189 -129.108169245124
190 -113.32987498937811
191 -113.78228459123852
192 -107.1394942095458
193 -113.8754458859546
194 -91.93323822706121
195 -91.43429462734353
196 -101.97979372874256
197 -96.72549531881543
198 -90.34444617462032
199 -92.67653981638452
200 -126.6861283792173
201 -105.17876820442324
202 -91.08766831568735
203 -92.78485460356251
204 -112.21175636638142
205 -108.8648139673933
206 -106.16765707940785
207 -116.26641957878908
208 -111.68995177987608
209 -109.79815898814122
210 -87.85132996640212
211 -86.59944377601957
212 -88.66782526062696
213 -91.78753989247879
214 -54.11238230084459
215 -92.30783449580298
216 -110.54133553684474
217 -122.97569677563546
218 -111.78428964863029
219 -119.01398724951382
220 -118.88197481766906
221 -120.66556081988999
222 -121.55667797743583
223 -109.3971605617931
224 -108.45005943501582
225 -101.49010251374146
226 -78.31112984761249
227 -108.78014888088954
228 -94.63646541721556
229 -109.99411020812788
230 -118.44738157088938
231 -113.9137019845294
232 -121.78955923448417
233 -114.17200077403616
234 -97.59465632412602
235 -112.02122868863452
236 -116.4827335748904
237 -99.83830602031878
238 -107.35055701376912
239 -125.65905003395078
240 -90.84698361081603
241 -103.48463580929769
242 -89.78395904144327
243 -109.66047514238389
244 -93.8438288312203
245 -97.31770598878853
246 -98.94857572203294
247 -108.70786775901749
248 -107.15736608253785
249 -121.93639829683318
250 -115.49616159719967
251 -100.43365808309082
252 -107.38524169081306
253 -103.94678600326233
254 -120.69047239214439
255 -109.92087241381122
256 -113.74068353049836
257 -96.9255242128368
258 -111.20041433950084
259 -114.02624347551802
260 -110.32637857455771
261 -108.50661039816202
262 -109.55257007201553
263 -121.3437048258731
264 -115.04147484732607
265 -109.27380781175606
266 -110.7009166736938
267 -112.10237641048133
268 -115.42874978747628
269 -116.27979871978503
270 -106.9654494784808
271 -104.74441128360924
272 -121.88497854357539
273 -127.63271514936307
274 -109.93662388398927
275 -110.57848933746281
276 -109.89624670213409
277 -104.03911285368177
278 -117.18577171336261
279 -130.22552396188752
280 -113.79506201403184
281 -112.37230355281325
282 -98.0647976164675
283 -115.145834673691
284 -108.6678436439379
285 -106.90078703623598
286 -113.03164905572407
287 -121.1665832418039
288 -118.26197469670203
289 -111.03817638538644
290 -101.26206590363421
291 -109.95616197869992
292 -98.29881508271482
293 -119.21158971728114
294 -111.792127398207
295 -111.81752894420671
296 -118.82718088181863
297 -119.43966404074519
298 -106.57194607471212
299 -118.07529508544384
300 -110.55046468291631
301 -111.56930134526722
302 -125.0860362369244
303 -119.1699598220542
304 -106.45885372662065
305 -108.10051604011076
306 -114.67959852844524
307 -107.41704140784947
308 -117.25768749921504
309 -119.47917420210831
310 -120.91948327036324
311 -113.58110795808196
312 -125.31535042422152
313 -113.01927449847041
314 -120.31159501096641
315 -131.54334006363828
316 -109.21134136531191
317 -108.23381514270669
318 -108.23741664341041
319 -113.34511259350857
320 -119.75970985941615
321 -113.68791525180723
322 -106.53414107398925
323 -131.48298665399903
324 -119.00880264635525
325 -109.00981866317512
326 -114.71932389464862
327 -116.24063071170778
328 -130.75567103175374
329 -108.91997919513217
330 -109.79751001328488
331 -116.6843513559734
332 -105.74142768255697
333 -111.65523584033497
334 -125.4587389261837
335 -105.83969218732312
336 -126.52119816423254
337 -127.70408816271681
338 -109.6829757447984
339 -125.9225509767554
340 -109.8717764830345
341 -104.25396837535565
342 -106.8258860048529
343 -105.57689628700614
344 -100.6005824043124
345 -127.44596139695733
346 -124.12261012250558
347 -118.30645391474096
348 -110.3397074765572
349 -106.65072380032254
350 -111.23357672020845
351 -119.51068680326954
352 -120.2889875572302
353 -118.96388536081176
354 -106.77523019886539
355 -126.9594346635467
356 -117.57800318624089
357 -124.00767068215713
358 -105.18120714594069
359 -113.61786089124925
360 -102.91441765140851
361 -125.21565608724225
362 -109.78408383939046
363 -116.76350011512903
364 -109.68230444747964
365 -113.7429152282922
366 -103.85392708969499
367 -109.46115442834328
368 -115.68037184241362
369 -110.28264199169261
370 -121.57503736087669
371 -116.65137395000485
372 -120.08783991473307
373 -125.79750449446884
374 -106.66326711401055
375 -119.04099626226566
376 -110.33816246780772
377 -122.04403330162343
378 -110.41294451800387
379 -112.18075719948065
380 -115.04150265775928
381 -117.16084979111271
382 -124.568705831926
383 -128.5920489442598
384 -108.15899522847849
385 -112.90579379121942
386 -110.66661956028715
387 -127.46103189416885
388 -114.4922590889112
389 -118.51837481310864
390 -121.15758481283123
391 -109.10127850657483
392 -108.7668195403362
393 -112.58307431169115
394 -117.37125860009452
395 -126.21371129365579
396 -129.2557301286008
397 -111.07678198755438
398 -128.49215712978426
399 -127.04218945184401
400 -104.49386548785755
401 -110.30633466074165
402 -125.97586088534516
403 -131.6874328811161
404 -112.57508709520278
405 -122.83328312211445
406 -107.46401881738541
407 -110.16159568279278
408 -106.31349693230652
409 -117.93605784916235
410 -105.37661591745838
411 -105.63103170517266
412 -111.12936047768777
413 -108.10620300603897
414 -127.544803936384
415 -112.7305662875244
416 -117.09565160084851
417 -105.61751762388191
418 -109.00929659028866
419 -114.10476416266752
420 -110.9328957751897
421 -108.17332038790965
422 -121.73320366448615
423 -124.42637082992927
424 -123.6173809768116
425 -128.4951942293383
426 -109.87098770405979
427 -106.30013504803482
428 -125.394917811538
429 -123.46259213144467
430 -113.87004693021399
431 -122.99059968315396
432 -103.95301447124059
433 -112.10317201540217
434 -105.6091545312777
435 -112.82272468747875
436 -127.58479037333665
437 -110.31330846832304
438 -113.5970166816787
439 -127.94407451567909
440 -116.70964852906567
441 -120.71521325066473
442 -129.58969128336554
443 -125.83400745418871
444 -108.1441787113519
445 -117.64502368058551
446 -118.11476854463581
447 -110.41967408178114
448 -111.26436480504914
449 -125.62579475871952
450 -109.20286785035627
451 -121.52912382793149
452 -118.15205093225292
453 -122.59849304248469
454 -111.60863617636537
455 -107.4200462618344
456 -130.87762220670106
457 -109.09061410434629
458 -123.44884425313944
459 -116.64136532621836
460 -117.00667135042143
461 -115.26720270761464
462 -125.87373355103541
463 -108.20543296936818
464 -122.00219776417617
465 -115.82460999279417
466 -108.03812195338749
467 -113.98290780283278
468 -112.10639241196786
469 -127.49038233080833
470 -118.3792030298594
471 -125.75240945450024
472 -129.94729493742753
473 -106.2141167773087
474 -111.33564530442506
475 -130.0003839230235
476 -112.79755509132221
477 -118.1158308537071
478 -108.92555596451177
479 -126.91442665218126
480 -115.393120497892
481 -117.03166601756315
482 -112.10899429491239
483 -128.67001944088292
484 -110.44576509174745
485 -123.86170651386963
486 -110.93367364138058
487 -109.7314825116108
488 -128.7660422614096
489 -127.45049718485944
490 -113.81329362555219
491 -108.78598216831952
492 -131.55314536933457
493 -122.0348937421284
494 -109.08326253509279
495 -111.66617401584847
496 -113.58655771766344
497 -106.84404162487877
498 -117.52493703998016
499 -118.70620076962575
500 -125.33369616029044
501 -106.78310698509517
502 -121.53176086999372
503 -122.55571330448595
504 -120.15779375817291
505 -129.66030875594308
506 -107.8775177273641
507 -123.0919983231798
508 -118.11585019745658
509 -129.5215948751699
510 -107.61048508782653
511 -119.43295170527142
512 -123.54980568106025
513 -127.2294373966126
514 -104.54818699271259
515 -117.32978316342066
516 -126.56267892291244
517 -109.89077049984724
518 -122.35172221583925
519 -108.24427055759611
520 -118.91519301684272
521 -130.4595887416305
522 -106.10582140047194
523 -126.21700284908506
524 -125.46870230751935
525 -130.0020416543536
526 -111.11736015905495
evaluations raw_y
1 76.58742455117869
2 92.66233123362042
3 69.92542616764338
4 -15.079903850527419
5 149.3574110291129
6 116.76794246894008
7 31.955265479461204
8 9.79149890359474
9 -33.05808163208936
10 -32.026601125840514
11 40.38768613504204
12 98.56096665285618
13 17.496606052211003
14 53.79905564893038
15 32.338374716715585
16 78.4218048089082
17 60.4093164445584
18 37.73670697589513
19 84.65274497653279
20 10.092832124529417
21 -36.215218525183126
22 8.505476774526016
23 -5.258072491920899
24 -5.101591886681844
25 91.48657429420552
26 133.07182036177076
27 131.7220111388157
28 38.615384770536096
29 23.99409279422152
30 38.035522335843844
31 -39.829231902040604
32 34.56011387853639
33 -22.324286311351816
34 22.884842845184405
35 7.395859051424841
36 -8.611522530572241
37 37.607749565109515
38 -40.93952195695577
39 -26.346674647040512
40 10.337976353621482
41 -31.64196570693522
42 18.051229351725773
43 42.076279332361665
44 -89.33400605374557
45 18.181228525024345
46 9.016795599189868
47 108.28609483934339
48 -23.030647124734923
49 -7.15798223015314
50 -26.651018353510963
51 22.548277771721793
52 -9.721805416113032
53 -25.669537215217844
54 -0.20138947642097593
55 -22.22986555409254
56 110.82737094896534
57 -47.490341561078715
58 22.979845811596046
59 -23.518027035703692
60 0.499123954519759
61 -51.427918950465326
62 -58.081384746232736
63 -31.523923672088543
64 -2.3688085894306807
65 -16.749572140088272
66 -22.737441665989653
67 -43.115389475875446
68 8.508296518634381
69 -75.4535932414399
70 -11.79546598020293
71 -58.88184597463809
72 -30.988096096211116
73 -28.056537188135763
74 -15.691983608630853
75 -56.67832087117233
76 -90.58539134652766
77 -47.581787556261624
78 -67.55636051361489
79 -48.12136958784723
80 -72.00608755988054
81 -32.04170952735224
82 -8.428293342164862
83 -12.753018048249569
84 6.634487054105044
85 -38.51246786273323
86 24.62736395756845
87 -21.96504081995889
88 -47.43033068035134
89 43.94456142208349
90 10.473182003616007
91 -4.32140862485465
92 -44.29531028308993
93 -76.1270474820243
94 -2.230801837474401
95 -61.008913399517226
96 -74.43161438907178
97 -111.30580875456519
98 -68.1727432227092
99 -93.68984417853201
100 -80.88804758777968
101 32.34228160336155
102 -50.48082034454403
103 -65.1559644528676
104 -79.74940917374971
105 -31.950156568456133
106 -82.50551597309814
107 -80.12080473979967
108 -61.141979763460796
109 -63.100541817156596
110 -24.21908213336501
111 -61.44164201644023
112 -82.13730062293934
113 -9.6944356894426
114 -61.7612154028041
115 -39.638318269128156
116 -42.99035236715279
117 1.0301725607027503
118 -56.82133937021159
119 -73.37353671656982
120 29.666274432461044
121 -21.30396540538987
122 -76.68425736225367
123 -78.30428706048379
124 -91.5109479952711
125 -99.29993260207944
126 -79.61166344660904
127 -84.03897903596125
128 -66.28280054535368
129 -66.02508900226161
130 -82.0958352652357
131 -79.55066500761285
132 -72.22950103089143
133 -68.91919474725987
134 -83.41378605795042
135 -76.53914208488757
136 -38.08320871335753
137 -93.51491255378778
138 -76.12695769029752
139 -98.64773832067021
140 -53.818813537208456
141 -104.10447594363438
142 -101.67173545913175
143 -102.15616712494892
144 -89.94204354130795
145 -76.70839676084266
146 -88.9239030057402
147 -54.050336908443924
148 -101.0343756760825
149 -66.50906281042707
150 -96.02849124883399
151 -14.764650907343281
152 -53.89045292068908
153 -86.61873415873461
154 -75.45671503145716
155 -108.23224865484632
156 -86.70824882417028
157 -85.7682680373988
158 -88.39663511356272
159 -50.2848003713372
160 -103.2529160957956
161 -109.0461389786985
162 -98.14928498450364
163 -83.04742891545182
164 -100.4475992832717
165 -104.19179647835605
166 -99.73746604877333
167 -92.69477236108615
168 -93.41164152117328
169 -85.63690973660653
170 -86.21544593105246
171 -58.10478848382651
172 -105.6037787736983
173 -90.11427637753177
174 -41.291370948529
175 -101.64113202989924
176 -55.034719569138254
177 -75.4072950145297
178 -112.53355920507924
179 -94.60154642412168
180 -104.48892749380944
181 -65.48688449005621
182 19.845109172494915
183 -80.89768055192499
184 -101.26102792908252
185 -62.595221287050975
186 -118.21478711920763
187 -114.02081875718531
188 -96.5002424919016
189 -106.36742655004191
190 -84.35029040853183
191 -102.4555328834482
192 -101.63985119709872
193 -79.52569072326811
194 -108.9901948184358
195 -118.75351302077661
196 -110.76363106499167
197 -118.26749037197749
198 -93.79929675161173
199 -102.91664807099372
200 -87.36046843071297
201 -103.42670060871254
202 -104.69145000893577
203 -106.6578191267062
204 -83.10743571801282
205 -101.75115007052982
206 -102.10742629494843
207 -107.0178468617055
208 -87.82722678281645
209 -94.35591438614979
210 -97.39199920259604
211 -110.1182366850202
212 -107.44611640052187
213 -48.77640241146969
214 -103.60533668691262
215 -107.97657143363007
216 -77.63057116551937
217 -120.53201261933766
218 -107.25568438130726
219 -113.72441567757065
220 -107.06582166809581
221 -113.06516347752043
222 -104.53976214110526
223 -104.28039209262616
224 -84.86030090723038
225 -111.26587685374783
226 -106.43331649230575
227 -108.44012714097254
228 -100.60940931058926
229 -98.17722838430744
230 -102.34337586377619
231 -87.88268401660478
232 -104.63716450243928
233 -91.48308645473469
234 -98.91752587611792
235 -105.0162949275144
236 -83.0436119496076
237 -109.2717027551235
238 -109.55946315097468
239 -106.9817482122502
240 -91.90740313437456
241 -107.34524253629824
242 -65.24768242626435
243 -109.5743670672366
244 -109.81463170629172
245 -97.8915796100533
246 -110.16867397666033
247 -98.66828662829036
248 -101.26995298310175
249 -110.13045539612153
250 -112.16324686071921
251 -110.16129603836464
252 -106.67159024646193
253 -106.60164223564381
254 -105.54059895666555
255 -62.217046395970975
256 -115.52744564676276
257 -106.88751274576079
258 -118.44864617326425
259 -106.43511950684456
260 -115.92725203022536
261 -115.61125317948087
262 -107.98711609134031
263 -113.55052969347017
264 -100.8837106998593
265 -105.84785208898225
266 -91.39197620364976
267 -94.0848104886877
268 -117.92524391419495
269 -116.31854508443318
270 -112.34986911123825
271 -78.80641509356997
272 -106.59673411284271
273 -104.68507438302778
274 -101.92415131113304
275 -94.44807179922216
276 -109.3639295478031
277 -101.01863797289907
278 -112.20721615791032
279 -111.87155640576947
280 -108.26765653937855
281 -108.19788599860566
282 -116.86489711015484
283 -106.06788792804818
284 -117.88725118632885
285 -106.9476317288738
286 -94.03683000925037
287 -103.28720100130398
288 -112.18553197421672
289 -110.85711322768424
290 -113.95999853171037
291 -108.0529133267258
292 -114.5590798955887
293 -108.20304768224452
294 -102.72294763678715
295 -108.28321025775845
296 -104.46305318563361
297 -113.20222298602188
298 -107.90728439473408
299 -112.82757628247639
300 -113.94027044802812
301 -106.95752698135739
302 -102.0000882499114
303 -109.42499511207468
304 -107.4223334411594
305 -108.13816224613723
306 -103.4763108155426
307 -112.23092852338092
308 -90.21890739770586
309 -93.76217874602055
310 -114.28039793738432
311 -104.67739876401096
312 -102.54919346943761
313 -112.67171816964566
314 -118.86546111243813
315 -116.41208934328692
316 -106.13093582537208
317 -109.86011110321257
318 -112.55022742931277
319 -109.66655385615297
320 -96.88551493673805
321 -117.78577612915905
322 -120.81475423977261
323 -117.33634760307139
324 -107.551193930641
325 -95.72696981826515
326 -94.3985089220757
327 -117.20772570907506
328 -115.6387582223505
329 -112.80278978973723
330 -109.53032339242436
331 -110.3001174886535
332 -107.28569465751923
333 -101.01558138967499
334 -111.6424938360531
335 -109.41213995104742
336 -114.32412539718517
337 -102.82757289604818
338 -120.46427611604028
339 -113.70984012426149
340 -109.11289158410509
341 -105.89246333979827
342 -125.10469307081476
343 -113.84694856964619
344 -116.6024340903331
345 -110.28869570044452
346 -115.6746944788895
347 -114.70933824379696
348 -106.99645025530116
349 -114.52658150256917
350 -103.44357339263155
351 -100.19072265450926
352 -104.4968407123923
353 -104.46859889646169
354 -92.466396288355
355 -124.25974811379062
356 -101.70944313987656
357 -104.71571622107642
358 -121.56300934315911
359 -100.32947909145184
360 -118.8510329980301
361 -118.5664580725447
362 -120.36344783892555
363 -110.25445727764117
364 -109.08719226355191
365 -116.82692506504392
366 -111.69083719357127
367 -112.73076571825689
368 -103.00646809916599
369 -95.75523331909294
370 -105.16949372453456
371 -111.99656164926672
372 -110.9533350044149
373 -106.62978598731384
374 -112.92781902040923
375 -112.53958005489383
376 -119.69413860791245
377 -109.17572769657914
378 -103.53609764512082
379 -107.29229440556104
380 -112.69141586284066
381 -107.90173966641204
382 -106.14580141175051
383 -118.63007816005951
384 -115.61621679923972
385 -103.33423763371637
386 -96.72165697835133
387 -104.04571364607169
388 -107.78750016018927
389 -110.34763431519438
390 -119.15712272207628
391 -121.68287255996427
392 -111.8810816254803
393 -119.96492033465195
394 -111.76225013645055
395 -99.04504629122727
396 -111.20173504865134
397 -121.42836658716385
398 -103.87679172740063
399 -111.7940516424288
400 -114.44623108560315
401 -103.79419111482026
402 -121.93701543025938
403 -122.16569355717108
404 -121.79183407054832
405 -116.49953273576176
406 -116.15986262247762
407 -111.11405516555071
408 -117.60355664362899
409 -109.69326288992494
410 -117.29056856561554
411 -102.35705363455543
412 -112.22628317027021
413 -107.80351365231081
414 -106.22399805821564
415 -120.40143379797883
416 -117.69826631685903
417 -105.19193324152852
418 -105.54473332770128
419 -109.13979248551911
420 -107.17587801562304
421 -111.87187847468066
422 -114.3749320089092
423 -114.04164750235638
424 -119.96100959155116
425 -124.67833253953683
426 -106.5635456002386
427 -116.8761096499814
428 -116.99837382234824
429 -114.00280471144096
430 -115.09552176851727
431 -119.61763722944733
432 -106.77982427538939
433 -124.94624883545026
434 -106.09656642555245
435 -109.63268537993847
436 -118.77354921122125
437 -108.7421615754314
438 -115.71951606535309
439 -122.81261367070863
440 -118.51838677697863
441 -107.54937699802691
442 -109.43972125521985
443 -112.64464381835933
444 -104.15960001742059
445 -117.86159018339312
446 -103.01973055615545
447 -104.96050464208471
448 -107.21808579860074
449 -121.74401812318145
450 -114.94773170208755
451 -101.54286998712536
452 -113.47715364668788
453 -117.47860344664943
454 -109.93780954694438
455 -115.00985213055337
456 -117.36650010516296
457 -125.12182105027433
458 -112.43076605852974
459 -115.75349914627523
460 -112.7895643348271
461 -112.19610789294302
462 -115.51643606620217
463 -119.49719921378694
464 -122.55575506580408
465 -123.75117638310373
466 -116.52346351954081
467 -115.31085459859378
468 -112.44912530883197
469 -114.15957564780301
470 -103.14145650694859
471 -105.02743537789608
472 -123.99345823186877
473 -113.6792822670418
474 -112.53966612886586
475 -109.91938222378828
476 -105.94096266521301
477 -122.92416849046133
478 -108.4981069155631
479 -124.36419905620633
480 -107.28852647401442
481 -115.432270667195
482 -117.50906874133385
483 -107.58701980835623
484 -110.08070176723677
485 -113.02374457782895
486 -125.64620058403874
487 -110.84232142291106
488 -123.09395645256009
489 -103.63000508007781
490 -116.19285058544745
491 -121.7134453587644
492 -105.23698045193936
493 -119.02769424569026
494 -120.49710519860317
495 -117.52976484796055
496 -109.39528181924989
497 -104.34178448528885
498 -106.90986949990094
499 -126.61860107633196
500 -118.96380978035714
501 -126.7041255426542
502 -107.77428636920519
503 -114.08535074915605
504 -109.25575794076666
505 -123.86922159922288
506 -106.57700461360429
507 -114.80840602763757
508 -106.09129916044792
509 -107.7665565181988
510 -120.04445075818202
511 -110.29874036386096
512 -105.71249823410851
513 -119.7836730330294
514 -104.93785727032329
515 -118.00783901551347
516 -120.70937579042157
517 -110.63541042797401
518 -105.29070962080077
519 -125.46766936448452
520 -114.03860755001587
521 -120.64948938337619
522 -115.68041012077117
523 -118.88924637658793
524 -124.08210634011621
525 -110.26092064108597
526 -114.89100841483511
evaluations raw_y
1 -24.168877912231984
2 116.39260404979896
3 71.13961238198416
4 83.36292458119588
5 48.371159880926776
6 24.719962852513444
7 -71.1014022617283
8 84.36512411630429
9 66.65961308207459
10 22.694646083418483
11 127.32609142080851
12 -52.72942613074663
13 30.679812486136417
14 102.84345157632433
15 -50.963177260010994
16 241.61351447533445
17 27.391325390780292
18 -36.71062040461419
19 -65.09982207199602
20 8.10309403311551
21 -38.61731416225952
22 5.589098586071351
23 139.9511385438168
24 79.692204692284
25 37.872511549186356
26 99.59740462192786
27 33.89275741938807
28 73.05640512359128
29 4.561314566852881
30 3.864937332047629
31 -75.33540288603771
32 66.93551915665608
33 37.521970522346535
34 13.215800798823365
35 87.36461441690233
36 -74.34729797192296
37 -27.389312512113555
38 -69.38893828548133
39 -33.866201681000454
40 9.548149236143633
41 -78.63747370601244
42 25.218745010887677
43 -63.24236160701204
44 -47.75223518539541
45 98.1161128851313
46 -49.33901883691226
47 -22.15721517936822
48 -32.27782140657186
49 -53.204818264775575
50 -17.16588660844656
51 3.384006029571176
52 43.21556118749506
53 -41.91986441671439
54 -47.8975624090071
55 2.6448134285735305
56 -62.00071056950452
57 -36.18310187142009
58 -57.95810472736977
59 -19.70253194099131
60 -44.99997825520106
61 -4.79195324911648
62 -77.713397642895
63 -51.89566789735275
64 -89.2706472592469
65 10.60471925627307
66 15.58955464375062
67 -47.0735158947482
68 -57.0332506429602
69 -62.20284888781211
70 -57.370321729997535
71 15.827828323764127
72 -6.17039362967113
73 -27.538893632482356
74 -33.615380168527714
75 -61.411508402967286
76 6.190938467215041
77 -28.40975718214447
78 -95.33455888897852
79 -84.44445252422253
80 -65.64541396612113
81 -94.42438771044863
82 -47.40309784175084
83 -80.27967706195182
84 -86.21292931681332
85 -76.74240722433836
86 -15.108953352987486
87 -56.09431618289014
88 -70.68978078236407
89 -21.7381483736173
90 -68.52289485771118
91 -21.41346657932162
92 -89.98642115151337
93 -94.19130852880983
94 -52.29361796774471
95 -97.77212243324163
96 -74.2318121740195
97 -91.27505564856881
98 -95.59058390723524
99 -79.77733163035195
100 -55.0934725799591
101 -60.72097364025544
102 -83.2060861823271
103 -43.04789135676585
104 -84.61082036065841
105 -106.46979758206274
106 -42.28205976576189
107 -73.10795516830231
108 -93.01610982409241
109 -83.63619666728755
110 -77.96542030645719
111 -71.333290207616
112 -79.58143691875523
113 -64.84216900499713
114 -61.37475068259739
115 -98.00502818461605
116 -43.25690807170473
117 -109.8406335264224
118 -74.94936036223716
119 -95.70833415236766
120 -58.60100656545162
121 -90.73125027425561
122 -80.75937774099359
123 -55.5264804681947
124 -110.72700945219324
125 -88.1886963268564
126 -96.55120365624319
127 -70.79471903117653
128 -70.23106397599453
129 -83.78260007148072
130 -104.32331063540633
131 -88.046793432388
132 -81.81774637210452
133 -121.73727195475226
134 -80.69973385829427
135 -112.92538902889979
136 -78.64528519530292
137 -100.88528348994046
138 -69.20045763055363
139 -84.20504378329136
140 -80.58850383455817
141 -66.6608541060048
142 -101.97117525740245
143 -108.17398644017759
144 -81.980341681927
145 -115.51338801797094
146 -99.80110237194725
147 -81.95685385493671
148 -60.839397182251766
149 -63.43319977761968
150 -92.93813054267011
151 -89.80270926485142
152 -75.17160374052382
153 -99.69648860230866
154 -112.40469611871087
155 -124.21929158964117
156 -103.91566345649734
157 -105.00318010374077
158 -103.32256850748453
159 -73.03806754409219
160 -109.80619467371127
161 -96.31334514242187
162 -106.70105625189639
163 -95.17790251753105
164 -114.6351801248316
165 -79.74802975151934
166 -71.95121836638205
167 -90.3151350063265
168 -120.14592152331997
169 -75.35440863171317
170 -114.25117995450096
171 -123.82043691778335
172 -93.30219716645774
173 -128.2362489331804
174 -107.67481958996521
175 -97.55119234040828
176 -116.01974367967681
177 -107.11871882291373
178 -79.83949389747502
179 -115.03737364281072
180 -102.7788869847573
181 -100.2195088493842
182 -120.83370560836275
183 -83.45787009750475
184 -105.78302925666074
185 -102.85436876718697
186 -117.91555280551776
187 -113.45699788531006
188 -122.5607854235299
189 -86.37051736435342
190 -72.99142326374229
191 -107.43798187431108
192 -110.39886050167517
193 -113.45726153829649
194 -114.42592997897083
195 -120.44154441675589
196 -110.25635392388891
197 -106.20405486894046
198 -102.045120278528
199 -114.82656565669207
200 -94.90420114980176
201 -124.7682598784158
202 -106.6648162974283
203 -101.24119078131521
204 -111.01448370388695
205 -106.4553258321578
206 -107.44035425515625
207 -105.31527260042708
208 -109.72590897587237
209 -116.53650480706165
210 -102.15165590186211
211 -104.15569655224891
212 -118.4607690601169
213 -103.89479465820321
214 -106.34301841580204
215 -122.96060208074104
216 -82.11811624181104
217 -112.07553129222161
218 -108.91301179946623
219 -109.83430392310164
220 -116.1710473816447
221 -128.43444716631205
222 -80.68946150825735
223 -118.37449246263051
224 -118.66750015304204
225 -123.8479141600188
226 -106.61818975598628
227 -92.60252513141312
228 -98.74935134008112
229 -99.53772439988612
230 -108.90145704095187
231 -93.79081661360428
232 -118.73549121747729
233 -99.07921492051548
234 -132.06378428004385
235 -94.097931483125
236 -102.24371021758665
237 -116.89123340025301
238 -113.24485686917824
239 -103.90318943346247
240 -111.96180676000097
241 -116.1734045827955
242 -106.9729532941441
243 -105.416053531525
244 -96.2952377154246
245 -108.85970262932159
246 -125.8524596695004
247 -101.26779968659311
248 -116.11459713416536
249 -120.77888857230077
250 -113.01205663034476
251 -111.40209456955235
252 -113.35052004870381
253 -101.31717469501469
254 -118.47451093000328
255 -119.15604163786632
256 -112.46735513168004
257 -108.45144941244016
258 -107.68375897405755
259 -125.93456326040413
260 -94.64638648953004
261 -119.3126212264284
262 -107.94217933329423
263 -120.19697982642523
264 -119.40052687645976
265 -105.97522880064413
266 -127.01196816703641
267 -104.74163594405815
268 -128.43363533088103
269 -108.25910114708246
270 -107.1582695432676
271 -102.2502469439718
272 -104.6965953482993
273 -117.7349528654449
274 -101.71786002257117
275 -102.75118206034189
276 -105.93884813214194
277 -119.89073173811929
278 -106.93247933711572
279 -117.20251520138883
280 -114.0050060609793
281 -107.40478739574117
282 -99.3694749791272
283 -108.01390630551526
284 -110.11662241196085
285 -113.28101566787937
286 -111.23854409010245
287 -107.71550765176883
288 -116.85352098539832
289 -114.37505119141571
290 -107.80583534413988
291 -113.90415264831711
292 -124.97817034397269
293 -109.91664910630081
294 -123.53399252879785
295 -106.24328111010749
296 -123.96020550972125
297 -89.36799010432398
298 -118.89038181378385
299 -120.96501634976451
300 -97.90002686510155
301 -122.64273153222341
302 -88.11517709624749
303 -112.35896575557442
304 -96.05311165260368
305 -108.36332494657772
306 -106.79949176790268
307 -109.49714028527738
308 -106.5373686777401
309 -110.97882063726519
310 -111.09090520284522
311 -98.46466860609499
312 -124.20732893246148
313 -99.01214351159888
314 -115.15824867074626
315 -127.29428532055206
316 -125.15639915697666
317 -125.71040634792297
318 -105.15078290158462
319 -108.62742222372374
320 -115.48869405675697
321 -88.11678411625265
322 -110.45440392413823
323 -118.43184676392792
324 -125.86935037513423
325 -115.34691202452363
326 -113.32280163079074
327 -111.21718879498964
328 -107.14450906241535
329 -120.20210319320003
330 -113.15651891421395
331 -110.55036775555226
332 -118.22155911369435
333 -95.58199525572209
334 -115.64111998641305
335 -123.28476725004812
336 -115.25033022919243
337 -99.41972263366958
338 -106.29720041859414
339 -111.96278826374751
340 -121.47137373423206
341 -122.10340609480414
342 -127.31295649760419
343 -115.02682493967009
344 -101.92038989196749
345 -108.20034366930656
346 -101.03745261243762
347 -97.62483381701769
348 -93.79468035300609
349 -111.32671876840934
350 -129.22476634318488
351 -97.58034244531359
352 -113.1810519157721
353 -123.26799564957484
354 -113.58300213689452
355 -107.83578327644446
356 -122.76881615934232
357 -113.15792611933416
358 -126.04531716470682
359 -113.57389463590069
360 -109.63536806855241
361 -120.80080388067663
362 -119.71968606746525
363 -116.18883718916972
364 -110.46588548475734
365 -91.05389581025375
366 -109.98660154110527
367 -101.81706883870942
368 -117.76483311813969
369 -101.93148194372681
370 -115.5433923172642
371 -104.07676102531501
372 -118.92773731935074
373 -114.02694519120978
374 -126.29598420170444
375 -120.28501026403794
376 -97.7842643076137
377 -110.48012366345058
378 -123.11716700900915
379 -109.704187479701
380 -125.99693388502618
381 -117.10080922460173
382 -118.65531208419968
383 -124.1632195658095
384 -111.89625140699488
385 -122.87462807909742
386 -106.60718544309766
387 -111.8752590260098
388 -110.56040460996003
389 -107.58416794190434
390 -115.41604218972373
391 -126.19771060301602
392 -110.66463854943498
393 -120.82512543363559
394 -113.19981323611552
395 -122.84872200679193
396 -125.18635422813838
397 -112.95969268044554
398 -109.79731607075298
399 -124.60034757905419
400 -108.13739465436541
401 -136.30177616944306
402 -108.87847938276002
403 -107.68838438639196
404 -118.37003806418147
405 -121.87223090524121
406 -116.92570318709784
407 -104.56617127003254
408 -106.14043028851646
409 -116.26600587086311
410 -105.45133017834858
411 -111.51028135650645
412 -107.46746254585462
413 -120.87081953521835
414 -111.10099879997043
415 -111.75979272028802
416 -131.47298225469686
417 -109.71941379194872
418 -124.8515153712543
419 -118.16832818085703
420 -109.3017882848282
421 -118.44349745423773
422 -130.04146983448035
423 -116.23871451425545
424 -110.12023194740348
425 -117.46823329212347
426 -124.06762838351437
427 -100.64017484231037
428 -135.99958257373942
429 -108.6087155727752
430 -107.3739764745946
431 -113.4816445732731
432 -106.08744365922303
433 -110.88496142455497
434 -109.5338463005211
435 -105.99719295228869
436 -122.38698836393523
437 -110.95539598503397
438 -115.72609205242101
439 -120.8351742703544
440 -126.26403967867951
441 -135.80058383560257
442 -109.65498263383205
443 -116.54384846798723
444 -121.23350379698928
445 -107.38671045403946
446 -129.3714791841856
447 -112.42140045238823
448 -132.41843434884402
449 -127.90780698152872
450 -105.23793837020635
451 -128.15520187024225
452 -113.7860600901783
453 -129.62876433225526
454 -108.7888413284993
455 -118.57907015401261
456 -111.59354145721169
457 -117.6328661012858
458 -105.41814469016664
459 -110.22825947639151
460 -115.6532380312378
461 -114.32899253270709
462 -116.4691052939009
463 -118.38312254933172
464 -119.57904063908306
465 -116.44093180781701
466 -128.23575388834195
467 -124.82419455969267
468 -116.04644026668365
469 -113.25375994453158
470 -135.5829962080647
471 -131.98928057458193
472 -126.30738767076187
473 -121.40536457290659
474 -127.58661738896134
475 -115.54399354503866
476 -111.81012079052513
477 -110.72107020314279
478 -104.55174105180065
479 -136.56988653424588
480 -118.6059146092567
481 -107.33575917685582
482 -109.9761104696944
483 -108.64292931374678
484 -114.67459593356016
485 -108.9811981832637
486 -120.59490643645918
487 -114.37016019433803
488 -117.61214938623212
489 -105.3992934401051
490 -124.13983875625065
491 -106.46930055444662
492 -113.11470790967516
493 -135.19601918560082
494 -110.38228028838914
495 -134.16653877439435
496 -115.75340983489248
497 -106.29096361480713
498 -132.20141350430762
499 -125.24213776902305
500 -124.63298118305744
501 -134.00712549878324
502 -112.82649988566287
503 -112.03755572718643
504 -117.22938467963174
505 -108.589437347427
506 -131.01534493069522
507 -109.53504737541198
508 -130.08172805302365
509 -138.40720264347266
510 -110.85003324105969
511 -104.98264786859465
512 -111.68541684853163
513 -109.08357362770664
514 -116.88241144698483
515 -131.3748177448851
516 -138.76832046766546
517 -111.24779217398378
518 -116.15697619412565
519 -110.51087629340705
520 -114.9000485431754
521 -108.53765969504573
522 -109.21338072501031
523 -115.43614545474873
524 -110.62684986896338
525 -111.77197949577214
526 -113.28205778731719
evaluations raw_y
1 -90.17040667822587
2 108.47160249804853
3 7.684322175851179
4 103.44749032197961
5 -15.001425491143975
6 82.20663300049075
7 50.709139530560414
8 -18.75642672052476
9 42.885817773934924
10 -0.22670303908378076
11 16.743580408222343
12 15.740592945538824
13 -24.969853137265886
14 40.34409062803298
15 -1.917291526758079
16 23.755767013439147
17 85.86075293412391
18 -62.59715577683286
19 36.75300838286896
20 52.95411230732701
21 -0.04316704703924623
22 -8.647517482245451
23 83.61893995871142
24 -10.151764861958661
25 -86.1770441641066
26 161.52507493085318
27 -6.069024609516482
28 108.57072821753296
29 -30.66487082860383
30 -2.748701668353115
31 -67.43203058907163
32 -101.54658378368079
33 -55.56273823291107
34 -107.1234582736493
35 2.906757313448166
36 -87.40132435983952
37 -71.16484991872035
38 -67.44569180086741
39 63.513089816612826
40 11.235880857756516
41 -55.48609904116635
42 -65.927612465228
43 -72.78986134823559
44 -92.09582479784495
45 -67.2531160640694
46 47.652538707017314
47 -24.503559029205384
48 -47.74493948426693
49 -11.795217022678184
50 -62.641535602472935
51 -58.06138751881375
52 -39.511062939125694
53 -61.248440108481574
54 14.79905805063503
55 8.035051384833194
56 -4.253633220115569
57 15.387412343226961
58 -73.76879116973471
59 -59.24275700372787
60 -98.02322209867705
61 -26.02416710723598
62 -97.39860142648854
63 -105.1567993845693
64 -12.50389005510843
65 -80.01048975048191
66 -62.62466745607517
67 -63.249740402286946
68 -101.49612860962173
69 -94.895427249339
70 -44.77970045027689
71 -65.7628112905205
72 -101.71503636262045
73 -74.47153143335736
74 -97.03991384753489
75 -86.87829225825172
76 -55.54987443870018
77 -75.86596896718015
78 -66.20557494254422
79 -54.402561291147435
80 -103.4156067405073
81 -55.20113512922903
82 -66.32648771353556
83 -45.606722191239555
84 -27.227016521326462
85 -57.12377254444793
86 12.772083089060539
87 -49.80784349507505
88 -77.39074888346889
89 -67.04253821609878
90 -18.452749391295523
91 -56.57864010568553
92 -70.77012131214025
93 -106.01302071357583
94 -68.28609185114985
95 -69.27197711985694
96 -106.17245562262823
97 -89.51406063832069
98 -86.22631031625862
99 -96.29723499801581
100 -94.02080749439423
101 26.685877179037785
102 -95.25115220432008
103 -99.3230759891303
104 -86.02296642115755
105 -31.94073349730206
106 -96.40107062827575
107 -73.56924650740409
108 -69.3109083284729
109 -107.20348992637753
110 -82.71182555107113
111 -94.1402932297143
112 -71.48248652809673
113 -78.16536698111418
114 -53.40140222358373
115 -110.61161638619436
116 -52.38223914804095
117 3.9433869497876
118 -88.51834771803931
119 -121.38055404231385
120 -112.5201974927276
121 -80.66165000360647
122 -109.8193789591148
123 -69.42114875096196
124 -118.05177250961702
125 -89.51093091223473
126 -116.14952783303913
127 -123.49608811534468
128 -105.1514045978475
129 -102.25377452606197
130 -80.44234039021707
131 -112.41439360691692
132 41.71802724392997
133 -104.75169743708777
134 -90.3964428263053
135 -42.8373843610277
136 -78.75010471635233
137 -97.52484133436306
138 -81.7972900663405
139 -116.75174315767504
140 -98.2204693435645
141 -25.548536779100626
142 -92.30616932201713
143 -100.43461407373344
144 -117.4585906342809
145 -95.94354730430135
146 -120.84144174402823
147 -57.61862197055884
148 -65.77928852453363
149 -77.35666825147202
150 -117.56108202159888
151 -96.99296905487428
152 -71.98594006022532
153 -64.19865972555759
154 -81.75045892603437
155 -103.10642747263184
156 -108.2737773877025
157 -101.78607563101323
158 -106.35859045848848
159 -113.85521070904231
160 -115.87825062101116
161 -116.62041527330649
162 -92.04983459353998
163 -95.57133712782645
164 -118.30145672614593
165 -105.43005949173353
166 -89.83776966616199
167 -82.62630752676837
168 -113.14871673502216
169 -118.37685890915972
170 -76.01373285776056
171 -94.74559492607042
172 -38.1886855830623
173 -90.43349406387576
174 -99.36185920572785
175 -114.30337911212598
176 -114.3148867635055
177 -100.47385210827547
178 -95.13278903691223
179 -114.2620765819936
180 -99.10840363682816
181 -121.71061652725749
182 -84.88604429968122
183 -101.51883897821465
184 -99.90377451033716
185 -108.1686418618655
186 -127.74186759967608
187 -104.76807230673712
188 -117.85288272063717
189 -117.5814843785493
190 -107.03480055747384
191 -107.47136584829434
192 -109.9014565398183
193 -85.68199221445788
194 -132.31215774229474
195 -118.79593373747984
196 -101.36701435773949
197 -75.26280271930955
198 -107.44431318032609
199 -104.75278492319634
200 -108.37115420639013
201 -110.29800699734605
202 -108.0731483917591
203 -107.33544452774484
204 -91.68997134552271
205 -109.34647631377655
206 -106.2069762282527
207 -96.87401426650422
208 -108.34165049185292
209 -100.03465131275067
210 -115.5171413183926
211 -92.57132819050497
212 -89.63401832322694
213 -104.25887623626686
214 -100.82213493290008
215 -102.67262062767973
216 -101.37122858733956
217 -117.16789574876773
218 -108.7202470949007
219 -103.73254169722709
220 -112.91004726033836
221 -111.29027247784654
222 -114.95000551232148
223 -121.55903141536245
224 -96.47489702434832
225 -118.43015002867674
226 -109.89140248642866
227 -114.58896058577673
228 -113.26171607211379
229 -113.35789021406502
230 -104.8407220378341
231 -122.1169260623943
232 -114.01517545760262
233 -103.10218262863563
234 -90.4204007736896
235 -111.88598402882461
236 -114.30306765213382
237 -108.49153165410893
238 -81.2393227188428
239 -109.36375392680287
240 -108.12664690480119
241 -115.59519513372372
242 -102.03792283281965
243 -123.08860662183358
244 -108.76390550008186
245 -124.49440999241982
246 -99.66682168690238
247 -103.58503432466384
248 -112.42920802492323
249 -104.2630643503885
250 -116.25876066825163
251 -122.08658560179676
252 -100.4226980770155
253 -110.66167737243966
254 -110.42143965062792
255 -117.74907287924064
256 -122.16797966509063
257 -115.4143870083996
258 -109.07870803995448
259 -85.41418824791411
260 -112.4647625347067
261 -85.33208023502193
262 -119.0030624830896
263 -112.51363233774416
264 -106.82191416908694
265 -94.68043701874807
266 -112.47240531091147
267 -115.94932434060946
268 -103.20082072147044
269 -102.22788008615254
270 -113.36315477646767
271 -111.80598652428714
272 -105.25504848002473
273 -95.8524260423852
274 -123.77721299524316
275 -113.10755742099188
276 -99.36736096745196
277 -112.82598754386053
278 -100.64161627891885
279 -115.91022322032316
280 -114.34466850864194
281 -110.99423998473921
282 -86.48399655394994
283 -120.66185651333618
284 -101.32293187615501
285 -110.07025044716383
286 -113.0965597073723
287 -117.85145360445712
288 -101.08736045447695
289 -126.21149686101532
290 -110.23625225664837
291 -117.0707425489508
292 -115.48847519763865
293 -112.44484191072088
294 -105.04097016588817
295 -104.79599794482164
296 -111.84977365801991
297 -108.4065930322943
298 -106.49738614116283
299 -120.58143995185506
300 -114.36604815039101
301 -100.86381304872903
302 -105.3026852037165
303 -106.14300076760934
304 -118.15879645348592
305 -108.81750149192725
306 -108.38202758043629
307 -83.02712175111661
308 -121.91636762721559
309 -109.57552889087842
310 -130.47392305551045
311 -109.36588498876375
312 -114.33230219213873
313 -115.75114267821561
314 -111.01680832354624
315 -121.42181330162545
316 -120.61056392147093
317 -107.03094346196764
318 -108.39420490914719
319 -113.15263717443763
320 -113.68210060344391
321 -99.24913419865433
322 -122.05161786925235
323 -114.76879356551677
324 -112.28615768734505
325 -104.25577405349911
326 -118.41711583511533
327 -116.28517376256629
328 -109.00914807407833
329 -106.14234720399985
330 -111.59334506566832
331 -108.21173194115457
332 -104.62470632317746
333 -100.23295674914016
334 -107.29823843526015
335 -115.69652107239818
336 -119.40807803205965
337 -107.50977583203624
338 -94.00499440947793
339 -107.51090535357562
340 -111.01404457604703
341 -104.12185115482299
342 -114.06905574624896
343 -107.26084885978248
344 -106.50366539011802
345 -110.23866644270724
346 -107.52687187263705
347 -120.20605806051819
348 -128.40344831449437
349 -123.85983687339505
350 -116.3790676916673
351 -112.58307356443613
352 -124.73657686111636
353 -108.42910819757742
354 -106.7621345701122
355 -113.85691253813887
356 -113.58075570221554
357 -107.85045578851278
358 -110.745669531591
359 -110.24527845508783
360 -110.23018045652373
361 -121.33118578109443
362 -112.86720609175256
363 -124.01135818998027
364 -110.06669565476042
365 -127.39967204385793
366 -113.73457985521364
367 -131.06201623463096
368 -107.9518682891104
369 -116.36092989470995
370 -112.64225871033057
371 -125.30835872988663
372 -107.14338488352804
373 -117.21076903481664
374 -106.40103530303412
375 -128.4260542800887
376 -117.17410726302226
377 -115.39108578474452
378 -117.64735009983961
379 -125.60809603842702
380 -99.718652530647
381 -118.93022088144147
382 -113.05924134949802
383 -121.81426357249869
384 -120.83553664275613
385 -126.42829608888698
386 -109.63864406434183
387 -108.42915172067062
388 -125.46548367569642
389 -131.07770032284475
390 -122.91939516578236
391 -112.54606041859931
392 -114.44712179196699
393 -118.27182124029801
394 -130.3437594073161
395 -112.36519773082873
396 -108.36313452940718
397 -115.63162140767528
398 -124.19760095526948
399 -114.01181371830211
400 -115.99922801842969
401 -106.28694769426406
402 -111.07541492913448
403 -107.66177219706108
404 -128.26597577823713
405 -103.68012106695232
406 -112.2248616832117
407 -111.12800744945673
408 -105.50686145089675
409 -129.1527438617058
410 -107.66951336521862
411 -114.350855326309
412 -125.77478533121611
413 -129.6119292597347
414 -126.37194033050947
415 -128.35559779598432
416 -112.97209276584935
417 -129.84410439682196
418 -109.6572604740593
419 -119.48803340661668
420 -125.88107899389068
421 -110.70301425337016
422 -109.77290826771699
423 -116.88494035788865
424 -131.38988579954173
425 -108.11592404684968
426 -110.96424512075642
427 -123.76150023680343
428 -130.82041255740916
429 -110.99078901426394
430 -128.62356734487565
431 -126.10560226103429
432 -107.56600378462808
433 -130.57798343363768
434 -121.95859081552469
435 -123.2480972808836
436 -106.36334752252381
437 -126.69296420161315
438 -133.34424250211148
439 -119.06158131446777
440 -114.32922669306511
441 -107.22583016271268
442 -112.781466630594
443 -108.65798843263735
444 -111.59617911245478
445 -106.29684228719294
446 -111.01193245558765
447 -122.22986728498313
448 -107.88559611224386
449 -107.3463083770923
450 -110.54153571657777
451 -106.6401727303925
452 -115.03129237610908
453 -121.82353300085879
454 -109.94742968243844
455 -121.65623347849433
456 -111.07674898559634
457 -121.57454805463917
458 -105.21651587953373
459 -114.32163527122741
460 -111.12032678282206
461 -113.03641698555087
462 -127.76368747895
463 -116.67956076509735
464 -106.14668483142663
465 -107.7623903359009
466 -118.08375505669254
467 -136.2535465502599
468 -106.79202911956794
469 -134.05886113075206
470 -124.09867449200233
471 -127.04163606373561
472 -127.10874850015504
473 -132.09846167643002
474 -123.56146858622155
475 -113.31481827766605
476 -130.58840472258177
477 -118.2067804305454
478 -132.91070992448684
479 -114.47664556452013
480 -118.13353813834611
481 -119.2951361931929
482 -118.12608488418984
483 -118.66071839979769
484 -110.78418601644502
485 -113.09986094904542
486 -114.11349811948101
487 -118.18498637475163
488 -107.85099576768522
489 -112.73425665079174
490 -107.66623829615183
491 -120.0915776479302
492 -113.81715260892686
493 -112.86464220848534
494 -120.16198045792474
495 -128.9384745847235
496 -126.31683575842315
497 -122.14468452838445
498 -123.49089195145991
499 -124.79048664180488
500 -117.1492797578492
501 -120.48648262238628
502 -109.5965992871721
503 -117.6553989656767
504 -120.20218249024724
505 -134.21963402475416
506 -122.88197122825348
507 -112.16561889880609
508 -112.24795149848495
509 -128.704319296383
510 -118.40503007596052
511 -107.73032753815714
512 -133.97765010532777
513 -112.46182950211323
514 -111.07976741226625
515 -109.15208524290648
516 -109.48923835213031
517 -112.57806394816764
518 -113.41461815306515
519 -111.82947768674642
520 -131.46635027210232
521 -116.59820440737664
522 -108.16026041711852
523 -124.25200947104433
524 -117.9502242873874
525 -118.22585478623911
526 -118.12897452905752
