evaluations raw_y
1 0.0
2 0.0
3 1.3319596590849974
4 -2.5700597679423436
5 -4.6369053055583915
6 -5.723685307351456
7 -4.681997004331585
8 -5.108365882354122
9 -3.7785275821469275
10 -4.147028859727167
11 -4.9642590102603865
12 -5.0205725426256445
13 -5.698396355883907
14 -5.53009257941706
15 -5.845429625687228
16 -5.8447865366493446
17 -5.845858410167628
18 -5.849316815735562
19 -5.847591016825728
20 -5.848928366600819
21 -5.849049530941395
22 -5.849326230250913
23 -5.849330295556975
24 -5.849352997827417
25 -5.849339177796206
26 -5.849351714576352
27 -5.849351974671924
28 -5.849353815295484
29 -5.849353012893208
30 -5.849353850697018
31 -5.849353524929995
32 -5.849353788392545
33 -5.849353848186244
34 -5.849353846827276
35 -5.8493538536625005
36 -5.8493538510516725
37 -5.8493538542188155
38 -5.849353852873607
39 -5.84935385411765
40 -5.849353854191391
41 -5.849353854285164
42 -5.849353854285164
43 -4.959862893601077
44 -8.090080747315115
45 -11.16967582880508
46 -0.3721515823953734
47 -7.32815118118406
48 -11.315675738438916
49 -11.787404978315916
50 -11.352641887670526
51 -9.847044586160724
52 -11.813502444892325
53 -11.94218446444389
54 -11.942187383818531
55 -11.942187573752754
56 -11.94218757397175
57 -11.94218757397175
58 -11.94218757397175
59 -11.942187573939798
60 -11.94218757396709
61 -11.94218757397107
62 -11.942187573971651
63 -11.942187573971736
64 -11.942187573971749
65 -11.94218757397175
66 -11.94218757397175
67 -11.94218757397175
68 -11.942187573971749
69 -11.94218757397175
70 -11.94218757397175
71 -11.94218757397175
72 -11.94218757397175
73 -11.94218757397175
74 -11.94218757397175
75 -11.94218757397175
76 -11.94218757397175
77 -11.94218757397175
78 -11.94218757397175
79 -12.013416592625413
80 -8.448396665505859
81 -11.339561537614419
82 -11.443496967147324
83 -12.123916709462703
84 -10.056317815284606
85 -11.209507349065458
86 -12.200515530933796
87 -12.200530941349541
88 -12.200533707512003
89 -12.200533707804686
90 -12.200533707804686
91 -12.200533707804686
92 -12.200533707804686
93 -12.200533707804686
94 -12.200533707804686
95 -12.200533707804686
96 -12.200533707804686
97 -11.657919476158565
98 -14.788748759178493
99 -17.507672827519702
100 -16.05349612049799
101 -16.601887150968764
102 -17.98347988385881
103 -16.888940421508373
104 -17.122539462127452
105 -15.792030526194347
106 -17.270803665861415
107 -17.428217432080974
108 -18.056496428385138
109 -17.812506404506745
110 -18.152414448545706
111 -18.163172295587998
112 -18.19445486258605
113 -17.978084150566875
114 -18.184362181992178
115 -17.97176160563867
116 -18.190872956644537
117 -17.968729022890194
118 -18.193126662921046
119 -17.967480919944585
120 -18.193953372515413
121 -18.194761191016084
122 -17.967179055168327
123 -18.194644509513914
124 -18.194833102929216
125 -17.96710739200257
126 -18.194805653168608
127 -17.96707997853209
128 -18.19482262070136
129 -17.967069501598438
130 -18.19482909946083
131 -18.194835576970085
132 -17.967067027852483
133 -18.194834631992116
134 -18.194836160985293
135 -18.194836521921466
136 -18.194836744990354
137 -18.19483688285377
138 -18.194836968057764
139 -18.194837020716623
140 -17.967066975193756
141 -18.19483700060274
142 -18.194837033147678
143 -17.967066962762704
144 -18.194837028399437
145 -17.967066958014463
146 -18.19483703133401
147 -18.194837034268588
148 -18.194837034961346
149 -18.194837035389494
150 -18.194837035654103
151 -18.194837035817642
152 -18.194837035918717
153 -17.967066957913392
154 -18.194837035880106
155 -17.967066957874785
156 -18.194837035918717
157 -18.344611199307923
158 -16.837842183271828
159 -17.07630107050472
160 -17.129549415936356
161 -17.33247648522205
162 -17.893326456423623
163 -18.410163255083248
164 -18.410764690302802
165 -18.41084263445759
166 -18.410842645077604
167 -18.410842645077718
168 -18.410842645077718
169 -18.410842645077718
170 -18.410842645077718
171 -18.410842645077718
172 -18.410842645077718
173 -18.410842645077718
174 -18.410842645077718
175 -18.410842645077718
176 2.3037501556460027
177 -18.410842645077718
178 -15.61968288077471
179 -15.118689154927923
180 -18.038785061158517
181 -16.625898389309935
182 -16.35750205252151
183 -17.07591818843749
184 -17.508878583663176
185 -18.012281123004314
186 -18.16388544650576
187 -18.27647205544098
188 -18.391054141863012
189 -18.38640790063774
190 -18.409748201860086
191 -18.406283631126943
192 -18.40910592969755
193 -18.410682705605534
194 -18.410609389032494
195 -18.41082432602455
196 -18.410807247890265
197 -18.410838375865566
198 -18.410839132732605
199 -18.41084245587015
200 -18.410841814333736
201 -18.410842327761923
202 -18.410842613058623
203 -18.41084260578881
204 -18.41084264326737
205 -18.410842637560556
206 -18.41084264220642
207 -18.410842644820267
208 -18.41084264469774
209 -18.410842645034442
210 -18.410842645020853
211 -18.410842645077718
212 -17.894423143642893
213 -14.637575611419466
214 -17.854389449177535
215 -18.405078677297357
216 -17.253336436572706
217 -16.332606086333893
218 -18.06847737432679
219 -18.2005868664047
220 -18.358217319381865
221 -18.379195443460205
222 -18.403106409012363
223 -18.40620440687764
224 -18.40971269923519
225 -18.410842645034307
226 -18.410842645077718
227 -18.410842645077718
228 -18.410842645077718
229 -18.410842645077718
230 -18.410842645077718
231 -18.410842645077718
232 -18.410842645077718
233 -18.410842645077718
234 -18.410842645077718
235 -18.410842645077718
236 -18.410842645077718
237 -18.410842645077718
238 -18.410842645077718
239 -15.71593466977991
240 -18.42044209927351
241 -17.61403445772271
242 -16.358431050192024
243 -16.413695289553836
244 -18.350764813410276
245 -18.388166366201965
246 -18.410842557245097
247 -18.410842645077402
248 -18.410842645077718
249 -18.410842645077718
250 -18.410842645077672
251 -18.41084264507771
252 -18.410842645077718
253 -18.410842645077715
254 -18.410842645077718
255 -18.410842645077718
256 -18.410842645077718
257 -18.410842645077718
258 -18.410842645077718
259 -18.410842645077718
260 -18.410842645077718
261 -18.410842645077718
262 -18.410842645077718
263 -18.410842645077718
264 -18.410842645077718
265 -18.410842645077718
266 -18.410842645077718
267 -17.650066373028228
268 -16.37656194541364
269 -17.22660460933464
270 -18.1149981814769
271 -18.15492020435148
272 -16.070119668631275
273 -17.8083839448764
274 -18.171725020675108
275 -18.39607954467331
276 -18.18848223415648
277 -18.40436834923182
278 -18.40849376737508
279 -18.18526312240198
280 -18.409963590530435
281 -18.183927383038395
282 -18.41050952405004
283 -18.18340171649552
284 -18.410715790595845
285 -18.18319867582637
286 -18.41079424736271
287 -18.18312079244149
288 -18.410824167022724
289 -18.183090995677198
290 -18.410835588289228
291 -18.183079607329443
292 -18.410839949799563
293 -18.18307525634699
294 -18.410841615598653
295 -18.183073594270688
296 -18.410842251855442
297 -18.183072959392323
298 -18.410842494880722
299 -18.183072716887203
300 -18.410842587707652
301 -18.18307262425803
302 -18.410842623164317
303 -18.183072588876765
304 -18.410842636707542
305 -18.18307257536232
306 -18.410842641880595
307 -18.18307257020026
308 -18.410842643856522
309 -18.18307256822853
310 -18.41084264461126
311 -18.18307256747539
312 -18.410842644899546
313 -18.18307256718772
314 -18.410842645009662
315 -18.18307256707784
316 -18.410842645051723
317 -18.183072567035868
318 -18.410842645077718
319 -16.59272852866726
320 -19.872135630211336
321 -19.67543046681482
322 -18.944711978421616
323 -17.9788536179799
324 -19.311559114734855
325 -18.19612087116974
326 -19.92339124141161
327 -19.977073110965797
328 -19.978831038400415
329 -19.978831374816203
330 -19.9788314267597
331 -19.978831426759715
332 -19.978831426759715
333 -19.978831426759715
334 -19.978831426759715
335 -19.978831426759715
336 -19.978831426759715
337 -19.978831426759715
338 -19.978831426759715
339 -21.546820208441716
340 -19.978831426759715
341 -21.546820208441716
342 -23.155470550280697
343 -20.3456554999898
344 -23.5068061855441
345 -22.331251057838976
346 -22.549347064869355
347 -21.19046365081512
348 -22.41412140334105
349 -22.611990335106675
350 -23.3116141925438
351 -23.42738531590023
352 -23.506803046611203
353 -23.506806185402432
354 -23.50680618554421
355 -23.50680618554421
356 -23.50680618554421
357 -23.50680618554421
358 -23.50680618554421
359 -23.50680618554421
360 -23.50680618554421
361 -23.50680618554421
362 -23.50680618554421
363 -20.715646421241203
364 -20.214652695394417
365 -23.134748601625013
366 -21.721861929776427
367 -21.453465592988003
368 -22.171881728903983
369 -22.604842124129668
370 -23.108244663470806
371 -23.25984898697225
372 -23.372435595907472
373 -23.4870176823295
374 -23.482371441104227
375 -23.50571174232657
376 -23.50224717159342
377 -23.505069470164035
378 -23.50664624607202
379 -23.506572929498983
380 -23.50678786649104
381 -23.506770788356757
382 -23.50680191633206
383 -23.50680267319909
384 -23.50680599633664
385 -23.50680535480023
386 -23.506805868228415
387 -23.50680615352512
388 -23.506806146255304
389 -23.506806183733865
390 -23.506806178027045
391 -23.50680618267291
392 -23.50680618528676
393 -23.506806185164233
394 -23.506806185500935
395 -23.50680618548735
396 -23.50680618554421
397 -22.990386644304365
398 -19.733539103901123
399 -22.950353041745036
400 -23.501042230996315
401 -22.34929993214084
402 -21.42856952950318
403 -23.164440821815063
404 -23.296550443010236
405 -23.454180820337708
406 -23.475159008581098
407 -23.49906993415633
408 -23.502167958312207
409 -23.50567623383607
410 -23.506806185500803
411 -23.506806185544214
412 -23.506806185544214
413 -23.506806185544214
414 -23.506806185544214
415 -23.506806185544214
416 -23.506806185544214
417 -23.506806185544214
418 -23.506806185544214
419 -20.811898209155984
420 -23.516405640921374
421 -22.709997993955227
422 -21.45439458967695
423 -21.50965883022777
424 -23.44672835475373
425 -23.48412990692682
426 -23.506806097711596
427 -23.506806185543898
428 -23.506806185544214
429 -23.506806185544214
430 -23.506806185544214
431 -23.506806185544214
432 -23.506806185544214
433 -23.506806185544214
434 -22.746029913494723
435 -21.472525485880137
436 -22.322568149801135
437 -23.210961721943395
438 -23.250883744817976
439 -21.16608320909777
440 -22.904347485342896
441 -23.267688561141604
442 -23.492043085139805
443 -23.284445774622977
444 -23.500331889698316
445 -23.504457307841577
446 -23.281226662868477
447 -23.50592713099693
448 -23.27989092350489
449 -23.506473064516534
450 -23.279365256962016
451 -23.50667933106234
452 -23.279162216292868
453 -23.506757787829205
454 -23.279084332907985
455 -23.50678770748922
456 -23.279054536143693
457 -23.506799128755723
458 -23.27904314779594
459 -23.50680349026606
460 -23.279038796813484
461 -23.50680515606515
462 -23.279037134737184
463 -23.506805792321938
464 -23.27903649985882
465 -23.506806035347218
466 -23.2790362573537
467 -23.506806128174148
468 -23.279036164724527
469 -23.506806163630813
470 -23.27903612934326
471 -23.506806177174038
472 -23.279036115828816
473 -23.50680618234709
474 -23.279036110666755
475 -23.50680618432302
476 -23.279036108695024
477 -23.506806185077757
478 -23.279036107941884
479 -23.50680618536604
480 -23.279036107654214
481 -23.506806185476158
482 -23.279036107544336
483 -23.50680618551822
484 -23.279036107502364
485 -23.506806185544214
486 -20.070177381240512
487 -16.75924154817201
488 -19.895218199336234
489 -23.037845358075224
490 -22.191838830845192
491 -20.857600817365892
492 -21.14783891421729
493 -22.577489724436358
494 -22.38382301761442
495 -23.347100987240268
496 -23.38632082683482
497 -23.506805765564657
498 -23.50680618549917
499 -23.506806185544214
500 -23.506806185544214
evaluations raw_y
1 0.0
2 0.0
3 1.3319596590849974
4 -2.5700597679423436
5 -4.6369053055583915
6 -5.723685307351456
7 -4.681997004331585
8 -5.108365882354122
9 -3.7785275821469275
10 -4.147028859727167
11 -4.9642590102603865
12 -5.0205725426256445
13 -5.698396355883907
14 -5.53009257941706
15 -5.845429625687228
16 -5.8447865366493446
17 -5.845858410167628
18 -5.849316815735562
19 -5.847591016825728
20 -5.848928366600819
21 -5.849049530941395
22 -5.849326230250913
23 -5.849330295556975
24 -5.849352997827417
25 -5.849339177796206
26 -5.849351714576352
27 -5.849351974671924
28 -5.849353815295484
29 -5.849353012893208
30 -5.849353850697018
31 -5.849353524929995
32 -5.849353788392545
33 -5.849353848186244
34 -5.849353846827276
35 -5.8493538536625005
36 -5.8493538510516725
37 -5.8493538542188155
38 -5.849353852873607
39 -5.84935385411765
40 -5.849353854191391
41 -5.849353854285164
42 -5.849353854285164
43 -4.959862893601077
44 -8.090080747315115
45 -11.16967582880508
46 -0.3721515823953734
47 -7.32815118118406
48 -11.315675738438916
49 -11.787404978315916
50 -11.352641887670526
51 -9.847044586160724
52 -11.813502444892325
53 -11.94218446444389
54 -11.942187383818531
55 -11.942187573752754
56 -11.94218757397175
57 -11.94218757397175
58 -11.94218757397175
59 -11.942187573939798
60 -11.94218757396709
61 -11.94218757397107
62 -11.942187573971651
63 -11.942187573971736
64 -11.942187573971749
65 -11.94218757397175
66 -11.94218757397175
67 -11.94218757397175
68 -11.942187573971749
69 -11.94218757397175
70 -11.94218757397175
71 -11.94218757397175
72 -11.94218757397175
73 -11.94218757397175
74 -11.94218757397175
75 -11.94218757397175
76 -11.94218757397175
77 -11.94218757397175
78 -11.94218757397175
79 -12.013416592625413
80 -8.448396665505859
81 -11.339561537614419
82 -11.443496967147324
83 -12.123916709462703
84 -10.056317815284606
85 -11.209507349065458
86 -12.200515530933796
87 -12.200530941349541
88 -12.200533707512003
89 -12.200533707804686
90 -12.200533707804686
91 -12.200533707804686
92 -12.200533707804686
93 -12.200533707804686
94 -12.200533707804686
95 -12.200533707804686
96 -12.200533707804686
97 -11.657919476158565
98 -14.788748759178493
99 -17.507672827519702
100 -16.05349612049799
101 -16.601887150968764
102 -17.98347988385881
103 -16.888940421508373
104 -17.122539462127452
105 -15.792030526194347
106 -17.270803665861415
107 -17.428217432080974
108 -18.056496428385138
109 -17.812506404506745
110 -18.152414448545706
111 -18.163172295587998
112 -18.19445486258605
113 -17.978084150566875
114 -18.184362181992178
115 -17.97176160563867
116 -18.190872956644537
117 -17.968729022890194
118 -18.193126662921046
119 -17.967480919944585
120 -18.193953372515413
121 -18.194761191016084
122 -17.967179055168327
123 -18.194644509513914
124 -18.194833102929216
125 -17.96710739200257
126 -18.194805653168608
127 -17.96707997853209
128 -18.19482262070136
129 -17.967069501598438
130 -18.19482909946083
131 -18.194835576970085
132 -17.967067027852483
133 -18.194834631992116
134 -18.194836160985293
135 -18.194836521921466
136 -18.194836744990354
137 -18.19483688285377
138 -18.194836968057764
139 -18.194837020716623
140 -17.967066975193756
141 -18.19483700060274
142 -18.194837033147678
143 -17.967066962762704
144 -18.194837028399437
145 -17.967066958014463
146 -18.19483703133401
147 -18.194837034268588
148 -18.194837034961346
149 -18.194837035389494
150 -18.194837035654103
151 -18.194837035817642
152 -18.194837035918717
153 -17.967066957913392
154 -18.194837035880106
155 -17.967066957874785
156 -18.194837035918717
157 -18.344611199307923
158 -16.837842183271828
159 -17.07630107050472
160 -17.129549415936356
161 -17.33247648522205
162 -17.893326456423623
163 -18.410163255083248
164 -18.410764690302802
165 -18.41084263445759
166 -18.410842645077604
167 -18.410842645077718
168 -18.410842645077718
169 -18.410842645077718
170 -18.410842645077718
171 -18.410842645077718
172 -18.410842645077718
173 -18.410842645077718
174 -18.410842645077718
175 -18.410842645077718
176 2.3037501556460027
177 -18.410842645077718
178 -15.61968288077471
179 -15.118689154927923
180 -18.038785061158517
181 -16.625898389309935
182 -16.35750205252151
183 -17.07591818843749
184 -17.508878583663176
185 -18.012281123004314
186 -18.16388544650576
187 -18.27647205544098
188 -18.391054141863012
189 -18.38640790063774
190 -18.409748201860086
191 -18.406283631126943
192 -18.40910592969755
193 -18.410682705605534
194 -18.410609389032494
195 -18.41082432602455
196 -18.410807247890265
197 -18.410838375865566
198 -18.410839132732605
199 -18.41084245587015
200 -18.410841814333736
201 -18.410842327761923
202 -18.410842613058623
203 -18.41084260578881
204 -18.41084264326737
205 -18.410842637560556
206 -18.41084264220642
207 -18.410842644820267
208 -18.41084264469774
209 -18.410842645034442
210 -18.410842645020853
211 -18.410842645077718
212 -17.894423143642893
213 -14.637575611419466
214 -17.854389449177535
215 -18.405078677297357
216 -17.253336436572706
217 -16.332606086333893
218 -18.06847737432679
219 -18.2005868664047
220 -18.358217319381865
221 -18.379195443460205
222 -18.403106409012363
223 -18.40620440687764
224 -18.40971269923519
225 -18.410842645034307
226 -18.410842645077718
227 -18.410842645077718
228 -18.410842645077718
229 -18.410842645077718
230 -18.410842645077718
231 -18.410842645077718
232 -18.410842645077718
233 -18.410842645077718
234 -18.410842645077718
235 -18.410842645077718
236 -18.410842645077718
237 -18.410842645077718
238 -18.410842645077718
239 -15.71593466977991
240 -18.42044209927351
241 -17.61403445772271
242 -16.358431050192024
243 -16.413695289553836
244 -18.350764813410276
245 -18.388166366201965
246 -18.410842557245097
247 -18.410842645077402
248 -18.410842645077718
249 -18.410842645077718
250 -18.410842645077672
251 -18.41084264507771
252 -18.410842645077718
253 -18.410842645077715
254 -18.410842645077718
255 -18.410842645077718
256 -18.410842645077718
257 -18.410842645077718
258 -18.410842645077718
259 -18.410842645077718
260 -18.410842645077718
261 -18.410842645077718
262 -18.410842645077718
263 -18.410842645077718
264 -18.410842645077718
265 -18.410842645077718
266 -18.410842645077718
267 -17.650066373028228
268 -16.37656194541364
269 -17.22660460933464
270 -18.1149981814769
271 -18.15492020435148
272 -16.070119668631275
273 -17.8083839448764
274 -18.171725020675108
275 -18.39607954467331
276 -18.18848223415648
277 -18.40436834923182
278 -18.40849376737508
279 -18.18526312240198
280 -18.409963590530435
281 -18.183927383038395
282 -18.41050952405004
283 -18.18340171649552
284 -18.410715790595845
285 -18.18319867582637
286 -18.41079424736271
287 -18.18312079244149
288 -18.410824167022724
289 -18.183090995677198
290 -18.410835588289228
291 -18.183079607329443
292 -18.410839949799563
293 -18.18307525634699
294 -18.410841615598653
295 -18.183073594270688
296 -18.410842251855442
297 -18.183072959392323
298 -18.410842494880722
299 -18.183072716887203
300 -18.410842587707652
301 -18.18307262425803
302 -18.410842623164317
303 -18.183072588876765
304 -18.410842636707542
305 -18.18307257536232
306 -18.410842641880595
307 -18.18307257020026
308 -18.410842643856522
309 -18.18307256822853
310 -18.41084264461126
311 -18.18307256747539
312 -18.410842644899546
313 -18.18307256718772
314 -18.410842645009662
315 -18.18307256707784
316 -18.410842645051723
317 -18.183072567035868
318 -18.410842645077718
319 -16.59272852866726
320 -19.872135630211336
321 -19.67543046681482
322 -18.944711978421616
323 -17.9788536179799
324 -19.311559114734855
325 -18.19612087116974
326 -19.92339124141161
327 -19.977073110965797
328 -19.978831038400415
329 -19.978831374816203
330 -19.9788314267597
331 -19.978831426759715
332 -19.978831426759715
333 -19.978831426759715
334 -19.978831426759715
335 -19.978831426759715
336 -19.978831426759715
337 -19.978831426759715
338 -19.978831426759715
339 -21.546820208441716
340 -19.978831426759715
341 -21.546820208441716
342 -23.155470550280697
343 -20.3456554999898
344 -23.5068061855441
345 -22.331251057838976
346 -22.549347064869355
347 -21.19046365081512
348 -22.41412140334105
349 -22.611990335106675
350 -23.3116141925438
351 -23.42738531590023
352 -23.506803046611203
353 -23.506806185402432
354 -23.50680618554421
355 -23.50680618554421
356 -23.50680618554421
357 -23.50680618554421
358 -23.50680618554421
359 -23.50680618554421
360 -23.50680618554421
361 -23.50680618554421
362 -23.50680618554421
363 -20.715646421241203
364 -20.214652695394417
365 -23.134748601625013
366 -21.721861929776427
367 -21.453465592988003
368 -22.171881728903983
369 -22.604842124129668
370 -23.108244663470806
371 -23.25984898697225
372 -23.372435595907472
373 -23.4870176823295
374 -23.482371441104227
375 -23.50571174232657
376 -23.50224717159342
377 -23.505069470164035
378 -23.50664624607202
379 -23.506572929498983
380 -23.50678786649104
381 -23.506770788356757
382 -23.50680191633206
383 -23.50680267319909
384 -23.50680599633664
385 -23.50680535480023
386 -23.506805868228415
387 -23.50680615352512
388 -23.506806146255304
389 -23.506806183733865
390 -23.506806178027045
391 -23.50680618267291
392 -23.50680618528676
393 -23.506806185164233
394 -23.506806185500935
395 -23.50680618548735
396 -23.50680618554421
397 -22.990386644304365
398 -19.733539103901123
399 -22.950353041745036
400 -23.501042230996315
401 -22.34929993214084
402 -21.42856952950318
403 -23.164440821815063
404 -23.296550443010236
405 -23.454180820337708
406 -23.475159008581098
407 -23.49906993415633
408 -23.502167958312207
409 -23.50567623383607
410 -23.506806185500803
411 -23.506806185544214
412 -23.506806185544214
413 -23.506806185544214
414 -23.506806185544214
415 -23.506806185544214
416 -23.506806185544214
417 -23.506806185544214
418 -23.506806185544214
419 -20.811898209155984
420 -23.516405640921374
421 -22.709997993955227
422 -21.45439458967695
423 -21.50965883022777
424 -23.44672835475373
425 -23.48412990692682
426 -23.506806097711596
427 -23.506806185543898
428 -23.506806185544214
429 -23.506806185544214
430 -23.506806185544214
431 -23.506806185544214
432 -23.506806185544214
433 -23.506806185544214
434 -22.746029913494723
435 -21.472525485880137
436 -22.322568149801135
437 -23.210961721943395
438 -23.250883744817976
439 -21.16608320909777
440 -22.904347485342896
441 -23.267688561141604
442 -23.492043085139805
443 -23.284445774622977
444 -23.500331889698316
445 -23.504457307841577
446 -23.281226662868477
447 -23.50592713099693
448 -23.27989092350489
449 -23.506473064516534
450 -23.279365256962016
451 -23.50667933106234
452 -23.279162216292868
453 -23.506757787829205
454 -23.279084332907985
455 -23.50678770748922
456 -23.279054536143693
457 -23.506799128755723
458 -23.27904314779594
459 -23.50680349026606
460 -23.279038796813484
461 -23.50680515606515
462 -23.279037134737184
463 -23.506805792321938
464 -23.27903649985882
465 -23.506806035347218
466 -23.2790362573537
467 -23.506806128174148
468 -23.279036164724527
469 -23.506806163630813
470 -23.27903612934326
471 -23.506806177174038
472 -23.279036115828816
473 -23.50680618234709
474 -23.279036110666755
475 -23.50680618432302
476 -23.279036108695024
477 -23.506806185077757
478 -23.279036107941884
479 -23.50680618536604
480 -23.279036107654214
481 -23.506806185476158
482 -23.279036107544336
483 -23.50680618551822
484 -23.279036107502364
485 -23.506806185544214
486 -20.070177381240512
487 -16.75924154817201
488 -19.895218199336234
489 -23.037845358075224
490 -22.191838830845192
491 -20.857600817365892
492 -21.14783891421729
493 -22.577489724436358
494 -22.38382301761442
495 -23.347100987240268
496 -23.38632082683482
497 -23.506805765564657
498 -23.50680618549917
499 -23.506806185544214
500 -23.506806185544214
evaluations raw_y
1 0.0
2 0.0
3 1.3319596590849974
4 -2.5700597679423436
5 -4.6369053055583915
6 -5.723685307351456
7 -4.681997004331585
8 -5.108365882354122
9 -3.7785275821469275
10 -4.147028859727167
11 -4.9642590102603865
12 -5.0205725426256445
13 -5.698396355883907
14 -5.53009257941706
15 -5.845429625687228
16 -5.8447865366493446
17 -5.845858410167628
18 -5.849316815735562
19 -5.847591016825728
20 -5.848928366600819
21 -5.849049530941395
22 -5.849326230250913
23 -5.849330295556975
24 -5.849352997827417
25 -5.849339177796206
26 -5.849351714576352
27 -5.849351974671924
28 -5.849353815295484
29 -5.849353012893208
30 -5.849353850697018
31 -5.849353524929995
32 -5.849353788392545
33 -5.849353848186244
34 -5.849353846827276
35 -5.8493538536625005
36 -5.8493538510516725
37 -5.8493538542188155
38 -5.849353852873607
39 -5.84935385411765
40 -5.849353854191391
41 -5.849353854285164
42 -5.849353854285164
43 -4.959862893601077
44 -8.090080747315115
45 -11.16967582880508
46 -0.3721515823953734
47 -7.32815118118406
48 -11.315675738438916
49 -11.787404978315916
50 -11.352641887670526
51 -9.847044586160724
52 -11.813502444892325
53 -11.94218446444389
54 -11.942187383818531
55 -11.942187573752754
56 -11.94218757397175
57 -11.94218757397175
58 -11.94218757397175
59 -11.942187573939798
60 -11.94218757396709
61 -11.94218757397107
62 -11.942187573971651
63 -11.942187573971736
64 -11.942187573971749
65 -11.94218757397175
66 -11.94218757397175
67 -11.94218757397175
68 -11.942187573971749
69 -11.94218757397175
70 -11.94218757397175
71 -11.94218757397175
72 -11.94218757397175
73 -11.94218757397175
74 -11.94218757397175
75 -11.94218757397175
76 -11.94218757397175
77 -11.94218757397175
78 -11.94218757397175
79 -12.013416592625413
80 -8.448396665505859
81 -11.339561537614419
82 -11.443496967147324
83 -12.123916709462703
84 -10.056317815284606
85 -11.209507349065458
86 -12.200515530933796
87 -12.200530941349541
88 -12.200533707512003
89 -12.200533707804686
90 -12.200533707804686
91 -12.200533707804686
92 -12.200533707804686
93 -12.200533707804686
94 -12.200533707804686
95 -12.200533707804686
96 -12.200533707804686
97 -11.657919476158565
98 -14.788748759178493
99 -17.507672827519702
100 -16.05349612049799
101 -16.601887150968764
102 -17.98347988385881
103 -16.888940421508373
104 -17.122539462127452
105 -15.792030526194347
106 -17.270803665861415
107 -17.428217432080974
108 -18.056496428385138
109 -17.812506404506745
110 -18.152414448545706
111 -18.163172295587998
112 -18.19445486258605
113 -17.978084150566875
114 -18.184362181992178
115 -17.97176160563867
116 -18.190872956644537
117 -17.968729022890194
118 -18.193126662921046
119 -17.967480919944585
120 -18.193953372515413
121 -18.194761191016084
122 -17.967179055168327
123 -18.194644509513914
124 -18.194833102929216
125 -17.96710739200257
126 -18.194805653168608
127 -17.96707997853209
128 -18.19482262070136
129 -17.967069501598438
130 -18.19482909946083
131 -18.194835576970085
132 -17.967067027852483
133 -18.194834631992116
134 -18.194836160985293
135 -18.194836521921466
136 -18.194836744990354
137 -18.19483688285377
138 -18.194836968057764
139 -18.194837020716623
140 -17.967066975193756
141 -18.19483700060274
142 -18.194837033147678
143 -17.967066962762704
144 -18.194837028399437
145 -17.967066958014463
146 -18.19483703133401
147 -18.194837034268588
148 -18.194837034961346
149 -18.194837035389494
150 -18.194837035654103
151 -18.194837035817642
152 -18.194837035918717
153 -17.967066957913392
154 -18.194837035880106
155 -17.967066957874785
156 -18.194837035918717
157 -18.344611199307923
158 -16.837842183271828
159 -17.07630107050472
160 -17.129549415936356
161 -17.33247648522205
162 -17.893326456423623
163 -18.410163255083248
164 -18.410764690302802
165 -18.41084263445759
166 -18.410842645077604
167 -18.410842645077718
168 -18.410842645077718
169 -18.410842645077718
170 -18.410842645077718
171 -18.410842645077718
172 -18.410842645077718
173 -18.410842645077718
174 -18.410842645077718
175 -18.410842645077718
176 2.3037501556460027
177 -18.410842645077718
178 -15.61968288077471
179 -15.118689154927923
180 -18.038785061158517
181 -16.625898389309935
182 -16.35750205252151
183 -17.07591818843749
184 -17.508878583663176
185 -18.012281123004314
186 -18.16388544650576
187 -18.27647205544098
188 -18.391054141863012
189 -18.38640790063774
190 -18.409748201860086
191 -18.406283631126943
192 -18.40910592969755
193 -18.410682705605534
194 -18.410609389032494
195 -18.41082432602455
196 -18.410807247890265
197 -18.410838375865566
198 -18.410839132732605
199 -18.41084245587015
200 -18.410841814333736
201 -18.410842327761923
202 -18.410842613058623
203 -18.41084260578881
204 -18.41084264326737
205 -18.410842637560556
206 -18.41084264220642
207 -18.410842644820267
208 -18.41084264469774
209 -18.410842645034442
210 -18.410842645020853
211 -18.410842645077718
212 -17.894423143642893
213 -14.637575611419466
214 -17.854389449177535
215 -18.405078677297357
216 -17.253336436572706
217 -16.332606086333893
218 -18.06847737432679
219 -18.2005868664047
220 -18.358217319381865
221 -18.379195443460205
222 -18.403106409012363
223 -18.40620440687764
224 -18.40971269923519
225 -18.410842645034307
226 -18.410842645077718
227 -18.410842645077718
228 -18.410842645077718
229 -18.410842645077718
230 -18.410842645077718
231 -18.410842645077718
232 -18.410842645077718
233 -18.410842645077718
234 -18.410842645077718
235 -18.410842645077718
236 -18.410842645077718
237 -18.410842645077718
238 -18.410842645077718
239 -15.71593466977991
240 -18.42044209927351
241 -17.61403445772271
242 -16.358431050192024
243 -16.413695289553836
244 -18.350764813410276
245 -18.388166366201965
246 -18.410842557245097
247 -18.410842645077402
248 -18.410842645077718
249 -18.410842645077718
250 -18.410842645077672
251 -18.41084264507771
252 -18.410842645077718
253 -18.410842645077715
254 -18.410842645077718
255 -18.410842645077718
256 -18.410842645077718
257 -18.410842645077718
258 -18.410842645077718
259 -18.410842645077718
260 -18.410842645077718
261 -18.410842645077718
262 -18.410842645077718
263 -18.410842645077718
264 -18.410842645077718
265 -18.410842645077718
266 -18.410842645077718
267 -17.650066373028228
268 -16.37656194541364
269 -17.22660460933464
270 -18.1149981814769
271 -18.15492020435148
272 -16.070119668631275
273 -17.8083839448764
274 -18.171725020675108
275 -18.39607954467331
276 -18.18848223415648
277 -18.40436834923182
278 -18.40849376737508
279 -18.18526312240198
280 -18.409963590530435
281 -18.183927383038395
282 -18.41050952405004
283 -18.18340171649552
284 -18.410715790595845
285 -18.18319867582637
286 -18.41079424736271
287 -18.18312079244149
288 -18.410824167022724
289 -18.183090995677198
290 -18.410835588289228
291 -18.183079607329443
292 -18.410839949799563
293 -18.18307525634699
294 -18.410841615598653
295 -18.183073594270688
296 -18.410842251855442
297 -18.183072959392323
298 -18.410842494880722
299 -18.183072716887203
300 -18.410842587707652
301 -18.18307262425803
302 -18.410842623164317
303 -18.183072588876765
304 -18.410842636707542
305 -18.18307257536232
306 -18.410842641880595
307 -18.18307257020026
308 -18.410842643856522
309 -18.18307256822853
310 -18.41084264461126
311 -18.18307256747539
312 -18.410842644899546
313 -18.18307256718772
314 -18.410842645009662
315 -18.18307256707784
316 -18.410842645051723
317 -18.183072567035868
318 -18.410842645077718
319 -16.59272852866726
320 -19.872135630211336
321 -19.67543046681482
322 -18.944711978421616
323 -17.9788536179799
324 -19.311559114734855
325 -18.19612087116974
326 -19.92339124141161
327 -19.977073110965797
328 -19.978831038400415
329 -19.978831374816203
330 -19.9788314267597
331 -19.978831426759715
332 -19.978831426759715
333 -19.978831426759715
334 -19.978831426759715
335 -19.978831426759715
336 -19.978831426759715
337 -19.978831426759715
338 -19.978831426759715
339 -21.546820208441716
340 -19.978831426759715
341 -21.546820208441716
342 -23.155470550280697
343 -20.3456554999898
344 -23.5068061855441
345 -22.331251057838976
346 -22.549347064869355
347 -21.19046365081512
348 -22.41412140334105
349 -22.611990335106675
350 -23.3116141925438
351 -23.42738531590023
352 -23.506803046611203
353 -23.506806185402432
354 -23.50680618554421
355 -23.50680618554421
356 -23.50680618554421
357 -23.50680618554421
358 -23.50680618554421
359 -23.50680618554421
360 -23.50680618554421
361 -23.50680618554421
362 -23.50680618554421
363 -20.715646421241203
364 -20.214652695394417
365 -23.134748601625013
366 -21.721861929776427
367 -21.453465592988003
368 -22.171881728903983
369 -22.604842124129668
370 -23.108244663470806
371 -23.25984898697225
372 -23.372435595907472
373 -23.4870176823295
374 -23.482371441104227
375 -23.50571174232657
376 -23.50224717159342
377 -23.505069470164035
378 -23.50664624607202
379 -23.506572929498983
380 -23.50678786649104
381 -23.506770788356757
382 -23.50680191633206
383 -23.50680267319909
384 -23.50680599633664
385 -23.50680535480023
386 -23.506805868228415
387 -23.50680615352512
388 -23.506806146255304
389 -23.506806183733865
390 -23.506806178027045
391 -23.50680618267291
392 -23.50680618528676
393 -23.506806185164233
394 -23.506806185500935
395 -23.50680618548735
396 -23.50680618554421
397 -22.990386644304365
398 -19.733539103901123
399 -22.950353041745036
400 -23.501042230996315
401 -22.34929993214084
402 -21.42856952950318
403 -23.164440821815063
404 -23.296550443010236
405 -23.454180820337708
406 -23.475159008581098
407 -23.49906993415633
408 -23.502167958312207
409 -23.50567623383607
410 -23.506806185500803
411 -23.506806185544214
412 -23.506806185544214
413 -23.506806185544214
414 -23.506806185544214
415 -23.506806185544214
416 -23.506806185544214
417 -23.506806185544214
418 -23.506806185544214
419 -20.811898209155984
420 -23.516405640921374
421 -22.709997993955227
422 -21.45439458967695
423 -21.50965883022777
424 -23.44672835475373
425 -23.48412990692682
426 -23.506806097711596
427 -23.506806185543898
428 -23.506806185544214
429 -23.506806185544214
430 -23.506806185544214
431 -23.506806185544214
432 -23.506806185544214
433 -23.506806185544214
434 -22.746029913494723
435 -21.472525485880137
436 -22.322568149801135
437 -23.210961721943395
438 -23.250883744817976
439 -21.16608320909777
440 -22.904347485342896
441 -23.267688561141604
442 -23.492043085139805
443 -23.284445774622977
444 -23.500331889698316
445 -23.504457307841577
446 -23.281226662868477
447 -23.50592713099693
448 -23.27989092350489
449 -23.506473064516534
450 -23.279365256962016
451 -23.50667933106234
452 -23.279162216292868
453 -23.506757787829205
454 -23.279084332907985
455 -23.50678770748922
456 -23.279054536143693
457 -23.506799128755723
458 -23.27904314779594
459 -23.50680349026606
460 -23.279038796813484
461 -23.50680515606515
462 -23.279037134737184
463 -23.506805792321938
464 -23.27903649985882
465 -23.506806035347218
466 -23.2790362573537
467 -23.506806128174148
468 -23.279036164724527
469 -23.506806163630813
470 -23.27903612934326
471 -23.506806177174038
472 -23.279036115828816
473 -23.50680618234709
474 -23.279036110666755
475 -23.50680618432302
476 -23.279036108695024
477 -23.506806185077757
478 -23.279036107941884
479 -23.50680618536604
480 -23.279036107654214
481 -23.506806185476158
482 -23.279036107544336
483 -23.50680618551822
484 -23.279036107502364
485 -23.506806185544214
486 -20.070177381240512
487 -16.75924154817201
488 -19.895218199336234
489 -23.037845358075224
490 -22.191838830845192
491 -20.857600817365892
492 -21.14783891421729
493 -22.577489724436358
494 -22.38382301761442
495 -23.347100987240268
496 -23.38632082683482
497 -23.506805765564657
498 -23.50680618549917
499 -23.506806185544214
500 -23.506806185544214
evaluations raw_y
1 0.0
2 0.0
3 1.3319596590849974
4 -2.5700597679423436
5 -4.6369053055583915
6 -5.723685307351456
7 -4.681997004331585
8 -5.108365882354122
9 -3.7785275821469275
10 -4.147028859727167
11 -4.9642590102603865
12 -5.0205725426256445
13 -5.698396355883907
14 -5.53009257941706
15 -5.845429625687228
16 -5.8447865366493446
17 -5.845858410167628
18 -5.849316815735562
19 -5.847591016825728
20 -5.848928366600819
21 -5.849049530941395
22 -5.849326230250913
23 -5.849330295556975
24 -5.849352997827417
25 -5.849339177796206
26 -5.849351714576352
27 -5.849351974671924
28 -5.849353815295484
29 -5.849353012893208
30 -5.849353850697018
31 -5.849353524929995
32 -5.849353788392545
33 -5.849353848186244
34 -5.849353846827276
35 -5.8493538536625005
36 -5.8493538510516725
37 -5.8493538542188155
38 -5.849353852873607
39 -5.84935385411765
40 -5.849353854191391
41 -5.849353854285164
42 -5.849353854285164
43 -4.959862893601077
44 -8.090080747315115
45 -11.16967582880508
46 -0.3721515823953734
47 -7.32815118118406
48 -11.315675738438916
49 -11.787404978315916
50 -11.352641887670526
51 -9.847044586160724
52 -11.813502444892325
53 -11.94218446444389
54 -11.942187383818531
55 -11.942187573752754
56 -11.94218757397175
57 -11.94218757397175
58 -11.94218757397175
59 -11.942187573939798
60 -11.94218757396709
61 -11.94218757397107
62 -11.942187573971651
63 -11.942187573971736
64 -11.942187573971749
65 -11.94218757397175
66 -11.94218757397175
67 -11.94218757397175
68 -11.942187573971749
69 -11.94218757397175
70 -11.94218757397175
71 -11.94218757397175
72 -11.94218757397175
73 -11.94218757397175
74 -11.94218757397175
75 -11.94218757397175
76 -11.94218757397175
77 -11.94218757397175
78 -11.94218757397175
79 -12.013416592625413
80 -8.448396665505859
81 -11.339561537614419
82 -11.443496967147324
83 -12.123916709462703
84 -10.056317815284606
85 -11.209507349065458
86 -12.200515530933796
87 -12.200530941349541
88 -12.200533707512003
89 -12.200533707804686
90 -12.200533707804686
91 -12.200533707804686
92 -12.200533707804686
93 -12.200533707804686
94 -12.200533707804686
95 -12.200533707804686
96 -12.200533707804686
97 -11.657919476158565
98 -14.788748759178493
99 -17.507672827519702
100 -16.05349612049799
101 -16.601887150968764
102 -17.98347988385881
103 -16.888940421508373
104 -17.122539462127452
105 -15.792030526194347
106 -17.270803665861415
107 -17.428217432080974
108 -18.056496428385138
109 -17.812506404506745
110 -18.152414448545706
111 -18.163172295587998
112 -18.19445486258605
113 -17.978084150566875
114 -18.184362181992178
115 -17.97176160563867
116 -18.190872956644537
117 -17.968729022890194
118 -18.193126662921046
119 -17.967480919944585
120 -18.193953372515413
121 -18.194761191016084
122 -17.967179055168327
123 -18.194644509513914
124 -18.194833102929216
125 -17.96710739200257
126 -18.194805653168608
127 -17.96707997853209
128 -18.19482262070136
129 -17.967069501598438
130 -18.19482909946083
131 -18.194835576970085
132 -17.967067027852483
133 -18.194834631992116
134 -18.194836160985293
135 -18.194836521921466
136 -18.194836744990354
137 -18.19483688285377
138 -18.194836968057764
139 -18.194837020716623
140 -17.967066975193756
141 -18.19483700060274
142 -18.194837033147678
143 -17.967066962762704
144 -18.194837028399437
145 -17.967066958014463
146 -18.19483703133401
147 -18.194837034268588
148 -18.194837034961346
149 -18.194837035389494
150 -18.194837035654103
151 -18.194837035817642
152 -18.194837035918717
153 -17.967066957913392
154 -18.194837035880106
155 -17.967066957874785
156 -18.194837035918717
157 -18.344611199307923
158 -16.837842183271828
159 -17.07630107050472
160 -17.129549415936356
161 -17.33247648522205
162 -17.893326456423623
163 -18.410163255083248
164 -18.410764690302802
165 -18.41084263445759
166 -18.410842645077604
167 -18.410842645077718
168 -18.410842645077718
169 -18.410842645077718
170 -18.410842645077718
171 -18.410842645077718
172 -18.410842645077718
173 -18.410842645077718
174 -18.410842645077718
175 -18.410842645077718
176 2.3037501556460027
177 -18.410842645077718
178 -15.61968288077471
179 -15.118689154927923
180 -18.038785061158517
181 -16.625898389309935
182 -16.35750205252151
183 -17.07591818843749
184 -17.508878583663176
185 -18.012281123004314
186 -18.16388544650576
187 -18.27647205544098
188 -18.391054141863012
189 -18.38640790063774
190 -18.409748201860086
191 -18.406283631126943
192 -18.40910592969755
193 -18.410682705605534
194 -18.410609389032494
195 -18.41082432602455
196 -18.410807247890265
197 -18.410838375865566
198 -18.410839132732605
199 -18.41084245587015
200 -18.410841814333736
201 -18.410842327761923
202 -18.410842613058623
203 -18.41084260578881
204 -18.41084264326737
205 -18.410842637560556
206 -18.41084264220642
207 -18.410842644820267
208 -18.41084264469774
209 -18.410842645034442
210 -18.410842645020853
211 -18.410842645077718
212 -17.894423143642893
213 -14.637575611419466
214 -17.854389449177535
215 -18.405078677297357
216 -17.253336436572706
217 -16.332606086333893
218 -18.06847737432679
219 -18.2005868664047
220 -18.358217319381865
221 -18.379195443460205
222 -18.403106409012363
223 -18.40620440687764
224 -18.40971269923519
225 -18.410842645034307
226 -18.410842645077718
227 -18.410842645077718
228 -18.410842645077718
229 -18.410842645077718
230 -18.410842645077718
231 -18.410842645077718
232 -18.410842645077718
233 -18.410842645077718
234 -18.410842645077718
235 -18.410842645077718
236 -18.410842645077718
237 -18.410842645077718
238 -18.410842645077718
239 -15.71593466977991
240 -18.42044209927351
241 -17.61403445772271
242 -16.358431050192024
243 -16.413695289553836
244 -18.350764813410276
245 -18.388166366201965
246 -18.410842557245097
247 -18.410842645077402
248 -18.410842645077718
249 -18.410842645077718
250 -18.410842645077672
251 -18.41084264507771
252 -18.410842645077718
253 -18.410842645077715
254 -18.410842645077718
255 -18.410842645077718
256 -18.410842645077718
257 -18.410842645077718
258 -18.410842645077718
259 -18.410842645077718
260 -18.410842645077718
261 -18.410842645077718
262 -18.410842645077718
263 -18.410842645077718
264 -18.410842645077718
265 -18.410842645077718
266 -18.410842645077718
267 -17.650066373028228
268 -16.37656194541364
269 -17.22660460933464
270 -18.1149981814769
271 -18.15492020435148
272 -16.070119668631275
273 -17.8083839448764
274 -18.171725020675108
275 -18.39607954467331
276 -18.18848223415648
277 -18.40436834923182
278 -18.40849376737508
279 -18.18526312240198
280 -18.409963590530435
281 -18.183927383038395
282 -18.41050952405004
283 -18.18340171649552
284 -18.410715790595845
285 -18.18319867582637
286 -18.41079424736271
287 -18.18312079244149
288 -18.410824167022724
289 -18.183090995677198
290 -18.410835588289228
291 -18.183079607329443
292 -18.410839949799563
293 -18.18307525634699
294 -18.410841615598653
295 -18.183073594270688
296 -18.410842251855442
297 -18.183072959392323
298 -18.410842494880722
299 -18.183072716887203
300 -18.410842587707652
301 -18.18307262425803
302 -18.410842623164317
303 -18.183072588876765
304 -18.410842636707542
305 -18.18307257536232
306 -18.410842641880595
307 -18.18307257020026
308 -18.410842643856522
309 -18.18307256822853
310 -18.41084264461126
311 -18.18307256747539
312 -18.410842644899546
313 -18.18307256718772
314 -18.410842645009662
315 -18.18307256707784
316 -18.410842645051723
317 -18.183072567035868
318 -18.410842645077718
319 -16.59272852866726
320 -19.872135630211336
321 -19.67543046681482
322 -18.944711978421616
323 -17.9788536179799
324 -19.311559114734855
325 -18.19612087116974
326 -19.92339124141161
327 -19.977073110965797
328 -19.978831038400415
329 -19.978831374816203
330 -19.9788314267597
331 -19.978831426759715
332 -19.978831426759715
333 -19.978831426759715
334 -19.978831426759715
335 -19.978831426759715
336 -19.978831426759715
337 -19.978831426759715
338 -19.978831426759715
339 -21.546820208441716
340 -19.978831426759715
341 -21.546820208441716
342 -23.155470550280697
343 -20.3456554999898
344 -23.5068061855441
345 -22.331251057838976
346 -22.549347064869355
347 -21.19046365081512
348 -22.41412140334105
349 -22.611990335106675
350 -23.3116141925438
351 -23.42738531590023
352 -23.506803046611203
353 -23.506806185402432
354 -23.50680618554421
355 -23.50680618554421
356 -23.50680618554421
357 -23.50680618554421
358 -23.50680618554421
359 -23.50680618554421
360 -23.50680618554421
361 -23.50680618554421
362 -23.50680618554421
363 -20.715646421241203
364 -20.214652695394417
365 -23.134748601625013
366 -21.721861929776427
367 -21.453465592988003
368 -22.171881728903983
369 -22.604842124129668
370 -23.108244663470806
371 -23.25984898697225
372 -23.372435595907472
373 -23.4870176823295
374 -23.482371441104227
375 -23.50571174232657
376 -23.50224717159342
377 -23.505069470164035
378 -23.50664624607202
379 -23.506572929498983
380 -23.50678786649104
381 -23.506770788356757
382 -23.50680191633206
383 -23.50680267319909
384 -23.50680599633664
385 -23.50680535480023
386 -23.506805868228415
387 -23.50680615352512
388 -23.506806146255304
389 -23.506806183733865
390 -23.506806178027045
391 -23.50680618267291
392 -23.50680618528676
393 -23.506806185164233
394 -23.506806185500935
395 -23.50680618548735
396 -23.50680618554421
397 -22.990386644304365
398 -19.733539103901123
399 -22.950353041745036
400 -23.501042230996315
401 -22.34929993214084
402 -21.42856952950318
403 -23.164440821815063
404 -23.296550443010236
405 -23.454180820337708
406 -23.475159008581098
407 -23.49906993415633
408 -23.502167958312207
409 -23.50567623383607
410 -23.506806185500803
411 -23.506806185544214
412 -23.506806185544214
413 -23.506806185544214
414 -23.506806185544214
415 -23.506806185544214
416 -23.506806185544214
417 -23.506806185544214
418 -23.506806185544214
419 -20.811898209155984
420 -23.516405640921374
421 -22.709997993955227
422 -21.45439458967695
423 -21.50965883022777
424 -23.44672835475373
425 -23.48412990692682
426 -23.506806097711596
427 -23.506806185543898
428 -23.506806185544214
429 -23.506806185544214
430 -23.506806185544214
431 -23.506806185544214
432 -23.506806185544214
433 -23.506806185544214
434 -22.746029913494723
435 -21.472525485880137
436 -22.322568149801135
437 -23.210961721943395
438 -23.250883744817976
439 -21.16608320909777
440 -22.904347485342896
441 -23.267688561141604
442 -23.492043085139805
443 -23.284445774622977
444 -23.500331889698316
445 -23.504457307841577
446 -23.281226662868477
447 -23.50592713099693
448 -23.27989092350489
449 -23.506473064516534
450 -23.279365256962016
451 -23.50667933106234
452 -23.279162216292868
453 -23.506757787829205
454 -23.279084332907985
455 -23.50678770748922
456 -23.279054536143693
457 -23.506799128755723
458 -23.27904314779594
459 -23.50680349026606
460 -23.279038796813484
461 -23.50680515606515
462 -23.279037134737184
463 -23.506805792321938
464 -23.27903649985882
465 -23.506806035347218
466 -23.2790362573537
467 -23.506806128174148
468 -23.279036164724527
469 -23.506806163630813
470 -23.27903612934326
471 -23.506806177174038
472 -23.279036115828816
473 -23.50680618234709
474 -23.279036110666755
475 -23.50680618432302
476 -23.279036108695024
477 -23.506806185077757
478 -23.279036107941884
479 -23.50680618536604
480 -23.279036107654214
481 -23.506806185476158
482 -23.279036107544336
483 -23.50680618551822
484 -23.279036107502364
485 -23.506806185544214
486 -20.070177381240512
487 -16.75924154817201
488 -19.895218199336234
489 -23.037845358075224
490 -22.191838830845192
491 -20.857600817365892
492 -21.14783891421729
493 -22.577489724436358
494 -22.38382301761442
495 -23.347100987240268
496 -23.38632082683482
497 -23.506805765564657
498 -23.50680618549917
499 -23.506806185544214
500 -23.506806185544214
evaluations raw_y
1 0.0
2 0.0
3 1.3319596590849974
4 -2.5700597679423436
5 -4.6369053055583915
6 -5.723685307351456
7 -4.681997004331585
8 -5.108365882354122
9 -3.7785275821469275
10 -4.147028859727167
11 -4.9642590102603865
12 -5.0205725426256445
13 -5.698396355883907
14 -5.53009257941706
15 -5.845429625687228
16 -5.8447865366493446
17 -5.845858410167628
18 -5.849316815735562
19 -5.847591016825728
20 -5.848928366600819
21 -5.849049530941395
22 -5.849326230250913
23 -5.849330295556975
24 -5.849352997827417
25 -5.849339177796206
26 -5.849351714576352
27 -5.849351974671924
28 -5.849353815295484
29 -5.849353012893208
30 -5.849353850697018
31 -5.849353524929995
32 -5.849353788392545
33 -5.849353848186244
34 -5.849353846827276
35 -5.8493538536625005
36 -5.8493538510516725
37 -5.8493538542188155
38 -5.849353852873607
39 -5.84935385411765
40 -5.849353854191391
41 -5.849353854285164
42 -5.849353854285164
43 -4.959862893601077
44 -8.090080747315115
45 -11.16967582880508
46 -0.3721515823953734
47 -7.32815118118406
48 -11.315675738438916
49 -11.787404978315916
50 -11.352641887670526
51 -9.847044586160724
52 -11.813502444892325
53 -11.94218446444389
54 -11.942187383818531
55 -11.942187573752754
56 -11.94218757397175
57 -11.94218757397175
58 -11.94218757397175
59 -11.942187573939798
60 -11.94218757396709
61 -11.94218757397107
62 -11.942187573971651
63 -11.942187573971736
64 -11.942187573971749
65 -11.94218757397175
66 -11.94218757397175
67 -11.94218757397175
68 -11.942187573971749
69 -11.94218757397175
70 -11.94218757397175
71 -11.94218757397175
72 -11.94218757397175
73 -11.94218757397175
74 -11.94218757397175
75 -11.94218757397175
76 -11.94218757397175
77 -11.94218757397175
78 -11.94218757397175
79 -12.013416592625413
80 -8.448396665505859
81 -11.339561537614419
82 -11.443496967147324
83 -12.123916709462703
84 -10.056317815284606
85 -11.209507349065458
86 -12.200515530933796
87 -12.200530941349541
88 -12.200533707512003
89 -12.200533707804686
90 -12.200533707804686
91 -12.200533707804686
92 -12.200533707804686
93 -12.200533707804686
94 -12.200533707804686
95 -12.200533707804686
96 -12.200533707804686
97 -11.657919476158565
98 -14.788748759178493
99 -17.507672827519702
100 -16.05349612049799
101 -16.601887150968764
102 -17.98347988385881
103 -16.888940421508373
104 -17.122539462127452
105 -15.792030526194347
106 -17.270803665861415
107 -17.428217432080974
108 -18.056496428385138
109 -17.812506404506745
110 -18.152414448545706
111 -18.163172295587998
112 -18.19445486258605
113 -17.978084150566875
114 -18.184362181992178
115 -17.97176160563867
116 -18.190872956644537
117 -17.968729022890194
118 -18.193126662921046
119 -17.967480919944585
120 -18.193953372515413
121 -18.194761191016084
122 -17.967179055168327
123 -18.194644509513914
124 -18.194833102929216
125 -17.96710739200257
126 -18.194805653168608
127 -17.96707997853209
128 -18.19482262070136
129 -17.967069501598438
130 -18.19482909946083
131 -18.194835576970085
132 -17.967067027852483
133 -18.194834631992116
134 -18.194836160985293
135 -18.194836521921466
136 -18.194836744990354
137 -18.19483688285377
138 -18.194836968057764
139 -18.194837020716623
140 -17.967066975193756
141 -18.19483700060274
142 -18.194837033147678
143 -17.967066962762704
144 -18.194837028399437
145 -17.967066958014463
146 -18.19483703133401
147 -18.194837034268588
148 -18.194837034961346
149 -18.194837035389494
150 -18.194837035654103
151 -18.194837035817642
152 -18.194837035918717
153 -17.967066957913392
154 -18.194837035880106
155 -17.967066957874785
156 -18.194837035918717
157 -18.344611199307923
158 -16.837842183271828
159 -17.07630107050472
160 -17.129549415936356
161 -17.33247648522205
162 -17.893326456423623
163 -18.410163255083248
164 -18.410764690302802
165 -18.41084263445759
166 -18.410842645077604
167 -18.410842645077718
168 -18.410842645077718
169 -18.410842645077718
170 -18.410842645077718
171 -18.410842645077718
172 -18.410842645077718
173 -18.410842645077718
174 -18.410842645077718
175 -18.410842645077718
176 2.3037501556460027
177 -18.410842645077718
178 -15.61968288077471
179 -15.118689154927923
180 -18.038785061158517
181 -16.625898389309935
182 -16.35750205252151
183 -17.07591818843749
184 -17.508878583663176
185 -18.012281123004314
186 -18.16388544650576
187 -18.27647205544098
188 -18.391054141863012
189 -18.38640790063774
190 -18.409748201860086
191 -18.406283631126943
192 -18.40910592969755
193 -18.410682705605534
194 -18.410609389032494
195 -18.41082432602455
196 -18.410807247890265
197 -18.410838375865566
198 -18.410839132732605
199 -18.41084245587015
200 -18.410841814333736
201 -18.410842327761923
202 -18.410842613058623
203 -18.41084260578881
204 -18.41084264326737
205 -18.410842637560556
206 -18.41084264220642
207 -18.410842644820267
208 -18.41084264469774
209 -18.410842645034442
210 -18.410842645020853
211 -18.410842645077718
212 -17.894423143642893
213 -14.637575611419466
214 -17.854389449177535
215 -18.405078677297357
216 -17.253336436572706
217 -16.332606086333893
218 -18.06847737432679
219 -18.2005868664047
220 -18.358217319381865
221 -18.379195443460205
222 -18.403106409012363
223 -18.40620440687764
224 -18.40971269923519
225 -18.410842645034307
226 -18.410842645077718
227 -18.410842645077718
228 -18.410842645077718
229 -18.410842645077718
230 -18.410842645077718
231 -18.410842645077718
232 -18.410842645077718
233 -18.410842645077718
234 -18.410842645077718
235 -18.410842645077718
236 -18.410842645077718
237 -18.410842645077718
238 -18.410842645077718
239 -15.71593466977991
240 -18.42044209927351
241 -17.61403445772271
242 -16.358431050192024
243 -16.413695289553836
244 -18.350764813410276
245 -18.388166366201965
246 -18.410842557245097
247 -18.410842645077402
248 -18.410842645077718
249 -18.410842645077718
250 -18.410842645077672
251 -18.41084264507771
252 -18.410842645077718
253 -18.410842645077715
254 -18.410842645077718
255 -18.410842645077718
256 -18.410842645077718
257 -18.410842645077718
258 -18.410842645077718
259 -18.410842645077718
260 -18.410842645077718
261 -18.410842645077718
262 -18.410842645077718
263 -18.410842645077718
264 -18.410842645077718
265 -18.410842645077718
266 -18.410842645077718
267 -17.650066373028228
268 -16.37656194541364
269 -17.22660460933464
270 -18.1149981814769
271 -18.15492020435148
272 -16.070119668631275
273 -17.8083839448764
274 -18.171725020675108
275 -18.39607954467331
276 -18.18848223415648
277 -18.40436834923182
278 -18.40849376737508
279 -18.18526312240198
280 -18.409963590530435
281 -18.183927383038395
282 -18.41050952405004
283 -18.18340171649552
284 -18.410715790595845
285 -18.18319867582637
286 -18.41079424736271
287 -18.18312079244149
288 -18.410824167022724
289 -18.183090995677198
290 -18.410835588289228
291 -18.183079607329443
292 -18.410839949799563
293 -18.18307525634699
294 -18.410841615598653
295 -18.183073594270688
296 -18.410842251855442
297 -18.183072959392323
298 -18.410842494880722
299 -18.183072716887203
300 -18.410842587707652
301 -18.18307262425803
302 -18.410842623164317
303 -18.183072588876765
304 -18.410842636707542
305 -18.18307257536232
306 -18.410842641880595
307 -18.18307257020026
308 -18.410842643856522
309 -18.18307256822853
310 -18.41084264461126
311 -18.18307256747539
312 -18.410842644899546
313 -18.18307256718772
314 -18.410842645009662
315 -18.18307256707784
316 -18.410842645051723
317 -18.183072567035868
318 -18.410842645077718
319 -16.59272852866726
320 -19.872135630211336
321 -19.67543046681482
322 -18.944711978421616
323 -17.9788536179799
324 -19.311559114734855
325 -18.19612087116974
326 -19.92339124141161
327 -19.977073110965797
328 -19.978831038400415
329 -19.978831374816203
330 -19.9788314267597
331 -19.978831426759715
332 -19.978831426759715
333 -19.978831426759715
334 -19.978831426759715
335 -19.978831426759715
336 -19.978831426759715
337 -19.978831426759715
338 -19.978831426759715
339 -21.546820208441716
340 -19.978831426759715
341 -21.546820208441716
342 -23.155470550280697
343 -20.3456554999898
344 -23.5068061855441
345 -22.331251057838976
346 -22.549347064869355
347 -21.19046365081512
348 -22.41412140334105
349 -22.611990335106675
350 -23.3116141925438
351 -23.42738531590023
352 -23.506803046611203
353 -23.506806185402432
354 -23.50680618554421
355 -23.50680618554421
356 -23.50680618554421
357 -23.50680618554421
358 -23.50680618554421
359 -23.50680618554421
360 -23.50680618554421
361 -23.50680618554421
362 -23.50680618554421
363 -20.715646421241203
364 -20.214652695394417
365 -23.134748601625013
366 -21.721861929776427
367 -21.453465592988003
368 -22.171881728903983
369 -22.604842124129668
370 -23.108244663470806
371 -23.25984898697225
372 -23.372435595907472
373 -23.4870176823295
374 -23.482371441104227
375 -23.50571174232657
376 -23.50224717159342
377 -23.505069470164035
378 -23.50664624607202
379 -23.506572929498983
380 -23.50678786649104
381 -23.506770788356757
382 -23.50680191633206
383 -23.50680267319909
384 -23.50680599633664
385 -23.50680535480023
386 -23.506805868228415
387 -23.50680615352512
388 -23.506806146255304
389 -23.506806183733865
390 -23.506806178027045
391 -23.50680618267291
392 -23.50680618528676
393 -23.506806185164233
394 -23.506806185500935
395 -23.50680618548735
396 -23.50680618554421
397 -22.990386644304365
398 -19.733539103901123
399 -22.950353041745036
400 -23.501042230996315
401 -22.34929993214084
402 -21.42856952950318
403 -23.164440821815063
404 -23.296550443010236
405 -23.454180820337708
406 -23.475159008581098
407 -23.49906993415633
408 -23.502167958312207
409 -23.50567623383607
410 -23.506806185500803
411 -23.506806185544214
412 -23.506806185544214
413 -23.506806185544214
414 -23.506806185544214
415 -23.506806185544214
416 -23.506806185544214
417 -23.506806185544214
418 -23.506806185544214
419 -20.811898209155984
420 -23.516405640921374
421 -22.709997993955227
422 -21.45439458967695
423 -21.50965883022777
424 -23.44672835475373
425 -23.48412990692682
426 -23.506806097711596
427 -23.506806185543898
428 -23.506806185544214
429 -23.506806185544214
430 -23.506806185544214
431 -23.506806185544214
432 -23.506806185544214
433 -23.506806185544214
434 -22.746029913494723
435 -21.472525485880137
436 -22.322568149801135
437 -23.210961721943395
438 -23.250883744817976
439 -21.16608320909777
440 -22.904347485342896
441 -23.267688561141604
442 -23.492043085139805
443 -23.284445774622977
444 -23.500331889698316
445 -23.504457307841577
446 -23.281226662868477
447 -23.50592713099693
448 -23.27989092350489
449 -23.506473064516534
450 -23.279365256962016
451 -23.50667933106234
452 -23.279162216292868
453 -23.506757787829205
454 -23.279084332907985
455 -23.50678770748922
456 -23.279054536143693
457 -23.506799128755723
458 -23.27904314779594
459 -23.50680349026606
460 -23.279038796813484
461 -23.50680515606515
462 -23.279037134737184
463 -23.506805792321938
464 -23.27903649985882
465 -23.506806035347218
466 -23.2790362573537
467 -23.506806128174148
468 -23.279036164724527
469 -23.506806163630813
470 -23.27903612934326
471 -23.506806177174038
472 -23.279036115828816
473 -23.50680618234709
474 -23.279036110666755
475 -23.50680618432302
476 -23.279036108695024
477 -23.506806185077757
478 -23.279036107941884
479 -23.50680618536604
480 -23.279036107654214
481 -23.506806185476158
482 -23.279036107544336
483 -23.50680618551822
484 -23.279036107502364
485 -23.506806185544214
486 -20.070177381240512
487 -16.75924154817201
488 -19.895218199336234
489 -23.037845358075224
490 -22.191838830845192
491 -20.857600817365892
492 -21.14783891421729
493 -22.577489724436358
494 -22.38382301761442
495 -23.347100987240268
496 -23.38632082683482
497 -23.506805765564657
498 -23.50680618549917
499 -23.506806185544214
500 -23.506806185544214
