evaluations raw_y
1 4.427658976939533
2 4.841967286592331
3 4.905684126123747
4 4.219862717504077
5 4.537647697323541
6 4.849303327852644
7 4.84507121568711
8 4.569411857725725
9 4.413644499857724
10 4.47523491610655
11 5.198651198302933
12 4.466958783019863
13 4.9595438605284015
14 5.142103262954689
15 4.505497923646029
16 4.5534814022451116
17 4.72179993347582
18 4.448711344038865
19 4.615287794077351
20 4.259788270102986
21 4.8002730675237375
22 4.580576829661311
23 4.70725034869671
24 4.559563051423007
25 4.302534033433043
26 4.510814868832991
27 4.369360913781862
28 4.7299435348290295
29 4.266096236005439
30 4.766013002592566
31 4.219521287620662
32 4.3069023029911815
33 4.570434511862551
34 4.60052831129967
35 4.450696233738167
36 4.408991213122045
37 4.315984942303091
38 4.077748030020988
39 4.495966332087251
40 4.403782566128091
41 4.334070374934473
42 4.193330786266236
43 4.503558760046136
44 4.466465302908681
45 4.351582705805134
46 4.103803842881748
47 4.442302124547089
48 4.0678710494134
49 4.279304013926735
50 4.258235437052926
51 4.042992260451445
52 4.1212329704992445
53 4.230207461672085
54 4.197257880952545
55 4.1875791509453
56 4.123571446879985
57 4.0364767518636135
58 4.082561274442478
59 4.252673369153639
60 4.1444178145499615
61 4.161707099117796
62 4.05726905253553
63 4.124318652372402
64 4.218064890929226
65 4.0792625952095305
66 4.042118296650478
67 4.066407679948055
68 4.191247334265848
69 4.024011701383037
70 4.134206480955826
71 4.119391744358183
72 4.062131712455412
73 4.002972450810168
74 4.039120961404692
75 4.078435976224433
76 4.114622035617904
77 4.010529659983899
78 4.089184342442943
79 4.104173301824362
80 4.008270145721672
81 4.01815719050964
82 4.082625668402394
83 4.104892510416769
84 4.052931693884614
85 4.047810825751743
86 4.0762527436002145
87 4.047025245155989
88 4.063949146516187
89 4.020021663202512
90 4.037260149342
91 4.037648023299065
92 4.106440296000399
93 4.010983887155186
94 4.028961289295641
95 4.012062416504223
96 4.039351309340866
97 4.011521147077617
98 4.0915042045751475
99 4.0632390249103345
100 4.032995846198868
101 4.009777303868267
102 4.003232392402823
103 4.035081020528855
104 4.017021717456473
105 4.0484194960846125
106 4.010995325904226
107 4.024664386800301
108 4.009761663285238
109 4.010799184064828
110 4.0106389695875935
111 4.01442252719851
112 4.029449990642747
113 4.020934843313091
114 4.002699432526613
115 4.028904451586973
116 4.01138737896662
117 4.040967659214106
118 4.00466953493409
119 4.012401077453605
120 4.029622186097821
121 4.001676300945636
122 4.010341060974733
123 4.019863233909269
124 4.016801024610626
125 4.003469156356901
126 4.002672726986407
127 4.008131318176912
128 4.002891385920854
129 4.006584982701503
130 4.006302447670634
131 4.002936781215915
132 4.003516820076539
133 4.005594748200047
134 4.000495348895312
135 4.00648869205002
136 4.008146743320957
137 4.0019644308338655
138 4.001301837996003
139 4.007785565581797
140 4.001957394462813
141 4.006710041833456
142 4.004769507377677
143 4.004026744822609
144 4.010782563147362
145 4.001592747907273
146 4.001447944309072
147 4.0010091490044895
148 4.003045733353855
149 4.0008915885606084
150 4.003591521840361
151 4.003417036263112
152 4.004212311130349
153 4.002916649170294
154 4.000533950026358
155 4.0032381596385065
156 4.000441155580736
157 4.00084900704734
158 4.002493494798665
159 4.00405520864397
160 4.003373690572564
161 4.000581068845095
162 4.000385993640293
163 4.001714977402368
164 4.001008956935408
165 4.002614646594064
166 4.003016147544894
167 4.001098860404403
168 4.001336997846907
169 4.000421975954909
170 4.001078381035089
171 4.000339424371445
172 4.00012505822027
173 4.000480228276227
174 4.000897417461751
175 4.000457195149341
176 4.001734786056554
177 4.00133148523936
178 4.001401677960578
179 4.000934603997888
180 4.000462936041044
181 4.000148046484938
182 4.000444020997385
183 4.00063124864087
184 4.00033048690111
185 4.000336733032657
186 4.000342413669803
187 4.000797329495585
188 4.000496066830395
189 4.000338932269994
190 4.000351469973997
191 4.000057412882316
192 4.000480609126755
193 4.000186984290183
194 4.000062265870783
195 4.000169273218406
196 4.000146927299407
197 4.000389204528004
198 4.000307829806349
199 4.0001449038705195
200 4.000107892072311
201 4.000215676986427
202 4.000155369148824
203 4.000054304462066
204 4.000222914954755
205 4.0005780608172445
206 4.000319604171666
207 4.000180139833198
208 4.0002568345226415
209 4.000092750910857
210 4.000345332298149
211 4.000095402243816
212 4.000205802927156
213 4.0000805667213415
214 4.000087791467269
215 4.000032789314615
216 4.000097504852992
217 4.000200071842752
218 4.000011642269037
219 4.000111030065717
220 4.0001495184069755
221 4.000074598979042
222 4.000039965351013
223 4.000098454683852
224 4.00008968327823
225 4.000021009739748
226 4.00004354901502
227 4.000015178164771
228 4.000023028217359
229 4.000048406863783
230 4.000041976482281
231 4.00005148696346
232 4.000038464014365
233 4.000041823681974
234 4.000031176044896
235 4.000083410092273
236 4.000044921940405
237 4.000010303720082
238 4.000024208308655
239 4.000038369665907
240 4.000014807307641
241 4.0000351164042405
242 4.00003255412456
243 4.0000271844211
244 4.000024418230113
245 4.000048897286547
246 4.0000391716513235
247 4.000008282376139
248 4.000042527177462
249 4.000022507829195
250 4.000029592240585
251 4.000019062998873
252 4.000043653238105
253 4.000036031892968
254 4.000050330454951
255 4.000022126687506
256 4.0000116304052105
257 4.000004369798516
258 4.000001235365895
259 4.000011289778535
260 4.000010987854358
261 4.000042197523926
262 4.000015391902034
263 4.000006989260312
264 4.000024966363055
265 4.000017203193476
266 4.000016991460994
267 4.000003855602638
268 4.000009696491591
269 4.000006495608177
270 4.0000162678200475
271 4.000007859611106
272 4.000013708223555
273 4.000012171370332
274 4.000003898303083
275 4.000004133619567
276 4.000010460273771
277 4.000022788620779
278 4.00001594967217
279 4.000011223955184
280 4.000005058444801
281 4.000004571950541
282 4.000002869587539
283 4.000004029027533
284 4.00000807375772
285 4.000002608868204
286 4.000005918970013
287 4.000002756571789
288 4.000004902672477
289 4.000006144212404
290 4.000006089919528
291 4.000008974253323
292 4.0000030771912565
293 4.000001944070599
294 4.0000015240966675
295 4.000001534897332
296 4.000004254754914
297 4.000001238872607
298 4.00000652854185
299 4.0000102250128275
300 4.00000322898451
301 4.000001148131549
302 4.000001634559357
303 4.000002152917632
304 4.000002820301234
305 4.0000018675760955
306 4.000004156757242
307 4.000001955873942
308 4.000003452793506
309 4.000001807241159
310 4.000003214873067
311 4.000000499359187
312 4.000002861614219
313 4.000002761839998
314 4.000001015482269
315 4.000000603059822
316 4.000001364109097
317 4.000000155510316
318 4.00000097258742
319 4.000000706646368
320 4.000000448878864
321 4.000000533256408
322 4.000000931851023
323 4.00000071608463
324 4.000000557507161
325 4.000001242773805
326 4.000000419557531
327 4.0000008658701525
328 4.000001384280878
329 4.000001228024294
330 4.000000177193571
331 4.000000165047135
332 4.000001321369574
333 4.00000089877047
334 4.000000717931208
335 4.000001803207308
336 4.000000327983781
337 4.00000072337471
338 4.000000554414406
339 4.000001119322387
340 4.000000687109058
341 4.000000609834389
342 4.000000498009998
343 4.000001599435146
344 4.0000005756128685
345 4.000000274366803
346 4.000000143333535
347 4.000000368004074
348 4.000000521924258
349 4.000000758547383
350 4.0000002023951975
351 4.000000201993769
352 4.000000866722573
353 4.000000853213429
354 4.00000011899769
355 4.000000554370518
356 4.0000000349857645
357 4.000000261893611
358 4.000000421860676
359 4.000000038255741
360 4.000000242573115
361 4.000000285025012
362 4.000000044253466
363 4.000000091209507
364 4.0000001347949565
365 4.0000001816981445
366 4.000000217994018
367 4.000000224200482
368 4.0000001736648105
369 4.000000163301482
370 4.000000186890305
371 4.00000033578487
372 4.0000005210777685
373 4.000000057316156
374 4.00000008074599
375 4.0000002735621125
376 4.000000066015207
377 4.000000119413623
378 4.000000070182903
379 4.000000038962692
380 4.000000068435273
381 4.000000092993047
382 4.000000039980105
383 4.000000092766102
384 4.000000039246765
385 4.000000045094224
386 4.0000001332952975
387 4.0000001286003695
388 4.000000049572475
389 4.000000349315803
390 4.000000051716364
391 4.000000051739827
392 4.000000027127234
393 4.000000019553317
394 4.000000061133031
395 4.000000022820717
396 4.000000062392848
397 4.000000119970634
398 4.000000013870395
399 4.000000083126187
400 4.000000079791574
401 4.000000010057169
402 4.0000000570240175
403 4.000000038542348
404 4.000000042389898
405 4.000000018261053
406 4.000000007388259
407 4.000000024407171
408 4.000000083298712
409 4.0000000302168095
410 4.0000000460957015
411 4.000000021930864
412 4.000000032790261
413 4.0000000121957395
414 4.0000000663416815
415 4.000000026470426
416 4.000000022177478
417 4.000000005381912
418 4.000000007453804
419 4.00000002036136
420 4.000000042961724
421 4.000000004886079
422 4.000000010394827
423 4.000000046411164
424 4.000000020480482
425 4.000000032128007
426 4.000000014978717
427 4.000000025414559
428 4.000000012623798
429 4.000000015420585
430 4.000000025630984
431 4.000000025013665
432 4.000000010872228
433 4.000000016076451
434 4.000000037333874
435 4.000000008753842
436 4.000000033856401
437 4.000000024102233
438 4.000000036633851
439 4.000000009699415
440 4.0000000172417085
441 4.000000005102523
442 4.00000003270403
443 4.000000013708644
444 4.0000000144652
445 4.000000005314357
446 4.000000027455779
447 4.000000018705467
448 4.000000021119215
449 4.000000007999267
450 4.000000015693933
451 4.000000012558072
452 4.000000020011786
453 4.000000013308375
454 4.000000010313635
455 4.000000017241492
456 4.000000008425148
457 4.000000014734517
458 4.00000001336438
459 4.000000004778763
460 4.000000006599023
461 4.000000001117579
462 4.000000017432162
463 4.000000010261074
464 4.000000004941859
465 4.000000016802123
466 4.000000007249911
467 4.000000004527574
468 4.000000005285877
469 4.000000009500373
470 4.000000003488541
471 4.000000007822962
472 4.000000001868369
473 4.000000002886116
474 4.00000000377375
475 4.000000001056714
476 4.000000008797248
477 4.000000001650406
478 4.000000002762076
479 4.000000002429013
480 4.000000001330266
481 4.000000003802203
482 4.000000000943343
483 4.000000006107282
484 4.000000002247182
485 4.000000000792068
486 4.000000002904744
487 4.000000003195357
488 4.000000000148553
489 4.0000000028835965
490 4.000000002522107
491 4.000000000538717
492 4.000000001454518
493 4.0000000028475595
494 4.000000000335205
495 4.000000002059636
496 4.0000000020977655
497 4.0000000013752794
498 4.000000003286103
499 4.000000001139992
500 4.000000002964719
evaluations raw_y
1 4.752446740630174
2 4.638058089584312
3 4.287952457968812
4 4.852353674213622
5 4.9831976882941404
6 4.929812282458592
7 4.698664120802965
8 4.457348088790687
9 5.021659369479493
10 4.9893466466795235
11 4.5358495779420815
12 4.927513926788461
13 4.661545685875088
14 4.459235485902389
15 4.856521233587004
16 4.375702816418502
17 4.62432469667772
18 4.8715275882943745
19 4.418690974887048
20 4.734203238660861
21 4.508189785010224
22 5.043110871912427
23 5.028633426382179
24 4.3609831394149925
25 4.329991211573743
26 4.803055586305752
27 4.373703027339388
28 4.634689668931495
29 4.533143388165156
30 4.412206580363985
31 4.630211516967496
32 4.348917636189727
33 4.571050294903871
34 4.37376952705508
35 4.572905872227175
36 4.375773081047882
37 4.512840276770461
38 4.448294943084502
39 4.473078234449724
40 4.382274926701087
41 4.214275335408481
42 4.4424908763755795
43 4.104840384814248
44 4.5991424665448415
45 4.690122463497129
46 4.388613104528041
47 4.6205256078537635
48 4.255423129079161
49 4.1259801252162385
50 4.140114707499992
51 4.279843074188831
52 4.315957487702838
53 4.419787105143879
54 4.4024405613393505
55 4.083356339954209
56 4.378915501888037
57 4.249359266504161
58 4.171328241706922
59 4.249195373245988
60 4.220330014837041
61 4.364620465543635
62 4.099391067135253
63 4.098292802374662
64 4.083280423434094
65 4.203143327710981
66 4.213573990500163
67 4.330607493338228
68 4.12254884411475
69 4.0922780560805005
70 4.134343639398192
71 4.075353351727774
72 4.255947130168295
73 4.04792954041211
74 4.033920235490212
75 4.011281466737788
76 4.141594150074083
77 4.467852685007263
78 4.065890071386611
79 4.297815816943222
80 4.074520152288038
81 4.065269538551997
82 4.093453474270815
83 4.080582454916274
84 4.052061652295384
85 4.053171378568341
86 4.119122356916526
87 4.060453599676234
88 4.090712418532318
89 4.112216197623393
90 4.120237388010278
91 4.044381104300079
92 4.017438766182728
93 4.104410432930834
94 4.075306009142852
95 4.092802546710441
96 4.08135182618284
97 4.032603515279849
98 4.038926003863681
99 4.08109972274621
100 4.059081806938051
101 4.089954906635604
102 4.024026209349488
103 4.010328321704415
104 4.061105291523981
105 4.063500370968109
106 4.012989275333374
107 4.074516536866701
108 4.032650632590211
109 4.0295380242449905
110 4.043464858252649
111 4.009835485222566
112 4.020455971208907
113 4.020891742142157
114 4.028554070349094
115 4.021919882391492
116 4.037565274397429
117 4.029599778908347
118 4.008721541483122
119 4.011622184153977
120 4.0416132709793775
121 4.011545712797542
122 4.001705111692541
123 4.0131319324659716
124 4.022401076492445
125 4.016204376598792
126 4.020058890497703
127 4.0069550334529165
128 4.020670174174567
129 4.009032302459246
130 4.008110341369001
131 4.0084409309718705
132 4.019325918746725
133 4.009089952594034
134 4.02059416420343
135 4.009657837595235
136 4.026166757364542
137 4.0121099331469035
138 4.006482126796846
139 4.0143548334155295
140 4.011880522093596
141 4.012638218682826
142 4.005275414793985
143 4.007338780802309
144 4.010024234818243
145 4.026697691383269
146 4.0100684131279
147 4.012330772190232
148 4.010986358305018
149 4.007556992658541
150 4.0018625657754425
151 4.008674319058801
152 4.004478495437187
153 4.009407412693818
154 4.000437180585614
155 4.00857092470098
156 4.001884154578711
157 4.006199252322743
158 4.005524177938317
159 4.005092319312826
160 4.0033631523667665
161 4.002293163747148
162 4.002657384097072
163 4.002420538406947
164 4.002217111964143
165 4.001070281918061
166 4.005872644161459
167 4.000960124622117
168 4.000660304158792
169 4.00326070398003
170 4.002058414487059
171 4.001520420727872
172 4.001841736255772
173 4.001578338289523
174 4.0008359168469205
175 4.001656250704071
176 4.002659691827976
177 4.001950334654804
178 4.001681076542196
179 4.002855089837192
180 4.0070689031634625
181 4.002792353675617
182 4.003692958672088
183 4.002013678008651
184 4.004049495802114
185 4.000590498607733
186 4.001245813878849
187 4.001189510049712
188 4.003102256763075
189 4.002386175072397
190 4.00410593874822
191 4.00147519430267
192 4.00067837513093
193 4.001415325910438
194 4.001931431900915
195 4.001555824659111
196 4.000783094472025
197 4.0011832903642315
198 4.002863201628253
199 4.001547952946295
200 4.001039535743245
201 4.002308111023207
202 4.000659111692373
203 4.001393837489432
204 4.000873642038417
205 4.001151955011973
206 4.00065008780438
207 4.000414631157224
208 4.000447250103846
209 4.001662091332117
210 4.001992942763722
211 4.000359625286017
212 4.000511346708542
213 4.001477073813139
214 4.001363453924176
215 4.000917751092145
216 4.002000480229119
217 4.000926112873507
218 4.0010622061142955
219 4.0003163364263825
220 4.001318875101896
221 4.000951828110826
222 4.002257901539941
223 4.0005478373859
224 4.001805799410302
225 4.000129224923142
226 4.000525517961629
227 4.000175854540918
228 4.000528087605288
229 4.0003779416943575
230 4.001115568409368
231 4.000212632569485
232 4.000399445899085
233 4.000206653345493
234 4.000296023366569
235 4.000573189479324
236 4.000568163766186
237 4.00032615623983
238 4.000722278924816
239 4.000607780183302
240 4.00034386828212
241 4.000676673746481
242 4.000255711091307
243 4.000305828821734
244 4.0005696962905555
245 4.000382989645848
246 4.000636830618171
247 4.0004013163279
248 4.000290805730387
249 4.000340530943014
250 4.000059249802974
251 4.0001022003861895
252 4.000238873892095
253 4.000344290025232
254 4.000140377041459
255 4.000141838163135
256 4.000284699108956
257 4.000232889578191
258 4.000308302904601
259 4.000089104015581
260 4.000928879451184
261 4.000111811073266
262 4.000220246866167
263 4.000432386248666
264 4.000413431995228
265 4.000149823940407
266 4.000263366966146
267 4.000083304678701
268 4.000241153597833
269 4.000606431832923
270 4.000260882492541
271 4.00016208981789
272 4.000111471476782
273 4.00012585530354
274 4.000213908939202
275 4.00007260834585
276 4.0002126476432
277 4.000354620543282
278 4.000183786033295
279 4.000043221013141
280 4.000159968899455
281 4.000057147253868
282 4.000065094706357
283 4.000169907789745
284 4.000076028832063
285 4.000082378029826
286 4.000048831582057
287 4.000157530155072
288 4.000086297325779
289 4.000054148650086
290 4.000049605909917
291 4.00006173985992
292 4.00003002298275
293 4.000094146598661
294 4.000119387579451
295 4.000024730353454
296 4.000065092363399
297 4.000031651414999
298 4.000052887205435
299 4.000027721053583
300 4.000054331432341
301 4.000040376650693
302 4.000041976467499
303 4.000075946559308
304 4.000031449487987
305 4.000034210597537
306 4.0000281414545285
307 4.000039973648154
308 4.000021683737414
309 4.000049058001576
310 4.000017778627832
311 4.000046284909704
312 4.000032227521613
313 4.0000329500750516
314 4.0000479050320745
315 4.000011015505705
316 4.000019424100678
317 4.000047839362905
318 4.0000134238446154
319 4.000026100875504
320 4.0000230253649995
321 4.0000035191671675
322 4.000024524298093
323 4.000021245420551
324 4.000017319974926
325 4.00002099798462
326 4.000043296950101
327 4.000017386055793
328 4.00002231800029
329 4.00001840425301
330 4.000030861587451
331 4.0000331024122335
332 4.000005016399296
333 4.000027034070534
334 4.000022402408675
335 4.0000132834533915
336 4.0000177278725815
337 4.000001286447305
338 4.0000024437414305
339 4.00001749930033
340 4.00000731954193
341 4.000014241378121
342 4.000006230331749
343 4.0000198495246435
344 4.000019379406869
345 4.000001296963404
346 4.000002405190939
347 4.000001110075876
348 4.000003073345878
349 4.00001671384937
350 4.00000480691981
351 4.000003654174989
352 4.000012657831029
353 4.000002181630174
354 4.000008539155526
355 4.000002287868194
356 4.000004132288977
357 4.000011769033021
358 4.000004499049157
359 4.000005497750156
360 4.000008332955705
361 4.000012880593834
362 4.000005280803381
363 4.0000040686488
364 4.000005114230994
365 4.000007772978512
366 4.000006868607608
367 4.0000062341564036
368 4.00000487587261
369 4.000003016536918
370 4.000007667413247
371 4.000008480625898
372 4.0000049789244505
373 4.000002805529726
374 4.000004750524951
375 4.0000049432813
376 4.000011265947101
377 4.000002894198465
378 4.000002151074746
379 4.000003936637407
380 4.000009779639081
381 4.000002772552283
382 4.00000481562354
383 4.000006967407705
384 4.0000097879383505
385 4.000002622378282
386 4.000009122810224
387 4.000006908329591
388 4.00000401535089
389 4.000003469750525
390 4.000004618532339
391 4.000007515610011
392 4.000006019008303
393 4.0000050171179575
394 4.000004151023417
395 4.000002336463726
396 4.000001728341816
397 4.000002535324574
398 4.000003457904509
399 4.000002801186319
400 4.000001625656832
401 4.000001415713591
402 4.000002349636172
403 4.000000515861201
404 4.000002174391624
405 4.0000039286290425
406 4.000001230942002
407 4.000000605614239
408 4.000001834028173
409 4.000001185197289
410 4.00000221516705
411 4.00000408793295
412 4.000002597527508
413 4.000000810914053
414 4.000001450604555
415 4.000000754917877
416 4.0000008807778835
417 4.000001004570354
418 4.000001584632299
419 4.0000027803510445
420 4.000002427555786
421 4.0000003966092335
422 4.00000121333489
423 4.000002155362707
424 4.000001169493538
425 4.0000013615576195
426 4.000000545169245
427 4.000001670339639
428 4.000001476811839
429 4.000000840535257
430 4.000000558006587
431 4.000000590381775
432 4.000003244246123
433 4.0000012724907945
434 4.00000087632341
435 4.000001372734319
436 4.000000844953008
437 4.00000168525899
438 4.000001676437254
439 4.00000024976727
440 4.000000879874051
441 4.000001562133206
442 4.000000430245725
443 4.000000354196801
444 4.00000042768609
445 4.000000972957286
446 4.000000419823144
447 4.000000647247897
448 4.000000691526645
449 4.0000001104732155
450 4.00000077201048
451 4.000000163697621
452 4.0000003549397505
453 4.0000005766263715
454 4.00000036895644
455 4.000000439452825
456 4.0000004197449215
457 4.000000086679229
458 4.00000036833072
459 4.000000197090219
460 4.000000079068329
461 4.000000065564482
462 4.000000057242953
463 4.000000680859765
464 4.000000113183131
465 4.000000105445917
466 4.000000237853041
467 4.000000118298856
468 4.000000135596787
469 4.000000095471165
470 4.000000094181422
471 4.000000186556967
472 4.000000288781443
473 4.000000142570501
474 4.000000046877107
475 4.000000127787011
476 4.0000000873401085
477 4.000000185181781
478 4.000000055528747
479 4.000000071742487
480 4.000000049920476
481 4.0000001077527
482 4.000000060388691
483 4.0000000897581645
484 4.000000071177786
485 4.000000055300883
486 4.000000092220762
487 4.000000076134205
488 4.000000062009095
489 4.000000125584164
490 4.00000010135094
491 4.000000127260662
492 4.000000153157554
493 4.000000149803497
494 4.000000056307169
495 4.000000118419494
496 4.000000050800203
497 4.000000035997584
498 4.000000062344041
499 4.000000063841485
500 4.000000022008485
evaluations raw_y
1 4.598748051507982
2 5.392959061021306
3 4.433112150464232
4 4.728959931719327
5 4.8577561499565896
6 4.359834567171587
7 4.797648095519293
8 4.931995260550037
9 5.3948896979503465
10 4.621474407213444
11 4.374512190814531
12 4.437122611750884
13 5.110498878982162
14 4.465761521914999
15 4.288633091705917
16 4.9762693366276345
17 4.52343473699455
18 4.448040991135352
19 4.806590699635504
20 4.562157175169818
21 4.693469618174503
22 4.800838210965111
23 4.594553534239856
24 4.627232884947851
25 4.540054289709787
26 4.446926453624
27 4.281479463721789
28 4.760858283016892
29 4.28784300556769
30 4.631540539507499
31 4.546878286493482
32 4.220183789139111
33 4.3901414555976555
34 4.194363777830492
35 4.213683944192729
36 4.3276056831999385
37 4.27098776885563
38 4.391429358992636
39 4.400154029525616
40 4.249959420982372
41 4.145620267935003
42 4.178029693264985
43 4.123221841307651
44 4.7546945930681614
45 4.365213528105542
46 4.350245840944389
47 4.291540876777919
48 4.792309495816472
49 4.060900973039421
50 4.0932220691376315
51 4.102720984169178
52 4.311065276853129
53 4.075492770089515
54 4.218120910383003
55 4.281884932318489
56 4.103640408247268
57 4.121325207666592
58 4.0713539120097595
59 4.020529112582058
60 4.107609378960123
61 4.237989037436813
62 4.14967360904447
63 4.127813296154663
64 4.078205246202426
65 4.132383190359146
66 4.045584718945111
67 4.163865885090708
68 4.069408613893097
69 4.089549809220429
70 4.034823305734906
71 4.032882374603121
72 4.0868784585904985
73 4.104914097214131
74 4.006406506185115
75 4.258636795542469
76 4.098000339753467
77 4.1303429104651705
78 4.082490043410061
79 4.1713764003822424
80 4.05855519369221
81 4.048194906734139
82 4.016032938663748
83 4.140449893154631
84 4.066495519891219
85 4.057651484566201
86 4.078606380152871
87 4.085897636283143
88 4.281439442954728
89 4.006261708931171
90 4.020857198204929
91 4.075131872744106
92 4.026799048939285
93 4.067503016936102
94 4.067527861089387
95 4.025314829415772
96 4.038715049436478
97 4.032173286496985
98 4.012755344528797
99 4.0085587112073195
100 4.025615656525578
101 4.043383272734004
102 4.034038829208928
103 4.015795853806816
104 4.049430006628663
105 4.013892680246542
106 4.017757686775444
107 4.031568976533614
108 4.019152465253208
109 4.024777090019485
110 4.058236754570054
111 4.031985652870899
112 4.010663298246886
113 4.0170856586472485
114 4.017085200175094
115 4.012869625749702
116 4.011738299179382
117 4.017702308404177
118 4.051625883368382
119 4.02150420352393
120 4.009275612117254
121 4.008701560383854
122 4.004941320869888
123 4.025473025354318
124 4.012841769840914
125 4.0453852084125
126 4.009372395714797
127 4.010973642707996
128 4.002984884977741
129 4.0049061185294645
130 4.01236747719206
131 4.008618541137136
132 4.015908813141063
133 4.010379882528105
134 4.010135494056289
135 4.011484180078461
136 4.014441735826843
137 4.010854894820354
138 4.004498867968742
139 4.007729839018219
140 4.009184506816146
141 4.019856100192027
142 4.005150648454409
143 4.008351748603708
144 4.003454255938948
145 4.01149380488727
146 4.018274902264561
147 4.006525967522895
148 4.007941049977633
149 4.01247353054048
150 4.002361373574223
151 4.008510458548328
152 4.011620346454087
153 4.004557204935845
154 4.0070864133173245
155 4.001364363693793
156 4.006459193287487
157 4.002418571488175
158 4.006464220804146
159 4.000940549823332
160 4.004228782176265
161 4.002295528842837
162 4.009106322056382
163 4.0093461642353745
164 4.007040817730357
165 4.004711774757412
166 4.001494886980333
167 4.00373070450474
168 4.0052578216015045
169 4.002861971055093
170 4.001424026663742
171 4.000297331522571
172 4.004540954887198
173 4.000875289159998
174 4.000967881681284
175 4.008228345831574
176 4.000428206913605
177 4.0018962649210845
178 4.001256864915196
179 4.002338039826728
180 4.003254748792874
181 4.001962928582416
182 4.003706879108257
183 4.000681752222521
184 4.005809986341061
185 4.00119330194814
186 4.001343468997511
187 4.001804976643633
188 4.0009282126436005
189 4.000966744676678
190 4.001548332452428
191 4.001727206699168
192 4.0018712054594126
193 4.001588056708071
194 4.002718066807921
195 4.002553976336394
196 4.003289202620938
197 4.00069591254295
198 4.001669935180905
199 4.001574939767419
200 4.002620682532651
201 4.001248616362812
202 4.000782144786936
203 4.004223551224797
204 4.00110435151781
205 4.001585822203385
206 4.000710334225565
207 4.001030013132747
208 4.003054935955169
209 4.001883441792141
210 4.001037910302604
211 4.001353497772284
212 4.001581557531473
213 4.001185225444391
214 4.000811445099449
215 4.001460498972838
216 4.0005009915707515
217 4.001963442841962
218 4.001250295321449
219 4.0002581330703775
220 4.000326257006437
221 4.000708853979716
222 4.0007984550140865
223 4.0012576267863995
224 4.000960035014574
225 4.001203284547769
226 4.0004023824842445
227 4.000955500621316
228 4.000442606186386
229 4.000945769676878
230 4.000347450339959
231 4.000569253033142
232 4.000526051128306
233 4.000555688785864
234 4.000895311980907
235 4.00075780842375
236 4.001020624663179
237 4.00046791556951
238 4.0004688302587095
239 4.000156273309452
240 4.00011340303861
241 4.000058503106758
242 4.0005843191770705
243 4.000362257333619
244 4.000368278302844
245 4.000211738248873
246 4.0001254911477275
247 4.000166119867535
248 4.000299215229963
249 4.000298101789755
250 4.000204070340992
251 4.000141775946979
252 4.00059960746999
253 4.000069979573761
254 4.00030968328114
255 4.0003913382358425
256 4.000395089949622
257 4.000166109305203
258 4.000228283042753
259 4.000223892257622
260 4.000236314784827
261 4.000702110824134
262 4.0002355592549295
263 4.000275220770459
264 4.000388843704663
265 4.0002820117878075
266 4.000115742291369
267 4.000252386219241
268 4.000305509118473
269 4.000589484629073
270 4.000059420498849
271 4.000805965996871
272 4.000483808382091
273 4.000268193096501
274 4.000405031943448
275 4.0004630461739215
276 4.0001935986427695
277 4.00024998263873
278 4.000137471128252
279 4.000156952511361
280 4.000030691755668
281 4.000239077870838
282 4.000208693757005
283 4.000238765865387
284 4.000199411987887
285 4.000155272404696
286 4.000109539891036
287 4.000145976937478
288 4.000315112149606
289 4.000069662270892
290 4.000479878861545
291 4.000157010244969
292 4.000111310222272
293 4.000059752298512
294 4.000335607748842
295 4.00007016253939
296 4.0003541711787465
297 4.00023082385923
298 4.000108950456733
299 4.000112646179042
300 4.0002518029090695
301 4.000056803105442
302 4.0001363722677965
303 4.000131199448893
304 4.000130047360855
305 4.000089461709704
306 4.000087489223566
307 4.000192824502283
308 4.0001495261706275
309 4.000033589723941
310 4.0000297205048545
311 4.000226101434572
312 4.000279544437374
313 4.00001612061561
314 4.000025514896318
315 4.000070501551044
316 4.000199074201412
317 4.000055290857898
318 4.0000702399971235
319 4.000119898006194
320 4.000066297525645
321 4.000057239229176
322 4.000081429026293
323 4.00003413414094
324 4.000103446655587
325 4.000053381829511
326 4.000145180146071
327 4.000068504579864
328 4.000046329915639
329 4.000024107051368
330 4.0000507217427845
331 4.000019172502195
332 4.000076973607531
333 4.000107026930447
334 4.000060947666528
335 4.000047906358145
336 4.0000641452082695
337 4.000047867155871
338 4.000056355119215
339 4.000022974717611
340 4.000038472933854
341 4.000041962532195
342 4.00003558630834
343 4.000010828002207
344 4.000005813864437
345 4.000021371144615
346 4.00001801201442
347 4.000027453666105
348 4.000004225694678
349 4.000027952628713
350 4.000003887490312
351 4.000070093731132
352 4.000066473404401
353 4.000013319336185
354 4.000034842017722
355 4.000043929616671
356 4.000008817812386
357 4.0000298046787535
358 4.0000292161023205
359 4.000020438559282
360 4.000004189513109
361 4.000004157359247
362 4.000018404707831
363 4.000003933325996
364 4.000003623888842
365 4.000009129454613
366 4.000006946187367
367 4.000012322903303
368 4.000012466293636
369 4.000005614320522
370 4.000016578126657
371 4.000003925258025
372 4.000005800727649
373 4.000019930517974
374 4.00000190940691
375 4.0000109024911055
376 4.000001701924556
377 4.000009384624129
378 4.000006670901669
379 4.000011794392008
380 4.000005667423795
381 4.000002011485263
382 4.000004996648311
383 4.0000020696589145
384 4.000004092899952
385 4.000001439719765
386 4.000001219417755
387 4.000001785334186
388 4.000001577950775
389 4.000001980962564
390 4.000000594017857
391 4.000001947009592
392 4.00000792487526
393 4.00000118895379
394 4.000001343344261
395 4.000001168371085
396 4.000000790280228
397 4.000001915855591
398 4.000001777206015
399 4.0000013359532645
400 4.0000021971872615
401 4.000004583631501
402 4.000001366385392
403 4.000002277745596
404 4.0000005965494685
405 4.000000343611072
406 4.000002136336401
407 4.0000002952833755
408 4.000001783143949
409 4.000001380266067
410 4.000001458868857
411 4.000001040832138
412 4.000000344504963
413 4.000001458434549
414 4.000000531926457
415 4.000001798288656
416 4.000000669543665
417 4.000000100573638
418 4.0000002001973485
419 4.000000446823247
420 4.000002061809398
421 4.000001037004582
422 4.000000799218761
423 4.00000065466919
424 4.000001408090757
425 4.000002159134744
426 4.000000240615853
427 4.000000674292835
428 4.000000513086564
429 4.000000713140507
430 4.000001598985741
431 4.000000943608719
432 4.0000003328535625
433 4.000000129837014
434 4.000000254963602
435 4.000000423461059
436 4.000000547786884
437 4.000000110985546
438 4.000000352148657
439 4.00000021134215
440 4.00000142828729
441 4.000000161735027
442 4.000000087744398
443 4.000000072641262
444 4.000000099798843
445 4.000000159388156
446 4.00000012578341
447 4.000000192545225
448 4.000000165795136
449 4.000000117314597
450 4.000000333838198
451 4.000000223650277
452 4.000000142086653
453 4.000000175375303
454 4.0000000922567125
455 4.000000118139809
456 4.000000166498225
457 4.0000002225791915
458 4.000000051531941
459 4.000000156828953
460 4.000000187313029
461 4.000000017879344
462 4.000000263573808
463 4.000000082080577
464 4.000000166289
465 4.000000077122447
466 4.000000045304579
467 4.000000016661941
468 4.000000086342462
469 4.000000048784427
470 4.000000017636544
471 4.000000016192909
472 4.000000026660739
473 4.0000000460201175
474 4.000000134411919
475 4.000000010148847
476 4.0000000485713105
477 4.00000002849724
478 4.00000004560856
479 4.000000027589583
480 4.000000092605344
481 4.000000013239782
482 4.000000073445335
483 4.000000024176096
484 4.000000073573219
485 4.00000005372441
486 4.000000018346104
487 4.000000034691785
488 4.0000000261740745
489 4.000000038782973
490 4.000000045737694
491 4.0000000459207055
492 4.0000000293106694
493 4.000000072697415
494 4.000000027402318
495 4.000000085330401
496 4.000000042733765
497 4.000000048552583
498 4.0000000415485175
499 4.000000013255562
500 4.000000017460261
evaluations raw_y
1 4.9005620259708955
2 4.993083274311298
3 4.332680408973568
4 4.396687480749542
5 4.541335572062253
6 4.634714872618066
7 4.263463037807653
8 4.7645662038044945
9 4.387237378285868
10 4.272764579897784
11 4.8589915966973685
12 4.764447470370092
13 4.585997853455845
14 4.3604430309570885
15 4.4783877496261315
16 4.0189076758494355
17 4.688908328931205
18 4.444583080841698
19 5.267711772873939
20 4.366364997353878
21 4.179934461297939
22 4.41461208023021
23 4.570420318063402
24 4.732019135254937
25 4.411871788913473
26 4.576372669932842
27 4.304454580619668
28 4.169195543807572
29 4.240572857437712
30 4.187746579933239
31 4.6978265397236
32 4.37794004807871
33 4.292025294712245
34 4.122935406016137
35 4.214752552748639
36 4.268864028421279
37 4.410241121839034
38 4.239420373748018
39 4.23311555751641
40 4.261726158009851
41 4.119997063115905
42 4.416537158170251
43 4.492384776069965
44 4.050830245968086
45 4.425451628286926
46 4.210482299297019
47 4.110197680063932
48 4.20880852518469
49 4.123264647668679
50 4.132201424898001
51 4.211455938424928
52 4.170597927864704
53 4.046195945809293
54 4.189548707550258
55 4.122674430915456
56 4.07173754163726
57 4.016734467537183
58 4.067424206761642
59 4.089555590450717
60 4.073210742019792
61 4.200933740216271
62 4.213271333578484
63 4.048439710791045
64 4.044288477731087
65 4.131025310827313
66 4.123749608901848
67 4.0193579384084686
68 4.064493288761826
69 4.179095802968184
70 4.049922169908139
71 4.125259745455139
72 4.173670635279095
73 4.013428833007045
74 4.052818479872096
75 4.092499901819791
76 4.035572135613469
77 4.018881941626339
78 4.103241535251951
79 4.053358954106925
80 4.063666183559956
81 4.0204758513342895
82 4.056605626261799
83 4.061117103413537
84 4.043473052088723
85 4.028260299814619
86 4.033369913832115
87 4.043955455966007
88 4.028988915538219
89 4.044697454196865
90 4.011948366610541
91 4.004794045294027
92 4.0314074666003865
93 4.0455229136621975
94 4.0493877759223285
95 4.026065303400922
96 4.012425988994448
97 4.001657629963158
98 4.00373501536151
99 4.012752986457715
100 4.053030909195523
101 4.016481697610152
102 4.042465512298706
103 4.0086967870360235
104 4.018403610248377
105 4.011989731064976
106 4.010632783823822
107 4.015824821423363
108 4.015038908721422
109 4.014849413936616
110 4.013989838305318
111 4.014429617544126
112 4.0069917317705155
113 4.0119240865652275
114 4.005605517593571
115 4.022364375016591
116 4.006238313678546
117 4.01865650592212
118 4.010730189713423
119 4.008162448860616
120 4.018059604353484
121 4.008313647171348
122 4.024204525602376
123 4.0031018620243755
124 4.011974712955974
125 4.00663836729185
126 4.00392544580779
127 4.004183661299864
128 4.011017379928713
129 4.001040435841739
130 4.001454754428491
131 4.0029658565640975
132 4.005449680892726
133 4.001729236560568
134 4.001955678758488
135 4.0038595046635335
136 4.006714568172002
137 4.0034395480219125
138 4.0017761768434195
139 4.003436521283196
140 4.001137628974195
141 4.006964000624201
142 4.003677986106085
143 4.003472212507808
144 4.012281453597246
145 4.005317418146905
146 4.002534829612867
147 4.001839108233014
148 4.000696166583156
149 4.003019299876636
150 4.001407472071829
151 4.002784917630898
152 4.004044047587777
153 4.000738612565108
154 4.001293957232663
155 4.000182278321471
156 4.003628051014085
157 4.0032327416418685
158 4.002700903752033
159 4.001206640788105
160 4.006030396905613
161 4.0023525204151165
162 4.001269278490637
163 4.001714642829256
164 4.000805414035531
165 4.00408689471017
166 4.002132045238238
167 4.0010904945716295
168 4.001228072458348
169 4.001258602568971
170 4.000750213181307
171 4.0013340014780185
172 4.000598238485329
173 4.002253160707412
174 4.001607279434095
175 4.000990332532434
176 4.000313744351021
177 4.001779773600433
178 4.000362393910349
179 4.001968962410762
180 4.000949680684019
181 4.002804182219555
182 4.000796957052109
183 4.0007716490589225
184 4.0018357470704
185 4.000630734871686
186 4.000494948812193
187 4.00026520994401
188 4.000327017386748
189 4.000722213128018
190 4.000106879673574
191 4.000455226973292
192 4.0002014006056275
193 4.000297717277809
194 4.001328776988158
195 4.000861720575304
196 4.000534914326926
197 4.000315373970716
198 4.000152834428435
199 4.000597463758609
200 4.000180819094442
201 4.000698434073148
202 4.000500058487802
203 4.000605692593059
204 4.000116142948598
205 4.0003832592925965
206 4.000082318972759
207 4.001207255485446
208 4.000232826589415
209 4.000049532476477
210 4.000033510094223
211 4.000698628033022
212 4.00049011531179
213 4.000466128197627
214 4.000249284262874
215 4.000340358097835
216 4.000072749135858
217 4.000145941577083
218 4.000081542782479
219 4.000059640550806
220 4.000029079586433
221 4.000222261849885
222 4.000075991265612
223 4.000015712139945
224 4.000108738391965
225 4.000061718070319
226 4.000079491195224
227 4.000182897511029
228 4.000115379625422
229 4.000119038918049
230 4.000044298568291
231 4.000342863887223
232 4.000159918313813
233 4.000052446158447
234 4.000092191778005
235 4.000143448036606
236 4.000058839318511
237 4.000023194399249
238 4.000157035592512
239 4.000034586153496
240 4.000211814014699
241 4.000014792051657
242 4.000044409276916
243 4.000055156502459
244 4.000026902251154
245 4.000120891732289
246 4.000052584566874
247 4.000053665237727
248 4.000039818945389
249 4.000037048622649
250 4.000008920788926
251 4.000037164807725
252 4.000028338414492
253 4.000081621339323
254 4.0000546860425645
255 4.000023139614454
256 4.000107781165624
257 4.000017330631417
258 4.000013367970261
259 4.000027198519156
260 4.000030089995402
261 4.000030181256416
262 4.000006272516634
263 4.000044510454465
264 4.000005499787722
265 4.0000116502882115
266 4.000019333049465
267 4.000019500196775
268 4.000008392333145
269 4.000013093050835
270 4.000009683634827
271 4.0000079416178
272 4.0000140789163625
273 4.0000144189062485
274 4.000028368633971
275 4.000004221737979
276 4.0000297421851245
277 4.0000194308974475
278 4.000009392787347
279 4.000003453816688
280 4.000018193288341
281 4.000008739752126
282 4.000005757258118
283 4.000006583856888
284 4.000012844557441
285 4.000014798292704
286 4.000009500728045
287 4.000004407384285
288 4.000001477866274
289 4.000006855762855
290 4.000009989950064
291 4.000017248703468
292 4.000002702494338
293 4.000003986765726
294 4.000010120347888
295 4.000007909895659
296 4.000003473556145
297 4.000002809079689
298 4.000000638603236
299 4.000008021378112
300 4.000005097442566
301 4.000005529656143
302 4.000002384965095
303 4.0000059185354475
304 4.000005437527684
305 4.000002476226127
306 4.00000423075738
307 4.000004940548503
308 4.000003407894466
309 4.000001590295577
310 4.000000840095533
311 4.0000063566247475
312 4.00000347286684
313 4.000003437102068
314 4.000003740715049
315 4.000003985884601
316 4.000002492500162
317 4.000001318729726
318 4.000003853854039
319 4.000002279921825
320 4.000003196586312
321 4.000002135156048
322 4.000000845234607
323 4.000000210708341
324 4.0000008366681765
325 4.000001251257481
326 4.000004219581685
327 4.000000823111689
328 4.000001967035333
329 4.000001267218993
330 4.00000033784421
331 4.000000205810766
332 4.000001853869
333 4.000000839292887
334 4.000001653718414
335 4.000001040244408
336 4.000000896255116
337 4.0000003924752106
338 4.0000010491234175
339 4.000000706250155
340 4.000000646562273
341 4.00000038843181
342 4.000001378430818
343 4.000000898832203
344 4.000000453246253
345 4.000000460554026
346 4.000000479774455
347 4.0000004172743004
348 4.000000361320808
349 4.000000421058838
350 4.000000369141568
351 4.000000771271341
352 4.000000662017735
353 4.00000062509568
354 4.000001104347679
355 4.000001769847266
356 4.000000777661752
357 4.000000494684877
358 4.00000033545001
359 4.000000255139181
360 4.000001992389718
361 4.000000339365286
362 4.000000272907918
363 4.000000562234958
364 4.00000099159507
365 4.0000008838299275
366 4.000000544843707
367 4.0000000696865285
368 4.000000651206216
369 4.000000199912095
370 4.00000007477978
371 4.00000036289104
372 4.0000001160058565
373 4.0000004998825105
374 4.0000000817405486
375 4.000000456783939
376 4.000000704121864
377 4.000000302929935
378 4.000000045189437
379 4.000000264395059
380 4.000000196979066
381 4.000000187500264
382 4.000000095200677
383 4.000000195467719
384 4.000000252800055
385 4.000000049712149
386 4.0000002770240375
387 4.000000306956336
388 4.000000052903082
389 4.000000164747184
390 4.000000052607456
391 4.000000265839613
392 4.000000202810343
393 4.000000071252171
394 4.000000092351217
395 4.0000000070812485
396 4.000000053077341
397 4.000000094188674
398 4.000000055144501
399 4.000000019445405
400 4.000000117730463
401 4.000000040534965
402 4.0000000722279925
403 4.000000037026479
404 4.0000000371385145
405 4.000000050069993
406 4.000000044104224
407 4.0000000150885295
408 4.000000035502364
409 4.000000054302449
410 4.000000022689576
411 4.000000096597515
412 4.000000016257671
413 4.0000000875110135
414 4.000000029031832
415 4.000000052702126
416 4.000000082321474
417 4.000000015100449
418 4.000000020528763
419 4.000000034951216
420 4.000000035736721
421 4.0000000374967755
422 4.000000018320455
423 4.000000025613263
424 4.000000030788236
425 4.000000008948034
426 4.000000015466949
427 4.000000011917024
428 4.000000028369265
429 4.000000031281367
430 4.00000000927493
431 4.000000018391458
432 4.000000014671643
433 4.0000000259200865
434 4.0000000183964355
435 4.000000008523859
436 4.000000018522696
437 4.000000007415888
438 4.00000004703649
439 4.00000001280251
440 4.000000022782532
441 4.000000003424768
442 4.0000000079972065
443 4.000000014356987
444 4.000000005489294
445 4.000000004003454
446 4.000000003896049
447 4.000000010686158
448 4.00000001921659
449 4.0000000081760945
450 4.000000012349195
451 4.000000005916019
452 4.000000002928504
453 4.000000013999154
454 4.000000005562942
455 4.00000000823441
456 4.000000011158585
457 4.000000010080144
458 4.000000011680873
459 4.0000000040668855
460 4.000000007368795
461 4.000000009759077
462 4.000000005383569
463 4.000000005901192
464 4.000000000709271
465 4.0000000097737765
466 4.000000003596728
467 4.000000000464093
468 4.000000001549215
469 4.00000000561268
470 4.000000005344033
471 4.000000001577806
472 4.00000000349347
473 4.0000000014847625
474 4.000000003073168
475 4.000000001627914
476 4.0000000019026425
477 4.000000005114967
478 4.000000002245282
479 4.000000004546484
480 4.000000000715218
481 4.000000002884727
482 4.000000002836198
483 4.000000003259522
484 4.00000000301755
485 4.000000004857332
486 4.000000004135427
487 4.0000000036285615
488 4.0000000019517294
489 4.000000003805549
490 4.000000003238593
491 4.000000001619148
492 4.000000001364645
493 4.000000001102501
494 4.000000003751052
495 4.000000005211133
496 4.000000002993271
497 4.000000002440704
498 4.0000000026095694
499 4.000000001323476
500 4.000000000652881
evaluations raw_y
1 4.929991094742093
2 5.172124887149653
3 4.443759340747552
4 4.841265174533684
5 4.793051251225078
6 4.704817003638033
7 4.8559801727225835
8 4.781115776441938
9 4.748278921318872
10 4.799275708678353
11 5.184950505804657
12 4.560122073383488
13 4.461066792629598
14 4.652495973785597
15 4.737901351852009
16 4.49989886873787
17 4.582621398021552
18 4.223097035068515
19 4.41618862195571
20 4.938122796185283
21 4.805922519055095
22 4.676937826797939
23 4.94523924252552
24 4.905015061366369
25 4.789288253977165
26 4.276368467462324
27 4.333006555896843
28 4.479744209442755
29 4.62048024806154
30 4.49002679873274
31 5.145026332917673
32 4.340127814445993
33 4.27483622390838
34 4.446234252595686
35 4.831914739184628
36 4.040865613096015
37 4.804118791786607
38 4.594108895931699
39 5.061193940823539
40 5.067463882410774
41 4.3459307983403495
42 4.765157853246443
43 4.450369958872215
44 4.375772613758926
45 4.771871569375976
46 4.571823865309532
47 4.606009370162498
48 4.448082314681023
49 4.5965849910135255
50 4.387568765570147
51 4.294816507430039
52 4.246988666453531
53 4.662161056134672
54 4.444015163974445
55 4.360298841901901
56 4.305470934224455
57 4.1242176072738035
58 4.505119840730614
59 4.222217609377805
60 4.383676099561686
61 4.631137917066168
62 4.515645114136914
63 4.064979134929271
64 4.375998037052407
65 4.623243094909694
66 3.797746157086087
67 3.913774586357771
68 4.310391040410708
69 4.095719688395718
70 4.122686173302416
71 4.811566429978855
72 4.977384261884583
73 4.693733544377165
74 4.597688585133318
75 4.792478424215945
76 4.621397463412225
77 4.622693111563859
78 3.7436075444559
79 4.353407316216285
80 3.6548928121249595
81 4.365678048371631
82 3.987598840300806
83 4.335091520089542
84 4.471707400279031
85 4.2563830000534555
86 4.685037986781604
87 4.452815729186674
88 4.2458057402721066
89 4.159282259310825
90 3.7432788534524906
91 3.882879731611139
92 3.759125195542523
93 3.750044231402409
94 4.841057301021518
95 4.4116027898289065
96 4.03337570622976
97 4.502665954972506
98 4.076132014887828
99 4.36138111609471
100 3.5606084633118344
101 3.565162811425472
102 3.640907359121646
103 4.465419177690063
104 4.133439138119863
105 4.1535250019435805
106 4.162990119690725
107 3.4606284531617026
108 4.23011548192215
109 3.7930191584114645
110 4.257294601363862
111 3.9337627187995197
112 4.148588516420078
113 4.253174314407059
114 3.4644577183317304
115 4.129852432479968
116 3.6668742590748513
117 3.693237199196838
118 3.695317323552901
119 4.021076829258625
120 4.071755212049264
121 3.7579618895356584
122 3.854010176736315
123 3.6977992165708
124 3.821062470781162
125 4.424973264589321
126 4.140115684788373
127 3.7069065675421635
128 4.185527955186116
129 3.5818964209865753
130 3.862566908967399
131 3.79769906075208
132 3.737265188404649
133 3.4756545459662744
134 3.845828314134983
135 3.649294261666974
136 4.002717288050664
137 3.6211591112735944
138 3.7851397596628242
139 3.872773619065881
140 4.241822626340044
141 3.9314284414827823
142 3.4114783634170958
143 4.344561296933168
144 3.691996856847649
145 4.770616089010265
146 4.285817500297761
147 3.8242336687676413
148 4.142424132561371
149 4.017065147935014
150 3.7431756569905392
151 3.4513991314207892
152 3.852577786009929
153 4.0728901177657315
154 4.114543161125623
155 3.5560526929249727
156 3.475290875239383
157 3.6309401667736614
158 3.936067930916339
159 3.4430406899839396
160 4.326151544129372
161 3.5629296754766537
162 3.7392861425122197
163 3.377447424137047
164 3.5300910669880032
165 3.4720914581453988
166 3.5575259335085385
167 3.3498750587737733
168 4.0770679278885735
169 3.6970231850629696
170 3.7986128553717173
171 3.7771028372897173
172 3.4505138708077436
173 3.3767503035084103
174 3.6637003864649507
175 4.354919606289089
176 3.65738089285451
177 3.440011758535918
178 4.039918130164423
179 3.8329572319180705
180 3.9189619995401177
181 4.2179633587911995
182 3.612731074584254
183 3.6685879187752546
184 3.8479984754626297
185 3.5145460797869124
186 3.5894309576948844
187 3.4337839553486313
188 3.7847230403945558
189 3.823473171841453
190 3.4102967973496385
191 3.5943271660449283
192 3.283233266987817
193 3.589540904560466
194 3.3132222123079735
195 3.4807682455860656
196 3.2019734202252925
197 3.109885769605527
198 3.6179626328430974
199 3.523135108423184
200 3.7766856954466608
201 3.399739767006025
202 3.4931876643157107
203 3.4577203497906797
204 3.1892484443523585
205 3.386016414948391
206 3.4910949870272607
207 3.010065505388953
208 3.804172053328343
209 3.378406753280225
210 3.6695291233420337
211 3.298553562131822
212 3.307911134311704
213 3.4699439841637028
214 3.966648844318872
215 3.2179443104068803
216 3.011097867752218
217 3.289658877409906
218 3.151921833961144
219 3.373058004836717
220 3.499745782682746
221 3.130730532005258
222 3.434404224054191
223 3.372127978520439
224 2.932848929686659
225 3.0541888471362046
226 3.5748978759467605
227 3.434741749365187
228 3.0230104575658245
229 3.49663363530975
230 3.1161463137330814
231 3.083427454303455
232 3.17525816577825
233 3.4427120547498538
234 3.417371507427289
235 3.405134135612189
236 3.31000692616709
237 3.1718225368674426
238 3.273571482179036
239 2.9920588455345554
240 3.6464820225651877
241 3.334109977468067
242 3.356105649827633
243 3.6458910485958964
244 3.224010825565963
245 3.2311730130876053
246 3.4480100571986405
247 3.2174383511158595
248 3.161656287356565
249 3.6173446626765138
250 3.264836548724942
251 3.0902289648810077
252 3.0953585282570217
253 3.277044049735037
254 3.1114405224823694
255 3.2926805204130645
256 3.2576601524060074
257 3.3024736471614187
258 3.149604568507397
259 3.1374006616197456
260 3.4324163363172904
261 3.388597154053759
262 3.2426575599382286
263 3.496523193910996
264 3.2886279795556246
265 3.2519751712625626
266 3.3455250253528175
267 3.045457604896707
268 3.208627374634649
269 3.2243045629095057
270 2.9881730753206197
271 3.018594099281046
272 3.2520918730295856
273 3.1151313146994672
274 2.941862151960413
275 2.987753848212273
276 3.104043084476837
277 3.201532533310035
278 3.05267813475915
279 3.1051973853752384
280 2.9518957567835287
281 3.00979663422321
282 3.1251292392063643
283 3.2855685902151537
284 2.915351596272411
285 3.0049074776098195
286 3.3037913984081935
287 2.9933527765781167
288 3.372890820396448
289 2.920568792253231
290 3.026410944323022
291 3.065753319481689
292 2.96527396413022
293 2.972548079891132
294 3.2569182962792462
295 2.948714322185156
296 3.048118253864735
297 2.989387050434541
298 2.93344934816517
299 2.946665533559827
300 3.039566549925555
301 3.0772644541537377
302 2.9411472835446295
303 2.9542192944018812
304 3.0154150509513764
305 2.942390849036165
306 3.0359749459228795
307 2.9077170278374758
308 2.968058039327251
309 2.977474627589962
310 2.9519332506503355
311 3.0058876998208017
312 2.9279853624283683
313 2.9994585032213474
314 2.9406725948560664
315 2.940279213326937
316 2.9432692464096513
317 3.001488792171882
318 2.915179117026807
319 2.9566583093995717
320 2.9920972513540693
321 3.0000162723216675
322 2.9258293215315936
323 3.2197864301916264
324 3.0295866460696033
325 2.949944880702753
326 2.925967725956643
327 2.9353993694525635
328 2.9276706527253253
329 2.9322450967833724
330 2.9745987850897286
331 2.9613066709589626
332 2.9073729386548255
333 2.9343889612571195
334 2.962466274260048
335 2.9188574678271735
336 2.925954408509841
337 2.943086518903671
338 2.923901424183142
339 2.9146403275868478
340 2.9350111200779514
341 2.9664138727391034
342 2.946607974417844
343 2.9272570370449134
344 2.910802789276463
345 2.9228991717621895
346 2.934938883067641
347 2.9536462823660328
348 2.904710127935667
349 2.9658573391905945
350 2.918595320847523
351 2.9218760895792952
352 2.8981408452267696
353 2.913241388907915
354 2.8956392421285035
355 2.9021272009831574
356 2.893029700024412
357 2.9016539417145886
358 2.9063402807951197
359 2.896363495308272
360 2.9094359459777914
361 2.916043714074358
362 2.911963211812927
363 2.926859282732949
364 2.897646921757319
365 2.909797033914649
366 2.9107180855120722
367 2.9112166295749775
368 2.9139033428431818
369 2.9162475618624364
370 2.892242176183333
371 2.920650268319489
372 2.9021272171010475
373 2.9147779745119866
374 2.8903311432021206
375 2.901246674575729
376 2.8966574149861075
377 2.8928329619272715
378 2.8956814968148654
379 2.90277988154246
380 2.9189540813686685
381 2.909754553162837
382 2.902408531318206
383 2.9293394718670527
384 2.9131880689181004
385 2.8945446646429285
386 2.8974928143482104
387 2.901406866041082
388 2.8884202849201417
389 2.895963729003153
390 2.8974722349355266
391 2.8943869282028505
392 2.905832723824641
393 2.900378911970109
394 2.8981653038664983
395 2.8923257202521566
396 2.8932601764628005
397 2.89658104986874
398 2.9009249828847445
399 2.9008492417731895
400 2.9061926458385803
401 2.894139966949529
402 2.8884356928016137
403 2.8910342998256873
404 2.8919196839450727
405 2.8942340669918503
406 2.895067457974042
407 2.892338590490785
408 2.89264389257146
409 2.8975042946685696
410 2.890447516932706
411 2.889994555961988
412 2.891839685369804
413 2.8912879057569283
414 2.8892860609080033
415 2.891298290193344
416 2.8919176000939593
417 2.890591308563564
418 2.8902234621520524
419 2.89045819916902
420 2.8914501406814854
421 2.889104660061593
422 2.888929855162391
423 2.888737471758585
424 2.8904031714480585
425 2.8913910012015354
426 2.8899388681961575
427 2.8882855599576587
428 2.8911823782835366
429 2.8891043752714713
430 2.888962472220064
431 2.888681005206055
432 2.893776804425313
433 2.8881737106542924
434 2.8884679967803186
435 2.8899112087901955
436 2.887988153777586
437 2.888380732329426
438 2.888663431319528
439 2.888164907511526
440 2.889723878978627
441 2.888245128754853
442 2.8884669856884484
443 2.8877215231979303
444 2.888273801458128
445 2.889137672332342
446 2.8881145261014822
447 2.888136165641338
448 2.8907999869051935
449 2.888372323027203
450 2.8881649758006622
451 2.8887831505740107
452 2.8880735203921644
453 2.888956418955704
454 2.8886674304586073
455 2.888195948762271
456 2.8881587683739403
457 2.889394055378639
458 2.887845406843465
459 2.889391225021825
460 2.888402058853611
461 2.8880180127263397
462 2.888083056251478
463 2.8882112910411037
464 2.888582638766903
465 2.8879400414094807
466 2.8880770751494125
467 2.8887827446736476
468 2.887919828926714
469 2.8877592845255178
470 2.8880723710251295
471 2.887811999338227
472 2.8887661437140872
473 2.8878997311415797
474 2.8879323965751094
475 2.8880016867225144
476 2.887677209030502
477 2.8879276964076084
478 2.8878965639257608
479 2.8879594303010694
480 2.887931465519179
481 2.887886972235949
482 2.8879711756738007
483 2.887849204911575
484 2.8881841748375123
485 2.8877020062856182
486 2.8878188361590484
487 2.8881159265937257
488 2.8879010964228766
489 2.8877682446591155
490 2.887927659709536
491 2.888169321357782
492 2.887789549147919
493 2.888437349202242
494 2.8875562500189034
495 2.8879524747274004
496 2.887898779969846
497 2.887822890127111
498 2.8878431091949235
499 2.8876062236026376
500 2.88785828177942
