evaluations raw_y
1 12.131202085543086
2 50.90444620549765
3 147.45637701401847
4 96.61051068133223
5 64.80140401912925
6 61.429526721129946
7 40.20340934752159
8 29.0189773452218
9 26.164773747498465
10 29.72613674967713
11 78.35141947848088
12 28.584838511353993
13 58.204725993795776
14 77.37414503735492
15 59.88035472471465
16 62.813554783987286
17 26.14632253986323
18 75.76161794963735
19 29.440944938002417
20 76.49740872828453
21 42.77002270468592
22 36.621985521981514
23 26.85450523131545
24 38.55046548447695
25 32.24068766724219
26 36.19943086977453
27 23.581384286225628
28 8.103975552973733
29 61.474329160562206
30 68.0435461854858
31 81.42127615255413
32 63.92214793843485
33 48.20376426000104
34 56.436757678947444
35 76.76099561235766
36 54.63211616522607
37 40.13073410374658
38 11.591746771031444
39 44.8648854008875
40 37.129674759763176
41 42.77547977338167
42 89.71323979646775
43 64.60760231108561
44 22.87680958545245
45 39.74436292440667
46 58.09470881338166
47 48.215775730181235
48 9.869609313273262
49 74.18984196948415
50 51.22981697422516
51 48.45026160877534
52 59.82223939425217
53 73.02074358578764
54 35.74856985835427
55 69.37555008993708
56 87.4097567742987
57 46.57557049151448
58 85.96863473389934
59 43.73386820913115
60 129.09484361927707
61 47.32658036883704
62 70.78702338183604
63 60.05203116276739
64 28.4481623435622
65 47.38001422837244
66 13.244647073565561
67 47.0925392038733
68 22.97667228718603
69 43.91621246745237
70 69.30698145018707
71 69.01526572786508
72 45.40712590424642
73 202.18552335567256
74 26.109723243377417
75 23.130851223156746
76 62.0210477398804
77 112.10074885859888
78 46.074046796192704
79 74.73203024190906
80 58.7118400989374
81 327.22176186023023
82 32.03912138903479
83 58.450505783497654
84 62.36875453649839
85 64.94552966488358
86 58.709785069289666
87 16.064267427590035
88 9.772022489180719
89 62.697896107772905
90 84.6848974900189
91 16.538403790329525
92 36.799261765159805
93 14.377184288135384
94 8.665241673398267
95 17.04183242874365
96 9.181390809525649
97 13.091293983705809
98 16.85429692898476
99 35.458937537868536
100 24.970982642377088
101 25.46643734114377
102 27.81174765062513
103 34.0234185154539
104 6.765022944650262
105 27.665511147682786
106 8.861632322239583
107 44.966569813543636
108 32.314409520551365
109 49.346012127158495
110 35.19683128725318
111 26.036327686379433
112 14.00774168224854
113 121.87924194027201
114 39.57201769711533
115 61.50001293592886
116 39.728525019038095
117 32.42255574122766
118 75.13499080880936
119 21.397371707252322
120 36.198947829854475
121 42.14354850019171
122 19.411797284269685
123 21.174040985475752
124 32.26196465029564
125 17.216472318005845
126 24.73438811429292
127 47.05917434732345
128 65.56742950211896
129 17.05279301956805
130 89.51721796726557
131 43.13517725264455
132 137.8005267988167
133 30.612854272314884
134 34.49860368921329
135 31.08460174173932
136 25.24373680282905
137 29.846809605807575
138 26.24607951198875
139 30.7517055074779
140 36.00014907458292
141 57.68020583570486
142 23.302860425561782
143 61.99245917066346
144 57.69636837072258
145 57.886880441759025
146 30.926080741067796
147 115.56796382931319
148 665.5693992856923
149 68.72294711652184
150 48.54787126825874
151 52.2911036819302
152 9.590533048903591
153 28.44577609384801
154 54.26818026914468
155 57.357384994578496
156 36.408152086529654
157 55.71557986074186
158 48.901874190111286
159 41.53531048097513
160 58.51897345635933
161 64.29659148597422
162 20.017859174082027
163 23.75884482829287
164 452.74181731966587
165 9.925648909467055
166 54.83984524982127
167 88.59163441873687
168 114.73668811113751
169 54.15329619985684
170 30.737561402273084
171 133.79660376053386
172 475.87139036552963
173 78.98068230190313
174 117.36186521164146
175 46.25763411959958
176 49.728591565426996
177 92.75224489096858
178 65.00356646976743
179 36.681765960160945
180 70.27528040742699
