evaluations raw_y
1 -0.6656387871873107
2 -2.775122221617172
3 -1.1802520045823872
4 -3.0636335366614826
5 -1.711912346310183
6 0.587119001751745
7 -1.03448455121214
8 -1.2573332305697948
9 0.5416126210338083
10 0.7648991722079719
11 -0.08263518522055158
12 -2.8869288730453233
13 -4.463832046183079
14 1.4910651626199227
15 -0.42399921085479286
16 3.3894061350192053
17 -0.09401762055770818
18 2.4119148712923737
19 2.8762859447615075
20 1.1186806467444508
21 1.5778168960128922
22 3.6287544102907594
23 -0.32806145506262085
24 1.293090677443245
25 1.5396391606035444
26 1.8207940497585664
27 0.4203216772075553
28 -0.44873737772374245
29 -0.057798572250459146
30 -2.470428077653322
31 2.2802604248249168
32 -0.8845947072036519
33 2.6971524085418688
34 1.362841333598067
35 0.36179846574527696
36 -0.4284201184452968
37 3.715145700252842
38 1.4095737729284452
39 -1.0584781278557132
40 -0.12019010854469298
41 -0.6711471775262254
42 -0.23935659760834327
43 -1.0797527946962258
44 0.43012995789702035
45 -0.6059231915100639
46 -4.829273622072664
47 0.19963523188240728
48 -1.9573003804738451
49 -3.6466965191663085
50 -0.716159472792377
51 2.015074878483414
52 1.6494207264485161
53 -2.9835735092914026
54 2.2883443577673264
55 -0.7407123146279013
56 -0.5672893781502102
57 -1.498015651560729
58 1.882939990485904
59 -1.466214692902174
60 -3.5233767330586026
61 1.2229319295565129
62 -0.3668090163056402
63 0.9261932291789825
64 0.04428478657560575
65 -1.9607248789836318
66 -1.7337911055099333
67 2.097478281112328
68 3.1387711258795883
69 1.475425427528911
70 1.3932231565260054
71 -0.6415140533329654
72 5.110759974998741
73 0.7728658550362824
74 -1.5458289381923045
75 1.5367145835911629
76 -0.8151067491608751
77 -0.709066937461706
78 0.9325876966335895
79 -1.166112234363048
80 1.8204547398756954
81 0.30393925171987113
82 -2.603893728225584
83 0.3167680973292426
84 -3.3283745378540166
85 -0.055270196669342075
86 1.5227563652296876
87 -1.9726330246087314
88 0.952814350060178
89 -1.3041243201394772
90 0.6884754308940177
91 0.05141330838654756
92 -2.056818207845066
93 -3.0186328730873058
94 -3.12889883769472
95 -1.5599685660899094
96 -1.4686635837234787
97 -2.473464872315594
98 0.16707706788887672
99 -2.1038902634409977
100 -1.2451371318973745
101 2.3923652112418106
102 -1.708507547712518
103 -1.675317024129888
104 0.6810297309001949
105 -0.8429036528610143
106 -2.095234455879677
107 1.446942650522803
108 1.4819490211351334
109 0.13291121770167386
110 -2.913331441000973
111 0.24935010744955244
112 2.33688281721842
113 2.8361466933247383
114 2.3865950438904386
115 1.614891048229868
116 -0.9374471296877918
117 0.5590235582556468
118 -0.17432157081519128
119 1.892096741627895
120 1.4049221816162236
121 -2.015425732986936
122 -3.0144312276838896
123 1.110039152669903
124 2.593404104717198
125 1.6174593873627205
126 -0.7159189647403232
127 0.2271782080389254
128 1.8840991561510012
129 -2.822744679422184
130 -0.2744537930655009
131 -0.03857561580454605
132 1.3380016983189238
133 -0.6689038763813464
134 1.000268649490163
135 -0.18372733723272983
136 2.4624425428853964
137 -2.6489060851005495
138 1.1443608494428312
139 1.5300356158490018
140 -2.7913868060928313
141 -1.7643411051273095
142 -0.05439946434659837
143 0.509957793941788
144 -0.17720699657072791
145 0.025427348524164617
146 -0.13135500187215965
147 -1.200592784441516
148 1.2595523738279375
149 0.3426231109401472
150 2.123574037437259
151 -2.80478375036322
152 -2.380245214780425
153 -0.2866342422411641
154 -0.638887947224423
155 0.552926029696709
156 1.5374359328211442
157 2.1816803900214374
158 1.8010414680441929
159 1.62446735323471
160 -1.6732627511266842
161 2.0625579338383657
162 -1.5946193893234701
163 2.1948053739536633
164 -1.2563516171999316
165 1.6208636212152432
166 1.7424801769016558
167 0.6346447832989663
168 -2.7388917781691093
169 0.42277087193084983
170 0.0920563733779014
171 0.8149463573566551
172 0.22541940569227248
173 3.320996958497452
174 -1.2025281503817367
175 -0.420077371563212
176 1.3925199803748105
177 2.487091414884894
178 -0.5317557390590446
179 2.942267729008185
180 1.7376745628742225
