evaluations raw_y
1 0.6121993140036035
2 0.6121993073089104
3 0.6121992905321653
4 0.6121992069064434
5 0.6121993134298246
6 0.6121993250864967
7 1.4235342140168348
8 1.423534229052567
9 1.4235343125803195
10 1.4235343125743107
11 1.4235342140617062
12 1.4235342104081883
13 1.0424966797027824
14 1.0424966884226758
15 1.0424966932042938
16 1.0424968180352008
17 1.0424966759287722
18 1.0424966870435952
19 -0.5997843517112562
20 -0.5997843530825904
21 -0.599784387919718
22 -0.5997843634833648
23 -0.5997843443351232
24 -0.599784341685168
25 1.0994618378894168
26 1.0994618606333812
27 1.099461951980799
28 1.0994618524485371
29 1.0994618725235008
30 1.099461838100055
31 1.0659904617681426
32 1.0659904478679287
33 1.0659905866122301
34 1.0659904800580577
35 1.0659904345373052
36 1.0659904756604546
37 -0.6422877580357208
38 -0.6422877578595781
39 -0.6422877624123339
40 -0.642287765174642
41 -0.6422877560013006
42 -0.6422877484255366
43 -0.7160301422852765
44 -0.716030139432544
45 -0.7160301521103476
46 -0.7160301451578602
47 -0.7160301484923552
48 -0.7160301330734518
49 -0.7975063060637247
50 -0.7975063309945324
51 -0.7975063150273695
52 -0.7975063044273805
53 -0.7975063170659487
54 -0.797506300140412
55 -0.8911723337502238
56 -0.8911723402963456
57 -0.8911723410932775
58 -0.8911723335849187
59 -0.8911723333025194
60 -0.8911723323945344
61 -0.8959827042067778
62 -0.8959827016103851
63 -0.8959827042861047
64 -0.8959827072813122
65 -0.8959827085743194
66 -0.895982704879298
67 -0.896690981902874
68 -0.8966909822072502
69 -0.896690980580076
70 -0.8966909774149896
71 -0.8966909783612054
72 -0.896690981944605
73 -0.8976273620570838
74 -0.8976273631466408
75 -0.8976273616276225
76 -0.8976273608319725
77 -0.8976273606104295
78 -0.897627362039194
79 -0.8978326059551903
80 -0.8978326063887575
81 -0.8978326059955176
82 -0.8978326058014849
83 -0.8978326065523097
84 -0.8978326061101035
85 -0.8979342924438154
86 -0.8979342931936339
87 -0.897934292563452
88 -0.897934293041483
89 -0.8979342928545923
90 -0.897934292551172
91 -0.898148774547456
92 -0.8981487759024832
93 -0.8981487747651828
94 -0.8981487758256148
95 -0.8981487748281005
96 -0.8981487746024545
97 -0.8989902903268643
98 -0.8989902955721458
99 -0.8989902909106975
100 -0.89899029432338
101 -0.8989902903234682
102 -0.8989902896372463
103 -0.8622579910061511
104 -0.862257985779113
105 -0.8622579920146017
106 -0.8622580018338217
107 -0.8622579905833408
108 -0.8622579799007986
109 -0.8991094750506923
110 -0.8991094809413084
111 -0.8991094756841435
112 -0.8991094796162098
113 -0.8991094749244568
114 -0.8991094740810783
115 -0.8993482747440651
116 -0.8993482807458933
117 -0.8993482753677209
118 -0.8993482795000969
119 -0.899348274357893
120 -0.8993482737315602
121 -0.9002330098342584
122 -0.9002330162528477
123 -0.9002330104138034
124 -0.900233015351672
125 -0.9002330084006123
126 -0.9002330085516127
127 -0.902233971583625
128 -0.9022339783484423
129 -0.9022339720847224
130 -0.9022339780891785
131 -0.9022339690585454
132 -0.90223396955899
133 -0.9057290874583829
134 -0.905729094061343
135 -0.9057290876183454
136 -0.9057290949467532
137 -0.9057290819685049
138 -0.9057290845497413
139 -0.912167956860169
140 -0.9121679631363326
141 -0.9121679564300821
142 -0.912167965235344
143 -0.9121679476772273
144 -0.9121679533031549
145 -0.9243297628458944
146 -0.9243297686665661
147 -0.9243297615289658
148 -0.9243297721381074
149 -0.9243297501174622
150 -0.9243297590644329
151 -0.9466976267225495
152 -0.9466976315981295
153 -0.9466976235554219
154 -0.9466976367618405
155 -0.9466976118207588
156 -0.9466976213983529
157 -0.9473380431733631
158 -0.9473380455832057
159 -0.9473380360984838
160 -0.9473380534813071
161 -0.9473380210422659
162 -0.9473380751705389
163 -0.9597856130957276
164 -0.959785616956239
165 -0.9597856080038089
166 -0.9597856232645914
167 -0.9597855947298654
168 -0.9597856216791704
169 -0.9833314826635264
170 -0.9833314854221133
171 -0.9833314753807154
172 -0.9833314920735274
173 -0.9833314652551313
174 -0.9833314875715167
175 -0.9973456965978915
176 -0.9973456945405758
177 -0.9973457056999705
178 -0.9973457020656208
179 -0.9973456839832642
180 -0.9973456931809289
181 -1.0059161756251536
182 -1.0059161759634032
183 -1.0059161725244583
184 -1.0059161794856704
185 -1.0059161686998148
186 -1.00591617243404
187 -1.0077199221264088
188 -1.0077199222215216
189 -1.0077199199876614
190 -1.0077199238347916
191 -1.0077199187873922
192 -1.0077199215159964
193 -1.0082491120469372
194 -1.0082491119017543
195 -1.0082491107896594
196 -1.0082491118973622
197 -1.0082491120335413
198 -1.0082491119779085
199 -1.0083638757876185
200 -1.0083638756233873
201 -1.0083638744188916
202 -1.0083638754456568
203 -1.0083638760772986
204 -1.008363875965464
205 -1.0088546814504034
206 -1.0088546812369314
207 -1.0088546794165492
208 -1.0088546803372154
209 -1.0088546829527123
210 -1.0088546826699294
211 -1.0106122451779558
212 -1.0106122459377729
213 -1.0106122392072783
214 -1.0106122409792135
215 -1.010612251531935
216 -1.0106122510138076
217 -0.948277187069104
218 -0.9482772055583182
219 -0.9482771983836783
220 -0.9482771779416681
221 -0.9482772014559634
222 -0.9482771954576763
223 -1.0108950776327128
224 -1.0108950788760938
225 -1.0108950711911289
226 -1.0108950729971897
227 -1.0108950846717872
228 -1.0108950839636628
229 -1.0114639225418567
230 -1.011463923862169
231 -1.0114639160465648
232 -1.0114639178751395
233 -1.0114639296510581
234 -1.0114639287871143
235 -1.013637037316359
236 -1.013637039122294
237 -1.013637030673328
238 -1.013637032515711
239 -1.0136370447060765
240 -1.0136370431993365
241 -1.0187474995544017
242 -1.018747502548727
243 -1.018747493056056
244 -1.01874749476282
245 -1.0187475069539498
246 -1.018747504600986
247 -1.0280674585157668
248 -1.0280674635906553
249 -1.0280674525709133
250 -1.028067454033494
251 -1.0280674652186073
252 -1.028067461154276
253 -1.0457321011894565
254 -1.0457321078218778
255 -1.0457320957034353
256 -1.0457320968347223
257 -1.0457321062030822
258 -1.0457320993587291
259 -1.0783086260407235
260 -1.0783086277948835
261 -1.0783086212897457
262 -1.078308618786833
263 -1.0783086288106944
264 -1.0783086195890172
265 -1.1237093923182029
266 -1.1237093935205382
267 -1.1237093919740906
268 -1.123709383431798
269 -1.1237093920007903
270 -1.1237093870315518
271 -1.1252569296241077
272 -1.1252569281041003
273 -1.125256931697339
274 -1.1252569280814306
275 -1.1252569280937843
276 -1.1252569268567587
277 -1.1279592555239328
278 -1.127959254095264
279 -1.12795925696917
280 -1.1279592507465268
281 -1.1279592540460701
282 -1.127959254291359
283 -1.1327974329599366
284 -1.132797431798213
285 -1.1327974333536677
286 -1.1327974238800644
287 -1.1327974317260483
288 -1.132797434625565
289 -1.1349236553005733
290 -1.1349236548491863
291 -1.1349236510562055
292 -1.1349236441765067
293 -1.1349236547397288
294 -1.134923661723807
295 -1.1363059009650467
296 -1.1363059000408051
297 -1.1363058997937707
298 -1.1363058896192149
299 -1.136305900049064
300 -1.1363059048744386
301 -1.139719277568437
302 -1.1397192793095763
303 -1.1397192734559063
304 -1.1397192663579958
305 -1.1397192777629992
306 -1.13971928473901
307 -1.1465465321715596
308 -1.1465465340074923
309 -1.1465465283842664
310 -1.1465465208921328
311 -1.1465465334209453
312 -1.1465465398961914
313 -1.1703330640359346
314 -1.1703330662591718
315 -1.1703330645213395
316 -1.170333053336741
317 -1.170333069012309
318 -1.1703330739719928
319 -1.2233716064980487
320 -1.2233716010279516
321 -1.2233716166176447
322 -1.2233715974155812
323 -1.2233716135615849
324 -1.2233716194611264
325 -1.309334453971336
326 -1.3093344418661883
327 -1.3093344410724057
328 -1.30933444702196
329 -1.309334456843122
330 -1.3093344725336766
331 -1.3369666502972937
332 -1.3369666633875599
333 -1.336966647692301
334 -1.3369666467078094
335 -1.336966705564125
336 -1.3369666712788264
337 -1.3901462970972562
338 -1.3901463080684486
339 -1.3901462955631243
340 -1.3901462931688395
341 -1.3901463316740275
342 -1.3901463144535389
343 -1.4063159977580502
344 -1.4063160006318074
345 -1.4063160083083708
346 -1.406316002146806
347 -1.4063160035523683
348 -1.4063160055100432
349 -1.4288683682243775
350 -1.428868365722807
351 -1.4288683731368028
352 -1.4288683697860498
353 -1.4288683716437747
354 -1.428868371680931
355 -1.432377822653878
356 -1.432377824629712
357 -1.4323778222096806
358 -1.432377822479813
359 -1.4323778303408121
360 -1.4323778247059722
361 -1.4334003891733267
362 -1.4334003896559007
363 -1.4334003888065567
364 -1.4334003891847023
365 -1.433400396505245
366 -1.4334003894672838
367 -1.4353678024961722
368 -1.4353678022993128
369 -1.4353678025780323
370 -1.435367802769805
371 -1.4353678095234406
372 -1.4353678008749873
373 -1.4391018458946003
374 -1.4391018447029502
375 -1.4391018464123835
376 -1.4391018464814986
377 -1.4391018520269778
378 -1.4391018413935113
379 -1.4430171772127083
380 -1.4430171746183187
381 -1.4430171780467622
382 -1.4430171775020222
383 -1.4430171767565787
384 -1.4430171684686206
385 -1.44408741268203
386 -1.4440874114469333
387 -1.4440874137409379
388 -1.4440874131944141
389 -1.444087413403471
390 -1.4440874076086876
391 -1.4448204863984642
392 -1.4448204860594183
393 -1.4448204870902754
394 -1.444820486799834
395 -1.4448204858538016
396 -1.4448204851621074
397 -1.4450205749880678
398 -1.445020574617502
399 -1.4450205750982326
400 -1.4450205752923309
401 -1.445020574290986
402 -1.4450205746776892
403 -1.445287013058147
404 -1.4452870128280892
405 -1.4452870125468307
406 -1.4452870131681193
407 -1.4452870126434303
408 -1.4452870135279081
409 -1.4453536745561062
410 -1.4453536745198479
411 -1.445353674122538
412 -1.4453536745550595
413 -1.4453536745172533
414 -1.4453536748414118
415 -1.4453637697833508
416 -1.44536376981232
417 -1.4453637696050772
418 -1.445363769773343
419 -1.4453637697401769
420 -1.4453637698229012
421 -1.4453654875327318
422 -1.44536548754514
423 -1.4453654875171313
424 -1.4453654875321087
425 -1.4453654875426434
426 -1.445365487510983
427 -1.4453655189641146
428 -1.4453655189677364
429 -1.445365518963421
430 -1.4453655189641872
431 -1.445365518962636
432 -1.445365518957172
433 -1.445365520672457
434 -1.4453655206724445
435 -1.4453655206727378
436 -1.445365520672506
437 -1.4453655206728144
438 -1.4453655206723286
439 -1.4453655206852178
440 -1.4453655206852174
441 -1.4453655206852232
442 -1.4453655206852194
443 -1.4453655206852016
444 -1.4453655206852278
445 -1.4453655206852432
446 -1.4453655206852434
447 -1.4453655206852432
448 -1.4453655206852436
449 -1.4453655206852432
450 -1.4453655206852438
451 -1.4453655206852434
452 -1.4453655206852432
453 -1.4453655206852432
454 -1.4453655206852432
455 -1.4453655206852436
456 -1.445365520685243
457 -1.4453655206852434
458 -1.4453655206852434
459 -1.4453655206852436
460 -1.4453655206852434
461 -1.4453655206852434
462 -1.4453655206852436
463 2.4838445569161807
464 2.4838446369739686
465 2.4838445183474938
466 2.483844600526282
467 2.4838445286019226
468 2.4838445925561192
469 2.521876876049535
470 2.5218768632240813
471 2.5218769739802664
472 2.5218768577463493
473 2.521876800213817
474 2.5218768204243074
475 2.0582437819654946
476 2.058243680551104
477 2.058243788178799
478 2.0582437845100907
479 2.0582438045481126
480 2.058243739288964
481 1.8111981611636965
482 1.8111981448348033
483 1.8111982588134012
484 1.811198116626162
485 1.8111981861815645
486 1.8111981260198355
487 1.699694992242214
488 1.6996948934404614
489 1.699694973316218
490 1.6996949906865049
491 1.6996950247331588
492 1.699694944651113
493 1.5064703982700802
494 1.5064703315207153
495 1.5064704158386286
496 1.5064703760069444
497 1.506470431640446
498 1.5064703528430494
499 1.7678718327446918
500 1.767871992182273
evaluations raw_y
1 1.896299755513481
2 1.8962997636087051
3 1.8962997432605446
4 1.8962997526289234
5 1.8962997272798696
6 1.8962997435329698
7 1.6317142482513534
8 1.6317142594683423
9 1.6317141735577587
10 1.6317142166256513
11 1.6317143034233417
12 1.6317142486365397
13 1.239548078457637
14 1.2395480493582576
15 1.2395480240525338
16 1.2395481952056706
17 1.239548101519043
18 1.2395480675277126
19 1.8205650687048145
20 1.8205651331171824
21 1.820565093536692
22 1.82056503273859
23 1.820565138275503
24 1.8205650975916008
25 1.122565676379221
26 1.1225656318606179
27 1.122565654709071
28 1.122565809863004
29 1.1225656899384537
30 1.1225656643895927
31 1.031560802317618
32 1.0315608110156638
33 1.0315607937936053
34 1.0315609416094418
35 1.0315608253895325
36 1.031560798359967
37 0.8544731151904602
38 0.8544731251323867
39 0.8544731056365786
40 0.8544732533678345
41 0.854473129466101
42 0.8544731126947681
43 0.5319413153339296
44 0.53194132929323
45 0.53194132565421
46 0.5319414338594519
47 0.531941320215201
48 0.5319413222126164
49 0.20869325104265113
50 0.20869330079307957
51 0.20869330228623117
52 0.20869329248869772
53 0.20869326253607734
54 0.20869321104598626
55 0.21044733951543892
56 0.21044737831032756
57 0.21044736975425926
58 0.21044742132843663
59 0.21044737585332363
60 0.21044734387284714
61 0.6444144178208147
62 0.6444144514784435
63 0.6444144595500694
64 0.644414424338326
65 0.6444143712581557
66 0.6444143179878229
67 0.06689476720617282
68 0.06689481444970147
69 0.06689480199616216
70 0.06689481975668055
71 0.06689480023384142
72 0.06689474914026805
73 -0.14917241009505933
74 -0.14917239734019772
75 -0.14917237939107708
76 -0.14917238497650454
77 -0.1491723853210707
78 -0.1491724183938925
79 -0.28920439741987214
80 -0.2892043804889908
81 -0.289204412182662
82 -0.28920440201300535
83 -0.28920437913340447
84 -0.28920438694361605
85 -0.3312219955636686
86 -0.33122198779458056
87 -0.33122200742700336
88 -0.3312220017007801
89 -0.33122197593814295
90 -0.3312220220364883
91 -0.41277222911179523
92 -0.41277223018068665
93 -0.41277223173571165
94 -0.41277223263398133
95 -0.412772212631491
96 -0.41277225461204203
97 -0.21545514476598715
98 -0.2154551493829403
99 -0.2154551438179645
100 -0.2154552130010452
101 -0.2154551825268619
102 -0.21545515701809492
103 -0.44278333129890535
104 -0.4427833333122466
105 -0.44278333242162327
106 -0.4427833399916057
107 -0.4427833238344119
108 -0.4427833536478294
109 -0.4594165861853283
110 -0.45941658474742275
111 -0.45941658303593136
112 -0.4594165972690063
113 -0.45941658086671344
114 -0.4594165803210086
115 -0.4630749742778806
116 -0.46307496909666623
117 -0.46307497251058205
118 -0.4630749860455865
119 -0.4630749690028748
120 -0.4630749726468566
121 -0.4697820216932602
122 -0.46978201223448424
123 -0.46978202214212383
124 -0.46978203408886055
125 -0.4697820153434069
126 -0.4697820240188446
127 -0.48300662985435805
128 -0.48300661448676285
129 -0.48300663374961983
130 -0.48300664391866266
131 -0.4830066216947393
132 -0.4830066371739421
133 -0.515991078582137
134 -0.5159910400612769
135 -0.5159910983115189
136 -0.5159910848040995
137 -0.5159910625959804
138 -0.5159910999441818
139 -0.5533928248101923
140 -0.5533927791972229
141 -0.5533928508761256
142 -0.5533928077424449
143 -0.553392809434644
144 -0.5533928426321014
145 -0.6282895131541963
146 -0.6282894730563011
147 -0.6282895392829124
148 -0.6282894874447595
149 -0.6282894988791117
150 -0.6282895226242649
151 -0.6808369261679116
152 -0.6808369075612825
153 -0.680836952387333
154 -0.6808369226370791
155 -0.6808369269594367
156 -0.6808370106249391
157 -0.8459902378060566
158 -0.8459902249749562
159 -0.8459902460574885
160 -0.8459902399765339
161 -0.8459902318451676
162 -0.8459902714224159
163 -0.9541113987846528
164 -0.9541113956772231
165 -0.9541113921139921
166 -0.9541114024546937
167 -0.954111390371273
168 -0.954111416496433
169 -0.9825638793319962
170 -0.9825638887906771
171 -0.9825638546446727
172 -0.9825639345538295
173 -0.9825638765437315
174 -0.9825638796917138
175 -1.0381342353427814
176 -1.0381342416127857
177 -1.0381342116756627
178 -1.038134280596358
179 -1.0381342312330584
180 -1.0381342399738376
181 -1.0993159342705034
182 -1.0993159279140916
183 -1.0993159173896891
184 -1.099315918307937
185 -1.0993159391613385
186 -1.0993159294514645
187 -1.0945811516326487
188 -1.0945811495628401
189 -1.0945811528394358
190 -1.0945811435513337
191 -1.0945811458611132
192 -1.0945811535550738
193 -1.115968847964909
194 -1.1159688433557982
195 -1.1159688385582724
196 -1.115968832743608
197 -1.1159688470552034
198 -1.1159688540886328
199 -1.1249904324772568
200 -1.124990435844887
201 -1.1249904313509613
202 -1.1249904417126135
203 -1.1249904320445014
204 -1.1249904385487532
205 -1.1283334050672684
206 -1.128333405757474
207 -1.1283334056490968
208 -1.128333406593383
209 -1.1283334057244403
210 -1.128333410304557
211 -1.1298737363934797
212 -1.1298737351061998
213 -1.1298737383322541
214 -1.1298737361360491
215 -1.1298737372093535
216 -1.1298737416579323
217 -1.132770824006259
218 -1.1327708201893891
219 -1.132770827645589
220 -1.1327708222662707
221 -1.1327708248785084
222 -1.132770829484148
223 -1.1381684756738666
224 -1.1381684685031266
225 -1.1381684816798696
226 -1.1381684721626903
227 -1.1381684759676165
228 -1.1381684814796398
229 -1.1473538834261896
230 -1.147353872259499
231 -1.1473538928208615
232 -1.1473538775165224
233 -1.1473538815437179
234 -1.147353889082659
235 -1.1626844077423646
236 -1.162684394849168
237 -1.1626844213762448
238 -1.162684398651253
239 -1.1626844077241565
240 -1.1626844126379332
241 -1.1827848419952205
242 -1.1827848342046017
243 -1.182784857534151
244 -1.182784830291977
245 -1.1827848282238826
246 -1.1827848445928901
247 -1.1535087639868258
248 -1.1535087284529788
249 -1.1535087771763621
250 -1.1535087519097424
251 -1.1535087691419208
252 -1.1535087589632602
253 -1.1899282182850675
254 -1.189928208519495
255 -1.1899282331189975
256 -1.1899282064430738
257 -1.1899282126708224
258 -1.1899282189088796
259 -1.1962158667586211
260 -1.1962158584248666
261 -1.196215874904082
262 -1.1962158599176171
263 -1.1962158717195859
264 -1.1962158683733808
265 -1.2000923157946253
266 -1.200092306451898
267 -1.2000923172849376
268 -1.2000923143522735
269 -1.2000923177429876
270 -1.2000923166785715
271 -1.202480806400116
272 -1.2024807970624782
273 -1.2024808065508585
274 -1.202480807377719
275 -1.2024808067923685
276 -1.202480807376208
277 -1.2070796100023633
278 -1.20707960064555
279 -1.207079608919424
280 -1.2070796136767084
281 -1.2070796087793938
282 -1.207079611121366
283 -1.2176711598566579
284 -1.2176711547620778
285 -1.2176711539845184
286 -1.2176711742839295
287 -1.217671153093743
288 -1.2176711607502053
289 -1.2228401122240253
290 -1.2228401118744767
291 -1.2228401078461677
292 -1.2228401235043012
293 -1.2228401063361993
294 -1.2228401119847985
295 -1.2276174820037298
296 -1.2276174805180746
297 -1.227617482901048
298 -1.2276174803315116
299 -1.2276174805898243
300 -1.2276174819813752
301 -1.2280006811567075
302 -1.2280006805978096
303 -1.2280006813034832
304 -1.2280006807401793
305 -1.2280006808772324
306 -1.2280006808116104
307 -1.228507714365802
308 -1.2285077136169873
309 -1.22850771399682
310 -1.2285077149865962
311 -1.2285077154576742
312 -1.2285077137929163
313 -1.231690731144166
314 -1.2316907270027635
315 -1.2316907288520291
316 -1.2316907359082472
317 -1.231690738602454
318 -1.2316907304386222
319 -0.9991842401346023
320 -0.9991842807334843
321 -0.9991842336301935
322 -0.9991842610925414
323 -0.9991842590890132
324 -0.9991842790479972
325 -1.2327346380160564
326 -1.2327346325804276
327 -1.2327346351371586
328 -1.2327346441699305
329 -1.232734647744293
330 -1.232734637885615
331 -1.2330623427124383
332 -1.2330623364726543
333 -1.2330623393758748
334 -1.2330623500105937
335 -1.2330623542807764
336 -1.233062343413828
337 -0.5434985484290106
338 -0.5434986436496241
339 -0.5434985445903493
340 -0.5434985719512102
341 -0.5434985563086075
342 -0.5434986087899462
343 -1.2331450020243773
344 -1.2331449956890892
345 -1.2331449986354093
346 -1.2331450094742122
347 -1.2331450138253994
348 -1.233145002890542
349 -1.2333117571797678
350 -1.233311750829348
351 -1.2333117538010936
352 -1.2333117646299918
353 -1.2333117689604731
354 -1.2333117580727013
355 -1.2339736520254623
356 -1.2339736456184665
357 -1.2339736486887771
358 -1.233973659477244
359 -1.2339736637233631
360 -1.2339736530370684
361 -1.2364809439497968
362 -1.2364809373967582
363 -1.2364809407938944
364 -1.2364809514077961
365 -1.236480955292599
366 -1.2364809456361079
367 -1.2425433481573944
368 -1.2425433418013396
369 -1.2425433456425143
370 -1.2425433550147487
371 -1.2425433581433665
372 -1.2425433515902264
373 -1.2531173884309632
374 -1.25311738276363
375 -1.253117387512795
376 -1.2531173932478519
377 -1.2531173943871785
378 -1.2531173946998693
379 -1.271792362096687
380 -1.2717923569276794
381 -1.2717923640499498
382 -1.2717923626047558
383 -1.2717923602549521
384 -1.2717923692187871
385 -1.3018499980730496
386 -1.3018499942087844
387 -1.301850004011412
388 -1.3018499928539833
389 -1.3018499879541112
390 -1.3018499996016826
391 -1.3252383929626375
392 -1.3252383929989175
393 -1.3252383925839881
394 -1.3252383827639678
395 -1.3252383795873706
396 -1.3252384029932984
397 -1.3340214111965696
398 -1.3340214112292177
399 -1.3340214125331442
400 -1.3340214055795125
401 -1.3340214019695378
402 -1.3340214105785997
403 -1.336615179720556
404 -1.3366151794498824
405 -1.3366151825566677
406 -1.3366151787170566
407 -1.336615178139711
408 -1.3366151790589003
409 -1.3370152100011325
410 -1.337015210085715
411 -1.3370152110668494
412 -1.337015210143979
413 -1.3370152099339516
414 -1.337015210356948
415 -1.33708751983448
416 -1.3370875199210073
417 -1.3370875207140274
418 -1.3370875199900478
419 -1.3370875199063195
420 -1.337087519834268
421 -1.3372191760842382
422 -1.3372191761638426
423 -1.3372191768071497
424 -1.3372191762082326
425 -1.3372191762519487
426 -1.3372191757799592
427 -1.3374943194656135
428 -1.33749431954094
429 -1.3374943203858702
430 -1.3374943195547042
431 -1.3374943197027773
432 -1.3374943189713961
433 -1.3395939666326986
434 -1.339593966014595
435 -1.3395939718999212
436 -1.3395939665972203
437 -1.3395939671476642
438 -1.3395939659594922
439 -1.0259116429746988
440 -1.0259116206332428
441 -1.0259115636467517
442 -1.0259116427306518
443 -1.025911644600449
444 -1.0259116454241575
445 -1.339690689160957
446 -1.3396906884315933
447 -1.339690694681814
448 -1.339690689119271
449 -1.339690689691445
450 -1.3396906885056672
451 -1.3398533084685922
452 -1.3398533072640602
453 -1.3398533147407141
454 -1.3398533084060253
455 -1.3398533090529203
456 -1.3398533078965111
457 -0.8308265440866386
458 -0.8308265235112182
459 -0.8308264364297143
460 -0.8308265439627198
461 -0.8308265452073703
462 -0.8308265466496075
463 -1.3398757998400963
464 -1.3398757985815046
465 -1.3398758061734557
466 -1.3398757997753576
467 -1.3398758004268883
468 -1.3398757992835457
469 -1.3399212164847667
470 -1.3399212152201563
471 -1.339921222826738
472 -1.3399212164168364
473 -1.339921217065846
474 -1.3399212159421277
475 -1.3401025108620894
476 -1.3401025095718864
477 -1.3401025172381524
478 -1.3401025107814422
479 -1.3401025114203204
480 -1.3401025103752875
481 -1.3408178476669879
482 -1.3408178462486968
483 -1.3408178541712141
484 -1.3408178475362458
485 -1.3408178481338195
486 -1.3408178474063952
487 -1.3432021998764063
488 -1.3432021974471067
489 -1.3432022066065006
490 -1.3432021995584433
491 -1.3432021999775663
492 -1.3432022005558009
493 -1.3483561301836828
494 -1.3483561253611471
495 -1.3483561361582161
496 -1.348356129632079
497 -1.3483561294889803
498 -1.3483561324753797
499 -1.3584306919290086
500 -1.358430686186448
evaluations raw_y
1 3.4273774742184466
2 3.427377446649451
3 3.427377489472594
4 3.4273774057077384
5 3.4273774559530668
6 3.4273773497797992
7 3.7664687345026904
8 3.7664686891791845
9 3.7664687526923712
10 3.7664686495791093
11 3.766468746322512
12 3.7664687777891537
13 3.2529541337830024
14 3.2529540974780784
15 3.2529541345103907
16 3.2529542152053272
17 3.2529541447246446
18 3.2529542633207997
19 2.5004268332242745
20 2.5004267898726287
21 2.500426848352472
22 2.5004268399871665
23 2.5004268267893774
24 2.50042683065438
25 1.8245241332620044
26 1.8245240931943196
27 1.8245240954317816
28 1.8245240953113655
29 1.8245242145571061
30 1.824524180453551
31 1.4948988219381718
32 1.4948988095840021
33 1.4948986989946487
34 1.4948988179910683
35 1.4948988437895576
36 1.4948988219609185
37 0.8472803706515033
38 0.8472803668869152
39 0.8472803418478365
40 0.8472803680622686
41 0.8472803875793327
42 0.8472804686173645
43 1.4961860076134532
44 1.4961859948467764
45 1.4961860198830863
46 1.4961859998076128
47 1.4961860148929524
48 1.496186025199195
49 0.7614011124011183
50 0.7614011012839323
51 0.7614011233185286
52 0.7614011476113975
53 0.7614011624641791
54 0.7614012245037102
55 0.5876828163256091
56 0.5876828022036057
57 0.5876828307923809
58 0.5876828556937457
59 0.587682869066094
60 0.587682926751125
61 0.02339242907014749
62 0.023392412021374653
63 0.023392443024506937
64 0.02339247648990539
65 0.023392472778163143
66 0.023392476477649193
67 0.11320696646416317
68 0.11320695809165404
69 0.11320704176393104
70 0.11320692748619077
71 0.11320693784346214
72 0.11320690902289543
73 -0.2865479275431344
74 -0.2865479415772394
75 -0.28654788654822183
76 -0.28654792072952784
77 -0.28654791949469205
78 -0.28654793753388974
79 -0.44083806770282596
80 -0.4408380735553029
81 -0.4408380514432094
82 -0.4408380390768667
83 -0.44083802538919714
84 -0.44083811721054345
85 -0.6945711052935761
86 -0.6945711114414199
87 -0.6945710944841086
88 -0.6945710887464619
89 -0.6945710993076114
90 -0.6945711201502158
91 -0.7534993180796457
92 -0.7534993147365652
93 -0.753499306619936
94 -0.7534993411767029
95 -0.7534993313188045
96 -0.7534992855487112
97 -0.7782345755574731
98 -0.7782345791618042
99 -0.7782345902027183
100 -0.7782345745447086
101 -0.7782345796239479
102 -0.7782345729150748
103 -0.7921215420196814
104 -0.7921215424340821
105 -0.7921215364927947
106 -0.7921215364621726
107 -0.7921215474987978
108 -0.7921215433825649
109 -0.7962402328728558
110 -0.7962402329013522
111 -0.7962402246196213
112 -0.7962402362735271
113 -0.7962402303169659
114 -0.7962402287325838
115 -0.8001823002987983
116 -0.8001822993911488
117 -0.8001822892888061
118 -0.8001823025836781
119 -0.8001822988626687
120 -0.8001822906272366
121 -0.8049931100043966
122 -0.804993106379339
123 -0.8049930984863711
124 -0.8049931107074579
125 -0.8049931107530464
126 -0.8049930952126504
127 -0.8140945070865994
128 -0.8140945037445763
129 -0.8140944954818555
130 -0.8140945049338563
131 -0.8140945107834062
132 -0.8140944900585689
133 -0.8317476323311033
134 -0.8317476300818758
135 -0.8317476207726497
136 -0.8317476284180308
137 -0.8317476387968614
138 -0.8317476131010596
139 -0.8713445065164329
140 -0.8713445279313963
141 -0.871344497457004
142 -0.871344505954826
143 -0.8713445237604164
144 -0.8713444792419323
145 -0.9669133537182064
146 -0.9669133514884242
147 -0.9669133492885009
148 -0.9669133643413843
149 -0.9669133857675778
150 -0.9669133127947149
151 -0.9319253177215614
152 -0.9319253148743305
153 -0.9319253314589626
154 -0.9319252740148907
155 -0.9319253406274384
156 -0.931925289373693
157 -0.9910650518873141
158 -0.9910650492582844
159 -0.9910650542653314
160 -0.9910650500256726
161 -0.9910650804206176
162 -0.9910650158211121
163 -1.0307267887473677
164 -1.0307267862980534
165 -1.030726790602789
166 -1.0307267903348185
167 -1.030726806727382
168 -1.030726768040783
169 -1.0555506012938374
170 -1.0555506022892693
171 -1.0555506011609554
172 -1.055550608585614
173 -1.055550598624984
174 -1.0555506054583312
175 -1.0571942209635634
176 -1.057194220208142
177 -1.0571942223210695
178 -1.0571942270570007
179 -1.057194218531106
180 -1.0571942241935814
181 -1.0604669167377077
182 -1.060466914754468
183 -1.060466919355093
184 -1.0604669226571988
185 -1.0604669142918135
186 -1.0604669189126283
187 -1.0730987065206987
188 -1.073098699545632
189 -1.0730987140976085
190 -1.0730987123108298
191 -1.0730987040280167
192 -1.0730987044770608
193 -1.1233742960739708
194 -1.123374268533665
195 -1.1233743068376334
196 -1.1233743042571644
197 -1.1233742935407895
198 -1.1233742773959197
199 -1.039289069408467
200 -1.0392890086214748
201 -1.0392890445456056
202 -1.0392890825980612
203 -1.0392890654155935
204 -1.0392890197032707
205 -1.139409666140423
206 -1.1394096315732718
207 -1.1394096646614518
208 -1.1394096742574906
209 -1.1394096636286368
210 -1.1394096417558979
211 -1.1680270661658636
212 -1.1680270312987286
213 -1.168027065755059
214 -1.1680270732152118
215 -1.1680270636878582
216 -1.1680270355080042
217 -1.21842449202635
218 -1.218424456998074
219 -1.2184244907176558
220 -1.218424497370434
221 -1.218424490653163
222 -1.2184244600406777
223 -1.2967960752769245
224 -1.2967960484948828
225 -1.2967960689467748
226 -1.2967960766477056
227 -1.2967960782402903
228 -1.2967960474332594
229 -1.2887240011472607
230 -1.2887239941310074
231 -1.2887240326150147
232 -1.2887239939247048
233 -1.2887239999185365
234 -1.2887239888598594
235 -1.3171295765945494
236 -1.317129559131588
237 -1.3171295806981353
238 -1.317129574361877
239 -1.3171295775086809
240 -1.3171295559519272
241 -1.340148395166045
242 -1.3401483904244762
243 -1.340148391873348
244 -1.3401483943339032
245 -1.3401483958105709
246 -1.3401483879686311
247 -1.3446999710907472
248 -1.3446999757835563
249 -1.3446999647518947
250 -1.344699972094661
251 -1.3446999712739869
252 -1.3446999750540112
253 -1.346264766353657
254 -1.3462647702378283
255 -1.3462647611691634
256 -1.346264765825
257 -1.346264766689771
258 -1.3462647702253756
259 -1.3493283806159995
260 -1.3493283840134649
261 -1.34932837572487
262 -1.3493283792948176
263 -1.3493283812925134
264 -1.3493283836533245
265 -1.3598622819658628
266 -1.3598622834495633
267 -1.3598622780480814
268 -1.3598622767363637
269 -1.3598622840068484
270 -1.3598622816652948
271 -1.389400089019154
272 -1.3894000879753035
273 -1.3894000843094985
274 -1.3894000857664266
275 -1.3894000936158197
276 -1.3894000835132456
277 -1.2454039362960043
278 -1.245403932041793
279 -1.2454039180373668
280 -1.2454039976321067
281 -1.245403948430398
282 -1.2454039102307695
283 -1.397663097597994
284 -1.3976630959178062
285 -1.3976630931099883
286 -1.3976630999948092
287 -1.3976631031231888
288 -1.397663090159749
289 -1.3732186437762224
290 -1.373218642468739
291 -1.3732186365796428
292 -1.3732186839511145
293 -1.3732186482591504
294 -1.3732186363479133
295 -1.4077666489654226
296 -1.4077666468175383
297 -1.4077666454889417
298 -1.4077666623980527
299 -1.4077666543406055
300 -1.4077666415291312
301 -1.4256713932794676
302 -1.4256713908485223
303 -1.4256713906279948
304 -1.425671404617089
305 -1.4256713957523401
306 -1.4256713896648796
307 -1.44491086165421
308 -1.4449108632640413
309 -1.4449108614677082
310 -1.4449108623942422
311 -1.4449108613977808
312 -1.4449108623720313
313 -1.445142877657127
314 -1.445142879115836
315 -1.445142877565397
316 -1.4451428781118925
317 -1.4451428773990616
318 -1.4451428780211082
319 -1.445362022867202
320 -1.4453620227225705
321 -1.4453620228899173
322 -1.4453620228273576
323 -1.4453620228304982
324 -1.4453620227584951
325 -1.4453653947457408
326 -1.445365394788182
327 -1.4453653947437453
328 -1.4453653947283718
329 -1.4453653947460956
330 -1.4453653947400227
331 -1.4453655099433003
332 -1.4453655099509315
333 -1.4453655099436125
334 -1.4453655099315383
335 -1.4453655099453047
336 -1.4453655099394527
337 -1.4453655190452794
338 -1.4453655190462318
339 -1.445365519045513
340 -1.4453655190403125
341 -1.4453655190457388
342 -1.4453655190442993
343 -1.4453655206617462
344 -1.4453655206613962
345 -1.4453655206617786
346 -1.4453655206613658
347 -1.445365520661624
348 -1.445365520662026
349 -1.4453655206847693
350 -1.4453655206847147
351 -1.4453655206847715
352 -1.4453655206847538
353 -1.445365520684721
354 -1.4453655206848623
355 -1.4453655206852338
356 -1.445365520685235
357 -1.4453655206852338
358 -1.4453655206852352
359 -1.4453655206852267
360 -1.4453655206852465
361 -1.4453655206852427
362 -1.4453655206852436
363 -1.4453655206852427
364 -1.4453655206852427
365 -1.4453655206852418
366 -1.4453655206852436
367 -1.4453655206852432
368 -1.4453655206852432
369 -1.4453655206852432
370 -1.4453655206852434
371 -1.4453655206852434
372 -1.4453655206852434
373 -1.4453655206852436
374 -1.4453655206852436
375 -1.4453655206852436
376 -1.4453655206852436
377 -1.4453655206852434
378 -1.4453655206852436
379 -1.4453655206852434
380 -1.4453655206852434
381 -1.4453655206852434
382 -1.4453655206852434
383 -1.4453655206852434
384 -1.4453655206852432
385 -1.4453655206852434
386 -1.4453655206852434
387 -1.4453655206852434
388 -1.4453655206852434
389 -1.4453655206852434
390 -1.4453655206852434
391 -1.4453655206852436
392 -1.4453655206852436
393 -1.4453655206852436
394 -1.4453655206852436
395 -1.4453655206852434
396 -1.4453655206852436
397 -1.4453655206852436
398 -1.4453655206852436
399 -1.4453655206852436
400 -1.4453655206852436
401 -1.4453655206852434
402 -1.4453655206852436
403 -1.4453655206852434
404 -1.4453655206852434
405 -1.4453655206852432
406 -1.4453655206852432
407 -1.4453655206852432
408 -1.4453655206852434
409 -1.4453655206852436
410 -1.4453655206852436
411 -1.4453655206852436
412 -1.4453655206852436
413 -1.4453655206852434
414 -1.4453655206852436
415 -1.4453655206852436
416 -1.4453655206852436
417 -1.4453655206852436
418 -1.4453655206852436
419 -1.4453655206852434
420 -1.4453655206852436
421 -1.4453655206852436
422 -1.4453655206852436
423 -1.4453655206852434
424 -1.4453655206852432
425 -1.4453655206852434
426 -1.4453655206852434
427 3.71806482030104
428 3.7180648445551148
429 3.718064798139832
430 3.7180648211366716
431 3.7180646907219472
432 3.718064889092826
433 2.807918306913079
434 2.8079183990162013
435 2.8079183436362447
436 2.8079183049924605
437 2.807918306042006
438 2.8079183400427636
439 1.8456106804974657
440 1.8456106885802068
441 1.845610770166377
442 1.8456106842998414
443 1.8456107511574953
444 1.84561062696892
445 3.8208999613448493
446 3.820900037391508
447 3.8208999549683984
448 3.820900033936155
449 3.8208999456195367
450 3.8208998974385797
451 1.724649710158744
452 1.724649703811116
453 1.724649753375303
454 1.7246497111573338
455 1.724649779468889
456 1.724649645579329
457 1.6094475334661609
458 1.6094474600871744
459 1.6094475602642262
460 1.6094475388916751
461 1.6094475520324818
462 1.6094474959356266
463 1.3985300160406042
464 1.398529942929837
465 1.3985300288701565
466 1.3985300192032946
467 1.3985300199291637
468 1.3985299940390414
469 1.6734004172838794
470 1.6734004451691913
471 1.6734003986530512
472 1.6734005054711387
473 1.6734003890606735
474 1.6734003959047825
475 1.314889303184199
476 1.314889258684056
477 1.3148893086269706
478 1.3148893270283772
479 1.3148893083598108
480 1.314889278687827
481 1.2203808236828917
482 1.2203808176967426
483 1.2203808273053198
484 1.2203808204021953
485 1.2203808301254055
486 1.2203808005376613
487 1.6055995087454165
488 1.6055995065399111
489 1.6055994736720078
490 1.605599519666925
491 1.6055995256589624
492 1.6055996142675517
493 1.1914431268111905
494 1.191443119329079
495 1.191443122778108
496 1.191443127698748
497 1.1914431273172246
498 1.1914431177744556
499 1.1886654103602003
500 1.1886654085549726
evaluations raw_y
1 3.113046027786099
2 3.113045928251844
3 3.1130460437988963
4 3.1130461115876016
5 3.1130460703476084
6 3.1130460901097816
7 2.6925968106648717
8 2.6925968189998657
9 2.6925968980254282
10 2.6925967878060484
11 2.692596744340224
12 2.692596845453441
13 2.024107631377502
14 2.0241076517294845
15 2.024107653629774
16 2.024107563000263
17 2.0241075801600052
18 2.0241076945818506
19 2.1795372986046724
20 2.1795373391643094
21 2.179537278154163
22 2.1795372665768564
23 2.179537308144444
24 2.1795371921542976
25 1.6284061705583661
26 1.6284061788585635
27 1.6284061643101069
28 1.6284061146926336
29 1.6284061523019857
30 1.6284061690434977
31 3.152104017658135
32 3.152104035657741
33 3.152104015394316
34 3.15210411987146
35 3.1521040060379697
36 3.1521040502814532
37 1.578673371176079
38 1.5786733811952955
39 1.578673359001871
40 1.5786733494088112
41 1.5786733591442788
42 1.5786733740961476
43 2.053005480796215
44 2.0530054819629755
45 2.0530054714917214
46 2.0530054535007336
47 2.0530055855411264
48 2.053005504592117
49 1.5750153153894055
50 1.5750153249727539
51 1.5750153039732955
52 1.5750152924346967
53 1.575015314214913
54 1.5750153201867716
55 1.5678914007579592
56 1.5678914099932424
57 1.5678913906360603
58 1.567891379193893
59 1.5678913989715264
60 1.5678914070842458
61 1.5445932671395863
62 1.544593275058976
63 1.5445932635228221
64 1.5445932511328695
65 1.5445932628650643
66 1.5445932783582723
67 1.4930321412336909
68 1.4930321480552116
69 1.4930321527050308
70 1.4930321387632788
71 1.493032134693308
72 1.493032148209398
73 1.40025438988333
74 1.4002543963482448
75 1.4002543859556122
76 1.4002544069972154
77 1.4002543738985278
78 1.4002543963481566
79 1.3361330712905035
80 1.3361330714305482
81 1.3361330523066592
82 1.3361330991833344
83 1.3361330548314627
84 1.336133071817791
85 1.3016528209495384
86 1.301652821186998
87 1.301652812224654
88 1.3016528320969971
89 1.3016528166955341
90 1.3016528190918417
91 1.2951448768349665
92 1.2951448758773876
93 1.2951448759972028
94 1.2951448756455615
95 1.2951448774651304
96 1.2951448769913732
97 1.2914564756677485
98 1.2914564750955606
99 1.291456469003247
100 1.2914564714719983
101 1.2914564772949335
102 1.291456471547064
103 1.2891487363708176
104 1.2891487383016544
105 1.2891487196137759
106 1.2891487264065296
107 1.2891487400059405
108 1.2891487311824805
109 1.2885239375939652
110 1.288523937698347
111 1.28852392515117
112 1.2885239307690277
113 1.2885239401369026
114 1.2885239317225186
115 1.2916227925787092
116 1.2916227963404778
117 1.29162277641654
118 1.2916227810806546
119 1.2916227971396497
120 1.2916227871164825
121 1.2870313464716898
122 1.2870313474983983
123 1.2870313308261032
124 1.287031337845703
125 1.2870313497889656
126 1.2870313399263509
127 1.2847783015316385
128 1.2847783031892952
129 1.284778284980685
130 1.284778293060886
131 1.2847783049576567
132 1.2847782937043752
133 1.2805998340274012
134 1.2805998363839015
135 1.2805998172304742
136 1.2805998264924714
137 1.2805998371717235
138 1.280599824555158
139 1.2729002069090747
140 1.2729002103141744
141 1.272900190411947
142 1.2729002012302777
143 1.2729002093539996
144 1.27290019521501
145 1.2586953472811704
146 1.2586953521919941
147 1.2586953313872375
148 1.258695344950213
149 1.2586953483620462
150 1.258695332086503
151 1.2316325662743999
152 1.2316325722523271
153 1.2316325503358259
154 1.2316325685193998
155 1.231632565065388
156 1.2316325453948933
157 1.1781644569232599
158 1.1781644622321212
159 1.1781644405127372
160 1.1781644604711081
161 1.1781644528137518
162 1.178164428915208
163 1.0434409582261464
164 1.0434409233111666
165 1.0434409482400733
166 1.0434409488257588
167 1.0434409425878526
168 1.043440904386389
169 1.096810408056137
170 1.0968104198859283
171 1.0968103841690033
172 1.096810472902984
173 1.0968103815375234
174 1.096810333070732
175 1.004862999152941
176 1.0048629854276625
177 1.0048629967805645
178 1.00486300808406
179 1.0048629812322534
180 1.004862940105343
181 0.9536864381492616
182 0.9536864447357911
183 0.9536864329108619
184 0.9536864369293929
185 0.9536864249216064
186 0.9536863952690784
187 0.9016874937839878
188 0.9016875015983083
189 0.901687492908883
190 0.9016875004033356
191 0.9016874915280888
192 0.9016874842218794
193 0.8977454797867952
194 0.8977454826914006
195 0.8977454791021819
196 0.8977454864319683
197 0.8977454792640356
198 0.8977454776808422
199 0.8958449598583105
200 0.8958449603463357
201 0.8958449585199912
202 0.8958449667681561
203 0.8958449597167271
204 0.8958449598502081
205 0.8917866590857781
206 0.8917866565772523
207 0.8917866565033505
208 0.8917866674193207
209 0.8917866593348915
210 0.8917866617895598
211 0.8723013050039716
212 0.8723012950855711
213 0.8723012967867882
214 0.8723013124535395
215 0.8723013063491198
216 0.8723013185046837
217 1.0647360090373033
218 1.0647360129092098
219 1.0647360020715952
220 1.06473591647075
221 1.0647360069948064
222 1.0647360596218483
223 0.8605315008148045
224 0.8605314901796106
225 0.8605314894689129
226 0.8605314993671618
227 0.860531502469648
228 0.860531522050159
229 1.2849382422880802
230 1.284938224545658
231 1.2849382351249758
232 1.2849381423263366
233 1.2849382365616062
234 1.2849382979977415
235 0.8569956025318326
236 0.8569955928292747
237 0.8569955904622297
238 0.8569955956118263
239 0.8569956041896278
240 0.8569956265431424
241 0.850070973950706
242 0.850070965931653
243 0.8500709614057675
244 0.8500709622616842
245 0.8500709757212059
246 0.8500709991220772
247 0.836767925044843
248 0.8367679259201797
249 0.8367679147195031
250 0.8367678872951179
251 0.8367679269193282
252 0.8367679543340083
253 0.8017166499089361
254 0.8017166513731786
255 0.80171664437595
256 0.8017166138557081
257 0.8017166520697625
258 0.8017166733652688
259 0.7547581992360515
260 0.7547581997427086
261 0.754758195363336
262 0.7547581889626331
263 0.7547582010084473
264 0.7547582078486959
265 0.7514534190895956
266 0.7514534135664408
267 0.7514534234642403
268 0.7514534170982585
269 0.7514534187974995
270 0.7514534201239909
271 0.7478045642573568
272 0.747804562050634
273 0.7478045647035785
274 0.7478045664254194
275 0.7478045638962716
276 0.7478045639784494
277 0.747476637766699
278 0.7474766362041307
279 0.7474766372886696
280 0.7474766377958459
281 0.74747663796686
282 0.74747663887983
283 0.7473899537500059
284 0.7473899522362728
285 0.7473899531330996
286 0.7473899541045692
287 0.7473899539057827
288 0.7473899546544622
289 0.7472182154735778
290 0.7472182139759498
291 0.7472182146769657
292 0.7472182161894483
293 0.7472182155811595
294 0.7472182161559457
295 0.7466015101464545
296 0.7466015087323523
297 0.7466015086232876
298 0.7466015123014702
299 0.7466015100600745
300 0.7466015099266363
301 0.7450396363436682
302 0.7450396350442152
303 0.7450396332401144
304 0.7450396411950668
305 0.7450396359061102
306 0.7450396344956931
307 0.7453879459154504
308 0.745387948785661
309 0.745387938534686
310 0.7453879606289318
311 0.7453879440128415
312 0.7453879378554
313 0.742957867805853
314 0.7429578677797117
315 0.7429578616804104
316 0.742957877940182
317 0.7429578666252703
318 0.7429578626101274
319 0.7436089766141896
320 0.7436089815683133
321 0.743608969595152
322 0.7436089912831558
323 0.7436089746281918
324 0.7436089685611145
325 0.7415567004782291
326 0.7415567020935223
327 0.7415566933052724
328 0.7415567129429792
329 0.7415566989155051
330 0.7415566937953069
331 0.7388245278947276
332 0.7388245301954761
333 0.7388245206701427
334 0.7388245399536963
335 0.7388245263203383
336 0.7388245211829778
337 0.7329356274034922
338 0.7329356359203414
339 0.7329356213929512
340 0.7329356372659765
341 0.7329356257822384
342 0.7329356207644417
343 0.7164470646988752
344 0.7164470731160524
345 0.716447058776388
346 0.7164470683113549
347 0.7164470636709568
348 0.7164470601728457
349 0.6872709427327766
350 0.6872709451412711
351 0.6872709374566994
352 0.6872709379151225
353 0.6872709424234227
354 0.6872709407986721
355 0.6478557784798549
356 0.6478557760420158
357 0.6478557763578732
358 0.6478557662100064
359 0.6478557795980939
360 0.6478557815889103
361 0.6399515584153788
362 0.6399515650256455
363 0.6399515584950084
364 0.639951552727833
365 0.6399515595674079
366 0.6399515621103047
367 0.6377801462984483
368 0.6377801440268551
369 0.6377801468117101
370 0.6377801432456573
371 0.6377801466446771
372 0.6377801475865055
373 0.6366985239155731
374 0.6366985223484711
375 0.6366985241409078
376 0.6366985186995926
377 0.6366985240168552
378 0.6366985242745407
379 0.6349768987901216
380 0.6349768997794578
381 0.63497689856136
382 0.6349768905784068
383 0.6349768986218725
384 0.6349768979783947
385 0.6330918500387686
386 0.6330918542176969
387 0.6330918484042689
388 0.6330918380775925
389 0.6330918494028344
390 0.6330918474686862
391 0.6292934805809947
392 0.6292934854904959
393 0.6292934789807523
394 0.629293468566418
395 0.6292934797383076
396 0.6292934773730838
397 0.6144922814308766
398 0.6144922892725209
399 0.6144922792794913
400 0.6144922692095987
401 0.6144922794184398
402 0.6144922756762885
403 0.6181332998314875
404 0.6181333181798851
405 0.6181332693565362
406 0.6181332969273701
407 0.618133288855411
408 0.6181332840070455
409 0.5947450998236268
410 0.5947451134413826
411 0.5947450896203961
412 0.5947450895800188
413 0.5947450939093917
414 0.5947450888884314
415 0.5271451863084691
416 0.5271452109439345
417 0.5271451906821469
418 0.5271451757108487
419 0.527145168678121
420 0.5271451656965309
421 0.4363848015018432
422 0.43638483097370884
423 0.43638482126197986
424 0.43638479631687854
425 0.43638477911403206
426 0.4363847674554744
427 0.38389292282669696
428 0.38389293641375066
429 0.3838929199259937
430 0.38389292117015783
431 0.38389294940940677
432 0.383892892295308
433 0.32797443787295233
434 0.3279744252838468
435 0.3279744325038847
436 0.3279744358071597
437 0.3279744441102399
438 0.3279744321957334
439 0.3164175125209103
440 0.3164175091318957
441 0.3164174943681788
442 0.31641751229643345
443 0.31641750014826964
444 0.3164175198590149
445 0.2985620855817246
446 0.29856209054623717
447 0.29856207850836536
448 0.29856208481397983
449 0.2985620657340422
450 0.2985621002446279
451 0.30423519877148664
452 0.3042352071783514
453 0.3042352219847795
454 0.3042352032366782
455 0.3042351739887619
456 0.30423521070391146
457 0.28883253195015546
458 0.2888325384913728
459 0.28883253824451427
460 0.2888325328945267
461 0.288832506234439
462 0.28883254537188363
463 0.2723910921575352
464 0.2723910992219094
465 0.2723911039007947
466 0.2723910923511401
467 0.2723910671459202
468 0.2723910964872369
469 0.24272420166855602
470 0.24272420805395978
471 0.24272421857258886
472 0.24272420317272547
473 0.2427241751742535
474 0.24272419542399803
475 0.1877627571797944
476 0.18776276200739184
477 0.18776277704530941
478 0.18776275953651012
479 0.18776272992261234
480 0.18776273941130928
481 0.07389563602399751
482 0.07389563925039044
483 0.07389565982877344
484 0.07389563376532693
485 0.07389560569971598
486 0.07389561705684522
487 -0.18117816932071995
488 -0.18117817073188047
489 -0.18117813079316902
490 -0.18117819185392614
491 -0.18117815283835537
492 -0.18117821186102212
493 -0.1646574423753373
494 -0.16465744165175056
495 -0.16465741185158356
496 -0.16465746253740288
497 -0.16465746942105142
498 -0.16465743759984086
499 -0.2578993220601422
500 -0.2578993227130304
evaluations raw_y
1 5.643559499991706
2 5.643559580467559
3 5.643559457810955
4 5.643559531578779
5 5.6435594638811395
6 5.643559453030632
7 4.675246881253171
8 4.67524675358925
9 4.6752468630717
10 4.675246898070873
11 4.67524684847892
12 4.675246867438136
13 4.0569706572481765
14 4.056970658062468
15 4.0569707009457865
16 4.056970669507013
17 4.056970590904717
18 4.056970688462832
19 3.5314308773578196
20 3.531430900373792
21 3.5314308792841427
22 3.5314308777645773
23 3.531430849417808
24 3.531430869965387
25 2.7060740774147094
26 2.7060740689913
27 2.706074101860465
28 2.706074093427951
29 2.706074113677565
30 2.706074070893939
31 2.9484295921233232
32 2.94842962585214
33 2.9484296031513995
34 2.9484296585587844
35 2.9484295682811608
36 2.9484294906152697
37 2.4444365741591656
38 2.4444365825983865
39 2.4444365945010724
40 2.4444366280615437
41 2.4444366139977616
42 2.4444365062379068
43 1.8259498745793379
44 1.8259498306921058
45 1.8259498735091257
46 1.8259499055655808
47 1.8259498079116827
48 1.825949869887435
49 13.338780983199227
50 13.338780964315236
51 13.33878100393761
52 13.33878098982198
53 13.338781031217444
54 13.33878108571353
55 2.617727345379451
56 2.617727361637833
57 2.61772741397047
58 2.6177273189465793
59 2.617727319156007
60 2.6177273198242466
61 1.600396269345604
62 1.6003963008596267
63 1.6003962767124387
64 1.6003962457824341
65 1.6003962658945472
66 1.600396335797197
67 1.3907518345204153
68 1.3907518313203686
69 1.3907518374096397
70 1.3907518434495092
71 1.3907517750919371
72 1.390751881716044
73 2.1139002794122566
74 2.1139003907636416
75 2.1139003022713276
76 2.1139002831426548
77 2.1139002783069345
78 2.1139002991586464
79 2.17490506386219
80 2.174905133321326
81 2.174905120408817
82 2.174904989230284
83 2.1749050088448176
84 2.1749050442553255
85 1.3713110506591701
86 1.3713110555428991
87 1.3713110562938713
88 1.3713110508108055
89 1.3713110032887716
90 1.3713111087552954
91 1.3396647955651102
92 1.3396647993714959
93 1.3396648086268594
94 1.3396647892947402
95 1.3396647479875865
96 1.3396648513736027
97 1.2727731598923535
98 1.2727731541324594
99 1.2727731791997297
100 1.272773152357312
101 1.2727731094601917
102 1.2727732189433518
103 0.9573173370001115
104 0.957317296244039
105 0.9573173861697883
106 0.9573173278658318
107 0.9573172823444611
108 0.9573173980397339
109 0.31857422830337045
110 0.3185741649739289
111 0.31857432998922053
112 0.3185742356326844
113 0.31857424611391594
114 0.3185741314387385
115 -0.07554543825727955
116 -0.07554546714741828
117 -0.07554550049331832
118 -0.0755454301049473
119 -0.07554543042064177
120 -0.07554555255328566
121 -0.49651877182553306
122 -0.4965188003673391
123 -0.49651882687391136
124 -0.4965187674421072
125 -0.49651877957407753
126 -0.49651876857229726
127 -0.5940658554752964
128 -0.5940658468542719
129 -0.5940658568037898
130 -0.5940658420741423
131 -0.5940658662385534
132 -0.5940658644173382
133 -0.6238847167507076
134 -0.623884721515759
135 -0.6238847156875569
136 -0.6238847072717486
137 -0.6238847217809844
138 -0.6238847270501885
139 -0.654170820557567
140 -0.6541708234035943
141 -0.6541708221286476
142 -0.6541708129753103
143 -0.6541708231033103
144 -0.6541708228120608
145 -0.6878866300396526
146 -0.6878866291972683
147 -0.6878866251581248
148 -0.6878866302927276
149 -0.687886620617169
150 -0.6878866324688309
151 -0.6892698445406369
152 -0.6892698446930898
153 -0.6892698439431848
154 -0.6892698389675946
155 -0.689269844147548
156 -0.6892698477982594
157 -0.6918863469229344
158 -0.6918863471323282
159 -0.6918863464063543
160 -0.6918863417895743
161 -0.6918863455673708
162 -0.6918863501440419
163 -0.6967560332171907
164 -0.696756033558938
165 -0.6967560325566352
166 -0.6967560287286191
167 -0.6967560298515458
168 -0.6967560365811913
169 -0.7062736026241963
170 -0.7062736032251227
171 -0.70627360137023
172 -0.706273598666327
173 -0.70627359541513
174 -0.7062736065006627
175 -0.7457550451225584
176 -0.7457550467628375
177 -0.7457550367803931
178 -0.7457550415787001
179 -0.7457550266916002
180 -0.7457550510595023
181 -0.7334825552380149
182 -0.7334825610379128
183 -0.7334825786363337
184 -0.7334825575460494
185 -0.7334825599460716
186 -0.7334825692069563
187 -0.7876623849518812
188 -0.7876623875325701
189 -0.7876623831896978
190 -0.7876623858102034
191 -0.7876623867679224
192 -0.7876623868731651
193 -0.784819998774646
194 -0.7848199977770782
195 -0.784819988638433
196 -0.784819997515642
197 -0.784819987706603
198 -0.7848199974360281
199 -0.7896304750215557
200 -0.7896304761859613
201 -0.7896304697740525
202 -0.7896304751483612
203 -0.7896304731859596
204 -0.7896304756531717
205 -0.7911914345131517
206 -0.791191433929027
207 -0.791191429452948
208 -0.7911914346944063
209 -0.7911914319505804
210 -0.791191434061453
211 -0.7947010145307515
212 -0.7947010119401218
213 -0.7947010075368403
214 -0.7947010147190035
215 -0.7947010114148777
216 -0.7947010129456306
217 -0.7804818759366953
218 -0.7804818662922589
219 -0.7804818718431196
220 -0.7804818661845019
221 -0.7804818748873338
222 -0.7804818698368444
223 -0.800441950669801
224 -0.8004419451895067
225 -0.8004419393102752
226 -0.800441949591313
227 -0.8004419476298364
228 -0.8004419473641894
229 -0.6000252016813404
230 -0.6000251889689658
231 -0.6000252487050265
232 -0.6000251747075585
233 -0.6000252038317097
234 -0.600025191864639
235 -0.801403834398088
236 -0.8014038283139375
237 -0.8014038225200617
238 -0.801403832677431
239 -0.8014038316028897
240 -0.801403830673694
241 -0.803241358133396
242 -0.803241351265367
243 -0.8032413461344087
244 -0.8032413560853653
245 -0.8032413564667389
246 -0.8032413539138152
247 -0.8068030856183781
248 -0.8068030779100042
249 -0.8068030735889435
250 -0.8068030831249836
251 -0.8068030851261357
252 -0.8068030806616795
253 -0.8156099224411049
254 -0.8156099120610053
255 -0.8156099116497214
256 -0.8156099156084565
257 -0.8156099266364553
258 -0.8156099145477502
259 -0.83764267331447
260 -0.8376426604465386
261 -0.8376426609732328
262 -0.8376426686359919
263 -0.837642688737334
264 -0.83764266230656
265 -0.8773354378726261
266 -0.8773354302211382
267 -0.8773354247783116
268 -0.8773354432796401
269 -0.877335465080863
270 -0.8773354221949834
271 -0.9448068059697768
272 -0.9448068178575415
273 -0.9448067978096303
274 -0.9448068269821899
275 -0.9448068528332003
276 -0.9448067844062631
277 -0.7502535550033101
278 -0.7502534861632439
279 -0.7502535730545451
280 -0.7502535530186745
281 -0.7502536206432597
282 -0.7502535363976306
283 -0.9625367282986257
284 -0.9625367376714187
285 -0.9625367254096567
286 -0.9625367443600368
287 -0.9625367790578423
288 -0.9625367072315114
289 -0.9946986717378721
290 -0.9946986793246337
291 -0.9946986704592357
292 -0.9946986838304522
293 -0.994698714149769
294 -0.9946986555994987
295 -1.0421335583510118
296 -1.0421335654112853
297 -1.042133557681888
298 -1.0421335637817064
299 -1.0421335779062049
300 -1.0421335522872466
301 -1.0548816805055496
302 -1.0548816848674016
303 -1.05488168254777
304 -1.0548816834700934
305 -1.0548816797807046
306 -1.054881682954626
307 -1.055335884557287
308 -1.0553358912095256
309 -1.055335884835313
310 -1.055335881682783
311 -1.055335883426351
312 -1.0553358861950717
313 -1.0561615540858726
314 -1.0561615605780297
315 -1.0561615546823089
316 -1.0561615528916135
317 -1.0561615534383941
318 -1.0561615557541462
319 -1.0577598824086465
320 -1.057759888948111
321 -1.057759883428663
322 -1.0577598830369146
323 -1.0577598823104273
324 -1.0577598841432052
325 -1.062778731829463
326 -1.0627787387187864
327 -1.0627787343291855
328 -1.0627787398454962
329 -1.0627787339275672
330 -1.0627787337818597
331 -1.0750177722967302
332 -1.075017781520512
333 -1.0750177738652502
334 -1.0750177922244388
335 -1.0750177777081578
336 -1.075017774627343
337 -1.087268380788551
338 -1.087268390508401
339 -1.0872683701044834
340 -1.0872684163572086
341 -1.0872683914363759
342 -1.087268382052541
343 -1.1089739896450461
344 -1.1089739987778802
345 -1.1089739866880004
346 -1.1089740278936084
347 -1.1089740025094228
348 -1.1089739893989181
349 -1.1473631557867687
350 -1.1473631635698325
351 -1.1473631602793812
352 -1.1473631983461663
353 -1.1473631701528806
354 -1.1473631535564262
355 -1.211239810244142
356 -1.2112398153569437
357 -1.2112398129202882
358 -1.2112398534922055
359 -1.2112398243103324
360 -1.2112398151118826
361 -1.3102589497588133
362 -1.3102589518479402
363 -1.3102589426761808
364 -1.3102589689435644
365 -1.3102589557164763
366 -1.3102589750937237
367 -1.134289596657765
368 -1.1342895887649895
369 -1.1342896745075763
370 -1.134289576189234
371 -1.134289591513483
372 -1.134289594272834
373 -1.3279132029719714
374 -1.327913202396821
375 -1.327913200424084
376 -1.3279132143919161
377 -1.3279132069075492
378 -1.3279132216449003
379 -1.3441242064659302
380 -1.3441242064593462
381 -1.3441242010837402
382 -1.3441242027980786
383 -1.34412420557195
384 -1.3441242113517342
385 -1.3460237011338365
386 -1.3460237009415503
387 -1.3460236956743465
388 -1.346023695544572
389 -1.3460236992674992
390 -1.3460237018755317
391 -1.34934647347502
392 -1.3493464734890697
393 -1.3493464675880675
394 -1.3493464666243586
395 -1.3493464705818916
396 -1.3493464695018715
397 -1.3552520275484214
398 -1.3552520278517812
399 -1.3552520215470332
400 -1.3552520198501126
401 -1.3552520235296326
402 -1.3552520179057734
403 -1.365370327190554
404 -1.3653703281063618
405 -1.3653703215561586
406 -1.3653703195399183
407 -1.3653703220088231
408 -1.3653703105107198
409 -1.3783081980155143
410 -1.3783081896139768
411 -1.3783081938690998
412 -1.3783081924187903
413 -1.3783081920034643
414 -1.3783081732311044
415 -1.3888740723019588
416 -1.3888740840279585
417 -1.388874069227811
418 -1.3888740693392563
419 -1.3888740649903262
420 -1.3888740388163352
421 -1.4066753141940787
422 -1.40667531630913
423 -1.4066753116663344
424 -1.4066753115744677
425 -1.4066753081265047
426 -1.4066752852592599
427 -1.4312952319685028
428 -1.431295228891853
429 -1.4312952312722278
430 -1.431295225982627
431 -1.4312952287398435
432 -1.4312952156221057
433 -1.4400245097135398
434 -1.4400245060516916
435 -1.4400245091956672
436 -1.4400245031267749
437 -1.4400245093054107
438 -1.4400245091756827
439 -1.4425561165538112
440 -1.442556115674151
441 -1.4425561163597198
442 -1.4425561101236506
443 -1.4425561166588252
444 -1.4425561184698783
445 -1.4446495628579434
446 -1.4446495645220703
447 -1.4446495631819192
448 -1.4446495632311234
449 -1.4446495633598155
450 -1.4446495666762882
451 -1.445194895406193
452 -1.4451948964731465
453 -1.445194895437948
454 -1.4451948941393338
455 -1.4451948955760112
456 -1.4451948965290078
457 -1.4453234901893472
458 -1.4453234909276302
459 -1.4453234901927996
460 -1.4453234896458165
461 -1.4453234902149796
462 -1.4453234903030538
463 -1.4453612318301516
464 -1.4453612320772253
465 -1.445361231816176
466 -1.4453612318207485
467 -1.4453612318156328
468 -1.4453612317537932
469 -1.44536444405205
470 -1.4453644441401576
471 -1.4453644440418654
472 -1.4453644441033218
473 -1.445364444048594
474 -1.4453644440328932
475 -1.4453654190974738
476 -1.4453654191040244
477 -1.4453654190942844
478 -1.4453654191281862
479 -1.4453654190993965
480 -1.4453654191071557
481 -1.4453655177250389
482 -1.4453655177220401
483 -1.4453655177247424
484 -1.4453655177306923
485 -1.4453655177259155
486 -1.4453655177296272
487 -1.4453655206546223
488 -1.4453655206540486
489 -1.4453655206546354
490 -1.4453655206549285
491 -1.4453655206547271
492 -1.4453655206551845
493 -1.445365520685161
494 -1.4453655206851321
495 -1.4453655206851637
496 -1.4453655206851541
497 -1.4453655206851648
498 -1.445365520685182
499 -1.4453655206852438
500 -1.4453655206852438
