evaluations raw_y
1 8.718811127843134
2 57.12629102783033
3 78.38696614029415
4 81.7961003904058
5 64.63679201405954
6 35.754835512493024
7 66.27253373437031
8 43.47592832033959
9 44.85486945261732
10 34.44575168667095
11 72.66483661774267
12 31.36464270831277
13 64.01916899699388
14 84.53863549603473
15 49.719565129187345
16 70.49249376818779
17 31.378585008069983
18 66.31992015119926
19 38.313048926904074
20 107.25425560349184
21 62.65805875383452
22 63.70128026502535
23 44.52182540925806
24 45.538609924242465
25 31.830230808039936
26 36.42758070969191
27 25.14308675312067
28 10.540708977508487
29 56.76834484253437
30 100.79654063591677
31 8.718811127843134
32 45.69323400926497
33 36.556671953938796
34 67.11320594922755
35 63.47896598719298
36 22.41007377268134
37 51.499418310295134
38 19.541576365359333
39 7.916229797778177
40 18.744873588300756
41 47.668144609231405
42 12.630529630818835
43 7.558044855052384
44 10.494323248398997
45 12.627712278973096
46 26.056546682291234
47 15.718048077910675
48 30.473785114140796
49 10.48475276474205
50 36.480533376633154
51 32.254345976162426
52 52.92827385122359
53 33.88651336173154
54 17.787109508525287
55 14.81117943285469
56 33.132703012479766
57 5.9808551726043735
58 9.356581563457642
59 34.4943429782573
60 64.55419239005613
61 5.417300321617192
62 7.406057493487938
63 6.4317476377489395
64 4.520244913076459
65 4.968644111965625
66 4.756631652984042
67 6.089344979482508
68 7.300360744212929
69 49.54861018848681
70 13.935101308125024
71 7.886301614838786
72 8.163652931877479
73 21.40378967984155
74 49.7525098088946
75 10.899390230885084
76 73.08409273753276
77 17.987054504928544
78 38.10456319435219
79 9.082067818242884
80 11.346988108939282
81 31.356782489199162
82 40.79268546293444
83 7.261626361331674
84 10.09789768830295
85 41.67638993650867
86 3.487632645328714
87 25.34112690533534
88 14.189865848712815
89 27.6564544010094
90 94.48040025694043
91 5.067091850411005
92 10.35926748585205
93 26.167175874772894
94 6.292110310200178
95 20.49505789660911
96 12.84241547310152
97 25.411581459512995
98 6.126909241668538
99 17.075923746714736
100 4.338998991069674
101 10.031998938293853
102 17.085918229797358
103 15.077346131376673
104 107.24315085099633
105 5.6234506830887785
106 25.370762648501408
107 14.763302738320814
108 15.322293286103797
109 17.643070387775445
110 4.032283377722624
111 75.79728681078129
112 46.44465646851287
113 20.50647271878701
114 8.074830420565549
115 13.91314293363806
116 22.468886594229687
117 12.796138220223286
118 9.44388279756747
119 23.50095107829867
120 81.96164006301767
121 9.194618765392427
122 7.008536380978137
123 3.4294504140835156
124 6.2623765639759394
125 26.534707055202848
126 6.633889588009692
127 9.907728092512622
128 7.681123415488031
129 13.944321791600945
130 4.537971318434859
131 4.542630943024214
132 8.810175806602585
133 12.69094421045678
134 58.90713760966187
135 6.810439571410426
136 108.82088509872365
137 4.52861208250676
138 3.5157221278741297
139 8.07204346343192
140 3.3192729923491724
141 27.018210656183413
142 8.862373384458209
143 29.93082824325559
144 4.769721106149484
145 15.028826824000287
146 23.2048943469191
147 8.538301277133765
148 24.47738820063808
149 20.75528666122135
150 17.087611359321233
151 5.7584766679870345
152 5.00900050838083
153 6.167795763765785
154 12.734570353500096
155 31.182914846277143
156 13.89048281817972
157 35.535695002785545
158 5.201313152538079
159 28.651092294031077
160 2.7533902334492617
161 4.24784184486183
162 12.270974261630005
163 6.760647228863129
164 81.5652684027165
165 5.8311980293848205
166 36.80754263855034
167 8.691535888618791
168 6.574489121951622
169 9.74457879727974
170 5.522458385391218
171 30.29618315061352
172 4.538570892052544
173 6.727422123169455
174 4.949122066777963
175 19.68042087506267
176 50.15218783859977
177 20.317392752286207
178 11.39909739654229
179 5.477731628444458
180 44.33977166635478
181 2.644293749775083
182 15.33773606828267
183 3.6691048308483434
184 8.317509561161728
185 6.81916954981055
186 24.865931080528906
187 8.82993462862887
188 4.116769040296884
189 34.02404409061825
190 3.608729573242674
191 4.1175925875214
192 8.611841087730243
193 10.09408467566896
194 23.185804895638196
195 12.977226757425314
196 14.198687117752016
197 3.532624255977894
198 18.870723348680304
199 16.495222607661567
200 4.497626703868452
201 61.426427701081614
202 13.452584026376044
203 40.26484744371541
204 4.792026137669176
205 23.41999728273845
206 24.91265599843494
207 36.822966332601645
208 21.546042862026432
209 4.240224121990414
210 24.285139097029674
211 6.651991907817259
212 12.37928178238563
213 5.707316075431476
214 2.98358936958648
215 9.35066616938181
216 4.3171357400371
217 61.64586217652732
218 5.5127718559473715
219 27.27468226589355
220 3.029906465639508
221 4.123039923784225
222 3.3764093445865
223 13.198476203572664
224 63.2260855145461
225 7.764757016367386
226 55.93258004236517
227 7.237289353938736
228 3.2576877377816595
229 10.246461561659881
230 5.340556123642162
231 106.46122490286884
232 21.398837074620374
233 49.92139336726029
234 6.33897932880048
235 27.03468293010463
236 8.901544163197386
237 11.965651128265462
238 23.477375800788995
239 2.6993212274130025
240 42.050760096753535
241 4.3980695728392805
242 8.464366237744478
243 2.576605053075402
244 8.85933202732225
245 8.69542413135609
246 17.080761059890424
247 21.722584243093078
248 2.5777266101060228
249 4.8711316565702525
250 2.8743709760848444
251 4.171879964647545
252 5.1179467677714845
253 5.711330548758984
254 41.049105940361216
255 5.232348854920531
256 12.844471617725187
257 3.3152230455823957
258 3.4165151568856778
259 4.1511439272626625
260 4.904566840267617
261 47.021047362673926
262 3.1201582405608264
263 101.03222411867681
264 14.867758457229433
265 35.07383372329903
266 21.136197058034554
267 38.63043629096124
268 9.063402677746733
269 3.497708436167139
270 69.3689387425658
271 8.422567890272216
272 7.499377870222297
273 9.659803598870752
274 7.914132007462608
275 17.476112980407116
276 7.737244797017574
277 14.720680624967411
278 4.459336939630814
279 41.284098429071136
280 2.912046972895358
281 3.9811464118808946
282 3.519650631568708
283 13.942940577147397
284 19.45451716378277
285 4.940843184655602
286 16.962448721450382
287 6.243459050265452
288 3.665199352736832
289 9.358532500984715
290 2.439820410604506
291 101.78932063142115
292 17.927306614678592
293 46.50515154505998
294 4.412419317189092
295 20.36993114752728
296 23.060137251104532
297 45.631755100150684
298 7.470575828629772
299 2.837935290354797
300 65.91541689189677
301 3.763498521089919
302 11.416889226011849
303 4.5220571730253205
304 3.656456672555685
305 3.4829558704500814
306 29.922093254318927
307 41.81827870274853
308 7.418113072826912
309 19.49559503171987
310 2.723520499317475
311 2.796134262387825
312 2.9633949116618896
313 13.357421075918326
314 6.220624866407782
315 4.938469245537683
316 5.882135106370425
317 2.6992433815052257
318 3.43999811593646
319 5.6235531925086395
320 3.2465948863695107
321 35.24343062297551
322 3.46578716452394
323 96.12442879163225
324 5.570122031207723
325 19.420432724228235
326 13.925652282887961
327 28.25058641607938
328 19.286053342694615
329 2.430532582337067
330 13.888863164935362
331 9.560834220097226
332 12.478666529335134
333 5.7950476425350885
334 6.447190232437302
335 20.950002561335918
336 25.866302445066502
337 18.13201446723633
338 2.8646476611704736
339 7.742733737123421
340 2.7864775784994817
341 4.173295450249119
342 5.563463792415244
343 7.787085536060848
344 14.203566053231494
345 4.735184609566021
346 46.0883929412682
347 3.129835199706913
348 3.937707529714247
349 2.4912797496181804
350 2.9864981863710174
351 112.59068495966127
352 18.968264513645618
353 78.45712645687175
354 4.448375730592889
355 12.354545493039701
356 20.535332474940752
357 6.488623239971485
358 15.350115503355003
359 4.797933529587656
360 30.0996566355399
361 6.613278040742429
362 3.1383506970314707
363 5.727274644017356
364 8.560929198366185
365 4.154923956395398
366 11.425283140477697
367 29.873349964181262
368 4.2471836591014815
369 20.084505552773415
370 2.443562776265213
371 2.6321541006998577
372 3.1621240004414615
373 16.295605893099633
374 20.71735474541195
375 2.8234410243552768
376 56.93870362392363
377 3.0622468643265286
378 4.048984805523226
379 3.4404831036099255
380 2.7204948365061945
381 105.87638601516588
382 4.803197082069052
383 14.92457574588806
384 9.289439282355389
385 20.29723660706064
386 6.393910986512963
387 12.962670179340055
388 3.424508696699263
389 3.0411316105060555
390 11.50223206776149
391 4.937605219932916
392 7.942891077600112
393 4.1789626204441666
394 13.901875904717294
395 5.802096023399363
396 29.176221786071103
397 61.70996240111731
398 3.7543621364418795
399 5.9267914673839925
400 2.6460097954610196
401 4.176237967593859
402 3.0038676296186075
403 12.876081935066034
404 6.877064042618908
405 4.631817011940386
406 34.98414953624139
407 3.3171960552301987
408 2.8588722016950685
409 3.7108160651356643
410 2.7399612300082206
411 53.84998545598775
412 43.46878778982378
413 54.26211240717057
414 4.104388200255393
415 9.833868167760997
416 13.724357598154402
417 13.041281943680948
418 10.381943728366577
419 3.0144504689519733
420 69.00562926753334
421 4.765482484408111
422 2.500417125034001
423 3.961414553300994
424 5.359498759715763
425 8.268874994750192
426 23.596086264202608
427 11.053054849128499
428 4.309336098858958
429 13.48090619574187
430 2.3409603905254186
431 2.8941504331603114
432 2.9887960588224765
433 8.017310482330835
434 23.24361635545415
435 3.006215918038863
436 4.201135911732115
437 3.803677084421131
438 3.298238918036237
439 3.5980492524454477
440 2.7741985931589586
441 10.394383441029653
442 3.5125531470752147
443 78.04274400699121
444 5.97686221280682
445 14.089912866932071
446 33.57686022738321
447 26.397147824309446
448 3.6612838728612864
449 3.3584987865855562
450 3.0483451657930263
451 3.0807664154642183
452 6.806701987676104
453 10.10836066300039
454 4.130025589505012
455 10.543198450616533
456 3.173005426784052
457 66.99547300244473
458 5.691769801919758
459 6.543779402711061
460 2.3271770430796908
461 2.9754511677668725
462 4.683641304004186
463 14.372527919790947
464 2.722829548746205
465 5.042534303618618
466 41.471593145876795
467 3.3904049287868006
468 3.087567688335193
469 3.9440729229977447
470 2.920325873014673
471 43.30022981142492
472 40.9810016839022
473 100.6029496742128
474 3.699828360177923
475 25.146230691101138
476 34.54016864367036
477 23.87772073938025
478 9.459626722633807
479 3.5210767691082805
480 44.53435102704984
481 4.240679599789921
482 6.9793374942170034
483 2.8024061148408173
484 3.496587566024352
485 3.2978328269888832
486 19.65927354247261
487 22.527933300037134
488 2.9892321650268254
489 3.963948633261158
490 2.3281729129193933
491 5.690814993180486
492 3.5481248603507316
493 4.324053183711908
494 16.578737747685814
495 4.032500259687982
496 52.965595436444616
497 2.956437952326155
498 2.9788079250558077
499 3.0388388489290374
500 2.7744257029651544
501 68.22151783080098
502 2.548453629102993
503 50.674066151557625
504 5.0997258613237975
505 10.441861443986246
506 17.683329979851553
507 20.51882477275805
508 14.468207590327571
509 2.8460678296068305
510 41.41527578754509
evaluations raw_y
1 68.03069693612952
2 22.209622799977648
3 90.48665022684632
4 45.19773414155355
5 64.62402102599948
6 94.88060886780842
7 40.1730046087903
8 70.97344306130752
9 72.37433751375545
10 57.8833648811096
11 33.10800543422723
12 35.10468328890948
13 61.97320689853479
14 37.939628066006044
15 51.42222420998054
16 44.56557114729668
17 31.857128103183214
18 39.574306730528605
19 25.41121022173415
20 60.15062568500635
21 61.833657206054355
22 102.57820975353775
23 87.20471316658004
24 69.95192310275938
25 92.02591109219443
26 49.212335377952115
27 76.07287298305688
28 49.21838201242413
29 104.0706033769552
30 76.64012430788047
31 42.26676806325502
32 22.209622799977648
33 16.520654621199434
34 22.09587592551654
35 14.191471960942124
36 22.65338450503421
37 30.298147192482382
38 19.73385968009049
39 24.952249372183378
40 42.61623190299748
41 22.564112280363588
42 28.182375388082814
43 17.67192279709569
44 25.313071858832462
45 26.17333891155811
46 37.184625573972525
47 16.093662931529668
48 36.69435623197472
49 39.67571030065983
50 20.106146460818668
51 63.995474539499476
52 52.03484574840568
53 27.44149862307657
54 25.33803905453945
55 85.16770730182647
56 35.28414819566296
57 27.783800130085236
58 14.525708207437024
59 26.810282638405265
60 80.64242434584524
61 66.25795300251926
62 13.550286647811674
63 35.44287137151713
64 21.064091681366705
65 18.320006170439346
66 40.72618172812085
67 28.63886068232614
68 30.220226383124928
69 47.382794741469105
70 82.60148500881533
71 18.970566852392412
72 18.321863683362768
73 19.21037776382135
74 65.36969751958722
75 40.82873711674493
76 24.672666530454403
77 49.546112248021366
78 40.332455221332715
79 30.223707318764966
80 25.884589824787653
81 115.29617011423329
82 47.01200898450455
83 96.07676989478087
84 75.45327107136943
85 21.002228267507004
86 83.26130620561418
87 27.768226196900244
88 14.819059270867083
89 21.773782610037216
90 93.62067426067921
91 62.94691800858004
92 31.889705469205232
93 17.008575170238757
94 54.95657841372316
95 15.327792729264727
96 19.42905281594485
97 39.422498214062344
98 16.681434331648948
99 12.907006836972936
100 89.03857712596796
101 39.91523117153286
102 14.804683124321372
103 8.535294679221868
104 49.34982778180188
105 42.565466735795646
106 26.793864405133405
107 31.41026484320331
108 41.42774978033984
109 39.115545103857016
110 30.7533005978505
111 90.83444887254018
112 50.08967868949075
113 37.83234515813325
114 7.582166630688424
115 4.87617228771913
116 28.618527917563483
117 38.304593150471334
118 14.380195292919545
119 27.535208170312842
120 37.027948701316646
121 22.960189538743787
122 3.864451357647602
123 22.23526696778109
124 56.90942826268064
125 26.175818480234554
126 19.378012307292497
127 34.45407171176052
128 20.09865353436518
129 26.763423127132004
130 22.295546413033303
131 34.578139388928676
132 8.68682422308737
133 19.698742017680154
134 29.04980073996252
135 21.94146064867455
136 7.975323084031088
137 59.10815171552873
138 45.60997574276063
139 60.90808321547738
140 41.84957067677933
141 24.73394385765581
142 13.977894773584378
143 33.58329616717358
144 17.918216701699595
145 8.109327682200584
146 46.19803252311691
147 11.16117594571098
148 13.549609470278114
149 7.318774069007873
150 38.66671052286248
151 30.044042816564108
152 14.927110246138854
153 46.19298488110507
154 3.6837081874766815
155 9.83895677090856
156 13.072991918392763
157 6.609262229929883
158 16.2975248226191
159 3.269267056407935
160 71.51781047571633
161 5.133796706313366
162 5.967195106894507
163 4.894908538267744
164 50.175721208259844
165 61.96688010710557
166 14.330194984014872
167 65.51539294465081
168 10.02524853747417
169 22.428090094803796
170 33.865284545632164
171 52.68412858591728
172 55.926018823176726
173 21.250257391300835
174 8.15813165796172
175 4.372976130984703
176 9.06634629356287
177 33.26143521131189
178 17.483447293031137
179 7.871281289241637
180 34.17174870217408
181 14.695157219166727
182 21.131053088838325
183 8.013122287272711
184 11.541854611173438
185 16.068929370097422
186 6.529656264087811
187 15.414385002293972
188 8.92481631633634
189 32.93480679960449
190 15.149949950519334
191 10.415596197405156
192 3.1714166753610957
193 16.460719744820818
194 29.21282676066449
195 7.558394530013629
196 2.721178399016142
197 57.58762122634525
198 32.92975160180802
199 46.838241149326095
200 14.731392695904473
201 16.979961970758538
202 4.578052998023926
203 10.514569021238891
204 18.8349556194279
205 4.45031625107432
206 38.1031821700906
207 21.82922232151366
208 8.23325614802009
209 6.910306727226921
210 16.313482188086947
211 23.674829664223964
212 2.8859692783467956
213 25.653902230655103
214 4.724490731533733
215 10.824697952582657
216 8.862096617372837
217 4.477727718302061
218 10.019909635500692
219 60.0994926886691
220 39.63304433981975
221 6.729822975920317
222 5.1683360973333885
223 3.775437961347352
224 37.92786193689424
225 21.116582018798653
226 10.786530767433904
227 14.216062443164033
228 28.240332110858372
229 4.184755643075696
230 29.428272721510176
231 52.66950236011563
232 21.46763915460805
233 8.861441250910648
234 15.94516608732523
235 3.1614311754527513
236 10.071114019201772
237 8.695504486300111
238 6.361991708316717
239 2.8771715619217293
240 3.5856761548773184
241 11.17391758449734
242 18.85955913318374
243 4.596163936909674
244 5.3291481138672046
245 21.486144802800936
246 4.5903779028479255
247 20.307746330159162
248 5.369474321451819
249 79.68498241005408
250 8.927482557972581
251 20.85923865664512
252 2.191586979394606
253 13.759569999893664
254 35.13730519429782
255 3.3822978543336104
256 8.93075852059188
257 33.69782043717774
258 31.740077172168455
259 38.90304279067129
260 3.967255733783716
261 9.56089108450338
262 21.35387913887854
263 22.925956593010547
264 4.5269833560491515
265 3.91730138396146
266 31.135458032079406
267 30.373614129370907
268 10.250027803329449
269 4.01047947274284
270 4.286943893235186
271 25.667927956661394
272 5.631806728808926
273 22.8827811575049
274 4.5672008683391505
275 14.503057859482903
276 3.2080410107997093
277 2.834764955600668
278 7.812989133250225
279 74.8458958895147
280 27.956174444261162
281 4.250400130633124
282 4.68647869845452
283 5.498139203968599
284 30.972557579122004
285 32.70414526836993
286 2.323674470852819
287 14.735248032538916
288 14.847798634932651
289 36.07172120444364
290 6.375953484687366
291 38.88206618946277
292 13.018020935616855
293 6.2172079608882225
294 10.675643938426518
295 4.14444206820152
296 5.729345409608147
297 30.824122878146387
298 4.688859860073139
299 3.0232686551301975
300 2.9795163389564334
301 20.102383739279077
302 11.672809176496273
303 3.8991010951964373
304 3.9400799616851336
305 11.54080655969483
306 3.5334887753633684
307 9.722321890714106
308 7.589914283478995
309 90.04789829548643
310 20.138873581937077
311 12.325606341443168
312 2.4262508913274994
313 10.890332802985112
314 48.723964159852294
315 3.0296051299372673
316 6.647942145877723
317 16.842076535060837
318 22.46912029462677
319 10.455775288562158
320 9.65831498879505
321 31.852249509472156
322 14.336166852773989
323 5.9236486986755414
324 6.53166415521785
325 3.3374043386608503
326 19.491324306888373
327 2.910798339669279
328 11.76245490160716
329 4.5701943224298915
330 5.2200947931477
331 16.931617237333857
332 2.9134612151377244
333 18.426189151052508
334 5.25747404574464
335 32.95672482849454
336 2.6229091135451705
337 14.359204778177245
338 5.5738767734742325
339 50.021218887658605
340 30.080052720425783
341 17.07022774864639
342 4.495679442886916
343 2.6246019014044477
344 13.975243006762273
345 16.548158368043733
346 9.31086143663271
347 10.809220309330897
348 5.017141689394218
349 14.342837258289869
350 8.138400935183272
351 11.341982065602792
352 12.473252656040374
353 9.316000145469706
354 4.094901426510777
355 3.1912809658461683
356 2.9170951695978538
357 23.124451052436136
358 15.689784139882777
359 3.1648501602900243
360 4.97056201640276
361 16.93729057869914
362 8.478490575303248
363 37.74273955870417
364 3.8276653294689122
365 20.205122994041893
366 2.3176406809425285
367 3.9049344908882038
368 5.759930225782986
369 46.556892550270454
370 43.892676341077845
371 12.200614354727982
372 4.031676421285424
373 8.971651877888602
374 40.52009698427273
375 39.67559426486595
376 6.9742439840956765
377 5.125027147745978
378 5.72278955101684
379 9.422815529923867
380 1.8888284852978532
381 42.9490064411277
382 5.097112484536017
383 6.070902950222768
384 2.0899426626049773
385 2.1314035979886983
386 11.86090845705926
387 5.332558239168595
388 12.725369278492797
389 2.7563458619555763
390 2.425514084297018
391 17.769477242175682
392 6.37631930980908
393 14.002779730336307
394 6.47764627132275
395 8.902784522433578
396 4.277591794043163
397 5.244222257518329
398 7.846037936758694
399 68.62793342722732
400 83.17035170093835
401 3.3816206913942946
402 6.206335619069296
403 8.451924128749198
404 6.946684924886025
405 3.329738936150497
406 8.721008850575029
407 4.960662760243409
408 9.621063464050266
409 32.735229762797665
410 10.387639191009015
411 44.10794526621502
412 8.351684415207464
413 1.6652722797146469
414 2.5740293899815545
415 3.579242837589491
416 4.172336224589252
417 24.644839622073427
418 15.551345399741434
419 2.2435664941341367
420 5.973386186286213
421 4.798914198551878
422 13.0088702127887
423 10.78528424002458
424 8.495304285077967
425 19.45126218636562
426 2.9586201355977826
427 2.770334878143738
428 4.069818708533542
429 18.20430464524121
430 6.863842022914208
431 9.138006586643517
432 15.780751654763947
433 6.435529599194497
434 27.363796890769336
435 31.732174927085286
436 5.2420267329098955
437 2.548864416016574
438 7.078115612706458
439 63.389524376143115
440 3.8118320287886
441 38.490507404924585
442 11.160894516236917
443 4.538212939677517
444 2.2348350276611493
445 2.4969634728410455
446 5.109096449300557
447 5.953773822296504
448 17.16668058093593
449 3.119637895072617
450 4.4572083704187495
451 20.493994817199162
452 5.122207535078829
453 4.328314260508742
454 9.77762879505114
455 14.528880852058931
456 4.162920556778257
457 3.0887746553878004
458 6.840396738011514
459 58.70613236597206
460 69.01204979264313
461 9.174903591324531
462 7.295408965780684
463 6.762951077138664
464 9.584135331390145
465 23.406165940766815
466 5.279723292359712
467 3.0855329557615514
468 15.940740132828516
469 16.671117400796028
470 7.314555990880146
471 39.45914173510971
472 7.8444531580000625
473 2.9076394686990437
474 2.7032198059591193
475 2.3493381063318752
476 5.466914112497828
477 23.13597233051586
478 23.168933116055314
479 3.2365175126881027
480 4.830726974826051
481 3.5983104091280653
482 7.554144219195497
483 5.371779847254495
484 2.586972018965002
485 19.94538858806323
486 6.288320818252215
487 3.5625698582749346
488 3.303123177814241
489 18.094614315447988
490 11.847163147454207
491 5.372930688086861
492 20.484132930691406
493 5.728788816147174
494 17.487410135249387
495 7.013803527519757
496 5.054605090076049
497 3.374707028514574
498 32.747084448753974
499 15.76484195198914
500 20.74027814568839
501 44.27003198619576
502 5.7525638203082075
503 3.4984998633959936
504 2.2762456375759834
505 2.2426488210440487
506 6.295622253027156
507 16.19938902924644
508 13.733238106689527
509 2.8846028598382594
510 3.009868455623817
evaluations raw_y
1 19.761466439035438
2 30.20907452621736
3 39.7479917548761
4 76.26582247707982
5 74.39272520200227
6 43.377787817590665
7 12.086102552384357
8 37.734198669056454
9 32.70736557867109
10 59.7136541482617
11 38.37262929191856
12 128.6066493086937
13 42.452939558348604
14 64.13192452847066
15 38.34454939926155
16 57.763681783023046
17 23.306029777343138
18 74.89149157459244
19 47.65357126341934
20 58.75331511239441
21 61.39315727190236
22 33.962710804913335
23 20.876030660321238
24 21.905521435856855
25 63.37582261279527
26 51.78841241956412
27 30.241712577712722
28 85.7326857845112
29 53.24170226625151
30 55.08084815752912
31 12.905228432587801
32 20.265721816389235
33 7.18402879229022
34 45.057922912614906
35 26.307578532981474
36 14.575533789646068
37 12.086102552384357
38 8.126365123000873
39 25.081110114868572
40 11.17680971265267
41 18.54926673453198
42 10.866285310341263
43 41.3632924850212
44 22.3047009122398
45 11.774961690476008
46 45.97692750159214
47 13.009006950290448
48 44.8686293415208
49 14.667081792522103
50 17.563110335107194
51 33.85871040393758
52 26.890400281442183
53 15.435326660437276
54 37.78862978386092
55 13.30979194880044
56 21.977532449574284
57 25.559354519622083
58 37.29914282672769
59 13.630120788697575
60 29.989160552149418
61 7.681641592493066
62 8.903579998197673
63 10.72575023409589
64 17.15804599916951
65 5.78852254078979
66 9.11423990376199
67 10.908852987272576
68 10.92703329079838
69 36.60583019936986
70 65.59723106251185
71 10.417355446084818
72 102.46155191653673
73 23.760848671364062
74 8.784866705706355
75 15.659275521776289
76 7.253810273190694
77 5.070291454514001
78 115.50134638928279
79 11.283937410938197
80 14.599917315387636
81 10.10148511516668
82 8.208511239823256
83 14.85343768497872
84 46.2400500359971
85 19.931491074157815
86 10.493795458874125
87 59.90338907812193
88 35.80716375265339
89 33.18744012564741
90 30.89766360424756
91 4.758202919689992
92 4.45000171952467
93 6.5203798433325675
94 19.226260812034223
95 11.96315003959939
96 10.224043212968681
97 3.784857601309351
98 3.6892789353924416
99 27.898987706040018
100 35.14116462337739
101 3.5444509834508415
102 16.79479371795183
103 10.359824235942572
104 7.670618452835605
105 10.504611334843274
106 19.710030276102593
107 3.888036069171967
108 9.369377422801852
109 5.8618084695724555
110 25.16336795384537
111 10.820576196976164
112 5.080692927701374
113 3.1931535867617282
114 60.423101158081764
115 12.578197021638728
116 7.866856719903832
117 11.807911499013505
118 8.294241324234973
119 4.756587937286347
120 131.76462067789168
121 3.544990493538634
122 6.3487739443016595
123 3.851106203835308
124 6.991492487481347
125 17.025971849067332
126 7.151639397784642
127 4.635671944679517
128 4.407295147898476
129 15.462044631206744
130 25.828494466487193
131 4.164107460557916
132 77.77575006593436
133 13.66372251130788
134 4.235360411398928
135 4.836895303528718
136 5.757223841493007
137 3.8143045804187943
138 75.42044641859404
139 4.133385077398193
140 4.0221722135424365
141 3.83856293994812
142 4.319790166091132
143 7.558684447143423
144 34.51384874286413
145 10.074603479135622
146 4.77702841954196
147 68.10320712765002
148 20.77172520194145
149 9.03565253906202
150 44.936549119215
151 3.9760890039322057
152 3.129180881610008
153 4.367951232782459
154 7.690014136538283
155 6.816504378882379
156 4.766396900007937
157 4.622013657985544
158 3.7176919081766093
159 8.500673371722584
160 13.667728444282336
161 3.3252168052986937
162 85.69755402122729
163 10.788564597994295
164 6.746595438276674
165 5.162277412401994
166 20.535232947598303
167 3.0682617106622065
168 6.722140130282188
169 3.592218686670927
170 17.965639222489727
171 3.8383294239780987
172 4.082480705941798
173 9.38218605099179
174 23.56948451705515
175 2.593524694272804
176 8.656035402065942
177 67.420607105579
178 3.800416646135412
179 3.810112772348042
180 25.71420042095526
181 3.7870811558441635
182 5.16963873497526
183 3.2807137155114194
184 3.2876610807547824
185 4.357045850192939
186 4.936542436703685
187 10.372592096314781
188 4.184113051822818
189 11.116304063616061
190 10.933605413672725
191 3.898860601565083
192 74.96158099073483
193 7.654543449341732
194 3.9640109584606544
195 3.660747265333728
196 10.34620640142778
197 3.0834299282466557
198 63.28147784582335
199 3.0054984103762123
200 7.025713951315926
201 6.347341149182131
202 3.090121318551624
203 5.051999061314362
204 51.14039997497483
205 2.8447791543949608
206 3.2455980591916003
207 63.301614865283405
208 9.205185361185395
209 7.397764568820778
210 57.501034768095565
211 3.1860110731692877
212 2.67629262883281
213 3.0801157712785665
214 5.501335561236415
215 3.8871085363537468
216 4.85976500369299
217 4.342234812926621
218 2.825609140589087
219 11.35656369929675
220 31.21307302583716
221 3.586845150602725
222 104.27035780733704
223 7.3932163362717045
224 5.776160336510016
225 2.7390489920774064
226 18.330183408335877
227 3.2545237257124002
228 5.3435057125220755
229 3.286632970907474
230 2.6351168897238884
231 6.685802195754581
232 3.26946521855947
233 3.9639149188661724
234 43.68197113769527
235 3.5507149418810635
236 5.650993619523701
237 84.25676167353333
238 3.5044083555497547
239 8.385070132474235
240 6.672098080418648
241 3.067414537079027
242 4.894418986573292
243 2.7332859975496087
244 5.402408182714492
245 5.313525282512787
246 8.517594816077828
247 4.561906978611764
248 4.2883420836099315
249 23.62586168147117
250 7.255686868077911
251 3.1095719583959545
252 63.95200079074887
253 6.757464691097892
254 5.074699327959896
255 3.1804227543252095
256 10.845710737838736
257 3.251189979215388
258 55.17755958490871
259 3.5532086817553203
260 10.908055684442882
261 4.776592316641479
262 3.2926284904515732
263 5.807832024900658
264 37.283138519316445
265 4.035485866403011
266 4.022416442612791
267 24.195249488941872
268 4.931868887548917
269 3.9631634139398804
270 22.366873334315333
271 2.8934357119365766
272 2.5649682469377653
273 2.5894811927152284
274 4.0002386201512135
275 3.4832014181686315
276 3.848667349125838
277 3.3434554723149854
278 4.027310606157909
279 14.250427223979166
280 4.439551707707168
281 2.853551536162099
282 71.66126137404198
283 4.103725287677673
284 4.161081714069773
285 2.989452788343673
286 44.36842301479697
287 3.1648479151892444
288 57.135287663827874
289 2.467897874740993
290 3.6514410363452128
291 5.477512400508151
292 2.89037618045072
293 2.866088703753099
294 21.929163034429813
295 3.293788282294208
296 3.9506205861164263
297 71.23097342725075
298 3.485900569385758
299 8.005124504043891
300 6.890768829172543
301 3.0909923204510847
302 3.684571245524684
303 3.23822248538326
304 4.0359207124719125
305 3.712425055769674
306 5.804093539694732
307 3.79439657921856
308 3.585717744045812
309 24.60209073596131
310 6.309768629160985
311 2.5769793324842842
312 70.01787543427614
313 5.675236593747194
314 7.371259304321377
315 2.551394882487531
316 33.295757012019294
317 2.848702136471185
318 13.155175034531442
319 3.108338180206283
320 5.992488138443671
321 4.396216334558711
322 2.853794866623284
323 6.918199976445294
324 30.01969430672863
325 3.258268338903383
326 6.406663359818703
327 71.58571977602013
328 4.5728271262619025
329 3.689097972221595
330 22.11857952018345
331 2.501730141530519
332 3.4486637471565804
333 2.8756770444036404
334 2.8960433589592327
335 3.0622517152672524
336 3.5229389788072014
337 3.6487456544725547
338 3.110105157188208
339 19.323219893875457
340 6.78470739879951
341 2.7555156570206467
342 93.46358674802948
343 9.247717366854937
344 6.806377189045538
345 4.1886422133339085
346 22.416538947496655
347 2.9242465587582194
348 69.1625190993153
349 2.6315612354863647
350 7.742050489207473
351 6.911836882012024
352 2.6729096728589576
353 3.5079279355636626
354 10.232035229053412
355 4.3258210548532015
356 2.974224010491845
357 64.56601430648779
358 2.65001538907059
359 3.7194223024092956
360 23.714705981669546
361 2.664960609092549
362 3.3488258608683554
363 2.4903949005186004
364 5.575687579352705
365 3.20004160169249
366 4.166005567341248
367 2.696501252841524
368 3.2781680323026374
369 8.249613271005213
370 4.014075958226718
371 2.793590758617948
372 86.4670774327025
373 8.460050360504713
374 2.522467339090385
375 2.6321966457484125
376 5.533668974092977
377 2.739083075938421
378 6.056333194863411
379 2.8348224647987146
380 4.964890154912756
381 3.774761945534421
382 2.6366026513149103
383 7.3294488183629785
384 45.78476541035791
385 4.458200217983606
386 5.334975518490254
387 69.40084848727415
388 3.1220479316336323
389 2.6828715720697547
390 13.567259668237941
391 2.4665348790188064
392 3.4187174076585345
393 2.355805591607214
394 2.9421764067087315
395 3.169618507133304
396 4.056936464590449
397 3.977378534644067
398 6.6498476179716715
399 6.186639527802203
400 3.29646423278673
401 2.569052317484693
402 89.29494923448615
403 3.1767600513363887
404 4.182890013480716
405 1.9895775267484521
406 20.890501321218196
407 2.9972395624097308
408 55.51445647515472
409 2.487728497314869
410 4.967565528364195
411 4.0814089531680295
412 2.8631804365883653
413 3.417586402447589
414 4.291023629434349
415 2.8042432018199697
416 4.402597588176073
417 71.34901067541168
418 2.8410918596474874
419 3.670819302933479
420 13.540577152372727
421 2.2028044464557746
422 2.791930038539129
423 3.3033129561317245
424 3.776811438803321
425 1.8749749588539961
426 4.115550642555984
427 4.131806581064707
428 3.6864991391956234
429 9.943267247558158
430 3.4531321379822635
431 2.0166003607263554
432 109.56810982841003
433 13.16990041523125
434 2.8497787228470646
435 3.551025007409207
436 6.51801313635571
437 3.442542100737283
438 8.076288632901235
439 2.41366800110332
440 5.137892671580149
441 7.179793838178581
442 2.559061104715027
443 10.223164208371859
444 25.138892603195046
445 3.5778164898544538
446 4.380872456183475
447 70.69932235142988
448 1.9342494732059006
449 2.656339907620359
450 10.130481862633724
451 3.244267646878206
452 2.734835400984857
453 2.386870328953541
454 2.823450079369116
455 2.086964652850538
456 3.533789606404954
457 3.3426592952630623
458 6.0444923304398355
459 9.297693642479787
460 3.353446564540115
461 2.1089537597064614
462 8.580032671075159
463 3.6065003303773193
464 5.784942016852612
465 2.2724247557915676
466 16.031403996060778
467 3.559225745384014
468 45.40304718061107
469 1.9425389938416968
470 10.147749181685478
471 7.012241263825139
472 2.1885733071378506
473 22.36301106620381
474 5.844348440818238
475 3.969524964317445
476 4.607895491322308
477 57.70628612535005
478 2.594573817189647
479 3.167986281714243
480 35.003992593350524
481 2.0252479804257595
482 2.925416590049154
483 4.111574827618621
484 2.6751976651161717
485 2.1853479473014192
486 4.204810111521439
487 2.678508047592609
488 3.1325908714640693
489 15.701770612092698
490 3.0327659449500235
491 2.001400383555746
492 59.331433327451
493 10.2438286079898
494 8.663706893004433
495 2.235285301234635
496 3.6833726808488647
497 2.0026595129722806
498 74.642128030073
499 3.0488898751303677
500 4.104520657389838
501 6.646254138080833
502 2.790085174972768
503 13.652417833730736
504 42.21693154700545
505 3.5785079537624336
506 7.412194361059784
507 80.94532085302207
508 1.9191835337329686
509 2.6525718132318543
510 50.16047960880208
evaluations raw_y
1 46.61696002270244
2 62.8903521066256
3 28.97400412359866
4 29.271055508895454
5 27.297379856887083
6 64.293463208469
7 54.865911419454974
8 31.63709366335387
9 16.87742082413508
10 22.631783715200445
11 41.52660330701106
12 27.581973151550706
13 15.852657053561952
14 75.28931565908134
15 14.022686123847672
16 90.11627882395102
17 59.86370103867205
18 68.4977610472841
19 33.15164587623738
20 33.730152020069006
21 84.21211594506404
22 62.059929163818836
23 69.64387539782511
24 73.35944142808397
25 24.186266322977097
26 93.59874502645027
27 67.98347774065621
28 73.0991507193907
29 44.91834595350397
30 51.9662030733634
31 36.6119018638795
32 13.20423708333444
33 12.196705614848414
34 37.64736463793917
35 12.492702726513288
36 47.834420856300355
37 42.84137655635456
38 31.35149399710169
39 5.885607310544188
40 13.407650197227419
41 9.24913281800857
42 14.153191920818186
43 12.00174570139016
44 16.35001535846592
45 14.022686123847672
46 8.698487841596965
47 49.74896706009648
48 23.12651198967489
49 13.505431326611127
50 24.268968761496126
51 33.812692887508604
52 13.393808936779394
53 10.495931499389364
54 81.50963651323372
55 16.5139295910392
56 58.396768860395
57 26.09423422340374
58 12.677287366098605
59 44.42739244780789
60 73.70185381555521
61 5.233285690086193
62 23.56753852776011
63 17.110482573482404
64 32.52846727010533
65 10.532556099005946
66 5.749177484336418
67 10.167018650166009
68 7.013294527716978
69 6.254987616174392
70 5.880523871470367
71 6.445733361027626
72 26.297809721526473
73 14.464271510908373
74 3.61896576793745
75 4.857770411186299
76 19.095207653527023
77 30.606582775276596
78 22.621916503470754
79 17.562340388911995
80 64.12608647879989
81 62.318433409323504
82 15.703533409803423
83 54.938491138393864
84 83.26397118004853
85 23.928955898072168
86 4.814721084501253
87 103.0541087866342
88 24.464759784260718
89 8.35448650205169
90 106.69030607405134
91 32.085972966767905
92 19.238064098669266
93 7.00424443223719
94 16.10201274050864
95 12.469345919152413
96 12.790722995220614
97 34.730063216835426
98 12.89857367291513
99 3.869873935212324
100 3.668844840183256
101 10.074725707911583
102 62.3105510655284
103 7.22094892807516
104 5.014667318757272
105 4.397724923610663
106 8.395808869069587
107 13.162643047017836
108 12.966860335089128
109 3.259422432208318
110 67.04280703073279
111 2.9736409518434344
112 4.212171774692216
113 13.436688624752511
114 35.228447591991426
115 30.103442804362608
116 10.801601320983346
117 3.0603554473714625
118 20.969097942626796
119 5.294019849953829
120 35.448052164667686
121 8.435317063160078
122 23.53770592901098
123 4.186791153014934
124 57.338892959127094
125 5.565556857239439
126 18.742280643333295
127 4.644150403353642
128 8.96935065602873
129 4.0666118129769515
130 3.2815578287418656
131 3.616062774958492
132 3.8827179131685123
133 10.219691386152949
134 2.7049849853019667
135 4.920499453729897
136 3.95925209751545
137 4.579308422078289
138 4.177506483307684
139 5.965158719333267
140 38.16377503154712
141 36.88784488074588
142 5.5004567682678545
143 21.795543450628234
144 30.66328327507592
145 62.05740112084012
146 7.593482619594514
147 93.69570767639149
148 36.55464577138889
149 8.040826351253353
150 53.51489897362348
151 25.221160695589916
152 5.140782400460975
153 6.806989742713355
154 39.9395665928969
155 2.166371562675324
156 13.622466931578352
157 17.389077600307203
158 13.521485888877464
159 3.3214707977353877
160 4.10405938921457
161 3.0755187544253584
162 18.355578460438373
163 3.8411197509360395
164 4.723056358949802
165 3.0539908474554727
166 5.203736000929435
167 4.60720706046725
168 14.567219371258382
169 5.421083605755719
170 20.93146036158564
171 37.82758632332771
172 14.71704807545827
173 59.70504818160575
174 14.763767369213099
175 9.151984502973717
176 15.559561347663779
177 78.5232292995431
178 22.45573682157881
179 3.6286429862847327
180 46.50494363489522
181 53.43665223658942
182 18.580882717080257
183 6.95897131971018
184 48.07822540503593
185 5.206599901773773
186 16.88830271447966
187 2.975640233462884
188 13.49087368988053
189 3.267099290108048
190 2.3953245933235876
191 2.5776799415688645
192 2.6841077450485
193 5.438234038335158
194 3.1488226204008067
195 3.203140623645185
196 2.2870443406011067
197 5.568162786907079
198 3.0029935126160616
199 3.655237161634914
200 62.16673995490271
201 13.91545084313931
202 7.258147176773168
203 7.785220422116436
204 6.751005877104608
205 33.042404520047256
206 2.5048056341612526
207 7.50637194982451
208 29.018297247099152
209 7.293612391222288
210 19.611443734145833
211 2.794250154319929
212 4.873335950424757
213 3.7550653646164376
214 57.72695348012209
215 4.005787241652284
216 6.129945438116874
217 9.406772242138853
218 14.035870307381082
219 2.5577526557136983
220 2.368069079037916
221 2.609923383220368
222 15.03552348649686
223 5.405420123905483
224 2.891814923048913
225 4.182614493700182
226 3.186444963930615
227 3.4153497565518496
228 7.638853726530462
229 3.921621305029824
230 26.669565026212037
231 50.93899740902431
232 24.961936596255345
233 4.108938977908246
234 19.20810048524086
235 57.82889865205879
236 9.383004643152479
237 38.47414630533538
238 13.34326702025936
239 3.2357044762077187
240 23.882799185412445
241 35.765643660101205
242 7.429898431258753
243 4.841192334100608
244 89.24114580559366
245 4.460376758732694
246 5.056848314433708
247 5.911738028944081
248 25.304603368933368
249 1.8376785641687556
250 2.479825254158128
251 2.5320419283449103
252 2.717717934094676
253 16.173176096486227
254 2.8624871014437203
255 3.7600071454006105
256 2.792797347275327
257 6.190834316016046
258 3.6918822928591233
259 2.403736269930648
260 37.69256374985352
261 18.581561164200046
262 35.731947808221726
263 8.39053356772832
264 7.43637746295448
265 82.41503561696764
266 5.937579357917318
267 43.096147339039
268 40.512704227655064
269 6.645533448524194
270 4.723297234901743
271 33.47293469938553
272 6.979388186904345
273 2.195118164454963
274 81.94711403082209
275 3.8255664865184995
276 5.788988452281491
277 2.7168306679492678
278 9.283440512762661
279 3.2348585992330094
280 2.5385820863788564
281 3.0345854917674777
282 3.008495843963214
283 5.170144858713909
284 2.7650090473525926
285 2.680867142842996
286 4.212714981487958
287 3.1982800939287106
288 5.488323541070816
289 1.9833255005024655
290 10.314198417601006
291 27.432750237740038
292 12.382050643866684
293 2.537627249302262
294 7.0616906173094005
295 53.56437032685551
296 7.113569750188664
297 48.3210043321137
298 15.188210477806354
299 2.7861632334666298
300 16.05396040922993
301 76.52282614545464
302 10.203655935197482
303 2.8006929359500576
304 69.27583366455202
305 3.7528932308127567
306 3.1987825167088815
307 8.963312977723618
308 10.275523487998859
309 3.0979461137907824
310 4.144947590136234
311 2.7780047450913603
312 5.521283390532583
313 4.250168927033549
314 2.569263627452255
315 1.726277401281803
316 1.7330229592685091
317 2.9870796619430764
318 6.956022535055528
319 1.9276782219549258
320 62.58517495334273
321 60.164870859891046
322 35.81185477682079
323 4.401163921013054
324 4.8284447837659235
325 76.59732278513397
326 3.118771997983417
327 11.813401541913219
328 10.74976667734541
329 2.576420397994842
330 20.95600458080931
331 5.510225409983951
332 2.6150487448404696
333 4.347382424541287
334 61.80932054350903
335 3.1647431291252817
336 4.891225426385758
337 2.975501446587608
338 14.519922784849406
339 2.632501479926858
340 2.7353545102676216
341 2.7370903079357625
342 2.5333526487793545
343 5.0731750502680555
344 2.209433197002093
345 2.0973359784221812
346 1.9359563937742386
347 2.805479806922934
348 2.5314027958143304
349 1.6431090762897231
350 24.075025891661866
351 12.326050683127942
352 25.384744784099656
353 4.222763826156306
354 4.831970581707018
355 66.88201943234287
356 4.326298743754392
357 36.10150358447254
358 19.66008453397471
359 3.276803741234747
360 13.49098061713584
361 64.80442902468995
362 4.931727602526099
363 2.8198590306354596
364 4.357692619349691
365 3.341027019934997
366 5.555127784420812
367 7.499549156673815
368 11.962243380676567
369 2.6760411086192306
370 2.4853895269290254
371 2.8852154685327775
372 4.38261431289918
373 4.86820795714663
374 2.5052689189156165
375 2.4934178127041555
376 2.7742757287237363
377 3.633504080581205
378 2.4464276131009908
379 2.691806437982529
380 4.442834812726051
381 27.50044587870226
382 62.98538387504033
383 12.303172452795701
384 3.309014272513446
385 20.41476761562426
386 4.456843603270529
387 24.563991648054174
388 17.759320952963954
389 3.381546520562524
390 3.4615438546281028
391 24.620055475488417
392 2.570190060919489
393 3.432114505516168
394 35.903011765994506
395 4.282373872119196
396 4.48351413876454
397 4.104093057119881
398 11.946157627867075
399 2.137962188961337
400 2.696738632133649
401 2.767888919962565
402 2.5548766251662065
403 9.886688950252456
404 2.0452341977182025
405 2.7228786469847837
406 1.6032443228035957
407 1.923208997332888
408 2.334179607148556
409 2.0491740613293623
410 14.815338042545825
411 15.956980923377152
412 24.39630181119648
413 8.324660968378014
414 7.555496386800793
415 38.27586165535425
416 5.227951814205612
417 66.83360056953094
418 4.228867959619954
419 2.4429008311850158
420 7.547523998133504
421 84.81836791102495
422 6.382506695639798
423 2.529277967285001
424 20.80684289259753
425 5.06066962885915
426 6.565156907031707
427 7.4445460295706845
428 3.646427182228249
429 2.3973502660023542
430 5.088059192302739
431 2.7375309758616426
432 2.5640860290654928
433 5.105190662289864
434 1.6192481910409415
435 2.3922827928543935
436 2.307785126646359
437 2.3240626749490314
438 2.932942902060798
439 1.9857705488387436
440 10.279762260598273
441 14.917160817206053
442 13.265440877198756
443 15.280043590315978
444 2.4997467057615186
445 25.679660399504996
446 5.9459963870535955
447 71.19444596190411
448 15.018659484567316
449 2.9325207274833245
450 2.555473327801936
451 22.74244423433176
452 2.6304969411212307
453 3.2315336357564606
454 34.24250801826039
455 3.540248994270674
456 1.8857896973061257
457 2.441324641271823
458 6.209215307612027
459 2.46551073192418
460 2.4253787654616668
461 2.981968934982949
462 2.375043324179266
463 9.77113471765345
464 1.6518139852923894
465 5.920016773646631
466 2.4287648524636776
467 1.5385452242583026
468 1.9515178694792743
469 2.128157079165131
470 11.599631244646089
471 13.488944511786407
472 3.1868962291275267
473 3.8352812551896402
474 5.361752054944681
475 8.018305348394055
476 6.080886169625723
477 8.86267528497974
478 7.3239325299438
479 2.2200633258516858
480 3.6560038019322807
481 34.98368603782978
482 4.49527599670628
483 3.5411727834603077
484 10.355849256890664
485 3.7189615123004884
486 5.703248483188522
487 6.210450503742795
488 2.468074495063843
489 1.7510654424992855
490 3.4909766312374435
491 2.6698423951980854
492 1.8348318095389988
493 19.706882820864898
494 1.5757048886051406
495 8.27032082189484
496 2.3125652252456015
497 2.114280088123399
498 2.7544427248617804
499 2.048080828517075
500 7.769687995517419
501 8.237272412186636
502 10.230629203718028
503 11.316744136374734
504 1.9645483914393205
505 2.976362204086133
506 7.054403482814614
507 49.78220338625206
508 4.4491526541417645
509 2.718356673524467
510 2.4950874041079585
evaluations raw_y
1 50.71822179939984
2 59.11341648302154
3 90.68979298684752
4 102.90554890142329
5 71.86195475725248
6 33.38045394468312
7 66.97408974178096
8 10.356168214601038
9 31.765267290720722
10 14.858181333093258
11 29.005613715284525
12 39.51267836036534
13 40.89027673233126
14 43.53061707504062
15 61.83459962954946
16 32.81586471658098
17 27.220495872391993
18 60.724223361313506
19 40.94544576764139
20 11.476407818435474
21 85.97577509565541
22 50.22638577782892
23 56.342221678362804
24 91.41836567796219
25 104.7378502597895
26 67.55216309375741
27 60.54560725761765
28 51.426665373442134
29 51.60222875954855
30 79.22337718155876
31 20.676569514688055
32 54.94062187886999
33 22.859431908108153
34 12.065184121937849
35 38.6728024276983
36 20.01349793729767
37 9.330915707953015
38 10.356168214601038
39 29.625402442717785
40 7.55407886263828
41 24.85381048781302
42 55.7066385502115
43 33.80510382355972
44 71.2854316869656
45 67.79487354690663
46 9.605643312163467
47 18.597679075684432
48 19.139398591071817
49 9.060305177817382
50 4.534845617375096
51 29.928796880812563
52 10.774154925984899
53 11.283808423302027
54 4.514949944549047
55 85.61384198492779
56 19.54920944981212
57 50.43736681118237
58 12.392205161447718
59 47.79464237019772
60 13.386395409679468
61 16.49851374444155
62 69.34789592942559
63 48.65399239757872
64 31.41977111678073
65 104.4916518043253
66 17.403403446229085
67 62.18380008058295
68 3.220083759917199
69 4.846625685002845
70 14.093820163864903
71 8.728556503968264
72 22.034650154051732
73 24.703021524933774
74 34.68929765219154
75 12.136642269145124
76 11.05802034827298
77 11.996445201692206
78 4.739381070703193
79 17.87142885582743
80 17.330276151436543
81 21.896254679602123
82 17.162955458118866
83 9.69421967156446
84 10.684525632343131
85 14.78393201276728
86 9.316102931494939
87 25.304718348348626
88 104.18937068090798
89 4.174650172655115
90 14.540932086900417
91 35.54786833460706
92 36.04882288171267
93 35.42980387866324
94 32.55421071619011
95 75.44701900961549
96 34.899857275697144
97 63.32344353042443
98 3.833973806730728
99 12.222912513223068
100 7.541901811670721
101 3.2964875968774447
102 11.77301386008085
103 3.1578786248156208
104 9.512817643222501
105 17.6602138042601
106 7.913563868779138
107 15.643077644618145
108 21.83269044637212
109 7.913221560369654
110 21.641618264520655
111 6.40572546069272
112 5.667287970732653
113 5.215950531566504
114 19.920303833219123
115 16.3896126453551
116 22.35256250720582
117 6.864884526600433
118 28.51136557061397
119 14.694961285681035
120 5.011893759100877
121 5.047860420744493
122 24.186806844470055
123 53.786359965202564
124 12.523748874616409
125 48.21239246178063
126 18.353021633880342
127 13.30230495388791
128 3.3922451234551145
129 5.815659668291123
130 3.4591735540056483
131 2.954908822740378
132 7.757530499872141
133 18.56396338304702
134 11.708159591549588
135 13.656126389629355
136 3.5098425324910263
137 13.659956512494492
138 3.464771940696985
139 23.240367784676625
140 7.276304739051621
141 4.297656721413677
142 7.322059663879893
143 3.478509873363996
144 34.36624228640397
145 25.673300206752565
146 31.885900072670427
147 6.595610330423682
148 66.52460401621292
149 18.734557421087548
150 9.46764829323191
151 37.29164783106924
152 17.6698175665315
153 34.18342121025518
154 17.134235212624976
155 41.95244613904809
156 3.0191581880064895
157 74.54384283472079
158 4.59402918778826
159 5.377565956649853
160 9.490766344967396
161 3.0148387781746657
162 5.239533186985222
163 31.89149751322079
164 3.939247964080316
165 44.87504594552986
166 3.048432980006975
167 7.858998678719869
168 11.134459230276128
169 9.591636806714268
170 5.399664597882243
171 4.318266717741621
172 5.915887243740303
173 3.027786919384896
174 30.3592990749157
175 7.069543414888744
176 7.4849730512867705
177 3.315688246214277
178 15.35478735424412
179 46.89408218171772
180 5.675662833644814
181 3.7408359222582757
182 7.775787675813207
183 32.52538319592279
184 30.43574899112361
185 112.42671628701409
186 5.8079333100279875
187 24.730365744119446
188 3.734507789135264
189 7.657556442854781
190 12.91726518344873
191 2.9578576384399042
192 4.020252094911603
193 88.92306997796152
194 15.299543975725614
195 11.132127807900666
196 4.281150145416856
197 5.035173923425436
198 4.806960258488743
199 31.393745600933485
200 20.52308648974056
201 2.3643084231603364
202 4.910153684216652
203 3.2923850604207523
204 7.371878599322892
205 4.289742811723454
206 3.3883090451320603
207 7.058918122522977
208 109.14763208190237
209 47.54686448971654
210 7.994841216495541
211 17.44239838823786
212 8.529335660829824
213 70.26088839701488
214 78.8485704476801
215 28.201447573808856
216 3.2428168027713595
217 62.78023980037783
218 2.8843993082348156
219 5.593494509740912
220 12.345708668460336
221 2.82816604708628
222 2.3347401486968686
223 79.19886030935716
224 3.3588770622883906
225 84.35024511830827
226 3.5376692894101986
227 5.055291245518232
228 7.49024316314288
229 31.36994164538924
230 18.721821833023913
231 3.072891975641729
232 2.967352237489355
233 2.4561053631020053
234 14.982456164593657
235 4.04490746577171
236 11.8397670211722
237 2.2285998088234176
238 56.36229985882429
239 7.5981464441406334
240 7.329173232837618
241 8.194851030267829
242 4.000446122361502
243 3.360169746802294
244 39.83252828154967
245 97.50408517254387
246 2.7788933924566894
247 7.346778369973606
248 3.6854368078283835
249 6.331262823386332
250 12.17413865334013
251 2.565894904092115
252 3.6914924352628753
253 92.81451976932041
254 17.81110958428931
255 10.23605920781334
256 2.670463097643035
257 6.28885406448183
258 4.878927432000874
259 6.864337483882654
260 3.0537039540499817
261 2.4612386821597334
262 2.4910847509733713
263 1.818111821492682
264 4.6651134350300945
265 4.258186488216003
266 4.528118247595331
267 3.4259746854770587
268 5.360755386986554
269 10.029497285029864
270 2.4799757851972077
271 29.72144553525778
272 11.998027436868808
273 68.62277318165856
274 19.20385783017027
275 54.38574757273873
276 2.3039728176728724
277 62.096286496428746
278 2.679553990641735
279 16.49413058711659
280 4.633133939723049
281 3.016510246757664
282 4.670760474870962
283 93.70133651200891
284 17.001054173413326
285 91.09453837827338
286 3.6531321211458243
287 12.880658404654135
288 5.562112454401767
289 21.95813944164974
290 18.67316895275066
291 2.562772856037413
292 2.458742843558115
293 2.1079932121544767
294 4.275074969626772
295 2.5499628641106016
296 4.144465277443521
297 2.9287305132156174
298 37.633557927816554
299 4.657368059647006
300 4.494230106392824
301 47.16275186932421
302 3.382304520400716
303 9.623682052127169
304 47.1447171665416
305 61.450944057101545
306 2.877343903538937
307 6.355295134068514
308 2.728422251499257
309 3.1634005847230133
310 19.960471885210637
311 2.8727190389673716
312 5.429996024659657
313 87.51955801615154
314 23.23513110497592
315 11.974604965412137
316 1.8883269697432499
317 4.980796794689714
318 2.957383774244749
319 5.497577906405951
320 4.878263082630639
321 2.744448140182656
322 2.5317637109381748
323 2.05629971698762
324 4.567417694188309
325 2.9575848400209477
326 3.1093606752792455
327 2.7314344256196983
328 28.214972622203277
329 4.694704092302198
330 5.151305385236369
331 51.976233918958314
332 8.060296075377682
333 23.259614671532972
334 26.548530066978202
335 9.133552617814221
336 3.163195935474387
337 42.25119102610783
338 1.8621721878368924
339 6.25123100970418
340 10.199661736851079
341 1.97812568692519
342 2.872185913934355
343 81.63056701363756
344 5.69485494159119
345 12.584650652471403
346 3.6875577652683003
347 4.1352128655944504
348 2.9490905254265716
349 3.40451702767394
350 5.462690551188516
351 2.0821425867577337
352 1.8970298078136416
353 2.3770013502469935
354 3.5434778782970686
355 2.2522848733328673
356 5.040985866003885
357 2.7292641556201724
358 11.723709386397713
359 9.973749308364063
360 8.742991188976685
361 3.4714485149702368
362 3.8717021780459664
363 4.954220984135648
364 50.28704760674414
365 49.5468653496977
366 2.987615282898355
367 20.729642966872973
368 3.0817141874392453
369 8.528790830657938
370 41.72086071934238
371 2.5932532112701887
372 2.4233476437694046
373 78.44312674071814
374 42.31380033726411
375 21.121812739679136
376 2.524623209353464
377 8.208690140490198
378 2.3047960924726736
379 6.362030456135447
380 2.791547605324939
381 2.322177391262416
382 2.62265013937074
383 2.335573997438886
384 1.553679811909874
385 2.2554983445387418
386 2.907839692100655
387 2.2918422696936833
388 65.122663913007
389 4.122782446629143
390 3.1377256133898044
391 32.29761478550031
392 2.903283505457919
393 23.835198189266386
394 12.785882399388106
395 67.07846838505388
396 2.1392617775496854
397 60.14861534207303
398 1.9937146940988442
399 8.493794279360667
400 45.0474721816057
401 2.699521829576515
402 4.333154525829248
403 88.12860107866737
404 9.095630104116864
405 40.68380674097048
406 2.8148252365299666
407 6.32293038320074
408 1.7183070966893212
409 2.4714550437233633
410 5.930962059088044
411 2.114636035478825
412 2.5957574485500787
413 1.5873853145077486
414 2.6452658409764913
415 2.2455265574017176
416 4.171408994118604
417 2.8548345795056083
418 10.310227523681274
419 3.857802637676719
420 2.702239065582663
421 17.432961908839477
422 6.984749198701298
423 13.698895999644163
424 14.293133246121805
425 62.89827372708933
426 1.481311620689607
427 60.334836289401906
428 2.445203980157928
429 3.133633949309316
430 52.27480920009045
431 2.5000361064184893
432 3.68015902147366
433 51.508400433229625
434 42.32661783596698
435 87.4699630830359
436 2.9654610369528367
437 11.574051806074092
438 1.809639334312899
439 2.082733216126507
440 6.1895002591310675
441 2.4468265386892742
442 2.0297020291723036
443 1.858901805431378
444 2.9344018378258867
445 2.573394155683755
446 1.6486353370097513
447 2.114399487566887
448 8.738487493145392
449 2.151737154650768
450 2.309475840256974
451 39.396016989324245
452 7.31815679315245
453 22.491083328634595
454 11.442751173962582
455 65.16030442678112
456 1.6055043764330121
457 6.269053667368496
458 1.9622634269981771
459 3.945229160837794
460 30.93816712294737
461 2.1723528672579073
462 2.420686085099006
463 29.812408332857157
464 30.99675286063937
465 72.25568647493756
466 2.306611370659928
467 3.386973981134427
468 1.890367157053566
469 1.7847160749230553
470 2.275400447053283
471 2.3194170455900465
472 1.9533541592006705
473 1.7463520830715153
474 2.6146597207605535
475 1.5918245799472102
476 5.897287638859233
477 2.282719227054103
478 28.357651580335972
479 2.749976730305699
480 2.2598641699521282
481 17.018765397846714
482 3.361807043150148
483 4.1992138591651855
484 15.42059534780332
485 15.012630444937349
486 1.487906253013138
487 57.45370467845714
488 2.7804361456195443
489 3.224756925254116
490 19.673179979606445
491 2.6427515275839504
492 2.48796593191214
493 39.3535989742556
494 47.840680378458515
495 12.586639278128008
496 2.3163623534566358
497 13.696229216095354
498 2.381797491095397
499 2.843929963669284
500 2.4022652466336356
501 1.8167109187025836
502 2.308486659655659
503 2.2470807985915116
504 1.707863788847269
505 2.0563340453129295
506 4.803897124398978
507 1.9332585664011896
508 26.312898785571754
509 2.6197699092526583
510 2.6884975744384882
