evaluations raw_y
1 107.44969049098034
2 24.70762034197258
3 68.53685919634603
4 76.39863636335943
5 90.15509741552455
6 61.24192289352495
7 92.50042850495413
8 37.678882537414566
9 92.510594232811
10 82.24573011962613
11 69.11454636629759
12 93.31969139500411
13 96.16887995883559
14 58.370195465563185
15 71.48070825676375
16 74.28782114488335
17 41.53932213854582
18 55.51682889593614
19 82.17001047892506
20 67.05384807264605
21 68.51080995102157
22 57.57211446476923
23 100.41689730174858
24 47.91642262496654
25 53.869061711677524
26 56.87276151345141
27 34.16632976569033
28 52.93664117099006
29 65.26923038670547
30 50.22507353357674
31 82.23060288145798
32 64.18925064950582
33 51.95544313443133
34 49.90347781454006
35 78.98562010326897
36 74.77909847384447
37 55.73357536732724
38 77.34091028483459
39 69.64379302683162
40 74.05762897157024
41 60.911747785401786
42 54.257006261508046
43 80.52681141753185
44 34.44732256346888
45 86.7255938613537
46 53.57175122514773
47 68.11996624287201
48 62.65792187366785
49 52.52748433602949
50 49.53061836343106
51 101.61668150581069
52 71.67221051702
53 70.08419887914238
54 74.73868166820574
55 26.289483423286164
56 75.56949425194765
57 82.05686143958482
58 46.83166205499494
59 83.33411883807537
60 66.97331818360428
61 62.27649358007277
62 92.04107798259248
63 56.86622130828654
64 55.07004474039673
65 54.05207275599534
66 40.39417412324916
67 61.53641045828501
68 51.688029150334735
69 37.294579027300166
70 49.53859733314405
71 59.62088367621084
72 70.571654621694
73 66.41597312976572
74 63.52227276633383
75 50.301117807046715
76 55.60743180113077
77 79.7999391844592
78 41.59260788208796
79 78.22318926256767
80 61.71716125967435
81 37.86001034295597
82 56.50292954948442
83 53.5655305691708
84 70.80633654884396
85 56.987559321820974
86 71.42702503762486
87 33.21482847966405
88 69.14434516705424
89 60.654040982203554
90 68.14656316885231
91 44.306160365067
92 76.1208729250979
93 52.879454697799446
94 105.62171508936402
95 93.72839431927927
96 75.58961927797493
97 65.81268504977974
98 43.281727600637645
99 91.32846108386092
100 75.71238310189547
101 33.31494999378486
102 48.9100341268426
103 57.35361869410584
104 65.70359357720761
105 60.760221973783544
106 67.26034329420287
107 53.86953835699854
108 39.39361680817993
109 41.81452709861169
110 67.50897184748237
111 52.840880659639645
112 83.36433108565572
113 46.05967059331451
114 49.65955688632992
115 71.01038453101557
116 55.98298114892688
117 55.71941973446869
118 77.8605951493133
119 48.54025277218457
120 30.38210285981684
121 43.199161461290224
122 53.95826387825083
123 57.44948957447549
124 35.508559638517255
125 51.08234487889086
126 84.25173499009775
127 43.295167968217974
128 53.41404932184043
129 69.93883056042534
130 65.91213283565489
131 61.39992163590001
132 67.5756438826011
133 38.31557061323029
134 60.04943053958759
135 26.385777993790988
136 54.77684483927514
137 44.01504889348911
138 47.645281050400584
139 72.56132097325157
140 59.10021066251104
141 70.39370931952307
142 51.481942476926704
143 57.43895611745986
144 84.62483245371895
145 53.079112176909
146 30.3151475470075
147 74.45850068305025
148 37.5488984998557
149 45.94476440634959
150 55.58327566469923
151 70.75779538259619
152 36.903959931294665
153 58.55703391432644
154 43.827501224742754
155 34.883446579672025
156 60.482203079468846
157 50.295083181678265
158 55.7130401722129
159 64.76171574194288
160 68.14869377404587
161 32.04909280797721
162 66.1173179741921
163 69.16178338634583
164 51.16660702098802
165 65.80919323976866
166 19.369080711936384
167 34.50481088067151
168 47.11903935843214
169 53.351448284482395
170 47.67681399311074
171 46.43124693682353
172 51.1372129027633
173 67.39594072656107
174 56.97024106004676
175 68.73631690144029
176 77.40846474976101
177 37.0550254299534
178 54.67299228069772
179 54.87676784591995
180 74.1473343420351
181 51.109853254450286
182 48.73334730091535
183 68.53633209388941
184 33.32578188347058
185 57.46582199466802
186 79.99786669234666
187 52.865085134478136
188 43.730544074254944
189 83.04653713562885
190 59.84131224659867
191 73.88233711557157
192 56.23361015035978
193 58.87365310349703
194 30.70565763498247
195 62.43363215941342
196 42.58307465455907
197 63.3200733872183
198 19.872255934269166
199 38.63328232584243
200 53.81626734763344
201 65.08656773965544
202 53.98264566944174
203 46.4077818133264
204 40.75432153501501
205 58.381515805923485
206 41.83626509096439
207 61.50032932524643
208 64.86087701447266
209 73.85700091554337
210 54.46804946176738
211 94.94732657999522
212 75.03653356689223
213 40.89775195116145
214 42.76319848866395
215 82.92838423749713
216 31.07658231984526
217 62.845572004591816
218 75.59826687692515
219 42.44387644262173
220 49.999276809120644
221 65.7791760823484
222 68.60477815475004
223 39.30383052421129
224 58.62103511162132
225 72.28128212706208
226 66.59441803493613
227 49.08374229381402
228 52.93765286974027
229 58.88691619524562
230 46.37311135831736
231 30.04494170836562
232 55.39436279553503
233 73.33197995250443
234 52.24467769722981
235 62.363737826403835
236 47.809796953482135
237 59.66889564857502
238 46.649324586816
239 77.31504347987186
240 36.08457319863868
241 47.093431198785844
242 27.25461390745412
243 69.63151821446432
244 56.511264556159524
245 49.16279560317315
246 29.31348217870762
247 37.591769331182824
248 39.98709058667846
249 59.88773222809975
250 42.84278273974981
251 8.507055868069742
252 78.93462360452298
253 76.29656400734657
254 69.21501614141435
255 56.79545843591477
256 21.953037269950926
257 55.197908719378894
258 52.42946863270366
259 61.59508991986014
260 50.97768543148618
261 35.040147668798625
262 38.9495525149443
263 66.85562037659476
264 61.54497096036489
265 55.69256446464086
266 36.62025769639029
267 46.77983000907673
268 67.35824104951865
269 63.950696307638644
270 59.75268308165788
271 57.33760936999149
272 48.09858109542505
273 44.615447471100396
274 41.77288265718283
275 51.5711678656546
276 43.843547322542975
277 28.99686019118833
278 45.73034985469236
279 64.43904511444738
280 20.40514931386477
281 40.45068714170857
282 88.90550531713163
283 47.6912862010234
284 38.8543662827464
285 50.77262416000582
286 52.001085391991694
287 49.64896771297488
288 53.67183805152933
289 75.76874195294508
290 76.81900018614363
291 39.962625313761585
292 69.9065915612222
293 41.34325687682077
294 45.2269716199136
295 33.21821816569047
296 20.80519010959316
297 44.177371052829756
298 57.453950079699425
299 63.59709150726016
300 31.268630876511676
301 48.48742272603374
302 36.862207352397405
303 58.58441158308982
304 50.52792238646343
305 62.81974784967985
306 60.8941875172433
307 73.35580439307128
308 74.85538770528622
309 64.58687921066256
310 43.71974725168029
311 34.69434084488009
312 46.661805510281496
313 43.55245896305789
314 23.102532676209027
315 57.32009217450959
316 61.403871478711096
317 49.93503659321131
318 36.269736474536714
319 41.33167338854202
320 51.88102701321977
321 77.8481988317728
322 44.436408693819786
323 78.09479613151018
324 61.99598064990204
325 33.299907006470235
326 38.8915239398159
327 45.580847964223366
328 46.35234210174015
329 25.362044960585095
330 63.55369640631737
331 39.87646115253354
332 15.188052369653782
333 49.836706032816465
334 36.49769295155128
335 50.37439535241423
336 65.83036282986065
337 54.74768444378946
338 25.512926874666462
339 56.03440185695265
340 37.661074198923075
341 71.5213007071446
342 54.14986302925688
343 48.973501428393575
344 52.992366280514545
345 44.40124767416271
346 58.297380158257376
347 82.62993477552891
348 59.36211792524277
349 31.254101813208045
350 49.14790350585175
351 51.686968659331576
352 37.289797711942
353 39.17753778544622
354 49.0810636866745
355 45.91569868215814
356 61.74944774851539
357 68.69455065759345
358 37.764157656553756
359 60.23108131431248
360 64.67515056780275
361 29.085091430382302
362 12.44161432582019
363 25.530684355473902
364 52.38567261309889
365 33.270756470281924
366 77.17082624466121
367 57.825473527216836
368 44.36350353085854
369 57.21876973603784
370 45.21998335402813
371 72.53750952026854
372 50.612813744451685
373 48.64880799077223
374 34.84893559496375
375 40.547098597907805
376 61.879468232348614
377 50.339706869901256
378 70.47451442109114
379 25.03557895486245
380 51.69711149003409
381 44.73028434193461
382 25.72482357201141
383 72.50453192784055
384 69.8381516478613
385 39.63369836310938
386 51.13447496598913
387 56.98908206560617
388 51.351971042292114
389 31.907706335975845
390 54.612974919436446
391 61.03927405781093
392 60.52079066071886
393 52.94155847450595
394 56.60712383133095
395 76.17781418011322
396 25.561135196412266
397 48.04793088571104
398 62.3598326287999
399 43.18539429764423
400 41.92990948134099
401 41.48457762000388
402 79.49791180939428
403 63.603416620388906
404 57.81388084022433
405 40.736342987099185
406 28.9020746078677
407 37.58180943261929
408 53.0127038477826
409 57.54440732419093
410 22.844608930045535
411 33.68920658455919
412 73.22545812671012
413 47.48845026814468
414 68.27914984892513
415 39.69576175969928
416 51.69722578141331
417 47.50669779373551
418 65.32462424852513
419 33.12506810183662
420 24.03545510097712
421 33.80603304054479
422 68.48963509225734
423 27.916435859132662
424 44.596625245913714
425 40.54919199451142
426 48.038700102087596
427 33.64245411077508
428 28.289130527490208
429 55.92779355315371
430 64.00103751159092
431 42.16504822952542
432 30.56804841916163
433 69.83399986855872
434 50.7675735577075
435 61.49806115607754
436 41.37801042020329
437 29.313122817180158
438 54.53948564978268
439 54.949682952378936
440 48.87414758902088
441 34.12496068757829
442 79.35859625466124
443 35.91738764308903
444 49.69017010027874
445 68.35203847452816
446 28.39543881873637
447 47.17161713449505
448 37.22495625110811
449 49.60755554046863
450 33.25232573729012
451 37.70365496874378
452 42.69079439840221
453 38.490766932652335
454 44.855370104689776
455 64.71753889443632
456 53.550092025654436
457 40.97522874681445
458 69.6079468961745
459 51.00263543367682
460 57.744541986584395
461 53.50516948012928
462 76.45335756414305
463 25.878929841028146
464 82.07729794674506
465 60.30651144970227
466 58.2158479044116
467 34.31605282186156
468 41.40576789117175
469 54.45382996217519
470 80.10464177173378
471 46.158618216265694
472 39.90045427543335
473 68.4474761780375
474 61.56486438026617
475 64.04870051972769
476 45.407678594294254
477 51.84326768265815
478 58.578150902711684
479 60.0682138072705
480 29.06877108680373
481 39.24541748096792
482 40.24766759424229
483 46.51569989123742
484 22.214989163264242
485 31.79836494287037
486 37.68023294215071
487 44.72482466396394
488 51.74117327141328
489 37.733639374046845
490 66.06658431726314
491 81.92409932358375
492 33.80121964782259
493 40.09533051915743
494 50.89018087725036
495 43.26694703499015
496 36.15152116343468
497 50.061105109361876
498 57.27477758326736
499 55.73051792162029
500 39.400938608741306
501 34.8725494324334
502 53.9653902832885
503 39.19584293989179
504 28.129634478826247
evaluations raw_y
1 89.58158011385451
2 112.97686916173679
3 59.283311607657666
4 61.597459660603064
5 61.89574033583656
6 78.15526050858386
7 69.51310558130301
8 87.25212555184712
9 67.45357966797097
10 80.48899876605614
11 77.29784142013798
12 69.3946038164498
13 67.5397835341402
14 79.64220917615214
15 41.72973195745306
16 55.983807069946984
17 65.06496490035462
18 74.08280925996533
19 101.55871688920733
20 67.79593024050547
21 56.261265342084336
22 105.11316635547612
23 75.87303458041764
24 75.96887757136417
25 46.426271185613984
26 98.40355560650647
27 87.32788250694338
28 60.61854522560759
29 67.37695900372839
30 64.92705766434136
31 83.04467810210275
32 66.94529573157934
33 32.39017308024372
34 56.73580922562288
35 81.6006756150872
36 24.499106708597623
37 70.53540173412499
38 54.43619952020954
39 67.54678853041676
40 75.38750960439623
41 44.84710428275417
42 90.34002613523552
43 65.47902977451949
44 71.57183055788599
45 69.56505697015731
46 50.51459395208569
47 39.89281526304346
48 65.9049698579283
49 67.27804478309969
50 70.9532018215859
51 56.06022939294739
52 86.56513892407013
53 58.8675968733905
54 45.772139503461815
55 51.92985249166572
56 45.510204068173906
57 65.13438493173206
58 56.331796584204284
59 28.414592473506232
60 65.62844735493879
61 76.77955485495468
62 36.737991970002014
63 75.57600102550767
64 35.5519920151652
65 28.69579906447653
66 55.63255076955397
67 58.495055031075125
68 79.7201450505281
69 99.06246154529367
70 83.4447774481308
71 54.00954366249532
72 30.203485696535317
73 43.358974020963444
74 62.577207245441876
75 56.933441855470974
76 41.11854248767765
77 45.47520691146024
78 69.26705963039103
79 83.81811538747826
80 80.9985935676199
81 69.96795046934355
82 92.73797683732013
83 75.49147298635904
84 39.58657298338126
85 75.33480374452714
86 57.3343931078041
87 46.52332338763153
88 34.96512207365112
89 74.05867947017484
90 59.21840834361277
91 75.89460620840862
92 27.930641246551808
93 40.5148046242536
94 19.93641397376927
95 60.31158837123143
96 64.74071985755096
97 74.38341200753152
98 90.0489829312663
99 32.56210669859562
100 50.61586688837729
101 17.651987052610714
102 41.4175254181243
103 60.36991982833648
104 67.30830915641641
105 74.55797000186405
106 69.34839813263174
107 34.143427136759996
108 61.48368219464975
109 22.81014228832705
110 70.52923793242597
111 86.11490454384378
112 76.00341430951049
113 76.42834997379794
114 63.77482844766023
115 63.436786613224754
116 66.14947092163513
117 68.61887538680281
118 87.00606379318825
119 42.985072500097594
120 71.50280986637199
121 32.499002932494356
122 55.4100934361834
123 53.40676056007999
124 72.99370736924047
125 59.52020877471509
126 61.73204679629259
127 61.24457648953796
128 43.01585570031971
129 95.18265082911967
130 62.906322918837525
131 83.97583763374982
132 98.78870903663883
133 30.079988204640742
134 42.74119482475539
135 71.84400072911404
136 64.47150092799578
137 73.52874731334944
138 61.59064235084267
139 28.925926348814556
140 30.099363595701757
141 69.37426492954752
142 60.57695134194425
143 46.37926390120672
144 73.95568069493126
145 56.07993717712404
146 47.73392177318984
147 28.615762630917175
148 25.405427267540595
149 70.66998503908839
150 47.09429417865258
151 82.80430291356973
152 36.13486651005286
153 56.65948846897555
154 60.575218161254234
155 52.06357364599219
156 97.77754944789758
157 55.38348477390785
158 58.54215555809383
159 57.93386951107855
160 71.281945835015
161 80.1797298973521
162 49.22212349169665
163 48.692791505681534
164 75.74594074528919
165 38.365757743661106
166 59.21376034419974
167 75.90997120666738
168 65.00367855946753
169 47.06772308364774
170 58.38271288607286
171 74.80936865616104
172 63.157368025186784
173 74.55653928555844
174 35.74306109065245
175 50.16069046619572
176 50.509601481552465
177 20.95593009633344
178 64.2213482411876
179 49.801180294836364
180 22.120377632271566
181 28.801327187927367
182 47.04815093884021
183 78.93164072931849
184 65.3667262272874
185 34.78333891375518
186 74.28135880976893
187 42.03756018937232
188 38.21381688512109
189 58.61725827987611
190 48.82970329359254
191 29.991276905121147
192 55.10593593316101
193 57.11709497080525
194 48.66390462431899
195 51.79755400896804
196 55.195068554171996
197 19.26692603682799
198 52.590922080878656
199 48.498067041647225
200 37.90056993577447
201 52.551755361940586
202 38.702112293011474
203 50.8539980399321
204 42.91284235991198
205 62.58616732865467
206 49.29651660929312
207 39.919937901718505
208 52.29952091809947
209 62.04397528237884
210 60.82320311929105
211 41.938407786914524
212 71.74790088568362
213 31.009383475602753
214 52.07200129464835
215 51.17986525766318
216 70.38254528412483
217 46.15336803611484
218 7.817562318263711
219 70.71857215483007
220 48.37068532324319
221 37.978759167351576
222 69.27152721404231
223 86.7745838094119
224 47.85796114539971
225 58.24947429928738
226 38.99463675967374
227 67.10136192660426
228 53.873644020987776
229 65.18798529893589
230 51.25738139796587
231 39.80275975347777
232 48.50324275691082
233 78.18634946043193
234 24.4652279218992
235 38.78774984349111
236 68.42355421047264
237 62.520820035999805
238 70.16611671701003
239 24.386229200374956
240 69.20577157407702
241 43.14681890069157
242 54.43078849682159
243 55.22390197863987
244 38.02249015966865
245 70.58937404867206
246 32.03245744335745
247 42.495746132263726
248 31.841511473355744
249 33.50173591686759
250 70.52776982874781
251 20.782990881927887
252 52.28623167223344
253 33.7324714000729
254 50.437311441683704
255 48.29404232791375
256 67.690713366855
257 33.943724640871174
258 49.91527493713292
259 49.77522780976888
260 49.98151718176299
261 55.796885395990174
262 23.205655189588118
263 59.1239097914399
264 44.831622574242864
265 59.4789768492306
266 29.774841351600198
267 49.399173980069534
268 24.583451257197744
269 35.786407420642
270 50.13766801412422
271 56.368745435942465
272 38.903878549118275
273 29.203441439261702
274 63.16171763102015
275 33.24501180084675
276 50.19906596430755
277 25.463475103378435
278 56.18763434144523
279 59.54495526262817
280 64.60477941539004
281 32.832080857967476
282 16.073388615487822
283 41.90443440171259
284 48.46132985270725
285 30.42584165404905
286 36.97500354495203
287 46.770244437337105
288 55.832264266941564
289 44.32895551715979
290 35.48134572569923
291 38.59658926227242
292 51.493712989456796
293 43.20522857509472
294 26.61313928609367
295 25.23785777086694
296 50.50568601338021
297 9.537269005346658
298 61.60574431720396
299 57.68284743425585
300 50.48775098997769
301 56.47428311366441
302 52.52213595832036
303 26.74762393287213
304 50.729978032061204
305 31.95304863918423
306 54.920278592178846
307 49.89674148653313
308 60.0525782451921
309 61.38272140162721
310 56.95874904322589
311 65.65046356973919
312 54.40877160242306
313 69.8922884827975
314 51.24803885594226
315 46.481402087492846
316 44.94243411711717
317 60.42323398401864
318 50.889781950092555
319 39.6176714262767
320 23.786682942617823
321 23.202975710843475
322 21.67925573490496
323 48.380530336539096
324 58.54649345912226
325 51.22428714037234
326 34.03146538816959
327 61.91708519339604
328 34.025394294805075
329 42.86538136254899
330 58.60158876543282
331 49.60342779182268
332 42.96737570910691
333 67.80857455304752
334 60.77954429866706
335 26.30574132937459
336 37.18200524071865
337 23.3982170564139
338 57.3217254655414
339 76.92238144461608
340 49.093550476111794
341 23.47450469353099
342 52.188260466088636
343 50.829219102959755
344 32.13508158354442
345 59.90921023108468
346 53.5468872995688
347 61.63293217708734
348 75.3302875675709
349 45.38846779366399
350 58.8201908206873
351 58.272301634610216
352 50.48929707213028
353 57.03263090699734
354 16.349433827854696
355 56.17874630477741
356 72.29640481020166
357 41.4076667309646
358 53.03229729449755
359 73.74880957182224
360 59.53567374192026
361 76.97075712876978
362 53.295432071479496
363 68.9381448615639
364 52.35906522428875
365 55.991824551009074
366 58.69113816338799
367 67.219228267986
368 59.22814753724684
369 57.591392766891424
370 31.248721662196573
371 39.25970013182834
372 50.332135032582286
373 45.77317902830959
374 55.59028421350141
375 47.317818540071244
376 44.243234837735926
377 47.30428060939847
378 46.1914808481059
379 70.108894874601
380 37.71379540661757
381 53.95689628238729
382 32.85466457430061
383 42.6831107512724
384 54.34174344844892
385 56.00016131131837
386 35.53403975044382
387 31.645025486684105
388 42.20754071092236
389 46.43518635955319
390 54.99982051626481
391 48.3011457124671
392 30.51583394850701
393 62.39711744117055
394 47.48457813062136
395 41.24441906429445
396 54.06525081270109
397 49.44821778510629
398 76.12455434315058
399 43.465349814112486
400 51.003034821528104
401 38.743076069022436
402 45.05650032508948
403 16.452603621970013
404 50.66405890828844
405 56.92790431541185
406 60.03189210892273
407 59.7957965735317
408 55.49833809968806
409 45.473618487801474
410 56.958384618602174
411 60.301459522854614
412 63.44227087765561
413 58.54511860240222
414 27.74251659164255
415 72.70344022199015
416 76.43153415038898
417 39.3339453368267
418 67.45705271375634
419 56.956797023535856
420 28.80881130839159
421 59.20209254142413
422 52.59442411286306
423 34.37081494487121
424 10.832257565472482
425 59.14571275807658
426 43.24203104886836
427 66.27856042056624
428 47.492776574736546
429 38.32907262322902
430 70.75264486481962
431 62.17278444340037
432 66.82001447148917
433 65.02497218805416
434 47.347627578650574
435 72.0948213217446
436 43.085099084481676
437 55.39830998095733
438 54.26862081509978
439 55.95336898681386
440 63.80461995784966
441 45.57699303418776
442 44.86839727678885
443 56.82600769524289
444 53.01146214834912
445 33.42517100048531
446 61.38793674635741
447 69.29761735330604
448 70.52864198932025
449 18.87917066468669
450 31.77002689527361
451 56.29150915779235
452 87.22655937935279
453 38.30776440472788
454 48.98423346263992
455 49.66781778390111
456 50.58234510312266
457 15.579898782129774
458 53.66892632328604
459 46.939328177837844
460 29.400399183922428
461 52.663388593081216
462 23.625255991097497
463 85.9317659178314
464 52.555425929127594
465 42.7021650895832
466 25.029071954693574
467 60.19277453420504
468 49.025354456312485
469 51.56950271049454
470 69.71848135503457
471 42.26990175552401
472 35.7427746131321
473 73.84609194734283
474 35.923797614243846
475 39.85363074654089
476 46.56769460974981
477 46.13699420896845
478 66.22153597013131
479 42.42694625527854
480 84.1508464422985
481 65.78491296612292
482 62.680470789063854
483 70.83630519187655
484 30.000346137558058
485 26.495374566217663
486 62.73163895305814
487 65.98364541202164
488 56.647766824369384
489 80.20173963105614
490 49.09561637080086
491 49.636692215515744
492 51.40682847970627
493 55.43328299063277
494 64.79397123406525
495 53.388199722928036
496 30.938422933185247
497 61.890507452707624
498 46.22932926452906
499 58.13467008605541
500 50.20976498999727
501 62.40745586760741
502 49.12568404409847
503 69.70452147404599
504 60.34662156445885
evaluations raw_y
1 65.56441569717143
2 73.05700767456295
3 63.844505136473856
4 18.883584648894765
5 73.34028611582065
6 94.5652412610506
7 97.73642671699938
8 44.05625342107538
9 101.50285704015874
10 74.20276071955864
11 78.60251712272526
12 72.47970921718932
13 68.37168113118389
14 67.31573468184686
15 44.2658317256183
16 79.96623612694896
17 56.39023111753608
18 91.07661302875306
19 34.731163199304
20 69.71369012015997
21 39.71253184234828
22 30.273879351271436
23 82.51591140133934
24 58.975793394159396
25 46.67132564371964
26 80.68940455701065
27 75.15881950066664
28 93.12127038244161
29 83.87603234835319
30 60.05005779026553
31 73.58981387527973
32 88.58643586908687
33 60.17476908609655
34 65.35929674940492
35 47.92226746729325
36 37.98813777872264
37 68.79832643162514
38 58.87701892670079
39 65.93824641102644
40 87.9773178989494
41 60.976796910693345
42 92.80867328415103
43 88.84040008924849
44 54.73231141244621
45 54.172922805332945
46 84.18532061880174
47 92.5825107603499
48 64.7718636721198
49 67.08471891341016
50 88.64604413444988
51 82.76969160581754
52 75.60075659459137
53 77.00417997153659
54 72.7943428685154
55 60.86159845492213
56 73.22710974071532
57 85.12372079579278
58 40.75169850452396
59 79.05723067723198
60 83.49094335612178
61 58.033034867536074
62 63.81174353524698
63 80.83456677959671
64 73.5635326878615
65 52.965193494219136
66 31.722153558123054
67 57.62540196708498
68 57.959611905859106
69 66.43320439014731
70 60.98957960287143
71 56.990248624513185
72 83.25692914514678
73 36.17408428718357
74 55.834480139004114
75 101.31038867312796
76 59.69857559697114
77 92.60923267126842
78 48.55851182223866
79 82.23706761571472
80 82.3734314878211
81 68.03525297701282
82 71.93270600979758
83 58.34734376748785
84 92.52221742133469
85 88.16523987095641
86 73.81096710206972
87 63.589582398048535
88 36.6770887620091
89 39.435561648270976
90 86.56742197602375
91 65.87710675997285
92 58.22362436044378
93 93.65380933344562
94 84.45549708024842
95 63.6437597546271
96 113.72565246646808
97 89.55378081896183
98 32.47607508900715
99 125.86746436506553
100 37.28985659050386
101 62.02888098586038
102 69.70581456236246
103 80.34317527179343
104 96.95608018415157
105 68.73710538741969
106 75.87015275425405
107 72.60285381246979
108 66.09736964177857
109 66.95240012516996
110 43.31792197058035
111 71.68831972837765
112 53.822051517520265
113 90.60019786432487
114 76.86663198764501
115 61.67550891650925
116 69.28893144263355
117 78.39373139158923
118 81.63926873256099
119 79.19940108154687
120 77.58558317704357
121 73.27768304371426
122 89.13197785834991
123 53.86881007699917
124 98.24865737894504
125 70.38636495075454
126 95.37807567359926
127 51.685667566760884
128 85.6640316388556
129 103.52900908949019
130 65.75996934866515
131 70.28122507847652
132 89.17589977057854
133 70.65879885492294
134 59.34800920738296
135 65.58154041986903
136 52.21910628550283
137 64.28836706180145
138 73.98999191990292
139 36.44337781830974
140 76.66501123042384
141 70.66196624805926
142 102.63164016269934
143 111.80008215197273
144 65.14987142922452
145 100.95513076045458
146 60.601900134694546
147 77.80911015982281
148 109.95708058756992
149 97.50998026082704
150 46.376419062485375
151 82.0324913539483
152 71.13712044530942
153 69.36291242129948
154 69.6446613344378
155 80.83942965652915
156 52.017621267283886
157 96.16534534912373
158 89.86150256740046
159 73.78789826046301
160 69.92742604748514
161 66.71176833903525
162 61.923630100085994
163 64.29093574412803
164 100.2123981784492
165 60.52205583215799
166 77.87074054284949
167 79.59807047750618
168 54.92275309490195
169 66.37134735063785
170 84.3507026601728
171 37.3185358132394
172 58.60110276821432
173 31.18955203138527
174 69.68893054770936
175 60.616411110320726
176 69.79231575529509
177 97.30193155715645
178 56.019724771181636
179 79.28038355577257
180 82.64937247722352
181 61.53759411162864
182 64.64386372710463
183 48.521632811978364
184 69.80682730260625
185 59.23231056002776
186 68.60614211531055
187 56.96488920140899
188 93.33059619477977
189 74.61748412131861
190 84.18066565131757
191 55.167308012854534
192 53.94368451175766
193 36.956032628809986
194 76.63641443195895
195 52.702152790663646
196 67.76257591537319
197 93.65593693249028
198 33.71824166173799
199 71.34750683796807
200 67.3946587073833
201 63.13187250494339
202 61.36189721568478
203 29.9422196629058
204 70.3573476772587
205 78.69679880436769
206 61.90403605696132
207 49.853353479799566
208 67.06717618868407
209 36.72569788777535
210 78.94510395989893
211 59.414650311297315
212 42.405425612033206
213 58.05803318928991
214 68.04572151692749
215 88.98581339978722
216 42.423919329989424
217 47.32360216298489
218 39.188165276071175
219 62.35478859243066
220 29.992731874386017
221 42.91759704080796
222 53.16581371681763
223 39.328883689502206
224 62.1176018657127
225 70.25898830673995
226 65.12469784525996
227 77.83906807010393
228 72.9474590963166
229 86.79776801039706
230 70.66888503108633
231 53.299064967393576
232 55.55574173133512
233 55.547353951655644
234 91.79655271642015
235 78.30908911559557
236 56.36412433810929
237 71.25274268866391
238 54.80870947332962
239 56.96720061806844
240 80.43040010785101
241 71.9419797856763
242 84.93114062299571
243 81.85216239077374
244 91.54468269735912
245 46.06825822764608
246 37.05548956282257
247 70.99727312155784
248 73.65618012193892
249 71.42508647181398
250 36.833973893079836
251 67.99564253136234
252 59.4421082275936
253 74.07188276595134
254 67.80703714968573
255 74.3672605951123
256 37.76151095376027
257 53.63276127893697
258 48.122139599962516
259 65.33102140999463
260 59.000979416962934
261 63.80451964012869
262 54.51920193009948
263 75.86382467306689
264 51.5016458644921
265 42.66640847704395
266 40.87973202493457
267 79.33528178737976
268 43.93867716120744
269 72.95414932950565
270 61.46742565024837
271 78.19463721743901
272 67.83969284231651
273 51.51670150176198
274 71.75269162961828
275 61.45182068520867
276 81.99852816915666
277 84.22198989549244
278 59.834829498318186
279 51.94132527361169
280 85.51554655054883
281 73.18826605933675
282 63.121300867240976
283 63.32403880107221
284 69.77692377360644
285 74.7182007019203
286 74.992386530157
287 54.60921694547519
288 48.37885471139877
289 82.49768142052352
290 74.71598061275922
291 87.61198707712244
292 54.509121127547154
293 62.06258749506061
294 40.03296060209307
295 53.20330892942682
296 66.80529735895986
297 63.62428363285486
298 73.56154023330365
299 61.39091167865712
300 85.69059758045861
301 68.25376993904419
302 67.66081216756885
303 67.98995179053213
304 65.16876255673658
305 70.72265955164897
306 40.048267810543514
307 85.27375559740597
308 55.4315572238786
309 53.255792569104614
310 48.632344410505944
311 86.82032535239998
312 49.65761425331043
313 51.354077420914976
314 60.708728735241706
315 69.69037973558706
316 60.326469343958244
317 31.55458695793353
318 74.99242911609316
319 44.6352191719591
320 41.22591526510895
321 81.44168167681514
322 104.5450972339195
323 72.48641666303024
324 46.64098466358667
325 86.67469406145308
326 76.91833277371309
327 59.02008972655479
328 72.29211551585624
329 68.52410096271363
330 65.88315474631625
331 66.26594452365394
332 91.09748446062156
333 73.69975603858074
334 57.53219644070356
335 70.33625966195542
336 56.852519346156804
337 67.24668115921745
338 45.23874154255486
339 81.9379874701289
340 82.52193674025261
341 65.40490775486288
342 69.05751749172678
343 71.11691999763642
344 32.772835894842714
345 58.30579209441889
346 97.22230649739717
347 46.59355863702093
348 67.53156668583773
349 59.69018193304722
350 40.88778861721443
351 76.4194688594122
352 62.79656290304389
353 51.9609984106942
354 97.3237476080274
355 40.17762885711697
356 60.396677787471546
357 41.19389149518491
358 56.465408863524374
359 76.40699613422491
360 102.84328395326592
361 49.4431383423736
362 70.79023671306012
363 55.816727300476806
364 75.27691147615164
365 58.10591170246584
366 37.23573593978144
367 57.817075353195506
368 36.03683458469946
369 82.54079050583574
370 28.22209164157396
371 67.03625472884076
372 52.491524044517696
373 47.832215561158655
374 88.39539802377504
375 73.8846107551342
376 83.15586032405719
377 97.76036031519938
378 79.36889832223842
379 75.63084451113227
380 88.70316036658653
381 53.74264246168978
382 58.732307866868574
383 81.28872816966972
384 92.04933942487416
385 38.52561790167107
386 101.53895327095961
387 43.61994751837432
388 84.697834354625
389 57.60867650598962
390 81.47766962890591
391 32.93256299080301
392 62.347938554682415
393 50.332573840072996
394 65.22945304850415
395 63.27430001424126
396 56.09885814934902
397 31.934446846740506
398 23.88826317209125
399 35.08440495267506
400 35.97639079617409
401 36.200056398533256
402 52.151240103450746
403 64.01234042917419
404 50.95760021444727
405 68.9995621192664
406 90.13342157772922
407 74.03000021347384
408 62.99509969474265
409 61.6357094255343
410 61.7142752834883
411 45.71036455109745
412 49.88357061246144
413 90.47407289690149
414 76.66120908966005
415 38.35488630342476
416 77.89370762903079
417 37.46760779767936
418 60.54493024602864
419 67.74739421518922
420 31.46160209851396
421 68.032834082205
422 51.761429878433965
423 76.66181248701783
424 65.59967883012388
425 43.20140714409879
426 41.96141050697199
427 69.14355040091048
428 37.23293905712745
429 17.219965090892188
430 66.81712971923734
431 84.15383640737555
432 52.56868507001888
433 66.50762495286375
434 94.86770703803111
435 83.61356946296131
436 72.83525596240771
437 96.09321608234022
438 77.1828733891688
439 70.92921235126066
440 53.4657488238849
441 44.122622167063724
442 30.638443895107137
443 36.5939801214979
444 85.74767299805964
445 80.1787617312082
446 51.38244247426272
447 45.91556059523632
448 79.89691887405932
449 65.12788520820021
450 57.7575073889377
451 69.3459027544884
452 55.50803804153571
453 57.93383284575284
454 73.50694730243738
455 39.83735465919879
456 52.115522908252004
457 51.770216951645565
458 61.07155240078552
459 82.91046777554796
460 55.73014650394091
461 80.41469509930272
462 67.46570679403789
463 61.932656849711464
464 39.23925482558393
465 75.8638059255835
466 53.56035650320955
467 64.57354333541755
468 31.400442713687653
469 88.31581696834488
470 56.23377957270148
471 86.08012487010113
472 70.25003698241784
473 59.79779154499298
474 68.59055101451894
475 69.84392251422713
476 38.62952039722958
477 47.99602692968901
478 59.232364706000624
479 46.07193593571182
480 48.46590125056632
481 86.34417100833582
482 70.14180373067276
483 56.380812541298326
484 70.17498891585468
485 65.62899850395421
486 45.764164240549555
487 87.83600057340354
488 93.8100758375419
489 95.60443410733674
490 68.13604868044504
491 41.87112127872243
492 76.28616133832111
493 74.39027626365032
494 45.23233082390684
495 50.726514236502304
496 43.51748977739925
497 36.809965883712366
498 69.35647624120234
499 58.27287363549735
500 68.16094703417306
501 37.945420989624594
502 49.774456505832894
503 44.34086333297961
504 53.64547315642318
evaluations raw_y
1 85.81340757237584
2 64.1716970962121
3 108.31075251877894
4 47.80476856575341
5 54.20021962873693
6 62.747851734976386
7 69.97484379906476
8 72.26122909253085
9 67.01992919623613
10 58.772611658076286
11 118.50565747384252
12 51.09014014598079
13 83.02546949764717
14 120.8958283970644
15 58.91470043761679
16 71.23526304584851
17 70.69007488453026
18 117.83040783878113
19 48.306799988389
20 84.79775734959682
21 52.64656295611792
22 77.87843543763888
23 59.589147401938135
24 82.24695583216736
25 63.01094788610132
26 43.82181155858726
27 56.950333668343355
28 84.18874085560495
29 52.1710627285035
30 69.30705634912475
31 51.436482271139404
32 64.67804846570057
33 63.978860974272756
34 108.04157801056303
35 76.85543740257054
36 69.83730873045917
37 73.83313977222602
38 97.60774733618986
39 74.68163107564726
40 84.39046680414728
41 58.645231994639886
42 72.98993166950943
43 87.28645017276905
44 60.70207709046521
45 53.20434845020499
46 68.76993970050142
47 128.93915143999482
48 46.02415718943101
49 97.44218027448855
50 65.42879659082665
51 70.25308594773252
52 56.67346506251197
53 59.94440881848007
54 67.27410934706359
55 78.28208031566024
56 88.49763893666966
57 46.4844492408604
58 74.661462262211
59 70.27920141392491
60 71.69719938889268
61 54.83065511723173
62 41.622093298360554
63 72.09902991396815
64 75.06872413890065
65 67.05159033869154
66 62.225030959106356
67 78.01863894758002
68 47.66286749043669
69 81.8650057140417
70 76.22816167063182
71 77.98449918336121
72 75.58260680412215
73 26.612520734955172
74 35.46482768975156
75 68.25509682949853
76 74.72819890281706
77 95.97404112886166
78 71.29778657660097
79 49.42368648304701
80 82.01149767970574
81 51.56590621059529
82 71.16817825627442
83 89.50805842962649
84 50.69629376203646
85 67.04524018432195
86 81.93775514111832
87 70.57077764797396
88 80.03915206820228
89 58.78945183472358
90 49.24043072386286
91 58.19806091624864
92 57.206131352308645
93 52.474496597560545
94 27.618001583620092
95 45.157592699842205
96 56.91494904799936
97 55.47189237247073
98 43.77133487826646
99 84.55870007146545
100 36.29410813228902
101 46.04137784605041
102 47.25934166877151
103 54.51375968012794
104 44.78500667078202
105 58.01041714949888
106 45.5318180263241
107 69.67614902123047
108 86.52761346896033
109 66.06878956953373
110 58.58063678541383
111 33.64048850020485
112 83.8539028699435
113 68.39644257287978
114 70.06894655871805
115 36.751226087578985
116 47.03733701451796
117 56.99343875613823
118 70.059721785052
119 26.869208893780126
120 13.730085250346427
121 38.535953162567324
122 66.832064582784
123 47.30595384570538
124 75.05658715322718
125 71.08942527057378
126 27.82916280485192
127 59.72764871068509
128 54.14577658945389
129 48.0225638599989
130 50.492768292463325
131 44.391649583556685
132 55.570833380253596
133 62.91826942221742
134 83.65679469982531
135 67.30776672044348
136 61.236044778500286
137 87.85435299311897
138 74.80015904175987
139 73.34765682770814
140 63.161650124394185
141 78.3862340919987
142 68.90357952944498
143 39.018184888207315
144 37.29898585339182
145 61.616043774203696
146 55.044930736440335
147 51.70951829414552
148 55.967706296634844
149 37.05850495910777
150 66.15084032557664
151 56.82679760695619
152 67.2973155298748
153 50.66505951056165
154 32.24906151595456
155 72.74140052663631
156 61.22472901593226
157 50.17555064095544
158 82.39331850283355
159 66.060691100862
160 47.323936347336755
161 45.380761149739556
162 34.91610235004719
163 75.0541165591475
164 49.728778663608324
165 74.02495765101443
166 68.95187359221718
167 89.22465972848747
168 64.41806755531185
169 66.62192510338396
170 65.45640588437551
171 57.64652422450714
172 46.702138720326
173 50.6979879281591
174 39.026564684538826
175 67.17658761428589
176 46.600724292482624
177 66.7705479864706
178 57.29813336986793
179 68.80303780696825
180 80.97513980347168
181 70.76990667873918
182 34.16457585534471
183 55.952930797601375
184 44.503726497734995
185 53.89758448501379
186 64.71396836436104
187 79.19615190906406
188 50.77442402887063
189 89.71698068856747
190 40.37962385877533
191 44.68089269177007
192 26.887430908714922
193 81.85796204063502
194 69.46067475948746
195 47.55380291307022
196 80.43063141296274
197 62.45552278132986
198 28.433715160614454
199 78.43949443914155
200 84.29113836622194
201 93.72812884272311
202 91.21601731111144
203 70.4329225202851
204 43.42613727755837
205 80.63538451524806
206 59.671834956613814
207 51.52127956377508
208 63.62521309704477
209 61.87050328318158
210 40.627122870742866
211 70.24867149353298
212 62.70308033905343
213 43.484970442507205
214 68.38149352032956
215 51.45310475596978
216 51.49965485249915
217 48.953458142746
218 52.44673047545581
219 54.653778764668864
220 49.81521367932306
221 52.410386554787664
222 83.9415684613106
223 81.3489885756685
224 61.543162245629304
225 33.07746453173138
226 60.543896622693936
227 39.70189913492486
228 67.82382272877393
229 84.57362460054108
230 59.32739910422383
231 35.04241259974283
232 20.176185291347206
233 93.49744973558279
234 97.25560731394592
235 58.256549516140254
236 70.82514701694446
237 61.534539473114194
238 55.92575048015085
239 34.00110852198544
240 71.30715500533098
241 46.842145679433116
242 74.96402577438337
243 58.7293662173429
244 73.86487598600013
245 71.4592093768104
246 17.135411156237986
247 84.4144533516621
248 35.86234071808668
249 62.35450445348873
250 61.86724922139287
251 71.50348292303893
252 48.611146150265256
253 50.85714887614337
254 77.75774934613462
255 53.298020451539465
256 68.02022060146354
257 100.68981910657844
258 66.15680522496267
259 74.96567522966112
260 50.62790108044928
261 59.967643562891084
262 79.85115825489929
263 77.23215403139707
264 73.91135816545024
265 48.5732784162549
266 62.22681775391445
267 93.50857774531164
268 67.15137219764267
269 33.03758302664258
270 89.44072316840229
271 73.60164444125559
272 45.27365708363388
273 93.10948158231233
274 35.88874661973082
275 49.8780863980578
276 39.44491134364331
277 58.45438510897092
278 69.66999079063288
279 61.3371520635742
280 81.70496601085134
281 80.89536010712231
282 58.01272369867006
283 67.0276786459326
284 89.53446325967613
285 51.398592318082976
286 74.00671146071195
287 64.29897270339659
288 54.399017629839584
289 40.24832187645183
290 60.74600676049334
291 56.76350109468713
292 76.50360195967104
293 81.0804296185276
294 45.194621679362456
295 91.4358841617311
296 88.55396041693612
297 73.44776652046355
298 127.03811622535873
299 75.065759682217
300 76.87889058571727
301 80.40874117442074
302 25.647123279626584
303 84.74184069636581
304 69.4905224807556
305 82.28633925352203
306 88.06945846229615
307 96.00340478162808
308 74.69641048057622
309 52.47355660640344
310 64.7470165531433
311 77.98928186817051
312 69.65655638633307
313 70.567725539071
314 58.95512187490955
315 82.9576844308224
316 69.7467881374985
317 60.54017393656274
318 84.79901989174897
319 34.64386869182259
320 82.07174272550483
321 64.43460482313132
322 64.78892032898953
323 46.394780666121434
324 68.85213975443459
325 50.48601186634361
326 76.17345142914452
327 103.42682196059958
328 55.29873957989653
329 78.46410140779577
330 54.55958844222265
331 85.5623265588522
332 59.47772312950599
333 80.09857758770703
334 57.739241813331105
335 57.91213628908484
336 94.38456274302035
337 47.70184695265348
338 66.34810898162365
339 44.17744546148885
340 102.68848827505578
341 69.22645394576972
342 63.543998286953794
343 100.37952830237433
344 69.08536211140847
345 99.05808084202457
346 65.49010801542727
347 76.20728349854139
348 85.74208286228146
349 83.22704520514972
350 97.68232594962271
351 64.93743759347467
352 68.8674484901389
353 31.96305186406058
354 59.5369336819974
355 64.53428652156286
356 64.50139112822063
357 51.2056606656373
358 66.67549022878484
359 86.10514376801463
360 85.0812077166375
361 63.215697001348296
362 80.15869632042507
363 67.4387071576723
364 68.30410913531935
365 52.80231230264751
366 76.80764748787666
367 57.47848755673738
368 91.48230024620445
369 69.97442963789277
370 48.240197179716624
371 51.7508037514178
372 95.47691182577897
373 92.88416326130091
374 88.36900773332864
375 79.68705604455593
376 57.62826277832252
377 82.71798196025259
378 69.69489634233136
379 55.010283944316114
380 90.41774198230635
381 60.33854849090265
382 98.32749379090774
383 70.307064470804
384 67.61475786236872
385 54.48973946998064
386 77.71102208818772
387 70.55091371331885
388 81.94376263767882
389 80.66498566744042
390 68.74405402959218
391 56.42706657929108
392 42.145194684505775
393 51.400936660176946
394 63.05242810572572
395 61.589621970936804
396 58.667765517242884
397 62.43980170221684
398 69.59942860929664
399 52.277786929053775
400 47.025945238577066
401 73.80156801885981
402 55.17985919618856
403 55.28232043101927
404 81.24200435916052
405 82.4885488204969
406 60.656560606422474
407 51.58957888738678
408 69.25833252753849
409 69.10489515413198
410 72.20822695983597
411 73.57264705852964
412 83.74148896573764
413 74.15380606285774
414 48.6804557699269
415 71.57641099354669
416 95.16338929536289
417 78.11254093829164
418 41.197693785402215
419 65.79395636121649
420 83.73450647844216
421 77.33527957963412
422 92.30204852975041
423 94.37491101168689
424 85.68823348417656
425 59.66273577055318
426 91.77656135973788
427 77.91698538315674
428 61.70709536592426
429 50.157059911276136
430 80.81544773218891
431 97.92530908374762
432 29.52991441541056
433 91.9487443276897
434 102.94236690602247
435 67.57231392401468
436 84.40066129177961
437 49.58836828022766
438 63.06835991245927
439 60.601956209712085
440 90.60246596888976
441 59.24225719908359
442 68.33910936609345
443 102.4808834384536
444 87.36815204469576
445 55.15703313959446
446 95.32181554273704
447 81.95759094054729
448 103.42430436750227
449 52.85412376303889
450 73.86622291154187
451 58.70529220834845
452 55.269587601727146
453 88.84516675989131
454 64.86421261900097
455 56.56996327704315
456 48.90860973639311
457 51.96118885847424
458 32.836022787939356
459 58.626135823470705
460 69.27732584418396
461 75.41694568814465
462 71.57003283351156
463 73.8264122315459
464 51.007926814413665
465 54.72412846633827
466 70.47325358285113
467 70.52632439472757
468 45.26443758520491
469 68.41887267898049
470 66.99776505121373
471 80.21543064684538
472 115.43135106834124
473 74.76654090015441
474 85.1067955160219
475 74.73658449542044
476 92.62940004491259
477 51.222288344861035
478 56.97976865095298
479 81.54662638120402
480 86.48604641867414
481 89.1110301378942
482 106.54274453995367
483 64.56103108806246
484 111.63714275134612
485 89.24020183823356
486 63.70526448546871
487 48.20419690738241
488 44.3957687703322
489 93.4935399824244
490 72.92254445648666
491 98.87424673563265
492 62.72931720160881
493 41.14975927182264
494 95.45140695735645
495 78.08148978728727
496 67.82106410781161
497 55.77323912201832
498 62.30037323458525
499 85.48664954881748
500 81.14002001621594
501 79.6527094924802
502 92.42660478181418
503 30.94965216359953
504 70.70096975436775
evaluations raw_y
1 35.120017719205656
2 96.14705562916892
3 87.32248659313711
4 85.00099041642703
5 61.83844538999968
6 85.10203413429235
7 64.80472597207091
8 84.59644527841623
9 69.84745611549934
10 46.10371059185344
11 61.515243236790425
12 68.45036169155193
13 56.69869342536997
14 58.6045914225608
15 69.58953030264095
16 63.04183693387856
17 77.72955514604638
18 83.73650284273606
19 56.22825664155197
20 33.48333149272682
21 72.8639522767979
22 42.11391333749105
23 59.227654961203605
24 76.09697562046978
25 57.817898670213715
26 62.46028132496694
27 81.09714906013022
28 41.75269004890081
29 68.99358681595794
30 72.70316807097895
31 87.0905030324582
32 33.26539245142396
33 78.85721620350253
34 63.30818198300473
35 79.29267551431559
36 80.15283464552849
37 50.426418197269214
38 49.58441748794835
39 96.4340241272876
40 56.9631341410118
41 76.18806420760407
42 47.79030926707375
43 78.39253756333919
44 55.30743459586345
45 44.728000819964635
46 66.65249194246515
47 70.84693751399273
48 58.38448380478053
49 76.29097746341932
50 75.16082478490327
51 58.401294511585576
52 41.91602316109039
53 33.66761658813563
54 70.575216003553
55 43.67032604036369
56 47.36837511967665
57 72.84222929648027
58 87.1023116224599
59 65.10903502667227
60 58.71642086849586
61 35.38232824559033
62 36.6069492750772
63 70.80652727272403
64 45.528444940213376
65 70.4492958187251
66 52.42644639525242
67 53.895505977914496
68 59.08418028399656
69 42.53997555294659
70 55.828329019428026
71 39.94921777370391
72 54.25314848296098
73 67.2363785108856
74 36.05718848224244
75 70.922164111543
76 29.71759067071203
77 48.228356147625306
78 70.39158547408393
79 83.9032754676728
80 57.34418417090526
81 66.58448967613566
82 75.76217319246913
83 67.1306218111952
84 45.99013030877717
85 59.115798708146485
86 44.70798239102251
87 64.37825874978196
88 46.70557455850164
89 57.370370220127455
90 83.01383092391461
91 69.62565940392346
92 74.72448914893172
93 44.614173438957025
94 57.66371465720661
95 50.983778759962135
96 59.9505394490451
97 66.92974707248078
98 54.87331272288077
99 72.60893250053611
100 25.414970197456263
101 52.141923989252646
102 65.26817641444666
103 51.68177398133343
104 58.253013395623725
105 33.185562197404224
106 79.25050772167693
107 47.313875470724184
108 46.785824482798226
109 42.111755909094526
110 56.19716218325899
111 47.67192991008799
112 39.5505941261373
113 24.16800152775807
114 70.79492151232787
115 54.48849061677445
116 60.349971113088735
117 64.14706999410771
118 36.359420988693046
119 59.096791623036665
120 56.40589050272164
121 57.56377997785445
122 42.84148353858641
123 29.701038032801222
124 56.995964655792584
125 90.68950245743807
126 54.18529943966101
127 60.10279142849298
128 60.92315814512459
129 21.262176639076532
130 49.85502322428358
131 52.17250659856046
132 45.84879029664549
133 49.09690040211274
134 71.81002274369921
135 29.046460103096102
136 13.140392016919954
137 55.99069578809193
138 77.58420391288391
139 42.01189693767031
140 61.90360272585197
141 71.82322034203006
142 42.088245261846865
143 53.276552697159204
144 62.034227421582806
145 46.8386268321433
146 57.27406019675029
147 49.698549436995975
148 55.64216149579883
149 61.551806136491194
150 36.40396209767621
151 66.62031348695261
152 91.04414177829511
153 68.37594630053641
154 72.2945591834714
155 58.03985394962513
156 61.02198890565636
157 47.57069533809843
158 46.9287106777119
159 61.87413792509874
160 47.0419405698986
161 36.496898340491555
162 68.87910822757217
163 53.549940787316636
164 33.66888064221158
165 53.42535710410356
166 42.806170422301065
167 47.99806334538053
168 46.99467526348137
169 51.562074444901214
170 39.066895677626306
171 60.13969552206447
172 46.32973614223868
173 65.79510336787035
174 50.12169511389463
175 17.550847166850005
176 46.49290130484584
177 52.862370461926545
178 57.419686666825726
179 61.55737363808351
180 73.42097476787379
181 78.0692855777782
182 77.15379739778423
183 54.125256225460426
184 61.43507861705141
185 68.88269989331516
186 20.635982490523737
187 49.4329960279114
188 48.383561062429095
189 62.86612360067677
190 60.477881369391
191 68.56876567635709
192 85.42531206350048
193 58.581999915256894
194 47.485480371445995
195 23.75661114892813
196 48.84353014223866
197 41.67790049280862
198 46.48730005403736
199 46.10862689709239
200 64.64374810833742
201 42.68683653109238
202 23.57855117046922
203 50.083662853552454
204 55.8636001226276
205 52.25916547092837
206 40.98223152610537
207 52.462566784174484
208 41.05189557993417
209 55.443806318468674
210 38.71981058231367
211 60.948354898322975
212 61.757605024096144
213 61.416045208604324
214 71.16341243990298
215 53.74014148982509
216 39.186162489964445
217 48.302968121799594
218 76.4959517291923
219 70.44287893674189
220 52.77360965734945
221 71.19605472614991
222 75.49744536335481
223 38.89399335805207
224 80.16315579146026
225 35.18037325041371
226 56.71231109548309
227 34.36783206249657
228 51.455735535235895
229 57.4702640896506
230 81.28382908903072
231 50.14193818537953
232 37.76848798522992
233 64.24514234112998
234 46.25384432480932
235 41.50942342745746
236 59.755986342719176
237 28.645957544311404
238 54.15010995324634
239 43.130501453526506
240 40.377669082833386
241 29.255587125130457
242 36.527201306875476
243 64.71408575283999
244 33.75205179944606
245 45.98664949782402
246 46.43104493705429
247 79.30559072944676
248 42.33137299127792
249 68.22235993866197
250 32.196540882048964
251 96.42432758920422
252 30.354635488137177
253 61.43768361760631
254 62.27220384437341
255 61.51744255504423
256 54.38059804194873
257 69.65073303430877
258 44.93691786633276
259 50.83427399186822
260 35.87726559842126
261 41.8511760724933
262 63.43320009155266
263 45.99980391166904
264 52.03491707106828
265 59.928790957663935
266 70.14902120456715
267 79.61595924807827
268 64.54246567344839
269 57.44935037086698
270 87.63121883905993
271 57.712631420600275
272 45.389491275306746
273 33.92338285386837
274 50.753205018464506
275 69.28579434646373
276 19.147729341008777
277 56.49140202183413
278 39.048298893410156
279 54.084683712313655
280 56.572789104132944
281 56.296958958729086
282 48.09504613547779
283 60.813028198149304
284 49.69688913965513
285 49.757422276675946
286 45.634715649500684
287 80.19064156869143
288 45.10322035621543
289 63.81017122533456
290 64.55250375629006
291 68.65139741212931
292 35.96769458360765
293 69.75504813530446
294 43.70894526213057
295 64.98050267306589
296 56.753244505879486
297 54.680885488247505
298 47.90951775178489
299 65.08059064834903
300 72.50728513921959
301 50.54422647803416
302 61.44827343005637
303 42.518616368751566
304 49.202769719062054
305 60.36558773870117
306 48.64893416222629
307 55.99302195980149
308 82.8792776685693
309 56.9089150592875
310 51.49899085181931
311 47.28552619217536
312 64.05238955987357
313 54.24099804961975
314 50.13994613606601
315 60.601653379076765
316 63.475935932959885
317 86.46602257317534
318 59.54008162791606
319 74.38052961140865
320 55.392700788061326
321 63.47354483975636
322 55.97023533915311
323 65.64870363976647
324 71.436518322629
325 48.93383538040877
326 67.6111697410472
327 64.6730769696307
328 77.45122576784183
329 61.14712555265448
330 45.601353598741326
331 62.92162221345984
332 57.509718361712125
333 46.744264605263524
334 61.237305253286166
335 32.560424360356905
336 44.34390221776219
337 78.11097520965369
338 60.79418029992472
339 62.164717590518194
340 61.692422378367546
341 64.99150734400996
342 23.357380879533032
343 67.2226440865286
344 65.27662238624094
345 39.12437424124146
346 77.62452961207788
347 65.62424113232319
348 49.495265363204936
349 55.11839995926661
350 72.77075147938434
351 36.02229672004493
352 75.65710066586118
353 70.70184343747792
354 29.587321410649313
355 9.089036476793673
356 66.94548866809956
357 31.78463782033201
358 63.381878512809635
359 45.12424487653795
360 64.60390501372156
361 51.26474433112955
362 75.12811096172531
363 53.00955048384805
364 63.83219254407986
365 72.01838006111073
366 80.84380640191222
367 44.96764022221566
368 64.05529217639591
369 57.227826901314145
370 30.18057434896412
371 40.09041523047988
372 49.64575986492922
373 39.43429716525132
374 53.767465954798254
375 41.27071418803
376 79.8066644236689
377 44.02556658681111
378 25.382740326688868
379 57.4268404546669
380 70.60400143100206
381 23.399712400589618
382 41.463202455186774
383 46.10966081306488
384 44.34634979048007
385 84.16785804162288
386 35.20352793820835
387 52.24743450556335
388 60.71336732466302
389 38.06856795293774
390 49.639204638330995
391 59.163629796996204
392 57.1613687615784
393 73.00804560374591
394 66.08400552857941
395 27.785990146211002
396 68.75394368872139
397 62.55448063982725
398 80.80097013710036
399 53.500790518681846
400 31.47968192175881
401 64.30658207914675
402 83.65814175343687
403 45.28134193274806
404 28.963904691197367
405 59.57560633573002
406 53.17225051340355
407 60.64032557744322
408 56.81251396139723
409 71.07694469169218
410 43.43418775609917
411 63.177669770632505
412 35.75920180369416
413 45.88072860598939
414 67.82245341714123
415 51.85313244674285
416 70.19740444914821
417 47.72620224277204
418 68.29024127446947
419 84.80443677388557
420 18.167856728079045
421 41.3921983131677
422 48.68544424931674
423 24.654864999352245
424 81.02803864375015
425 60.42473594699313
426 63.127061025502584
427 46.77168991394716
428 31.984824748706394
429 69.51982143259016
430 32.182128679933285
431 77.18951440725054
432 37.69871658361917
433 54.199259076735245
434 37.237661109721536
435 52.02840891047584
436 42.018235824411114
437 49.95108560026921
438 58.84942126744539
439 63.125479844231805
440 59.65114826970424
441 54.075739471837736
442 87.67896468553666
443 77.79303063753889
444 28.084169879864223
445 85.73324071762195
446 52.794536378036014
447 54.83434585674431
448 40.610601242688915
449 74.30082712496497
450 43.914811324663845
451 54.46939879897573
452 41.06034991469339
453 57.97323538623674
454 40.26759992355081
455 51.18159811447612
456 46.684829052739744
457 33.8218251255518
458 40.44180311068189
459 33.36013695476774
460 63.904624198357105
461 63.228060464838435
462 50.52067967854976
463 29.743281820739284
464 64.54727474119676
465 71.49147052425077
466 49.08876448168314
467 68.8062594067685
468 53.786623625247984
469 46.0536422391727
470 44.972172017826786
471 58.53871259879203
472 56.97043986946887
473 73.3059541358449
474 26.376296644649635
475 78.06605046895446
476 50.659205445878854
477 68.13992800514961
478 58.39462651222245
479 33.56502288586908
480 49.79122294856347
481 48.099876859844855
482 72.98715926133501
483 61.11511106939321
484 42.49042320901323
485 47.774808909237585
486 19.286614251694395
487 54.95133924419551
488 50.86139474537192
489 51.87736362467888
490 51.6566219892387
491 59.478191282247764
492 59.44547047608209
493 56.919001866477636
494 41.9525231364387
495 60.596174649879856
496 71.40934941203626
497 70.23988195504305
498 63.278012492000265
499 27.87481627744896
500 55.533398669311495
501 69.62524692959147
502 64.12660944454367
503 62.66654403845476
504 55.48237366201879
