evaluations raw_y
1 29.03138413975138
2 1140.9131106897376
3 4208.5559468275205
4 9731.545025365318
5 3198.3114784147965
6 2154.497926073639
7 6768.662761341566
8 647.2242542013872
9 4207.131874913196
10 2545.7374795353726
11 4339.117711422035
12 1850.2553665781104
13 5852.474073965847
14 5635.411586481592
15 2008.6291856156054
16 9630.067360882978
17 4100.485407990868
18 3536.0393337738415
19 2005.4385885499373
20 14844.807469072555
21 1376.5233737776591
22 1204.298361337228
23 312.5318130637757
24 500.34209641626603
25 777.9927771051226
26 6730.213615071498
27 1825.7160284214222
28 46.06100124260149
29 663.0372262930882
30 4388.777605515071
31 4692.858922546303
32 3940.8356661919415
33 1169.0165792004677
34 8183.1761584465685
35 11651.042530292521
36 6643.87428963226
37 2057.5580281967605
38 117.43852427979355
39 2064.8296202141532
40 4994.727325176989
41 7138.562473679501
42 4142.406726674841
43 8334.60614657711
44 233.48758532027887
45 1297.9345314423385
46 1920.2761943929643
47 7491.940420929766
48 254.02704822289678
49 4014.7407994374425
50 2377.4233443212324
51 986.4579483960517
52 4127.59237007643
53 10094.110475670226
54 4199.571724259656
55 2493.636257102888
56 1527.5010781132241
57 7172.573916218312
58 2509.151742852091
59 2538.8616658352867
60 5026.401987994813
61 3702.6075860116944
62 13612.022327087254
63 7731.253372956215
64 516.8819995605847
65 6706.9393960510515
66 242.3803968281867
67 5284.55384034128
68 547.2262332957487
69 5711.20952452478
70 4307.588091182839
71 5467.115673296757
72 2799.0937191059647
73 1396.0538962902071
74 374.0686817270384
75 472.1974503278523
76 2043.900377299792
77 919.0344727124087
78 1671.8871244296986
79 9973.68252584963
80 8333.623078845587
81 3934.890892845364
82 6054.748315685795
83 11289.980482688647
84 11167.564354805256
85 3366.0196477073905
86 5306.262102885353
87 706.6904773678552
88 192.10160817876755
89 5839.425127354162
90 2461.134155175852
91 1325.7312891463012
92 618.3633522237245
93 447.1388293430954
94 414.3716293516267
95 366.1536607535389
96 479.749151362011
97 3032.311953060065
98 423.7134258738956
99 37.859663243558266
100 5994.640248580231
101 306.3132831508245
102 215.55553946675744
103 1810.1337502766146
104 15.562646939397574
105 1306.1773240841483
106 1127.5488499410121
107 38.60678353811554
108 551.9564026758043
109 438.63778961382855
110 310.47419060586816
111 223.9672017135045
112 1729.3954487080277
113 929.1449195152073
114 3992.8513547993007
115 601.0736085641133
116 548.0440929117769
117 6560.671035240391
118 1419.127381665686
119 1545.7144503924274
120 2738.534257417678
121 1846.0458927827906
122 160.95305469541074
123 2143.751757787075
124 2483.4811565565387
125 745.8843576934152
126 2713.3877456380023
127 949.7957719918442
128 4043.3476692502695
129 2632.748106592854
130 1559.2255020209964
131 849.5228629452018
132 3111.3525260091874
133 2775.999327349841
134 2209.142492495164
135 3675.742268788455
136 507.3031427875192
137 3643.677524633348
138 3590.3843769986884
139 1511.4328024132406
140 2622.3618182557193
141 172.80100763165944
142 3229.982533972401
143 4281.923176350272
144 12065.923734264281
145 4181.05116541556
146 4452.105941388492
147 4131.153750948696
148 1216.8015409427337
149 1828.8417098513346
150 2585.9156463766003
151 2671.9703552169863
152 181.916119164635
153 5663.518521866397
154 1247.9682546335348
155 3557.3048836193216
156 5484.301119402127
157 5859.313611954881
158 9782.946240212857
159 5146.211437525754
160 2359.4012614924372
161 6018.30898064308
162 8541.129740820172
163 1561.06053554426
164 8325.856876366799
165 2115.3558769975625
166 1946.570541363219
167 6067.177494331793
168 1381.186992491546
169 1292.743858070504
170 7592.218867911267
171 8767.877058053951
172 9732.73838850184
173 6707.388734876289
174 10999.844915079753
175 8114.12680248371
176 7438.832502375391
177 4150.07147131989
178 562.0129680367235
179 12499.259317035054
180 8410.19248260144
