evaluations raw_y
1 61.80776839072776
2 -11.893880301377434
3 10.010744341951227
4 -5.91795765213428
5 -49.75531847054474
6 0.0667359976578421
7 29.46205431578302
8 -5.9309869758088745
9 -220.17557661830477
10 16.905083540203854
11 8.959312672946506
12 63.89063696838703
13 35.134583357925344
14 13.281278579157856
15 19.62206335431393
16 221.92771566349208
17 69.64660858982592
18 17.902166034600125
19 1.758924254310085
20 6.1254150280102175
21 -3.3609915799444923
22 4.414971266635103
23 -14.664285389813022
24 -20.643671547856652
25 -26.218693721313958
26 -18.87112516874769
27 -26.133680100348677
28 -194.87264056635945
29 -174.9332499020285
30 -63.08518155093575
31 127.89280235358689
32 71.16133113043104
33 19.363803418022446
34 36.70669463673395
35 -15.903049955275792
36 -15.4845303956486
37 136.79778656058963
38 -78.76272846544627
39 186.00914028359276
40 -12.25684014530634
41 -93.98448419642573
42 -0.793661628421447
43 12.508639993371935
44 22.974134268566157
45 61.24401655863268
46 -4.85933773948078
47 -7.281139090794721
48 140.45374006613915
49 -12.737482781528879
50 4.856648411074847
51 -0.07775453979390667
52 -62.030923295743946
53 -55.99079188316379
54 -25.494966583225438
55 -61.28550187783793
56 66.23890666175392
57 20.981440328197877
58 3.559179815125325
59 43.425705696336074
60 -3.1872962055776153
61 -80.45489394256515
62 -12.926221656469782
63 -17.351182078121866
64 4.11134416183232
65 13.031120265714398
66 -6.2815065591997605
67 10.0440419205928
68 -38.612541381206626
69 42.211989992566785
70 -1.9903938047289045
71 -95.89600853447791
72 -17.057510283536896
73 -16.838795480560123
74 18.448615997615747
75 16.00733967354291
76 17.334001896140435
77 73.08652595401558
78 -25.11272986381904
79 -57.88007587743758
80 -311.11533665507824
81 4.384932317587867
82 -30.48782831695821
83 -0.5970847485124545
84 -1664.473778972571
85 -47.16311247733199
86 106.31894420374319
87 -275.48529593374155
88 -2.3529530030640164
89 189.9033950904739
90 5.0545979507127825
91 -218.4566617248501
92 34.994691522241375
93 -14.726887807568842
94 30.42990734387536
95 248.917802744615
96 4.398748594325054
97 -52.131652517118894
98 250.64892625145518
99 1139.9638091559084
100 -400.5630156210956
101 8.04977780233984
102 251.74456276068747
103 -5.25308909711588
104 70.83187623508688
105 -5278.980154661191
106 -32.8592988479307
107 42.566672005081955
108 -12.266362559476887
109 23.565911746283444
110 -2900.5758629968313
111 2.939089130396095
112 -1.856079512160843
113 -26.285083068169193
114 32.34187411613637
115 -29.37923355967493
116 -385.4506235270086
117 -58.08126471843362
118 -2.1205324305617683
119 -59.54455883502262
120 -68.49385875126099
121 -199.03268037447987
122 -176.7716106612855
123 143.98393976628049
124 115.90982438082243
125 -39.51119311838863
126 -5.496793500443592
127 -31.845592107002325
128 -21.967653122848326
129 8.217907008934901
130 -8.92831115060671
131 -155.4484303305736
132 -111.67204211795502
133 166.67217967970572
134 -71.27563480334234
135 -142.81370427245488
136 402.6771685099177
137 567.9296292161525
138 -46.971528025974095
139 -61.113473676319025
140 -87.77711537078622
141 89.08152473457244
142 27.618855885856046
143 77.50394607322391
144 75.2799379576548
145 27.555122927773144
146 1.50003049471532
147 22.216850686379598
148 -1305.1052754435423
149 -34.4237494999279
150 -9.982037967596945
151 46.437071399806484
152 -35.9305687498699
153 8.516125330466302
154 199.38441988976078
155 94.73472804417528
156 -257.696243101536
157 -36.89973754039505
158 -35.442246031080614
159 -205.47057234203027
160 -100.11007381663012
161 -201.88216246499178
162 -172.17782040196332
163 -59.883807780190544
164 -128.36749341850984
165 493.76510050255985
166 -20.14018873264276
167 485.8814946267344
168 109.22328801268331
169 22.917237824652645
170 -10.250352936134515
171 -309.4785957962532
172 -57.11467404076967
173 356.7805024986936
174 -51.18742173447013
175 -9.495560638111094
176 -38.08103900914107
177 45.643703928187115
178 359.80120550984134
179 -1188.5259553488165
180 -59.652395369230106
181 6844.587575049022
182 -12.390863511510126
183 -37.629342677950596
184 -59.761113739182655
185 -70.89070476944973
186 2.881333583677354
187 32.486369819947036
188 49.16315297304885
189 88.6361276569077
190 29.574754895955575
191 -4.804801502898548
192 1232.8769485518185
193 68.3340099100203
194 -48.525912238342755
195 -18.36614461624288
196 -48.020935723120665
197 -169.99998780214295
198 -25.039563240927365
199 -54.75135980116676
200 -73.741999488189
201 -155.85010702432774
202 -174.15551133242255
203 -72.3459286607576
204 -270.5122795833829
205 17.680026286968054
206 -33.377495811487634
207 335.8225486613638
208 -40.27438845437805
209 -7.772352931099196
210 -66.75035767417127
211 -25.880692267798104
212 -55.10976599480363
213 -9.496159481792006
214 53.92115981259209
215 -13.283392489036661
216 -26.906394250797014
217 -84.79695576370986
218 -42.96069872551341
219 -126.29249289967368
220 13.331044189438796
221 23.071725384394245
222 6.615784166195943
223 6.3708513639363185
224 7.653220332900958
225 -69.3061974436912
226 -92.05087106832362
227 -130.10717574549696
228 -7.407197371467424
229 164.86751769706413
230 -0.7888118892805518
231 29.720573948563477
232 41.8265427617471
233 -21.50844495703223
234 -334.2437149310138
235 -46.493905337537434
236 13.60332522432656
237 47.56956088303103
238 26.819294966646368
239 11.00059188590405
240 -31.33512570051253
241 31.785249196686127
242 -61.78909993422423
243 -13.822525901068005
244 75.27064935881025
245 2.514916776989596
246 235.2928069276639
247 -20.50843918551896
248 219.27631508444435
249 1.0963567496549094
250 -1924.300961483384
251 -17.435422226329305
252 -5.313313590698467
253 -12.583170763884764
254 -12.223964364922358
255 -53.2116112133619
256 -21.65834439604064
257 11.596821472494048
258 -5.88266414591914
259 29.22248326804234
260 13.387154304986778
261 35.859231124362935
262 -18.277275105796917
263 -0.317280861753269
264 33.81047993397118
265 -3.7535554282048254
266 -189.8551027730057
267 -50.97150413137879
268 -22.563386098581727
269 -3.8906368227366865
270 -35.42966405313906
271 40.52157167464064
272 35.8205012866098
273 -43.44441695877159
274 -7.0318260395748124
275 -76.4801415479618
276 -8.089759290624537
277 22.688897774494173
278 -61.99143993455608
279 -2.905727201899449
280 -13.152940600812121
281 -316.8139861232046
282 -217.48000245830397
283 -17.698913600980948
284 -56.83904869550426
285 48.47289681222458
286 83.36740848889711
287 8.463821478800645
288 -231.14294743471552
289 -59.867590678965854
290 -34.11536361261594
291 -63.6494413210529
292 -27.83078541926369
293 -4.827169654766126
294 -43.02575875374557
295 87.05797594201479
296 -66.83892214397798
297 -43.20585700216215
298 44.78992032825322
299 -22.60313544702759
300 340.02944428737777
301 -1941.3630654619808
302 24.370876056863764
303 -126.62991860606608
304 54.46471450418646
305 13.18585403468549
306 -41.07621423467488
307 -107.6254623149576
308 -6000.334788295577
309 82.89432207678125
310 -81.84513469255381
311 37.0422955635892
312 -37.16433886581289
313 -152.75260164463913
314 33.343209858436204
315 -116.45702706052897
316 8.763908855002876
317 38.91370797583547
318 58.53278615216453
319 -53.88910144114949
320 -183.67294017588128
321 4.995975984626592
322 -4.93953030661876
323 16.34138494797645
324 -278.53098260608004
325 -28.145729231841855
326 -65.21301492982292
327 55.15634496333145
328 1005.5405329959559
329 -54.949184878632366
330 40.862147895804675
331 36.82952413750825
332 -43.96248205431573
333 -104.72909424343456
334 -754.7889767269538
335 -43.517626361574926
336 23.894957701419514
337 -232.68380221337404
338 43.29617156762965
339 -97.31020543835778
340 -80.86963085879385
341 -14.218742317650424
342 510.66617861217077
343 -31.180924130227382
344 3.4264559883788737
345 -51.50473811768392
346 57.9627286161172
347 58.339248587895305
348 23.22179868255616
349 -35.38707429289371
350 -46.685978510839874
351 -27.37315291976555
352 17.70865393054056
353 -71.04184964051213
354 -70.25385074448864
355 -59.779095155710294
356 32.70086959825176
357 137.10822220818744
358 -32.876210844591505
359 -61.67174062807996
360 -29.842892305759804
361 -39.397008066767135
362 -195.70729958568603
363 60.28092530278844
364 -0.9633762578656415
365 117.23073727168043
366 -344.14717221729313
367 -65.25036149047286
368 129.7934432649095
369 -113.23849698507257
370 -98.48715887164751
371 -131.6632640489695
372 50.72651233607633
373 -176.45655296565533
374 -277.64869016704097
375 -478.79827996718785
376 -184.23419729559362
377 -12.06103767350948
378 38.92807961412008
379 71.59363438930392
380 -81.60122322169114
381 59.036255559812496
382 -100.30618968905493
383 -192.79138732490142
384 -5.663793462142548
385 22.506727476586097
386 55.67364137447479
387 -75.14223453306077
388 165.02685020582328
389 57.109184188416236
390 -17.665847038615812
391 -1.0529054014114227
392 105.68074775759844
393 -83.39732823037853
394 8.58075261771311
395 4.764214950017912
396 45.96591998823319
397 -22683.548319865527
398 -58.171940956597865
399 53.55765812489001
400 34.96806462240009
401 -60.643600940082734
402 -45.982669900192484
403 160.31656275041013
404 -57.88691538460511
405 -39.487695668697036
406 -53.602253127569846
407 -1686.8725720531975
408 70.59606434507828
409 -41.58919186579577
410 68.82433994816876
411 -33.407669675421246
412 -104.13290612380058
413 36.19988173543749
414 585.66673388653
415 87.75692335714287
416 -151.20054436281424
417 -189.20520431585572
418 -52.83596907489607
419 211.05996718986106
420 -45.26930025717215
421 -187.20063288254755
422 38.829496292865535
423 215.65652770229846
424 -48.64086718978942
425 -80.01424512184
426 -1362.4214367604864
427 112.3195596888221
428 281.8183848937305
429 -245.38089415343742
430 198.53636396776267
431 -117.59493573025843
432 154.15004793781821
433 -101.09752459201792
434 -259.564243961939
435 -126.10608826625521
436 -15.627470318335627
437 311.9635703083737
438 -51.1572520769276
439 -800.0270472884151
440 -104.6011024272159
441 272.07654827408
442 -111.03534047928532
443 380.66797799429816
444 100.6135055998397
445 -127.04214423459855
446 -322.09354365027355
447 -57.55769522162951
448 -159.2058349393086
449 47.08045907209563
450 217.37881718133752
451 -11077.949062929745
452 -437.4768770725433
453 -245.4904036290347
454 -80.59121751513702
455 -293.4042296592047
456 -217.09441629176138
457 11225.467348125938
458 176.07016936935455
459 -98.87040396579168
460 -204.60487103166537
461 275.8075691416263
462 175.30281901474743
463 -115.72776994874557
464 -63.10543408822594
465 -54.086185056448436
466 -39.61725031807915
467 -182.22849142739267
468 -199.08127889757517
469 -59.447906931335694
470 -276.8315522216613
471 637.0692330945235
472 -375.9855931727607
473 38.02691112892624
474 532.3032270781182
475 -44.10579482112598
476 583.7664687646875
477 -333.1191836426114
478 389.6724593607579
479 183.14977503634458
480 -194.15949337643923
481 -173.21914987086075
482 -767.5855453855396
483 -127.61983741805209
484 52.09500903580012
485 -247.7349480739125
486 -143.09476012290224
487 -148.93564937639513
488 -39.2740579084825
489 -166.54053634006655
490 -290.1444269365876
491 -39.324362025021294
492 -748.767341741901
493 -798.9119310184302
494 135.9383854790383
495 42.38926308766209
496 221.30453556170806
497 221.84316646620016
498 -113.923814196609
499 452.1750237772048
500 128.433399099678
501 -155.9089585198271
502 -41.7490672997087
503 -447.77166841061086
504 -744.3296616156607
evaluations raw_y
1 -48.91027980802702
2 162.47309964954457
3 -10.166541480059815
4 -6.705511541855021
5 -0.25901937908058725
6 -4.098812080346324
7 -5.531646000806846
8 0.2941269537028028
9 -13.467804720842913
10 38.623424633537844
11 8.957365653037716
12 -38.47910923020878
13 -121.81301227180106
14 -128.53708568979684
15 65.82853846569706
16 -76.57738262556258
17 -3.6643214488626388
18 2808.1408114884707
19 -9.07162492077564
20 -11.267775838145598
21 131.3593530450658
22 72.46500268277705
23 -5.558929072374861
24 -15.924176243970875
25 -66.55811027062617
26 -110.81744086306249
27 49.184629204087905
28 133.20023314911927
29 180.52086056258318
30 -56.97200488794376
31 -9.4741636337784
32 -22.072862873296266
33 -73.72169851012538
34 4.662992855346248
35 37.414770833592016
36 -113.87704968514572
37 21.822079670251462
38 18.724066091333178
39 10.900408981910452
40 35.52004891029065
41 -17.98223582034774
42 82.87048975331464
43 -26.828965919969953
44 -256.3755073950664
45 -9.612869204640367
46 467.98789378317525
47 46.72040018078454
48 -39.09420601511525
49 -69.02123550475002
50 -160.80683653269926
51 -142.6798808416484
52 -89.12521185816951
53 -39.36021786685563
54 18.320408985683716
55 27.77783565680798
56 4.259856949630942
57 -153.17724171490568
58 -16.62585937430361
59 -1.214895185771014
60 -800.7351241197177
61 -27.28231119183933
62 -22.44136077277621
63 -29.355930321647943
64 8.069609781628078
65 -126.10380498194831
66 41.70261853265015
67 -124.26448899350142
68 -93.20423601517292
69 -664.3017406637555
70 -0.9881860458811152
71 99.41541937227093
72 -109.55336182361445
73 -55.99204220179532
74 84.08209230104208
75 33.58536551130718
76 -186.5327393880254
77 -163.06212332655832
78 1926.6953026269546
79 38.0139985462708
80 7.737800640937374
81 131.403971595307
82 -148.8584314992887
83 56.320940387543104
84 -298.2054747136814
85 109.34065993220335
86 -1420.2835562186854
87 -291.28328084993746
88 -95.90443202631072
89 -265.90153705137857
90 43.95242464643068
91 -92.6016321752166
92 -6.776752929333351
93 66.49641177295011
94 -2325.0434579546777
95 -151.16324179210758
96 -971.1211357313198
97 -136.8022331300948
98 215.83555437365038
99 64.04860334375056
100 -58.848388009003955
101 -40.122699954174195
102 -52.717021695076916
103 -19.704913268119768
104 -324.25265411106005
105 -52.26266245624675
106 -181.45228379751396
107 14.080135176658164
108 107.75773459379174
109 -13.145748807455846
110 93.40987928931472
111 26.658555493546828
112 -36.11345470581743
113 318.362175352631
114 -0.6295492567802308
115 -68.83578063759313
116 -503.71578928022166
117 -117.5820711421032
118 -5.558271000569598
119 -55.89348321779551
120 87.46138700159965
121 -25.915010684505738
122 770.880599238053
123 18.10372794220279
124 135.52910805824717
125 -91.18964145176817
126 13.892859047132022
127 -103.66489610781444
128 -321.9234008318341
129 384.5630957692101
130 -37.33928545293484
131 86.9827162739266
132 22.408292875229535
133 -129.94166347755748
134 3.5983512967955997
135 -88.73749209020362
136 -2553.039169531976
137 -4594.081115632741
138 -155.82076493652463
139 -80.55457261362332
140 -426.2675852453853
141 41.183758724724846
142 -182.86419602001084
143 -134.03789478870758
144 165.57996731441278
145 -214.05450371524748
146 132.5209768672594
147 -260.1668768658616
148 -13.202717837403108
149 -22.230155788657772
150 -232.0674463350392
151 105.14836818707685
152 1443.2197110512477
153 -115.40828083061716
154 -104.11930052401785
155 143.6236881013796
156 110.5809697726886
157 -59.17118709232272
158 -129.54053113103262
159 2.1578061094187944
160 -44.84081673833401
161 -33.187222084689935
162 127.70991517999589
163 -81.20080869479983
164 -79.55187160269628
165 -222.5802736386832
166 -42.0965453857472
167 -135.51891113732265
168 -862.5020469792224
169 214.40938763447312
170 -13.822467406507771
171 161.41376677012815
172 218.8597804623117
173 9.003597925264549
174 11.361105013003739
175 -22.4768143299739
176 -69.45923124685011
177 296.6707455768202
178 41.68687064588675
179 253.63827775360383
180 9.044490457454572
181 114.10192678622023
182 244.4974679199635
183 4.172694382422547
184 -29.46454998901721
185 -37.6659479656588
186 302.49799696369837
187 -106.43563239181717
188 828.4455788510704
189 -112.88771517431832
190 -321.36260921441175
191 -64.77875993145045
192 -77.10293559330218
193 1015.2396362841777
194 283.90464245807493
195 -799.4108325500946
196 35.16811109261171
197 -13.887289977970346
198 37.47775776524253
199 -109.48552227113973
200 74.0972819183075
201 59.28903851758048
202 -406.2578144690352
203 -130.37329682020345
204 26.796690869243122
205 -34701.10024778481
206 -40576.50583850975
207 -753.4820671881554
208 1489.8570766856826
209 34.64582988393883
210 30.954597902338886
211 -1488.2540632396435
212 -151.19041187827602
213 -411.24448866945966
214 -77.19332135643236
215 423.934554497682
216 46.32252948360781
217 243.6326464234205
218 -39090.293832086005
219 -97.46191423826517
220 -126.75512377475442
221 -4.156416049093502
222 734.935865227613
223 -3.7377501572573
224 602.1412046213702
225 -172.26315829658145
226 -249.56781399718335
227 28.94902774260137
228 1323.520292945675
229 87.16260960574313
230 -39.05595195355537
231 294.80596104464485
232 -35.58787468611303
233 184.26609045179828
234 17.420671064883948
235 -680.8255383193742
236 101.15299159201095
237 -54.579688478054614
238 36.61667103678158
239 -408.80458949060187
240 140.10222111723579
241 600.9298587145921
242 270.892151779987
243 319.6273324942004
244 -344.1885112393375
245 -39.34806597255633
246 -437.8019259234725
247 -90.96732885920662
248 -168.48441419652556
249 -24.895347985964264
250 -244.90034526518468
251 -265.8639741409986
252 -324.7546722229886
253 -279.35302515888367
254 -228.83255870056746
255 -525.8355636627934
256 -219.16768970818435
257 -120.15521073869553
258 -462.6927477373773
259 -1245.409047622509
260 -3836.0308273598266
261 -235.43932148778026
262 -437.51902034407226
263 -873.3050413366165
264 -294.4892653017992
265 -215.61715280268172
266 15.52964348563603
267 -621.7849981217627
268 494.10308491717325
269 14.293733751855331
270 -44.55554194629698
271 214.68557278298402
272 -2143.1956876382687
273 -270.3714509053503
274 -254.71479106715086
275 3240.342117862186
276 -117.8975128105722
277 597.9103168579081
278 -838.1088983425078
279 846.3923097438751
280 -24.183814985778646
281 -890.2394082435902
282 -435.3632068387473
283 -5237.389257298924
284 -128.47948668794405
285 -294.50958556870944
286 -127.80500296538038
287 -9.055469829920192
288 -225.42873756186978
289 -205.46912691415906
290 2596.7734235196504
291 -261.0651369406068
292 -166.9865519269012
293 269.4103599292623
294 -1412.6166868161336
295 -849.5897818168311
296 -580.886488540692
297 -570.2354173648413
298 2596.47801689551
299 463.1002475470798
300 526.5599123457845
301 10.321951748039014
302 -10.493101099120196
303 -1873.3001066176562
304 -410.6738761924991
305 29.21159415328142
306 363.5460440669417
307 -1270.0665708650404
308 -421.5678899272691
309 -358.7934989628261
310 -232.88356796666923
311 -184.61750001487934
312 -9164.170689087361
313 -25973.29448583477
314 -44.49755746617035
315 -777.3924061650495
316 -581.269847152664
317 -618.9972833011589
318 -608.2654208606754
319 -8.228674096290476
320 -14.625824838572349
321 -3078.8214235408986
322 1179.651582210362
323 -112.6323258625234
324 -29.932316941000803
325 619.7234703759439
326 -259.0585078730141
327 -68.22181966743581
328 2470.295051646558
329 -120.46436755051292
330 808.4404534614976
331 193.36232282333071
332 -509.1490744496033
333 1935.7504434866798
334 258.3092689904105
335 -413.5173998097436
336 -21.691405388998703
337 1113.1302537559682
338 -529.806289010162
339 -36.251273817639
340 -706.5743633042508
341 2029.1308123112192
342 -76123.73070119508
343 21.096563108482016
344 135.25566405437854
345 -930.462518260422
346 -209.2350169660532
347 -99.60639431170104
348 -1138.202665981414
349 -519.7989274131983
350 -649.0185811982614
351 -705.8691062949322
352 1093.315490654428
353 -427.33986033081516
354 -235.61455294196014
355 14222.472960142837
356 -303.3163684906269
357 40.65711535532743
358 -299.5856948949842
359 374.4019988027471
360 -356.3737504948137
361 2018.2343044771555
362 -202.77656021868867
363 -23.213718013430576
364 -523.1079519383359
365 1297.351956436539
366 1163.7170588215151
367 -221.38374805338842
368 -127.23776582362744
369 -692.4452503345102
370 127.8636910730358
371 -451.0776934855563
372 -1058.9350922548726
373 14.114518362237485
374 47.330838687206295
375 -1532.0769256365684
376 24758.250270849803
377 -439.2241174531264
378 -238.8599050868517
379 -1255.951943260882
380 -471.7534022018684
381 -729.5559242027686
382 458.0879143118844
383 238.94430000120727
384 -559.6608603584291
385 12047.951449732662
386 530.1827562081891
387 -25.598045863944954
388 -361.8348193667883
389 -207.00402866859315
390 -2211.38327963872
391 -433.446899719197
392 -790.9784338372779
393 -421.26401312269655
394 -830.3290132359086
395 -748.7201937546314
396 -257.35372771094916
397 -23734.115587498778
398 1033.2094893934277
399 -1950.1186501798381
400 -468.28396645935595
401 -1471.8970918604407
402 -1429.1614495601452
403 -587.7610725938491
404 -803.6597750112278
405 556.6058812509735
406 -825.4576687291598
407 -447.9744699143716
408 1020.0335158506906
409 -5423.112932999881
410 1837.0177431629022
411 -701.1526203832452
412 -465.4574297659187
413 2211.789235817187
414 345.6601729154904
415 -6005.418983269925
416 84.18446429129084
417 5881.597313566975
418 2141.435221529786
419 -606.9879224342643
420 -276.654032311474
421 -438.011399599807
422 -1722.7850250970987
423 2780.364221984802
424 -352.79800849266314
425 -534.5833661322553
426 -3552.9980623078322
427 9.742287954438899
428 -921.2917145269059
429 562.1638182911423
430 1227.0193243520175
431 -402.1867115610155
432 -259.11298544307783
433 -8.942165097761828
434 -2172.213399206673
435 -9321.681238047911
436 -8783.506916817358
437 320.94328695744576
438 -406.7181177340969
439 -642.1987713562119
440 -1672.0956821474392
441 -3516.0159570758215
442 471.5363120777221
443 -1013.6952138967328
444 -1683.9025283863616
445 -15.229161325882231
446 -2523.694068370023
447 1353.8090560400174
448 -425.8887638758132
449 -275.53497640245445
450 -1367.9937216210337
451 -545.8807088139847
452 -571.9217519661379
453 -280.21791652963816
454 -1703.2113605274028
455 -353.47520944181537
456 -767.9727153709555
457 -8065.645797299372
458 -830.4102748960628
459 -4232.79083486694
460 -687.760614857601
461 813.2974623725052
462 952.924293340257
463 839.6368931914934
464 1613.9761549877037
465 575.6054261314115
466 2097.0297698880195
467 2904.9355270030637
468 22.465867761608408
469 616.5490693216724
470 -226.97153340991082
471 -259.0899287769727
472 -83.91441256268502
473 -463.3323584760057
474 -4543.4576002676495
475 135.84719637878712
476 -162.1400376553709
477 -4033.288111584018
478 -2206.205051908469
479 1660.4413046484892
480 -88.52712488780482
481 -627.4463491143406
482 -41908.48131481158
483 -105.05405967279233
484 -1090.8740107938552
485 2473.7452565158824
486 582.968357790287
487 -232.48998329159923
488 -853.7697038275054
489 -82.95791677128847
490 -1318.6669528845002
491 -52.54399075159527
492 -338.68262419757633
493 223774.91232453793
494 685.4378997346787
495 -592.4963126367371
496 -5881.3494564741095
497 -226.4800407987801
498 -337.74710908901295
499 -172.5929222684672
500 -580.6312836274274
501 -2.0939338704743187
502 -498.0889641108776
503 -404.2160852446432
504 -8107.6023749176375
evaluations raw_y
1 25.691378215594774
2 3.7351312312972382
3 12.016496197216558
4 5.177272429698017
5 3.14455013545629
6 -7.123830026841276
7 -87.80746637688586
8 1.7528306420631732
9 -23.49200917052834
10 22.99205281884327
11 21.07008790210167
12 -14.863470389746238
13 97.9036771144883
14 -25.982226288371344
15 135.72562540322704
16 -59.872481717381454
17 -4265.300515124563
18 -83.43060612480723
19 82.07428357093502
20 99.37543876894694
21 35.01700492230193
22 -349.12078867704065
23 61.47639615135269
24 27.73034666872242
25 47.3614181304947
26 -29.852864557810015
27 71.48615684755633
28 -36.60854226905534
29 -67.69134733294415
30 -6.602425576024875
31 -47.51593696997224
32 84.32543411335817
33 -177.96029936315682
34 -30.971786953332877
35 84.11097527930481
36 -10.593381888927542
37 40.25914620466618
38 8.412417946122332
39 -87.18078834905235
40 -7.407341945187958
41 19.278610437577893
42 60.410343455263124
43 231.39119136497612
44 24.311702183946682
45 74.32025476079353
46 -31.3089137283663
47 6.231433671632356
48 15.62995001220052
49 225.2303062329259
50 -33.48591638303231
51 2.812866113043304
52 -206.180844439318
53 416.2740629448545
54 -10.34524075504218
55 2.603378230294033
56 79.16686695818083
57 -26.37492270867904
58 -102.38944478731015
59 29.49711103509354
60 3.3638241135336706
61 6.496148155781835
62 -35.47629264723184
63 -105.17330252504804
64 -34.91952562660531
65 20.70897097167793
66 87.89055121709924
67 92.80933943738482
68 11.822377206065177
69 -81.44436470464224
70 35.360731506959034
71 32.51466194766098
72 8.670889337747104
73 -65.07984810696591
74 -9.717267010841397
75 -51.05680648835225
76 125.5324145314366
77 -43.28429938328828
78 189.85912010852877
79 1.500459591545255
80 1014.4691410303607
81 -76.14239245059164
82 15.449555892856063
83 -31.616954759725587
84 61.11785198939379
85 37.62431974980683
86 -70.9935954328512
87 53.50867445200576
88 -12.816012274696696
89 4.77100022395335
90 -257.38870093948475
91 -27.293884277940258
92 6.016760581054352
93 -65.9095507028892
94 -24.393102618361105
95 -35.813578102038704
96 -155.23152572987516
97 27.137945080844826
98 -25.483793647174185
99 -39.47270041990702
100 -45.773570962876114
101 -12.90115716620247
102 3.842729231220069
103 -7.136603013214564
104 -186.15935787210958
105 -11.76727116792414
106 10.921475619306012
107 17.00356470779783
108 -27.326782383689572
109 5.326251457289661
110 -210.16026450309792
111 26.737472648602026
112 -38.13456722064532
113 -122.77100786331627
114 -63.36253560695819
115 16.19333816241729
116 -12.946908449425079
117 88.88033681947137
118 170.42853750515684
119 27.123458726741703
120 -58.72570710078942
121 -25.112153143969298
122 -54.9449053669324
123 13.500510176469897
124 -19.819960660645403
125 -267.3641957529147
126 305.11533918700326
127 7.06861773110407
128 197.5841369507951
129 -52.89211262791291
130 6.709655267774927
131 14.47370960696013
132 -40.22915703816575
133 49.854834202186545
134 -122.29111704640582
135 13.125160351518284
136 -2.7220274919151204
137 -7.242356546767468
138 -3.8463804823847485
139 -109.53657407059326
140 -68.89528331885286
141 -58.57146010147514
142 -99.31706097678321
143 -37.68351394363144
144 7.741221799387266
145 -1.8856006845204152
146 23.042574279982272
147 -47.5472328226587
148 -23.982675110966234
149 60.455541575385126
150 84.02126291477205
151 -654.551144490126
152 -13.725011640609205
153 -11.61463287280768
154 -5.840686211749199
155 -23.334663997423466
156 -4.804038403604488
157 25.23397928326543
158 -42.186219487586776
159 40.13487161297666
160 27.703890959386865
161 4.967624127198299
162 119.41689966241368
163 -27.928327538149706
164 -65.3820401145611
165 -9.548839053941462
166 -23.41344662623471
167 -3.1193371486146693
168 119.81064981350534
169 -56.393591012297044
170 -162.80837750336445
171 36.193538815120256
172 -8.188292941611925
173 -463.661344005492
174 -13.97050260308923
175 1346.4841626687567
176 58.25697536138322
177 49.606452105412046
178 61.37932649087956
179 18.920235222852845
180 16.39543062717246
181 88.67925067764618
182 -3467.1268631998573
183 96.83952652274213
184 28.350076324987263
185 -16.46354174696365
186 -18.998892078762456
187 65.65423810616434
188 276.2480485631162
189 -340.8215111511873
190 242.97502102078263
191 28.31096074743366
192 -0.08135765468294576
193 1319.60330915655
194 -22.77264170298544
195 -1.1232452301481157
196 38.95140223355812
197 67.56067010169971
198 -18.629485530201748
199 5.246039838094967
200 199.73500918216357
201 -4.89017850256867
202 -11.582286813953633
203 10.929779717913984
204 -64.81762921449887
205 -1.2976729431153669
206 70.78835689162462
207 55.50269630029298
208 -2.276982545253359
209 -49.06021782379482
210 5.282786098856294
211 10.557271501276503
212 -9.834820822395635
213 6.128760520254023
214 -22.281953122211135
215 48.823877614476324
216 1.9986268311429298
217 -9.459466609751015
218 9.445610927786095
219 -2.8445157721687786
220 58.91634338354817
221 5.777880482257954
222 25.811928170072832
223 1.8355339393942909
224 3.4692146430211377
225 1.9134897634019814
226 5.258965207718929
227 -21.76645546018436
228 -15.935768545455314
229 24.56680144882563
230 145.58162227375183
231 -60.16799810100519
232 15.213604897405725
233 -54.16190234742385
234 88.56814713168696
235 -198.04530888586382
236 -10.53640254149757
237 3.0757886554439544
238 2.0777381781997
239 2194.2646318667503
240 100.10212620703625
241 19.98283827943583
242 -47.66269894866777
243 -27.415472738859307
244 -12.191631884140488
245 -4.232560764388651
246 9.433210779456584
247 22.788040144767763
248 122.15768586419733
249 -50.827644833401756
250 -80.98321332391093
251 -23.685796605231904
252 26.798394263012817
253 -10.536966567943738
254 -12.655722243690539
255 57.20107659125748
256 -51.378772648019485
257 13.240140152537425
258 -18.402541191504028
259 -18.575788261958483
260 31.882907810332455
261 -53.06030631843411
262 21.65106658743104
263 -14.916523325860501
264 5012.678494628328
265 -42.41234861105315
266 7.273638487927723
267 -35.86256600774888
268 5.356712551537189
269 26.9842465358053
270 -131.63941225373028
271 -30.040278439413193
272 -85.62999482352168
273 4.065815975616451
274 -731.0093806899812
275 -327.4941422089525
276 -23.012071673565668
277 -28.065961641550963
278 -55.28480717816006
279 -391.5551502672193
280 -20057.38666502262
281 50.65066895356021
282 -36.123996275862815
283 46.491797336393866
284 -74.88746189799078
285 -44.84341519258205
286 -35.87848045259418
287 -67.68023367365177
288 -89.09648828441458
289 -5.3406223270768995
290 68.53348351778595
291 -26.233075476293862
292 -10.236709352725775
293 -115.50144545799341
294 -27.378574492052394
295 3.7240665846963923
296 310.0831791763155
297 -30.19631245620101
298 78.98862462126138
299 -13.319779044558675
300 4.228590051045192
301 25.751564898939975
302 3.023560374983957
303 -37.837684035506996
304 26.580672395750423
305 62.63455015480574
306 -92.69969426151272
307 -69419.23295882267
308 -25.28119881427954
309 30.826497478016748
310 -64.83200279795754
311 -7.3818086630312685
312 -22.22696256988515
313 2752.583608381991
314 19.376479915082243
315 75.27075552582025
316 33.054926580580755
317 -36.58797114622978
318 -33.230971691242495
319 6.30370030078047
320 -55.029034780689265
321 99.51250782544511
322 -5.362026271623762
323 -117.59395199995862
324 14.114533598070572
325 100.30277610561383
326 -30.99701740307378
327 -281.5477384174113
328 13.068436335547942
329 37.3113842248234
330 -28.38644227562584
331 6.533806662172647
332 -116.74903263853267
333 -1.4861877735289561
334 -303.85393705391743
335 11.556578337986087
336 4.218669545614721
337 -14.38642860277794
338 -30.09224768762254
339 -19.278403558197894
340 27.350514584549973
341 -107.42429367867324
342 24.82157916144859
343 -56.870110551679375
344 -55.10785605972998
345 -19.437320466507202
346 45.33884807301428
347 110.04170124030404
348 -35.99370724358475
349 87.82720654537854
350 -94.11390554616143
351 -76.32601064906717
352 -27.10637707378775
353 -157.83681234096633
354 -28.615601133492188
355 -11.792550705585473
356 -121.41072560843658
357 -639.0738769925343
358 0.5657760172525825
359 -69.38270646580172
360 351.35084581018657
361 21.46398022532815
362 -2.760316076211634
363 -114.31167493101526
364 -90.97711444970001
365 -63.609978906414796
366 -61.74561169895914
367 110.45661983681843
368 -33.97839951696943
369 -58.618598200997866
370 -49.922440764076555
371 -62.53751967604261
372 94.09193181254615
373 -42.45416070112314
374 -15.10000126804024
375 46.57089129891315
376 -40.888353564436855
377 -70.24907928652748
378 -64.98468080506805
379 -76.62102646021626
380 -21.960015768464707
381 -63.75216492703447
382 -113.38213976090438
383 -117.72908421476312
384 -46.76883706927591
385 -72.85581061427715
386 39.15669311836955
387 -28.881965092953127
388 -157.91344569396233
389 -54.59564102593337
390 -34.28742491736011
391 -51.22959220645217
392 209.55418908976895
393 -138.61414916189716
394 52.46855305042201
395 45.4650311854482
396 129.11057124806925
397 -40.08392839775577
398 -85.63384542887547
399 -43.52008146300969
400 -39.41646549653593
401 2691.46466080323
402 -449.7883950330842
403 -100.55475137662016
404 15.470599642058877
405 -360.58511769501723
406 -46.365819043549045
407 -696.8845734821988
408 -44.52654322729966
409 93.4336243449066
410 -152.22976648888536
411 71.82509018296797
412 -8.853959080331595
413 45.89719694104289
414 -142.62904476332773
415 29.679661095870784
416 -0.9651858383089936
417 -21.315077650344783
418 229.28833166950196
419 439.89111379896644
420 416.2585363957086
421 -201.3317626229872
422 -80.98168591747725
423 -65.07471875531083
424 -307.31783789707094
425 93.05084496179283
426 -75.92741452631496
427 135.86480578343327
428 -35.31878838849652
429 -42.09687232013067
430 8.42462037696301
431 -67.29435148277585
432 400.6954674236382
433 33.594874127181946
434 562.051318158544
435 -67.69167267688734
436 -36.705680311059545
437 -122.83049597245977
438 -47.78072607257615
439 -21.495844633900738
440 -45.58774780608957
441 -21.48062705550733
442 -2.981370276828003
443 -66.308697656596
444 -360.1704192049203
445 20.123010265317664
446 -44.038269769972025
447 -62.08515083009707
448 -37.13118627975136
449 -33.95942041097575
450 -24.631489825619845
451 -43.22370555640331
452 -63.426034182421624
453 -8.75761157026363
454 46.382291226577486
455 -85.48984635203023
456 -12.264513334297238
457 -63.06090323294956
458 59.00253579129481
459 -41.11996046386853
460 128.70522168701936
461 -99.30644560272022
462 -50.83966148166706
463 -82.46716644000189
464 -83.5513305503521
465 -51.74043972083842
466 -421.06920496748097
467 -100.63183946920009
468 -41.01816791301378
469 -125.47845992347327
470 -384.6096661915725
471 11.581938147383221
472 56.84398626066279
473 55.032667170568345
474 8.759953530787985
475 135.50081623209334
476 -38.93058904931889
477 116.65043409912232
478 -5.843708073091276
479 -60.955628356084496
480 -36.65068671196815
481 -51.79550572314325
482 -3.7019109201072844
483 -73.3547277978506
484 -37.685969204737816
485 861.0747271959883
486 -36.1132452033043
487 -75.53420039495639
488 -126.40318373403332
489 -77.14249339743861
490 74.9662025036862
491 -30.754041007638055
492 -136.07880368877494
493 692.6022623097464
494 -26.60753533635582
495 126.76984053762186
496 -73.28966837221849
497 -71.28084280309709
498 -42.29069459567109
499 6.361662198353194
500 -42.00306657381968
501 481.6760876137818
502 -77.81342340586473
503 -194.0821832792442
504 -33.97503232107277
evaluations raw_y
1 0.32433898528755023
2 -3.322985766322536
3 -48.45954335253319
4 4.732999791233773
5 11.179476842402368
6 -15.111783534309957
7 -5.13899633801663
8 73.0463121214497
9 639.8619802757178
10 7.50348370447801
11 28.425163419246196
12 -32.39442471666151
13 -32.77375502170625
14 -2.5424919833133233
15 24.337211108776405
16 4.949930495822489
17 119.19265211160926
18 -219.91224941049975
19 -33.47231821557222
20 4.32996455952628
21 7.911867100470175
22 -63.12201032698517
23 -34.07151665480292
24 141.77972264320607
25 11.939929510664609
26 41.88454267118324
27 31.337377487425243
28 -76.0350811698881
29 -94.79594116400399
30 -7.305139562384043
31 -528.8799211884738
32 87.55201397967429
33 16.744735058951097
34 -33.40332248713407
35 -76.8094873063548
36 251.48749485669387
37 -74.79987213149468
38 73.79455769408742
39 11.298524413001873
40 173.4271144015547
41 5.108212587704232
42 -66.67185293211055
43 -111.82535697072834
44 -112.35395712011349
45 -1043.0366708230679
46 -52.16134149281287
47 2.1684398878828293
48 -2409.906518577917
49 99.75166046451291
50 -140.00973700316243
51 -26.267118725101792
52 -204.34566869565026
53 3.449353716288671
54 -149.41085203497244
55 13.551795173967776
56 847.0445729275065
57 -25.39298248592373
58 -157.7173182000626
59 -82.59980362363325
60 4.791190144146604
61 -45.25034448792174
62 -32.432653064893664
63 30.820895135757205
64 217.0407767497261
65 -101.1970045646402
66 0.9152669263478943
67 -57.65403222105886
68 -54.35591827211851
69 -15.034021699757128
70 -569.6424032631028
71 -112.20609235606216
72 -82.70192310917051
73 -28.521806487178225
74 6.539576409463192
75 1408.284972878859
76 -80.84635037203667
77 -33.65984265338358
78 -20.080947780657098
79 -13.790016469613601
80 -46.862947677078836
81 0.4171117811925966
82 -44.25836879435027
83 56.65180095869371
84 36.12376949949719
85 -60.62068710104131
86 -149.313756933334
87 -13.62048845281495
88 51.02846976207525
89 -91.29589363318289
90 340.36207739846395
91 -3.977359064751216
92 137.51557988374861
93 -58.96801176878253
94 -49.58058926032313
95 12.062113236429145
96 14.257388291763084
97 -138.65365001561236
98 21.93235587440556
99 -55.63688011685169
100 -42.280492373363046
101 31.311021480491277
102 6.286857617430223
103 -115.15490847696893
104 -322.39009477179667
105 -126.41656420984914
106 -173.0318265315725
107 12.363028263361025
108 -217.1882589589643
109 44.03430455377015
110 -33.93361285804442
111 -106.19894914107084
112 4975.183679233776
113 52.38599621995032
114 -172.41977142219037
115 55.26538125858092
116 -145.99838051847922
117 3.4776961615947632
118 15.743936639305305
119 -1.5052323479528082
120 -322.81006691030916
121 -51.34019094992131
122 70.7912491804261
123 -26.04527324074999
124 58.72871803759003
125 81.95124233616153
126 -18.302832732905465
127 -410.6452563991919
128 12.971574935049787
129 68.21054589193518
130 6.7861218533169
131 12.608003726211136
132 3.1179888388756867
133 -147.07963103362897
134 -61.65839466815723
135 -163.82169518732724
136 28.529913912507705
137 -65.34545447607896
138 39.44355391315944
139 -42.66634359654644
140 -23.778668300803393
141 -1.5423072902827775
142 -47.71301342004084
143 51.61823208787249
144 -56.53679933075203
145 -676.4299184384868
146 93.87189767502602
147 50.30112368941711
148 417.1205059742502
149 -383.3186033947301
150 -289.9997058824266
151 -55.68632403437789
152 10.196734196589722
153 -74.99417672999536
154 170.14466161585685
155 -55.802433534617236
156 119.25988156665167
157 180.23314492857327
158 139.6456983850788
159 -1.1338175818679626
160 46.24983616100698
161 212.32626057132288
162 60.64471614040985
163 -68.85134016224055
164 54.366179662360906
165 -18.377363903766177
166 3.641531055452029
167 92.26690730228232
168 61.71118994322398
169 -70.92386456276785
170 -860.575745229437
171 -132.96336718247932
172 79.61520134333773
173 -183.54865759486523
174 142.89521353380462
175 1.6529121979036203
176 205.05723874337366
177 38.3114291476617
178 -13.089643508244345
179 -5.3647565022505805
180 21.67033457756497
181 2880.1497096915537
182 -229.91220451098656
183 -155.22381575042488
184 -28.177572047708566
185 77.54634179199812
186 33.60399457363327
187 96.57127321213618
188 22.473429545523928
189 41.495259894475154
190 -10.044573070359762
191 96.87951113889869
192 -935.4875827216724
193 30.73157086785515
194 2.0114475716994487
195 -43.43556751971331
196 100.70733219223614
197 -9.433980135892696
198 15.55567192913203
199 -693.6499965312503
200 111.33623581896279
201 -1054.6938847783624
202 -856.5225895038831
203 62.29899877605585
204 -8.016664489572026
205 21.832163808893476
206 -181.98446103847328
207 37.90742507682723
208 -67.66821393291396
209 -197.26278513044272
210 -38.648055663205376
211 601.8159143119428
212 86.86655327158786
213 -67.15802043316026
214 95.81936804600765
215 282.0583855712397
216 85.19056023457141
217 -86.61554303399221
218 185.6356493845393
219 281.271236833117
220 -219.65477900971857
221 175.42965159185326
222 -5.44214453223681
223 -2225.1178131868123
224 295.6954731598999
225 35.22171722050373
226 282.25993463979916
227 -114.9503170226472
228 -81.64767228421738
229 -371.5262965043974
230 -67.59968333685049
231 -177.48994504830304
232 307.88124997022595
233 -501.13571233050413
234 9.04624071147037
235 334.0883291596145
236 0.6366494584310507
237 48.97745231267677
238 479.08305589425356
239 3468.5624913332936
240 -33.785133242195684
241 110.24660255467992
242 -23.217365942599795
243 55.6863712599529
244 350.8202249545031
245 27.72783327822901
246 -93.53124288406137
247 28.57231483228084
248 164.50878489153044
249 -215.87537568059784
250 -546.5070435769303
251 30.944091545235366
252 -651.1736148254467
253 -1276.8794077787356
254 -79.90113879034402
255 428.4803797839156
256 -188.44858975175478
257 -471.4697137608441
258 -92.19512969647256
259 81.29294916234723
260 -22.99110699665078
261 -353.3813632968657
262 1519.9004020401096
263 -41.7484000547907
264 92.95177632123927
265 7156.754827032262
266 864.0843824777415
267 -54.201126443430915
268 -59.18682893561315
269 215.45227092989592
270 285.9565569461574
271 349.78499409917606
272 -436.4526100310471
273 -4965.449540964261
274 925.7921503815952
275 258.3334734444349
276 -124.84406676954019
277 45.97252767920945
278 -231.41688974296028
279 525.2729305309864
280 395.98302830316374
281 -666.7614007386422
282 1063.1926664388407
283 -981.6740111742145
284 -926.7355159505562
285 -223.8241734522879
286 -139.90468160176655
287 256.95415820839077
288 -164.07211279014425
289 32.710876594845665
290 -173.91392315244653
291 91.28778832416269
292 -94.87332373936971
293 -290.4194301591752
294 -15.802649468127585
295 -68.34578522332102
296 -83.1082031870887
297 -144.54783506684808
298 -188.6753747579615
299 -198.83468372860563
300 349.207001734819
301 -3.018591699905289
302 797.1934318394401
303 -151.81008345793452
304 -328.839452089153
305 409.58560840383467
306 460.71421824441575
307 -599.9889717315615
308 -10519.635462738679
309 13557.158080939285
310 -136.32903823278718
311 -1.241925401997829
312 -530.3386615804817
313 -282.21010741678816
314 -271.53484280329104
315 -86.5215292552748
316 -282.3054386343527
317 184.26685618396945
318 -391.89042923253294
319 -197.69671633925128
320 460.83897127361354
321 -340.5403877378675
322 -137.8141701622886
323 -10.318646174404432
324 -375.8395733771339
325 -268.8657550472585
326 -111.93155674434372
327 -342.8805831392523
328 387.89707805983227
329 -286.1788091563777
330 -697.7017670807988
331 -775.0782387583431
332 -296.87020483446526
333 -255.33079519430802
334 -190.0052014694048
335 -285.0362905901721
336 -379.651829901553
337 -215.2031473337767
338 -180.3571992963095
339 -177.1977113910444
340 19.34008026548819
341 -67.41276509801094
342 -421.85646394466283
343 93552.47585632003
344 -358.47003109965254
345 -801.7960149759718
346 161.21292977370751
347 -181.5136808984306
348 -1190.044803904943
349 -185.44173795463558
350 -236.1104102785699
351 213.44232932638954
352 119.77319330460745
353 -189.70604469017303
354 2593.6837367677913
355 873.7447417131285
356 -178.75539789282934
357 -165.41711462771735
358 1380.0102695787257
359 876.7059424065911
360 -2.325488174602195
361 315.93024884416474
362 -210.9995746388307
363 -260.87977361583955
364 -253.22689767907414
365 -163.90552529188685
366 -239.54667414627738
367 -957.1878829904059
368 -185.06280680936217
369 134.13585086865567
370 -424.9241490867606
371 -529.2986834445936
372 20.91536048907736
373 -101.9003582290166
374 -653.5760112654164
375 35.07083933580014
376 425.74216848041965
377 -228.24313915180537
378 -308.2551847612148
379 217.36658595503962
380 1241.9021649473168
381 335.50266115839656
382 1042.2968810257562
383 -589.3693170095789
384 -2.0532461774076447
385 -762.659633557452
386 170.58933777297895
387 -52.267369318649216
388 7704.721052018138
389 -187.13776729256594
390 -31.735349068503407
391 -820.1867071271563
392 496.44160532222253
393 41.733332122665395
394 -345.39315262238534
395 -19.492808488324457
396 -3418.9023649556043
397 -134.90259303132106
398 -827.9623801310519
399 10115.027680400843
400 -202.16117377917226
401 -14782.267125899556
402 -100.91306425143742
403 -270.34195585042687
404 190.20682092864
405 -102.06483747754902
406 -923.124767308762
407 -523.5437713149905
408 -19.765386797961447
409 1124.8835317989092
410 -168.27371678534593
411 -14057.118303981988
412 -412.47590633597247
413 -73.2142367118737
414 922.9286381535835
415 1191.646440851571
416 1234.657130295172
417 -247.32574631250756
418 -285.5689980186453
419 -1197.0467084075267
420 -472.19511543663253
421 92.00332169614843
422 -987.1548495749282
423 159.840066739181
424 -2228.6027874211154
425 -466.75164307469385
426 -260.25075197465816
427 -549.1712253988312
428 -536.0562275070862
429 1565.086491072732
430 7394.401605230935
431 -418.7203384555836
432 -897.2403829703051
433 -29.1904408192511
434 -295.6079817045747
435 -240.0199058516725
436 980.3782685190333
437 -92.02098850968734
438 -1849.8382093241519
439 -991.6493404315809
440 95.6016608082893
441 -227.73813626915165
442 3364.5287491936815
443 -221.05253573610557
444 -509.6783434577557
445 75.48798336333488
446 883.5440161784691
447 -277.12672050657255
448 -694.9734257962257
449 514.2185562255838
450 -352.57764656105303
451 95.1725933965718
452 -727.9482772006731
453 -276.22115532846794
454 1426.472557671529
455 -562.0723917211054
456 -289.78476783427845
457 -904.9647291345001
458 -298.4472364015949
459 -586.5275193562909
460 -100.335985395462
461 -109.1668156393263
462 -364.0434078798907
463 -388.7884903505302
464 -468.4195183316844
465 -509.80422578249403
466 -958.2666359619718
467 -66.74282222599612
468 -413.9696062394774
469 2239.6263703271134
470 -528.3512825302038
471 650.4711275241053
472 -355.51903954873814
473 -714.4325354432641
474 -2886.8600113020334
475 -942.8997751747944
476 329.55804136747815
477 1416.1701982976629
478 -439.6528540063247
479 -231.49109202556926
480 3580.3800047593736
481 1036.1750613685376
482 789.3864362014822
483 -334.5613137216206
484 -554.6022864846403
485 -337.8277669059017
486 542.2034402273058
487 858.7845220307449
488 267.28867598390576
489 -412.38406485280063
490 -98.4935411921721
491 -186.29295362210385
492 754.5975205380848
493 60.54903010560008
494 1356.1993294578883
495 -183.5261745845849
496 -2440.565852281851
497 286.6424542616461
498 138.52370879298707
499 -199.6648674734982
500 -594.0765054048888
501 -395.73169243464747
502 5.180449508117327
503 -620.2060192715422
504 -498.62935412775744
evaluations raw_y
1 -17.124784247311798
2 15.752944375001377
3 -3.3993995435742317
4 11.314109275811008
5 -40.22578913180342
6 -11.146136418833347
7 2784.352857556731
8 -172.978734027356
9 1.5481065617076928
10 5.826251137477512
11 -1.6593712686212125
12 -81.32300670771332
13 27.16220725573242
14 -19.896097699755156
15 -83.23038226027143
16 42.679888188526284
17 48.127048616847546
18 -98.15075169568335
19 5.161208360272343
20 4.532455551749807
21 77.05612793466459
22 -0.0638014793892101
23 24.96718612524569
24 4.5142276115611875
25 16.616659367043013
26 4.81992779540921
27 4.406394413799252
28 -2.5648790608597416
29 164.85863019683427
30 33.411437640645964
31 -3.2362623974277227
32 -4.673258372465909
33 -2.600862825264315
34 9.01894317432254
35 52.13557539855289
36 0.08451524056106663
37 -168.94600809805306
38 -14.141919153863691
39 -3.1966300249682273
40 0.04027457198784079
41 -3.5723767285972086
42 24.300834906833792
43 16.740647000165776
44 26.367446978230664
45 4.725365963277194
46 -25.30221388924198
47 -13.052060251979292
48 -18.69609510671691
49 0.27082174488843647
50 87.60540239679757
51 0.2270408595648819
52 -45.23797459339198
53 23.667999926542837
54 -24.86390463190416
55 123.96371225916059
56 9.206172430827873
57 26.471488976776968
58 912.4698917785793
59 51.491109766636534
60 -24.427821171319337
61 1.181686817424021
62 70.98348927141348
63 -22.609919006572834
64 16.012475060116977
65 -39.51207873632637
66 -4.843641914083662
67 52.70163752793867
68 0.43877804858746616
69 -1975.2005142571056
70 -746.7653121793285
71 -19.967270069191354
72 -18.097104088557643
73 14.450891300662793
74 -29.031016065072322
75 -32.9743438331983
76 -26.105630866975797
77 630.9816099814236
78 -4.718079337882038
79 126.22028654418371
80 -0.35332717197348174
81 64.43459764751582
82 26.513940588449948
83 113.83266115701703
84 -57.635858004623856
85 48.074900132740886
86 129.03420688103594
87 -47.142388787291345
88 -13.012344533979253
89 -58.19283401845025
90 190.33457286603158
91 -19.365024987208628
92 -34.89938339222939
93 -10.063486486962834
94 34.857196961823114
95 -25.30716408549706
96 -21.104710856533345
97 21.44290294328903
98 168.4382146075652
99 -830826.3033690478
100 36.659829064058826
101 -34.241000193393496
102 -1.4457467491964344
103 -9.42494253665395
104 -111.00046761527724
105 22.691062600084194
106 -96.18106491963393
107 -48.391724018332084
108 5.723998443891102
109 -34.602712619422256
110 -81.87002265763802
111 -14.565833045260323
112 -4.695610602356027
113 -5.06600076727107
114 -65.41757727276874
115 2.4539686208384803
116 75.31755831343568
117 15.181081348617752
118 20.68556022021496
119 -46.147935465372406
120 -23.687208115309893
121 -233.473533255633
122 -3.031834754451375
123 4.639134300009835
124 -118.28634347801069
125 37.02723138969219
126 -43.04518588990183
127 39.774715393224085
128 -43.540309763050985
129 82.45937977409203
130 4.933785033200279
131 116.29247789187397
132 -37.9471152436693
133 -53.170184905262055
134 -416.78576601691594
135 -124.69227834176831
136 -16.996691417014432
137 3281.833837893257
138 8.813349876204326
139 2.791360559930896
140 13.754096327361275
141 -42.3219088888469
142 58.65528606344168
143 21.52049634974662
144 21.719526354360873
145 403.24518414287274
146 16.534039628555607
147 126.34827117039296
148 182.00003187289857
149 -25.281186858283366
150 -139.51782262146898
151 -159.61634432418768
152 -48.026506888309214
153 -939.6181182643744
154 15.918418984765419
155 -30.68740547153969
156 30.504993536101484
157 -30.98860860836837
158 26.303371435210728
159 15.55422803187207
160 -57.66281310966826
161 -165.21970577261422
162 140.49550640372973
163 7.387239906792326
164 -124.47059021928676
165 -39.75703433970122
166 -102.41336119062782
167 -48.443479321372706
168 30.657988210708478
169 -55.990167103941715
170 -96.69166969539982
171 -49.62661114642719
172 -217.06941414454823
173 94.16691977518434
174 115.52779582954673
175 -104.74789032094856
176 -36.565554161120396
177 -15.603298552087661
178 -33.028576768336
179 12.739695518763751
180 216.4915635171109
181 48.554470438338114
182 -1.9243614086640606
183 37.888165149989554
184 -124.68048763410383
185 175.6293653837521
186 -84.299564890745
187 176.79310476616988
188 -16.840042445306842
189 -2.9652922255846743
190 -679.7457492724708
191 15.191714639327207
192 -33.17576338063228
193 -293.3365708128847
194 -104.94341198236442
195 -73.15090550088891
196 -66.25740801156473
197 32.321720667083675
198 140.48062009340399
199 -33.11876663666193
200 -94.86472674067589
201 -405.93816516007473
202 -33.349537982733615
203 -39.2005597611404
204 -34.80734200509981
205 4.013805813213895
206 -22.53829627460439
207 -207.14471790665937
208 -84.98182764790423
209 -180.57341290212884
210 1630.991190975302
211 1247.9964032609416
212 -57.92665964780867
213 54.051176298215545
214 34.448634892912416
215 97.49963060300351
216 -949.7985849893765
217 240.43505201029186
218 210.1840069030012
219 3.210282382452216
220 69.1289240747632
221 590.9586559771382
222 -88.82755356162966
223 2.5695117019622864
224 -15.346191658747447
225 6.31839804662821
226 -30.530902504390998
227 -96.03354743411572
228 -34.205516954288136
229 -40.019353732342104
230 -77.9446007751723
231 289.28444902707434
232 202.6548783489666
233 -59.517628739582484
234 330.8522446673637
235 -281.78516444655077
236 39.62156929546128
237 -22.262565739057855
238 79.03242632565586
239 -3516.921100966607
240 16.254185355118462
241 -28.18239479682038
242 -39.19834105586066
243 53.44130362692224
244 -596.6030869910952
245 -37.28460646199967
246 -51.57478935163086
247 -31.17973251726607
248 -77.51897188381324
249 -11.761302890620117
250 -50.01151214429797
251 22.801341859128367
252 724.4444892676022
253 -27.627148345733882
254 -37.03321669484611
255 14.31657946120075
256 40.30046517737885
257 -23.458830993271185
258 118.64166089182604
259 -45.62566374403466
260 -84.50119317459585
261 -28.776531339881068
262 -29.55226880571735
263 -233.89199327148702
264 -23.533609202725714
265 -16.921457243147024
266 37.38794217745899
267 -37.54773935463842
268 -240.81106431045677
269 22.43488523587492
270 -20.50972652558854
271 -89.40983274033975
272 -571.5869449695405
273 18.27435186888012
274 -19.970127794896815
275 -30.972549859605472
276 -79.73020165850423
277 -129.84126650609406
278 -359.5665842349377
279 -39.72621294314901
280 6.766497049825378
281 177.8630820698636
282 -147.80031382589544
283 -156.51435045033364
284 -121.4027367978251
285 -53.41634988881933
286 -13.625605568667366
287 23.310527918554733
288 92.07604503263622
289 81.10669228608933
290 -51.17585310376773
291 -60.03374268646372
292 14.874319611373384
293 47.312471829411656
294 34.1658797553058
295 116.62420301090772
296 -27.020639334274215
297 -49.07382129430677
298 102.22165011745096
299 204.23321052347112
300 -1176.6995468013845
301 -86.90650389834397
302 30.472028574151764
303 -24.417717161365832
304 -50.226997700857545
305 43.45001143587423
306 -55.226094463545415
307 -47.121914729591595
308 -44.00564519490929
309 -103.54670752650918
310 -39.83308742234042
311 69.28317453568847
312 -95.94436521077358
313 191.34241150370786
314 -47.39192352333657
315 -609.7840631883491
316 -1.843619778944665
317 -160.5407540477864
318 -50.87502221406088
319 18.894062878939923
320 1.625323296193189
321 -114.41277170408434
322 76.87132199988459
323 425.3326250164165
324 11623.025235196355
325 -157.58636346840237
326 59.420528192078784
327 1150.7780328232475
328 -47.42864046223314
329 -71.44322495736147
330 -31.5189806478838
331 -91.44967671308453
332 -127.99109126822952
333 -70.27220154197649
334 -77.3818068580746
335 -305.68978262869774
336 -124.96675754662469
337 -94.87952839142676
338 -58.178085428461316
339 13.588583199109596
340 108.37168406578472
341 -38.878603414005745
342 56.075038888233045
343 25.2640402976333
344 -113.4498804962501
345 476.27789528263526
346 -38.30971421840953
347 25.417840637885792
348 -27.86613020790687
349 -77.41061357394784
350 260.7833156547809
351 -58.95990042769456
352 -45.20221812045111
353 -153.80254001097853
354 -1585.2600933979868
355 -71.25170636963368
356 -57.420198613034295
357 -64.46516867432302
358 -44.38292427809683
359 -168.43612592046503
360 -52.59883016893498
361 -249.62979676160936
362 -78.38022715483623
363 -69.50866176813271
364 34.35688679717278
365 92.11285664058452
366 -152.47653619092452
367 191.26186929096704
368 86.77415771565055
369 -5.066120961748215
370 186.5693572531063
371 60.015928615704055
372 -84.11787383150747
373 -185.91435329364006
374 -61.78535811059515
375 93.87284123420366
376 4.582794477118982
377 -171.2830208659171
378 -229.88173326798545
379 -87.02638266855763
380 -36.660731047923115
381 2870.136215575093
382 -635.6504200754381
383 -71.00963549910823
384 -154.4572817304045
385 -123.93106206461154
386 -58.63294709456476
387 4.330364720862084
388 47.31080257827254
389 -105.06901303785071
390 104.32651056853713
391 13.951714447100393
392 -101.83801640513018
393 -1168.7776669926411
394 -81.8550613483998
395 -444.0181214645679
396 -134.32529237852847
397 -229.33833926638175
398 -589.4970784167549
399 -229.28168801320638
400 -1669.6282749726745
401 -156.68876624362213
402 68.03991536701211
403 -13.181579835141955
404 -325.943206253928
405 -234.6844786838188
406 -428.90336635764214
407 -186.6269862667322
408 1139.1937044854371
409 120.30039555360983
410 -60.15172495800717
411 -113.26824657011029
412 -181.8158269641711
413 -113.7071029309851
414 63.5431792634592
415 -103.26154089705082
416 123.19892092540255
417 -8652.880945920298
418 -389.6693384862935
419 -100.73634364789308
420 -285.60340753501646
421 -169.74276120699963
422 -208.10288248482883
423 -358.78141853533384
424 -82.53946161139035
425 -87.60553749894382
426 -162.5896586498292
427 -93.16572821544028
428 -107.42009420556097
429 -283.8951196279401
430 -123.68339753597238
431 -1128.6212198451328
432 34.81947721301266
433 -249.43537515026563
434 5.1957341047723595
435 1207.7305695834239
436 517.2524333569504
437 -310.69183395694364
438 -69.37405359703473
439 -417.32992819288495
440 -103.03655511532305
441 -18.203420126089565
442 82.48983040904388
443 -212.3634069695326
444 -135.28147041283836
445 -116.57874197152825
446 383.0025841084629
447 130.35115869449473
448 106.35409282713636
449 -127.72747040145357
450 -189.691361528284
451 202.5746185133759
452 -907.4523863389481
453 -56.97965061791484
454 -58.11881457475869
455 251.0268494735183
456 1.757657662370981
457 -4.000091630240386
458 -171.74450310365074
459 -114.35483318860217
460 431.2523506393496
461 -109.34689241235488
462 -218.34956563362562
463 -86.01681719446039
464 585.0250964594343
465 -177.85593832813313
466 -153.73467317941012
467 -181.1348989640387
468 -223.27816501852843
469 -146.85450801001755
470 -1002.850044105012
471 -121.62448044023083
472 -185.75197057841189
473 574.5546285824381
474 -124.8538138457256
475 -176.13432890706144
476 -286.46559679798463
477 -109.81747096183793
478 2322.5584766449488
479 -126.86037083266592
480 -98.81132203148269
481 -141.89147432647044
482 -135.34626117150134
483 -45.643865307906125
484 -79.11838924876623
485 -119.37699943187324
486 -192.43841807437212
487 50.078045611258325
488 -143.91591936846766
489 -131.59197816680793
490 -171.58037631622778
491 -165.10083615024774
492 -164.43061955892668
493 -229.0022845670364
494 -225.23192461952604
495 52.93387137529934
496 -284.8132596938095
497 -212.72338252413303
498 166.06741986465425
499 -230.2941951067636
500 -151.95412923562486
501 193.67187115080148
502 206.4066433924312
503 -146.44499184218458
504 59.248916595970016
