evaluations raw_y
1 7.692380793426505
2 50.57457215256312
3 57.02098823455086
4 119.80118679065166
5 79.44434745384709
6 44.093725669716505
7 48.3012121652209
8 33.895536641447535
9 35.867522494983696
10 50.90771462231203
11 60.845921784905734
12 42.37103216336321
13 95.17778159777232
14 96.12329745257392
15 60.52846609394642
16 95.9499767484879
17 36.45559327585931
18 52.85602785331879
19 52.804500177511215
20 90.20023374904376
21 71.02765662139315
22 35.6876680257904
23 51.47043534531127
24 48.38899558316662
25 34.1860450337328
26 45.5264753576024
27 23.73234981156044
28 4.980641833303107
29 60.798904649443784
30 98.43220323156632
31 9.839770136247955
32 44.30982832627982
33 36.75431747353477
34 119.32233094805275
35 77.52846018804902
36 28.575272455634796
37 35.344396234759394
38 17.519353882997855
39 5.358813485965834
40 24.407746273127437
41 43.82803443104125
42 9.373104674398762
43 4.303757227197064
44 11.34578394929365
45 20.218927230176817
46 50.19146632621699
47 17.186197743169455
48 39.42566970192604
49 7.671009259530172
50 33.715938213484336
51 40.49086760532854
52 30.104991872052643
53 38.68071548990677
54 18.495684824190047
55 5.433303961676858
56 41.87157469025738
57 2.643738353966996
58 4.980641833303107
59 40.34817485010143
60 37.52385771297573
61 2.8303566597237353
62 5.0851755186328695
63 2.3388122697782405
64 5.185805727860928
65 3.3620831746444058
66 4.880883356342595
67 4.869780361336451
68 7.239544558800093
69 41.31941620307167
70 11.403248744608309
71 4.139423616198255
72 8.004508759154515
73 38.75859841724327
74 54.77123486794818
75 2.6296481070139124
76 119.09202193001605
77 18.94892096612172
78 35.54458941460101
79 14.143066424326584
80 10.15613890346835
81 10.246833742810328
82 33.501144791022924
83 1.8108869621527413
84 11.37592671087606
85 25.06572994558377
86 4.766828121368564
87 23.434417812884544
88 4.5031621866497895
89 33.581615011899906
90 41.437785484192176
91 5.542361585828981
92 2.9041623839355353
93 18.171989652180393
94 11.575758568407633
95 20.738832450655188
96 8.683243187004836
97 26.021197604488655
98 1.6992534802893255
99 25.88221436043052
100 4.463569300978283
101 8.825426747499538
102 25.590577777830063
103 30.339624730001702
104 102.52662569554259
105 4.717861450034758
106 9.274532167803958
107 17.209186931326983
108 18.775333445919745
109 7.594175043979996
110 13.735509947378802
111 58.12274003114071
112 26.01521487927357
113 21.025171532958478
114 10.471565090468628
115 5.474976616536324
116 43.27360347716501
117 2.8592175542321794
118 2.7576454072425567
119 20.922978139577328
120 64.9279811996253
121 9.18369928059899
122 5.365033119917532
123 8.81863308541051
124 4.024130332311657
125 20.8971434802393
126 2.1977136682325242
127 2.658224574184805
128 4.4804251103656005
129 6.5007363542316146
130 0.5490697946386754
131 3.086835274070612
132 4.017783434593502
133 30.67703321582239
134 38.22867590162795
135 2.4616000909005704
136 58.82906070471638
137 1.7848434907263973
138 0.4318084950594778
139 1.4077662273601028
140 18.055918856219144
141 18.19822008590338
142 8.38208203003722
143 23.6215265056106
144 0.42757035918958985
145 14.106773272964379
146 55.73214641363715
147 2.5333634921259893
148 3.5666312227061105
149 14.235448318031588
150 33.99344722215528
151 4.009817089029916
152 0.09336963287993927
153 14.327779901839987
154 8.4288582941499
155 20.495424531451587
156 5.035720842571721
157 30.624439445950703
158 1.489339801416161
159 29.921588916951332
160 2.5272764830048557
161 3.2115160278084813
162 20.50163565458978
163 8.972271536245819
164 82.30541193461964
165 7.200259415571821
166 6.268663319001277
167 3.986405186779873
168 6.65248795250997
169 6.297651769358968
170 16.239312501952053
171 13.232526001706342
172 32.8222828806072
173 4.661908581400057
174 3.099375704062248
175 11.156462293268177
176 81.38292320090613
177 4.0574145886344315
178 5.147378220589092
179 4.479268002342293
180 46.76850152827424
181 0.8656398266734746
182 1.3126958808872187
183 6.9658598912143095
184 5.842359417857089
185 3.1197952008107475
186 4.306086294917463
187 5.890453794262708
188 0.9549529515648695
189 19.28444903802747
190 2.2962985096614394
191 -0.6978332880225212
192 4.29254741420119
193 34.592509656846076
194 11.70906302995985
195 5.262480628423091
196 20.03139845939103
197 2.6612807060159223
198 18.80626569254155
199 6.069201589771329
200 19.018162160864964
201 30.329556576802965
202 2.950039035101371
203 26.92635905185884
204 2.823990089477779
205 17.204245632389135
206 50.86608962150368
207 3.7414417076790594
208 0.18942999781188075
209 1.7334164295368228
210 37.71478257450932
211 0.7947967577734603
212 -0.4573626314257291
213 1.5498231980313752
214 7.886422303377935
215 11.543004935897839
216 2.0444200030003055
217 9.461230473067625
218 0.2769247549961039
219 29.814256759333837
220 0.9735045030677706
221 -0.5375103963355756
222 9.796076817739214
223 25.141969648309544
224 34.54996600078364
225 9.150215943979902
226 6.090260499029525
227 2.8708059731245985
228 0.9525378389719659
229 2.8142423818628712
230 15.384756739878263
231 73.22428516781855
232 28.753698604156295
233 21.38063812971708
234 7.286941842048047
235 16.2316862876557
236 22.746317827211644
237 4.900426077186203
238 3.502730228478691
239 1.149570103820944
240 47.59390069614011
241 1.9024341569213035
242 -0.18574319465251876
243 9.27003373607631
244 0.299993952027796
245 1.9097345321350923
246 0.8882336103922819
247 9.384576827384329
248 0.6044718860585078
249 2.1487846242568116
250 0.6706951087360615
251 -0.7329163976604849
252 10.218158625391153
253 20.62796641415787
254 45.777716700536836
255 2.2913017210437867
256 10.569534251919743
257 4.050854688565442
258 6.164771670924669
259 3.383674656362404
260 3.563751112048953
261 15.909771065919855
262 13.997068532626464
263 47.272088665851015
264 2.860056413985164
265 26.055335075010277
266 49.3134758235621
267 9.855662578568259
268 0.5137210493862896
269 0.5297109977381691
270 68.58468486264445
271 3.7408304939736965
272 3.8327833359349466
273 11.116347113870871
274 0.40821232518259587
275 9.054199449874162
276 0.5362298555659631
277 5.284440900489352
278 1.537328326639515
279 14.94743887636045
280 -0.606569440956565
281 -0.6865726940963851
282 6.1662656159597695
283 28.879801529341776
284 29.29158647701955
285 1.2059921396249476
286 -0.779339137151864
287 0.7362317303911218
288 9.499004221820877
289 2.60006641279837
290 1.0238552938781793
291 64.19582716441552
292 2.2360242790501825
293 28.117623468726215
294 1.3061328379047077
295 14.877908507238276
296 6.781835173758305
297 13.845762255791763
298 0.9002808359298798
299 1.7988756747463723
300 51.25168051418996
301 -0.9788627506326739
302 1.8419701808700988
303 5.852515001850211
304 1.522931436897214
305 3.344047214014199
306 0.10806378530251726
307 18.005528803906113
308 0.769154297541558
309 18.495632270688436
310 1.564891280974884
311 2.732363759412393
312 31.117711579219705
313 8.362490490577816
314 19.59383538563296
315 4.588456043193829
316 2.576450106582718
317 6.453475819405478
318 1.456113990983086
319 1.8138284611952598
320 1.7077471038935117
321 31.182463823156425
322 24.111875637645717
323 14.576493712784238
324 10.954320775551949
325 19.891303032575944
326 37.40954172123166
327 1.5546512278232312
328 0.8180574248179195
329 0.699191140183382
330 32.68917032176861
331 -0.3875328867204715
332 2.0068421069315217
333 5.30461972827204
334 0.10339466123090069
335 -1.00854242943156
336 11.075244288808024
337 6.175551252758639
338 1.962723441688999
339 2.0380152525969453
340 0.742714825005073
341 3.0571608729478097
342 9.77802841060171
343 28.76572011062109
344 15.092397739070147
345 -0.5114609700165396
346 0.1904329640412274
347 3.3311352674281878
348 3.6713610975828477
349 2.015308968076753
350 2.2360308592931153
351 107.41335316380066
352 7.9632065454176395
353 30.56711846852012
354 3.2113385055104247
355 10.00950257575851
356 8.583912870715816
357 -0.9854869367495972
358 0.6201964559466264
359 0.297307586944194
360 30.159442865265582
361 -1.093698455695815
362 0.6577639559990929
363 25.151112350478886
364 2.4543921742627943
365 5.2185935950502165
366 3.2171340304335345
367 11.395088171088618
368 2.2688104492828503
369 26.632585110852308
370 0.26823501035338604
371 6.267986094897486
372 13.993383901406107
373 9.905737727664455
374 29.542854210027016
375 2.7159556497243256
376 1.6554135669687455
377 0.4187723332604686
378 0.44003914582656156
379 3.320851938617574
380 -0.09700719595462493
381 80.41078957645345
382 22.998454027859946
383 2.917601070712465
384 4.001253787262653
385 17.09189116513936
386 37.57412251395918
387 -0.6903590738051155
388 1.521959384828128
389 1.7004757883964976
390 32.23468904287212
391 0.039882671059211616
392 9.74078708607999
393 12.212215300711472
394 2.465595655917607
395 -0.9104114771442227
396 -0.5754327741971224
397 27.651741427050947
398 -0.5916285992610986
399 23.400861306268688
400 1.8350263924274683
401 2.2315242228440537
402 13.876479365789375
403 28.44471567793459
404 15.573384084304287
405 1.1506940021352743
406 3.0492458877941617
407 -1.477214944071936
408 3.3672116967583348
409 1.043908412832169
410 3.0945920941167806
411 48.59042636939301
412 38.39482658008053
413 28.404564454085328
414 5.995139398090453
415 5.503546126396582
416 6.136888559826694
417 -1.0478112352485156
418 2.326386338660598
419 3.0156634989435007
420 0.18900164065445124
421 -0.6577875602259837
422 2.307862421616178
423 1.458217081062101
424 -1.532221461196274
425 -1.39870999034809
426 0.7643193600490539
427 20.65106820092404
428 2.8852686379954067
429 20.751955042184267
430 0.5639954705124978
431 -0.2887639389928538
432 4.2189529479651116
433 25.83968285970515
434 45.85284220072408
435 7.6220857116554335
436 1.8394782891430066
437 0.2097226816273252
438 1.1373121751127204
439 2.510656224047338
440 1.4233218705252402
441 2.200456275865487
442 2.879574597292226
443 21.976727438522683
444 15.19177163032424
445 11.101666655382495
446 12.988741183317591
447 0.3987961396273516
448 -0.08302021146577199
449 8.1518696864962
450 29.37556604900737
451 -2.8078081944633966
452 3.0877401431636207
453 12.178975569386793
454 3.7186366774720585
455 0.8402895182744281
456 2.24437189916542
457 24.390631426958482
458 0.11858672827076777
459 20.5295616505762
460 -0.013127543853405588
461 1.2673132163772287
462 15.43226318006456
463 34.535585955062594
464 5.70324492727322
465 7.442180474456814
466 2.229404006756229
467 -1.729814540733427
468 1.3820829268655621
469 2.3571086276447613
470 0.9684663105130262
471 49.04226978209276
472 28.592222019776646
473 41.93175627688443
474 1.1635653219655038
475 5.011028674015289
476 48.07111240467016
477 -1.0686261786912181
478 0.12476739030370654
479 -0.05034932038903123
480 37.26801400687978
481 -1.5990379118569846
482 27.53070984278837
483 0.2843618753967246
484 0.3517925267980477
485 -1.78510479065943
486 -1.0044343437253405
487 10.054390068639986
488 1.2747430256917944
489 9.58191235647561
490 3.557089492075667
491 7.253695103173732
492 8.330795128970461
493 21.194212990334723
494 30.67485981249844
495 10.368183094508241
496 1.6290257125289318
497 -0.9524797273116192
498 -0.31807459186859843
499 3.0238528252344965
500 3.698213999782798
501 60.03879209278433
502 14.805886278844664
503 37.97164864448878
504 4.218645016602673
505 26.790280261781685
506 0.4839002552709538
507 -1.3991187455974343
508 1.9989579665369845
509 4.5137735558750265
510 47.60281665541775
evaluations raw_y
1 65.73593746559001
2 40.69892820001556
3 70.99093042487158
4 36.26625727722808
5 84.58454483430303
6 130.04843486802497
7 52.7647174711332
8 74.1603580857087
9 96.66432635031612
10 62.23275925859272
11 54.099161985011214
12 50.57035963304882
13 54.96596621869603
14 26.45677154214141
15 87.2263455616699
16 75.61831007110118
17 50.05767832942109
18 51.87732497749646
19 44.98811791903117
20 62.29131320338986
21 49.655388714316416
22 86.78316268147779
23 107.63405136635673
24 90.76610893587326
25 119.89144123247053
26 42.187753098671074
27 64.78235787438216
28 68.56535114583315
29 90.28097275187054
30 72.7944745852472
31 57.97012934470487
32 23.425790309722295
33 25.531603040167603
34 7.301882255213012
35 46.93505619408373
36 72.91063249824705
37 39.683153295540336
38 17.41547748529867
39 63.94726016101486
40 40.63873515657729
41 28.766797834729473
42 40.86701337291287
43 16.23778798300211
44 26.45677154214141
45 32.878599209618294
46 28.801044574606593
47 19.377625458054304
48 50.32944063550756
49 40.08496118936078
50 22.272969251720212
51 53.586434796853865
52 56.73496873578925
53 34.64603715050663
54 26.628569016861192
55 114.66879049300988
56 36.11947594723302
57 20.918568124183885
58 34.59301532460003
59 10.265328248362195
60 103.04424907329563
61 74.85158441249277
62 54.85339257413064
63 10.320187192499493
64 4.237957615279548
65 12.322359734140043
66 123.83598301408887
67 22.868009051669148
68 44.42993169233665
69 3.017640271124321
70 66.84276172340957
71 67.07962278001756
72 8.450962535144665
73 20.763796061577533
74 2.5605072634690424
75 11.259679201954846
76 68.6173626948507
77 39.976628663854385
78 14.697876364417821
79 31.949261201861546
80 44.44579444523641
81 113.77628066158856
82 66.28335793724474
83 74.74865701658794
84 22.71686590309438
85 1.5642212466992764
86 15.839137081064177
87 13.00038585368084
88 10.996007323569566
89 38.2502228561411
90 111.94086360731107
91 65.01101650330735
92 72.15341171642349
93 45.29999868317672
94 3.6933004814307324
95 28.390838843526815
96 24.5038193916611
97 53.9605257218575
98 1.0664815221833541
99 46.40349247496347
100 55.11755577116853
101 62.09985670184293
102 4.000873761354394
103 39.994992746679266
104 31.895385163967745
105 8.771083930496426
106 43.33071586438538
107 63.321221385175136
108 65.46828845693649
109 39.25409343687462
110 37.39299563517181
111 62.708893009087305
112 41.87704971098958
113 12.64660544971171
114 8.405837690416028
115 24.66749430597407
116 4.126679295486456
117 30.76106073447165
118 35.03444393668619
119 71.73962651184287
120 83.43633374878333
121 27.812316547633394
122 51.47404988857322
123 4.683668264201772
124 8.492912654612876
125 5.912151941377473
126 21.679591208568695
127 16.110589707299766
128 49.657677719820356
129 36.21913729257896
130 19.328558278702516
131 27.197716147313127
132 4.273896461652919
133 19.371070562489166
134 10.405918802784942
135 17.705259922474948
136 75.24252668492781
137 89.59135775274552
138 9.894082751052064
139 22.057468298538137
140 94.04929859662595
141 87.90286260895759
142 32.08856619992651
143 66.49678512184227
144 9.054238724039195
145 6.045674708621675
146 4.182925613605775
147 28.134527338170987
148 16.20856147447504
149 6.622598213781385
150 38.19594704117993
151 26.00832149265318
152 61.104475230938
153 28.482727524302998
154 -0.7722637011453585
155 13.804148604767008
156 30.09089674709248
157 5.826021443368193
158 49.51136612251098
159 5.025828322181264
160 40.539585120995
161 13.937418972290281
162 4.413865998101936
163 26.14900664334029
164 30.170401338578994
165 17.22629326911745
166 40.80100367020977
167 95.36481714021667
168 30.853343337369974
169 6.857201921546153
170 28.2608459052121
171 96.62374468856666
172 73.86801912274878
173 1.6742890778531492
174 2.9858374896189988
175 21.01169852525385
176 1.2832761386611287
177 28.359431963985788
178 56.42268512191525
179 40.742347713160434
180 28.788308274689214
181 0.804753830696221
182 26.35499675451449
183 0.16076128393850275
184 -0.5527749843454964
185 3.0715135244264724
186 12.864440052476933
187 25.442569270743935
188 18.61231351974881
189 12.465540828683224
190 10.000686151853346
191 40.92448559529807
192 1.847673073476622
193 47.476062149300176
194 16.42575273938498
195 7.226715549139927
196 22.16808091370403
197 36.320629475203106
198 14.883333664697254
199 36.25425967991442
200 34.27246870938418
201 23.129294404813095
202 3.032740924234756
203 63.74573234436357
204 4.709358859845481
205 25.24111926169265
206 12.13042156394186
207 43.26141962923195
208 60.4607292671451
209 16.51569870798386
210 27.908551625916243
211 16.527353355840734
212 12.275472348740545
213 17.307729561286816
214 -1.083989486128236
215 18.48269801386527
216 38.96087878661446
217 3.234393314637689
218 18.708583008499406
219 34.42148134207126
220 13.327373051966156
221 2.2814843696610017
222 7.240332377971143
223 15.133663063459512
224 23.636565385426024
225 16.276702442877177
226 44.72410912978475
227 13.084330223438887
228 6.931574141519704
229 -0.24351196878577896
230 43.48354395343396
231 95.96289828461369
232 9.42698038416843
233 3.8109690288631435
234 0.30067676759831063
235 7.8596884372394396
236 2.3983872786685385
237 26.296595010877663
238 31.123857550066912
239 28.069805561403193
240 21.252751499034137
241 3.6991747582473398
242 28.560528847187015
243 2.5323082852997016
244 1.7858344599024125
245 9.641476233859423
246 17.140120504500388
247 17.88656508826937
248 17.576216204674456
249 23.677737369066822
250 1.859281605677546
251 33.44527697074077
252 1.003837673466771
253 28.277401741453602
254 44.46309304734109
255 4.049897020321916
256 27.43334632755197
257 14.895543981902758
258 6.972652394943161
259 35.807959958214845
260 6.06582075102439
261 20.473933968250105
262 8.028912563296771
263 9.31465752873114
264 5.610205547099873
265 17.866999102338454
266 3.3165046757434826
267 15.759879181178443
268 3.0944762523849594
269 36.57408937289192
270 4.899197646196116
271 7.335953858038891
272 15.126990082749467
273 2.7490536437209685
274 0.8216422602261063
275 3.3906968489141995
276 1.822002176380571
277 0.9552436658458507
278 2.854238005866828
279 27.42630523664228
280 11.514275966897987
281 0.33400136073551695
282 3.975849198261377
283 1.9288988520078116
284 25.121228116394235
285 20.79142954690623
286 0.6381929482247515
287 32.996541245793196
288 12.116978204086323
289 33.896745637054366
290 40.85376079678624
291 58.85206935355933
292 19.277688465936347
293 5.512748187881353
294 6.351145638737159
295 16.98636632134903
296 2.155027441526351
297 41.86841897456902
298 37.45211209961932
299 4.792071498700986
300 5.139195571926531
301 6.083438895920376
302 12.921899080488767
303 3.320885645370222
304 1.3839302109265676
305 9.13120300435263
306 5.7635085014722005
307 16.849316580280124
308 9.336102726725985
309 61.909993751256415
310 5.3049454870663055
311 26.31084191021207
312 -0.4353848055927134
313 26.066021720490262
314 51.75625728852205
315 1.1733571604220463
316 25.398544646516363
317 38.41392550468318
318 3.6014209211825685
319 8.604971825929105
320 7.316822646495053
321 48.21975506483248
322 15.893370635158442
323 21.801972717836072
324 0.9148238439067158
325 24.081066621276523
326 5.049083142448522
327 -1.3452601840306646
328 5.346835513416677
329 12.918015868577378
330 3.9948473420741344
331 5.127639884511955
332 14.760173485276777
333 4.7233454345213115
334 2.225229554877876
335 8.017266101488735
336 -0.5086615479102573
337 29.038691694963113
338 3.256587686085399
339 3.8880197303459494
340 9.294730131396149
341 21.57173248731064
342 1.1437611808851995
343 7.872015316265879
344 21.974216929852197
345 14.531579568238731
346 24.279778762462445
347 10.584503739293908
348 2.7958016951136786
349 15.48980176466235
350 10.884494263410193
351 13.065310757503148
352 16.403410095541417
353 16.339948734388226
354 0.9917088284127082
355 5.0581806694546305
356 0.22485477985865
357 18.78437548030993
358 45.583070506495126
359 2.2447353764839346
360 12.19553800728836
361 13.473998693700228
362 22.2705213534531
363 8.96354456408453
364 1.564627492694073
365 0.7307710777911267
366 5.542620994021678
367 1.4246957080724627
368 9.756018509119759
369 33.700505936018686
370 17.255854443688634
371 8.803951707479706
372 -1.0054837766868465
373 10.62916556048365
374 30.169935390517928
375 24.639667038226083
376 17.90801647744463
377 0.9106397416520879
378 1.6917927374945627
379 14.305559626143783
380 3.4226362718753336
381 15.716433136865158
382 5.630316461248933
383 2.9384884622592193
384 2.8231429851846697
385 12.18605310997384
386 8.594411172200324
387 7.16537207826202
388 54.50571440099229
389 5.9082183436173485
390 2.5112514920629003
391 11.95015735233024
392 4.0803011933554725
393 1.6866713172133703
394 1.3599184544050602
395 3.1443044015526156
396 12.865249551939261
397 8.169156172910956
398 1.2049191726840374
399 16.949033370175343
400 27.873421487118154
401 5.917831965685192
402 1.629567248291435
403 4.115523165676915
404 2.0114672255676966
405 3.9509542639787987
406 22.70916948294874
407 3.5670054666963837
408 -1.6236934329243147
409 23.65355540886075
410 17.145690110747044
411 4.242257534959673
412 2.5045232104373074
413 4.6703941879739075
414 0.22737798349735305
415 13.852031123547988
416 0.642454960673025
417 22.42139235011313
418 51.84141177309223
419 2.139118529720607
420 5.272263025892135
421 5.43985381963713
422 43.509795550736314
423 0.3305633355615444
424 0.8869504568116743
425 3.5928445619822567
426 26.303236016224968
427 -1.866416105804276
428 6.405356694160734
429 5.8669929208362
430 1.9310849804906303
431 12.70757155334747
432 6.039493276305622
433 12.026400908089395
434 24.49172710786822
435 27.19416912402592
436 -0.7338111696302267
437 2.5931494147689347
438 0.15655470689278767
439 34.30842688299526
440 9.275208862652985
441 26.39516990846166
442 1.9295472160659295
443 2.593484521842668
444 -1.0217760425440874
445 7.11685728553763
446 -0.7202827957010023
447 2.8562559435887858
448 60.409326077786304
449 5.736962330406904
450 6.880654518778257
451 1.4722440545109388
452 3.8453007164893283
453 0.43032680271479506
454 3.84434435201437
455 1.292349754737296
456 5.904129994644746
457 1.2796686837790032
458 9.918237251816251
459 17.136122330854725
460 28.041832067761245
461 2.8976730593536404
462 3.946526149397082
463 -0.8527565578037097
464 3.9945488472002983
465 20.275238792668116
466 4.504198407800126
467 2.133062215548814
468 0.9043291521705735
469 0.08639209939067727
470 14.065592428645157
471 2.8098231291322837
472 2.3629056348846738
473 7.999635935411915
474 -0.3537548614354147
475 7.088471684779655
476 4.0554026846300975
477 10.314916251995577
478 101.20892523014712
479 5.050341990173507
480 12.553606160182591
481 7.099111163562666
482 33.77491610070027
483 2.049138089898527
484 -0.2751761983893426
485 2.4205034741608604
486 12.776648009295657
487 -0.25035355954911254
488 -0.46408335413792223
489 9.484377680406494
490 1.0718330939938736
491 9.79239130481407
492 11.507954037486806
493 3.486705059300031
494 17.961508450778044
495 7.123511645864085
496 2.757674584068673
497 1.9696968720089774
498 3.1666399535776675
499 15.677784279249387
500 28.735658457915793
501 22.95424224787004
502 0.7889366486618827
503 2.5229030632255958
504 -0.681617167145746
505 2.4761598291734743
506 1.2306183244409223
507 0.5759908505682722
508 34.74845675633245
509 1.389768186113176
510 3.4912461471385727
evaluations raw_y
1 25.66115474300406
2 39.635935761646465
3 33.06694157234691
4 79.97894784416391
5 63.89853418829875
6 55.53370921433539
7 12.917850978510154
8 40.79276407259705
9 49.81083921728917
10 34.04992974885563
11 43.54466063164382
12 121.96623398042806
13 59.74910500281794
14 52.70892332676727
15 30.597646585636554
16 69.52690623026959
17 30.15091067151366
18 49.87352647605261
19 65.154201110115
20 44.31868450281677
21 107.3234559112685
22 39.0902028644296
23 32.216087284173085
24 29.885486121046863
25 58.94447468032244
26 66.50728047503824
27 54.11560299650192
28 84.97635907141685
29 77.85483876415053
30 70.71965989635905
31 16.345492615466398
32 25.2869863687131
33 7.085528657655313
34 48.24454605657658
35 31.87060945076557
36 17.170283638289263
37 12.917850978510154
38 6.088164456166595
39 39.151608877432665
40 12.591411510453312
41 22.67068458964919
42 14.13822755634142
43 55.78374041369653
44 22.422887991849837
45 7.495740233635212
46 58.37266712218923
47 13.681870694281866
48 53.303663714620775
49 18.444830520442856
50 13.152208970158483
51 50.53730763170718
52 32.062164817131176
53 16.384985583531797
54 53.70385908360843
55 16.117912568376475
56 27.744757124230382
57 33.36332405994344
58 44.2831243763043
59 15.650845358939124
60 34.15964540812386
61 7.0200767391841685
62 8.674010668049874
63 46.938386447667305
64 57.73006021781437
65 17.597127563542767
66 11.414918201005538
67 5.8407383025118484
68 13.378856475869213
69 50.5022196083766
70 20.457254557377134
71 8.968506669624329
72 74.71626523718088
73 28.77916495034223
74 9.172025105221426
75 17.55054220425843
76 7.978104958524279
77 4.928927385796547
78 52.84292762487296
79 12.458629769798073
80 12.819235942613647
81 3.546676340063589
82 7.1897050393954345
83 20.137464555775423
84 41.743995370966495
85 33.169600998919606
86 10.081858190637286
87 72.03485936498348
88 22.399823310900956
89 4.814396780093302
90 29.06535558278395
91 6.892462639327981
92 3.920927668247688
93 16.40420804115435
94 75.31836361325878
95 7.217613512871973
96 14.819440828656486
97 8.716163553171247
98 3.3998310629738304
99 48.540784809473855
100 16.000253682216048
101 8.67644958164731
102 11.007933445842523
103 10.814841268880194
104 13.37801496866604
105 9.593561234396075
106 51.10753416601381
107 8.09866658793495
108 68.6789798229622
109 5.051233933002361
110 6.325606752376302
111 7.0960036579362225
112 6.020517838366169
113 5.219058919299852
114 88.91105688239392
115 21.989323527696953
116 5.3040755285500465
117 24.37472285265332
118 19.306302999439154
119 33.93663592924159
120 14.807690330472138
121 4.078175020662098
122 4.588199107523413
123 26.60929540680892
124 28.995483743074058
125 4.658878182476534
126 7.3541684821632245
127 4.787779170726203
128 6.945740805339209
129 20.755908278442234
130 6.412649755057881
131 11.39531825155045
132 31.216066130689242
133 12.36387646015779
134 1.735429588457872
135 6.9945529700655555
136 2.3403286391643374
137 2.8855690380427736
138 48.44451968483521
139 6.862182791825702
140 11.473898311297967
141 3.2449097146536254
142 3.076202049314845
143 9.887479661418556
144 47.15184976851941
145 13.637169140811196
146 7.629989158636658
147 81.822308347575
148 28.894789324539936
149 19.99399288752277
150 6.731824342451404
151 4.7343078815808886
152 3.4268883633884
153 4.602729906427946
154 26.592577682669493
155 -0.3066045156564907
156 0.8818214305031908
157 4.623029773908523
158 3.455370608273813
159 19.4652737023691
160 24.93130512866319
161 1.4823774631793518
162 24.133209417242245
163 15.804456098452246
164 6.8782767128980735
165 7.0691737978203575
166 22.842925265000332
167 1.9584313810255816
168 67.91126736216486
169 0.9192926501629453
170 5.8759171135532124
171 2.2585482210095256
172 2.618980335480686
173 8.29915337159651
174 18.71627138008224
175 -0.17575747492370652
176 1.1301690212744984
177 49.0761182901377
178 1.1213431539679826
179 3.99405718328024
180 16.357685780048726
181 2.719304238349827
182 0.645081010188798
183 32.44939148910659
184 11.099407777987043
185 1.4248767700331055
186 6.058497605416566
187 0.6663114969793109
188 4.584842954522058
189 10.162972413724118
190 5.657170637097243
191 4.970983344278038
192 11.370451180649116
193 6.893102357475419
194 2.5505146239783563
195 1.8985345471485642
196 2.902955903593342
197 1.238494605225218
198 2.5528114393876815
199 0.9711584097643892
200 2.834243864826393
201 1.5006352386852546
202 3.149789922664419
203 9.098231479876834
204 76.77036144009203
205 6.670836650630996
206 1.7223875899177004
207 30.913389321430948
208 5.363657987380943
209 16.404506560794186
210 12.659066049754584
211 2.097569600725594
212 1.2770529372838415
213 6.190526431280261
214 28.656923274637514
215 0.4379590936338865
216 4.375059785806889
217 -1.467522118105222
218 2.932149292087691
219 12.850646045380577
220 7.729722201976516
221 4.439590893386132
222 66.51489480448735
223 9.226538507194523
224 4.963717564471816
225 3.591966513018688
226 31.489579827369795
227 2.4204314810644734
228 34.04677194000705
229 -0.5328146350774471
230 3.100110186618711
231 1.6188837912335192
232 1.1097454788173204
233 3.0251790244321155
234 36.674281555398565
235 1.0202461607361644
236 2.2515094499084594
237 79.77104181704705
238 2.396935029011345
239 37.59348002378009
240 1.7075346992630929
241 -1.1249144582943236
242 -0.991017854998342
243 14.801684555611871
244 29.058507447760768
245 1.5306941323900212
246 5.861036718762809
247 5.602316021467201
248 4.8830872999424315
249 29.95363774686749
250 3.144696869335702
251 4.136080287109815
252 26.48461899083707
253 3.502112990389588
254 19.028322974648958
255 3.0966443373454853
256 4.89148656801963
257 3.4029668767381445
258 24.12109422799852
259 0.2834209159056287
260 3.580517870571555
261 5.933849208093744
262 1.138849519117204
263 9.096482731502167
264 58.7883669443154
265 2.3230468327944864
266 9.041227969968407
267 31.206101017859993
268 3.4156945778209273
269 11.307525364696563
270 10.471874715884582
271 1.8286290677014019
272 0.5496394672449465
273 0.4861790433132588
274 29.009164175727467
275 0.7593820217656762
276 4.2703597479219075
277 2.0343705716484295
278 7.777490177341138
279 15.598820409770935
280 -0.566847044917317
281 1.5537470497533816
282 42.63993961559045
283 1.1174271954425508
284 3.787749593694635
285 1.6742907266249887
286 34.25470653789719
287 2.465630664650696
288 2.7362924238243163
289 1.5661317820851632
290 4.847372192120993
291 8.517904419272321
292 0.9163771987059715
293 1.2162745686977563
294 14.259085095563222
295 0.1961081298222137
296 6.690733925053703
297 38.96318458167282
298 1.7600832204043169
299 19.99547775930397
300 3.000756008302168
301 0.2314282249348677
302 -1.0341489234444097
303 2.934958921387229
304 16.60426307040469
305 2.8114826717302
306 4.046477044471622
307 1.2521316197782766
308 -1.2673611083493235
309 35.44789355887674
310 -1.229212326939611
311 0.09117777962973123
312 17.42399376967703
313 5.731194019501182
314 1.7610689155445478
315 2.774858694275776
316 27.88391348502545
317 2.2366738583970687
318 35.2284891902731
319 -0.27348492882586795
320 1.6729765276754243
321 3.155272172917509
322 -0.7558703304102661
323 8.937448456174653
324 81.81458272831702
325 2.16392679869749
326 4.861383138862302
327 60.5378973402415
328 4.058231919822307
329 1.7386123932818607
330 -0.6654976643807633
331 -0.24640580194156547
332 0.21416009132769298
333 11.364148639738174
334 2.1764770629882637
335 0.367987705785069
336 2.2709683142520998
337 5.563130685828643
338 1.0139561357619553
339 33.78001167827356
340 0.6578322918410671
341 -0.18049759570481838
342 61.090653367829105
343 5.068883337553074
344 2.381925620694304
345 0.22604541023415137
346 17.016453054247947
347 1.9082621468058103
348 25.09947724267436
349 1.7949306952547595
350 3.008537189278472
351 3.2305260634895987
352 0.03227411284086201
353 4.553807225022586
354 8.013938692626693
355 -2.0579484435047677
356 3.625027210085403
357 118.6906175728984
358 2.1495915092535283
359 35.845719376247175
360 8.28227353193035
361 -0.09972580689883359
362 -0.1389100042942587
363 -0.10292010296972398
364 8.056738894998729
365 1.1729827378453581
366 6.179808613974338
367 2.168829967746169
368 1.542090253332682
369 18.69670362848384
370 -2.298370366231712
371 -0.7288268272807472
372 58.17746910717077
373 2.1635164875147743
374 -1.1585214638218635
375 3.20796725654725
376 6.672931958367876
377 0.650558187428144
378 8.469840822621434
379 2.4196508259841796
380 0.982844498164875
381 1.2292129540717351
382 -1.331325712025825
383 12.060170219699739
384 75.40001388397093
385 -0.3400632629198289
386 0.44170659645125443
387 47.829117185574816
388 1.6402653431674006
389 23.594159729277365
390 11.51150539011829
391 0.7259781971955206
392 -0.7438544491154998
393 3.4384134432024895
394 -1.1095214053065057
395 0.09029804758254278
396 1.054946668224717
397 0.23542944933505916
398 3.1512532638002613
399 8.641425366397272
400 1.1212615668019508
401 0.14104825373748842
402 33.99247388480464
403 -1.4471338468410784
404 7.158758545255643
405 -0.9403753172743089
406 7.660900915517245
407 -0.10400060081296203
408 2.8638926828787
409 -1.061272030088054
410 5.281083116549263
411 8.09122871288753
412 -1.0486412807011711
413 2.467513617108118
414 8.898409002336393
415 -2.3137171849787457
416 4.27700141142524
417 39.975938328183986
418 0.9673470735544313
419 0.26336874013300793
420 1.8196260804582562
421 -1.5807194093836363
422 -1.3863884434074052
423 1.9216440940977257
424 13.394376458482595
425 -1.2629663257983839
426 3.9528893830723355
427 4.704695262183201
428 2.8028777421339255
429 26.248373724865555
430 -1.745387181144232
431 -0.11111975307256194
432 30.464320844551107
433 4.3720604413340665
434 0.7347115341296784
435 0.3039432733116829
436 0.37267431164171194
437 -0.6415276671532153
438 18.91154796187446
439 -0.4922697588256274
440 1.9301165727574037
441 2.933485714283712
442 -2.278235664060582
443 12.065490436122385
444 38.79262381494348
445 -0.08265162723751696
446 2.5440460829845484
447 46.49597425632289
448 1.5005294745209683
449 4.774209934836581
450 1.786880746594342
451 -0.6454594769235016
452 -2.145815009660674
453 1.9784442917838034
454 1.774557516161494
455 -2.341759035952571
456 2.266513820533741
457 2.336030422378964
458 3.4521658974873484
459 26.204868258500426
460 0.8544165786299432
461 -1.1885212545114174
462 2.94667154791968
463 -0.5190097540321419
464 -0.1768560564533368
465 -1.8859341469529491
466 0.16598929000772467
467 -0.48956626787529367
468 13.716713588232622
469 -2.1754507125858913
470 0.14844510158194324
471 4.0917936904119285
472 -0.22038154315829006
473 29.12759104372503
474 11.897918438347556
475 -2.1684703165260313
476 1.9524915202035982
477 123.04598940679855
478 1.7186393588025686
479 9.121355727857384
480 2.738025302977067
481 -1.1762931491797246
482 -2.2527252367055843
483 4.04187527070492
484 11.086085972459976
485 -2.3236074511628373
486 1.6329504190761885
487 0.25893538781175346
488 2.2741469331266244
489 21.24072435707261
490 1.289507662740097
491 -2.3580797975655994
492 33.860235480384475
493 3.15978899661713
494 2.5001093245444137
495 0.02325980462779742
496 6.199981833301921
497 -1.2509685073619798
498 37.893251765826506
499 -1.2266005037565182
500 -1.8142824078703275
501 11.583852767927501
502 -0.6651402638246355
503 25.913134403395187
504 29.15331284579294
505 -1.2920649450229396
506 0.7584651515019767
507 109.04386253092562
508 2.2670620399869894
509 12.053201416897569
510 -0.2198152906481059
evaluations raw_y
1 34.30772919646217
2 86.45900701143306
3 41.46206890745133
4 35.87162438459424
5 29.63929886463001
6 65.18471253025272
7 77.97847977041161
8 38.81124698509702
9 17.232723133432096
10 34.716383003762814
11 46.993806564728104
12 35.4625760720983
13 16.220573084760023
14 76.78356316970248
15 15.596007393471373
16 127.53127790230833
17 67.87872523094057
18 59.94196182507808
19 38.51762303924316
20 40.61065370405804
21 104.42896963839408
22 53.0325438382868
23 49.00345826711787
24 70.26513059159106
25 31.879036601333397
26 75.34315085792328
27 87.4526406992687
28 74.73665491953977
29 77.11509901340865
30 67.08777603221947
31 26.673435278699763
32 15.696755907446612
33 13.009881201518537
34 56.937093334128704
35 12.515427748213552
36 44.75995365042229
37 64.00913138281909
38 38.96016898389178
39 3.499023367708162
40 15.489176610202874
41 8.48479624748439
42 13.770977449528463
43 11.866837135818919
44 13.59116061373753
45 15.596007393471373
46 8.190684512134876
47 59.05103726436539
48 29.42598281548476
49 19.683932709475116
50 26.832777789099296
51 50.09829994884021
52 14.579517760453852
53 13.938285154550426
54 56.093569201099974
55 18.63009205087662
56 60.332687659278335
57 36.486016191420646
58 13.287756813327938
59 76.38296936123407
60 55.28693753973443
61 1.035187881047284
62 35.82131744670709
63 31.93258640455087
64 41.96900677497047
65 17.180199084796502
66 2.4794793802493205
67 9.757272491707024
68 4.580867396716815
69 2.3204086455662742
70 2.086707463206509
71 1.50960450682903
72 21.486010941820226
73 15.020616047461226
74 0.7219781452504755
75 2.7362397408749115
76 32.5390671903913
77 36.00570186187208
78 17.255108479591556
79 17.876524717126987
80 32.07213826460849
81 64.60087726782663
82 10.812092311199951
83 45.13887383605868
84 45.23564726294509
85 27.567229640436015
86 3.36014469940524
87 78.0732887587067
88 17.532718597918773
89 4.728796115401606
90 77.52220531566566
91 19.161591526854558
92 24.05341483187093
93 11.132657471344501
94 15.154810127461587
95 23.302652451605873
96 12.727804037768916
97 34.88382248590754
98 25.533448657354732
99 7.435474777762738
100 1.2303070289421414
101 8.050012218376661
102 65.75162688126815
103 3.7748826632148043
104 1.2371570577452147
105 2.2056008558757703
106 9.609403797291812
107 10.767467540410154
108 10.067886171612477
109 -1.3907386000260886
110 35.38026340829908
111 0.6416746936622698
112 7.672474208679944
113 14.28364928811899
114 17.34766906065332
115 37.633576438770696
116 8.565095122742024
117 -2.0279557506664165
118 18.51338529353884
119 1.4481949503111076
120 60.60825543129685
121 9.689152223666511
122 39.71686277010134
123 3.068697565887537
124 62.44380571540802
125 2.768202691549694
126 18.91535684678979
127 6.483331752700449
128 15.550480380857149
129 2.0776235269651036
130 7.626634762381594
131 -0.35132968087008276
132 3.668631811988921
133 8.816937240309905
134 0.3040305859843371
135 3.2624288732868756
136 7.627236332057777
137 2.1997832732050684
138 1.238260223598604
139 5.368655027530718
140 19.783979286197283
141 39.68917589385097
142 4.910213579452748
143 19.007050539484027
144 12.998322821202821
145 77.90532453305737
146 10.058333344256996
147 59.92195727207736
148 37.355784189883536
149 3.9396037359800764
150 56.20473270974509
151 13.244525127151487
152 5.289578359517901
153 10.138594363268767
154 52.54158750143891
155 2.0103282526840367
156 4.6062295440764505
157 11.398581940903894
158 21.647929278503465
159 14.842534060786845
160 0.7613157853459389
161 0.6649047339235222
162 28.047890136824485
163 5.877257885626997
164 4.266864431706134
165 2.1667257790086034
166 14.776476815940526
167 4.076403261903033
168 -0.3750806259693985
169 3.100785202571397
170 2.540473197928618
171 43.47113153718168
172 0.09486803175449787
173 39.6550667847203
174 12.597760763618595
175 8.751504247074461
176 19.36767719657201
177 54.97615638648146
178 24.788661007198176
179 1.4627664919544925
180 37.88778919323406
181 27.673338564393056
182 40.75191681534275
183 9.850266778222208
184 41.12130285283845
185 3.4499940309488153
186 16.092888860915608
187 0.8912612421521212
188 28.40400816938839
189 4.90685020646334
190 -1.766684125516273
191 -2.1686908430720453
192 2.836773566243889
193 3.6753179410069383
194 -1.023178988678475
195 1.350889556587335
196 -1.0682544319020204
197 6.642784792014693
198 0.29355595396130263
199 1.5378197993404659
200 28.48345048010145
201 13.300750073007165
202 0.41038574067874745
203 11.540749241327648
204 15.691309242306312
205 15.21020544518268
206 0.49675143744835
207 7.249616633207671
208 23.14704736626016
209 5.186328975934674
210 24.01306713257309
211 2.055019074766655
212 5.301683386467388
213 2.1978223451161885
214 49.96547197961701
215 -0.17708289020103385
216 0.44146089116072673
217 8.054704934336087
218 29.054887281699735
219 9.963083359041493
220 -0.13543578863194766
221 -1.2040091582780643
222 8.978376450154482
223 1.3204694927849785
224 -0.3118986937187217
225 -0.2717869975101808
226 3.00910596346616
227 -0.057417751919002946
228 -0.866355525132104
229 0.2882319648433831
230 17.375728789312724
231 55.1461864970189
232 -1.2426126954327172
233 1.9490437503794615
234 14.067983391612083
235 35.21693931221182
236 5.367616830907957
237 27.28268525656165
238 18.257051166797716
239 3.037523128598224
240 7.787477058893463
241 27.945326688910146
242 12.583431730147776
243 5.570107625023317
244 83.23313441016981
245 3.467575615693024
246 5.15990308505193
247 3.87874876369025
248 33.022003042226316
249 4.322402611206117
250 -0.4441179135198848
251 -0.28323251999322463
252 0.8599505091661138
253 -1.0603928211916724
254 -2.2453157748899626
255 0.8407306620852373
256 0.2840295897335531
257 0.8024576729311842
258 -0.7597187737143696
259 -1.7802471163168023
260 26.380565966762852
261 11.724606518228136
262 2.867902179070191
263 0.7068491263819173
264 1.2256150571302675
265 63.722189677534516
266 4.023569352920301
267 27.230722024171396
268 40.62691512517446
269 -1.8152755153101274
270 5.463288988059182
271 28.19091574252642
272 6.912352114082407
273 0.15131460728738877
274 68.97010361216294
275 -0.6606901043821377
276 5.172659722348408
277 0.11080414136467737
278 15.613948340713302
279 19.573590908658982
280 1.1248321795882195
281 -2.6070301179043764
282 10.493057134489588
283 1.367400371463848
284 0.5094068596415897
285 -0.06558350648163608
286 5.018625156455554
287 3.0847238218829682
288 1.6084329799372754
289 -1.3757859766110212
290 0.618465995299792
291 31.497925387937826
292 -2.694264470575988
293 1.9673261091960417
294 11.081239166637433
295 46.65627365128958
296 3.0457647364666744
297 23.1045302383791
298 25.826418050543293
299 5.047616623411862
300 18.342799664892418
301 43.51632438253269
302 11.996363792079807
303 0.03339715982766578
304 57.933532317195734
305 1.381781576318482
306 1.8944524792721467
307 1.878591074217721
308 9.429253494494143
309 31.787074486203785
310 1.7073582819799504
311 -1.629722070421107
312 2.0307188973690717
313 1.824250641014264
314 -2.7460384939930136
315 1.0632646031483828
316 -1.1587976329727216
317 3.8473168808760616
318 2.1651289629461505
319 -0.5419761311604794
320 27.58233712922538
321 58.32996523418691
322 -0.8129295859604448
323 2.8504539444860324
324 8.546127760896912
325 54.205895871262925
326 0.2094653721137623
327 5.755779401302911
328 10.734903058669977
329 1.64240555073978
330 18.852287452594908
331 7.020504967789217
332 -1.902519919579623
333 -0.38417437399601284
334 31.492735390718853
335 -0.8164201815277035
336 0.9351248439940688
337 0.005107542088426065
338 28.58666013951757
339 0.8090154681692976
340 -0.4487989266849467
341 -2.6996378433729498
342 2.179574679303027
343 3.7874238160626406
344 -2.019642040609104
345 0.15974026460319246
346 -1.7647753848847154
347 3.081560780781891
348 -1.2954313567600322
349 -1.5650629279973691
350 5.726601638820451
351 28.571392344232407
352 -2.8329062756264376
353 6.580952174697552
354 0.5126001460082688
355 16.707030067156374
356 3.742298723812821
357 17.92956424977237
358 15.756756945517292
359 -0.9381268385651493
360 9.555301767547146
361 47.26367434722098
362 9.344774814538164
363 0.15796770336603172
364 6.555839149085845
365 -1.7029556366500658
366 -1.0613752607967124
367 0.14876125366867776
368 5.310509021998772
369 21.21176679692574
370 1.7321251581703907
371 -2.322499401416426
372 1.538989471957266
373 -0.30248446066133644
374 -2.807965785549082
375 -0.48190340853830327
376 -2.318045509174099
377 1.3122776976682884
378 -2.998642001908062
379 -1.305232388780392
380 -0.2887245157105571
381 16.404678907853363
382 2.537450006308153
383 13.784032075207222
384 3.7252107101304794
385 37.22822187079443
386 1.0347622228700197
387 9.894047915052639
388 16.018678498441503
389 -1.561719258675628
390 4.463240657835841
391 17.608161261397928
392 0.3468564460850261
393 0.17460478985743466
394 24.608626245844476
395 -0.6980870533631951
396 -0.25730234631758
397 1.3394159486721373
398 13.686419557877977
399 25.657561668158895
400 0.2635140202284405
401 -3.429810747943846
402 0.2903504882697382
403 -1.2487861195336394
404 -1.4554796450155296
405 0.7564234995514663
406 -0.5062190346824008
407 0.8478499469402272
408 0.6131432350701571
409 -1.6383034272664103
410 10.115761882660465
411 27.71923054621817
412 2.947953244783559
413 12.020929781729652
414 3.3371083260576646
415 27.12554750268357
416 -0.7235881547842486
417 36.332095653813816
418 2.9064286977408504
419 3.1032420016715934
420 16.48896513905357
421 55.00267287948335
422 12.48614691532747
423 0.06620898505117379
424 14.533090493012777
425 -2.213736937547364
426 -0.15461696698023453
427 -0.17586541167078484
428 -0.26335471834292323
429 17.44356243199684
430 5.154204669442972
431 -3.105381529517666
432 -0.3109522380062118
433 -1.6573078452578225
434 0.44777318066718885
435 -1.4454477864167545
436 -1.8278736858523548
437 -0.9623261742532494
438 2.4293248347806653
439 -3.2980471986782383
440 12.273874869302167
441 16.563454376701802
442 0.542335569864758
443 27.31569024916226
444 3.7105301760693408
445 17.60567101054101
446 -2.0243845393469
447 50.43650858536191
448 18.71642045740009
449 3.0080302899787017
450 0.5822515731220659
451 26.494095324558174
452 -1.3597419909877768
453 -0.17068320164415152
454 14.593363950825186
455 -2.821280246812124
456 -0.17178252127721216
457 0.7115827920495721
458 3.3161898906908034
459 34.48154440403499
460 -1.0390114255081095
461 -3.3984637919962792
462 -2.2829106321585235
463 -2.691734850180883
464 -1.4397998721522502
465 2.161616578398781
466 -1.0208201426836452
467 -0.08926830655130213
468 -1.763605943170985
469 -0.9577229135285921
470 0.6487619581824542
471 19.603381773232144
472 0.2479874883462175
473 7.111380192615737
474 3.5114085620183837
475 6.87740386556409
476 -2.9329679630286645
477 1.9628590756315891
478 8.545138386716099
479 4.36823441543797
480 4.739794271194074
481 30.54191286879055
482 2.021718816759013
483 -0.9641067298270075
484 7.718718565402342
485 -1.3028990909828193
486 -0.6813158133123906
487 -1.6796891750236957
488 -0.035150611502107465
489 -0.3498902545373662
490 -0.612526411168672
491 -3.392767142494105
492 -0.2760461262382985
493 -0.7390099019784322
494 -2.895084542631483
495 -0.8288841107020997
496 -1.3256730405286743
497 -0.14663290821821506
498 1.1324927155643056
499 -3.452473971125865
500 6.1514569333643685
501 5.440427040097168
502 0.8460372105421735
503 11.438877804485124
504 2.335674885421651
505 17.354422883796808
506 -1.8659372892303039
507 37.37239627200752
508 1.0102751944677637
509 3.5839476475942655
510 0.5400998829798904
evaluations raw_y
1 67.94827187597114
2 78.28623077362175
3 119.56921908962423
4 79.32028184369923
5 79.84714749774932
6 51.46157332618452
7 59.992224893666815
8 6.188129914096532
9 33.83010187605762
10 14.935882080668893
11 36.84155016428023
12 56.035564820408844
13 44.64719944907852
14 54.381370153595114
15 53.8759598178839
16 33.66796830325296
17 50.05698885676179
18 51.55494134292765
19 50.537840875058805
20 14.115812125152885
21 59.26981142572969
22 61.95852319678093
23 63.66318227468994
24 87.82045308371242
25 76.47100330368846
26 79.93518645368653
27 34.86189398873928
28 74.61242668223322
29 50.884048493059325
30 55.7161113221958
31 24.097400114549433
32 62.75558522192152
33 29.558455590360396
34 6.566514108685357
35 28.548910111338827
36 30.30538245812443
37 4.274758855353403
38 6.188129914096532
39 28.71329054475394
40 4.490330935006885
41 35.3363939160418
42 87.1705708071178
43 35.377792192363465
44 56.22550626096054
45 47.68951180676241
46 7.311013161922539
47 30.315094999184335
48 15.624689994213107
49 4.845896165368032
50 3.66232725542749
51 18.049550827357915
52 7.778084235135463
53 6.2506521695993325
54 1.3156575145281675
55 67.76127513215117
56 19.785673173434997
57 31.268839096565223
58 6.60840300527242
59 48.69253790729857
60 7.5313073739961265
61 14.952002689098673
62 91.24056108334167
63 37.626900594304686
64 39.41466393340846
65 73.88478381474063
66 17.059965814394445
67 28.449846213922346
68 0.5419249488093049
69 2.602402927429912
70 13.402791788784588
71 7.458167912988476
72 32.625521101945004
73 24.059943422395285
74 29.17504846635525
75 88.96059237110423
76 13.01148477089252
77 15.847432696021656
78 4.557601723480116
79 20.097845600658346
80 10.565003766554984
81 11.150536276252634
82 21.05276351308695
83 9.439461590715453
84 7.77930139638735
85 10.005519608446903
86 5.84075866386422
87 17.509309526108787
88 87.04727011648325
89 0.1613767659700852
90 9.243182175769059
91 30.070739978621184
92 35.465284889860555
93 40.5258057313489
94 42.85332302537307
95 45.61762688324837
96 42.201404576213385
97 50.14372822310732
98 1.1743771656061561
99 10.417651567382329
100 6.912117140735853
101 2.792022935200994
102 11.493965211792814
103 2.037108962061846
104 7.312018194011559
105 27.89995636716169
106 5.948287212066463
107 29.341524679554603
108 10.469898110500665
109 9.515886757226411
110 11.718470177978638
111 4.180997149502602
112 5.271164170455339
113 1.671448092054233
114 18.291773983976263
115 11.048518592362353
116 28.853577547794025
117 2.7196505252602168
118 36.98399388272825
119 14.028394422983508
120 1.5246461500449302
121 3.3854543811994144
122 41.664169926053106
123 34.454363857908604
124 8.157623165566429
125 45.88785567196334
126 19.686054139989828
127 8.876258947411063
128 0.6871719109058192
129 2.7846174677425117
130 22.250199787659824
131 4.312286564187199
132 5.367227311539668
133 10.524276706951417
134 1.2286617990515019
135 40.939820734857435
136 2.5968473640199834
137 23.242826384408687
138 0.5458433124334887
139 32.38811317512506
140 5.281802848708594
141 2.1620135127164133
142 4.054876839937059
143 1.5227157497501036
144 31.055138953479474
145 22.121520924123818
146 35.768454300528084
147 0.7154901707163293
148 71.88166679871381
149 19.207521058276217
150 9.05798102239443
151 31.74401220280635
152 101.13681013831169
153 29.684187742119143
154 19.868376658283005
155 42.64657371452351
156 -0.3473846795072386
157 60.009773996118405
158 0.0863806376340297
159 3.7948802118330356
160 39.09148391250118
161 2.8595268098585764
162 3.055834313892195
163 19.904381407714524
164 5.94656381101113
165 10.559670408221864
166 -0.7386259222153109
167 5.988917355764657
168 11.733833863579854
169 13.29163802650526
170 -0.46747352960145555
171 4.192786230923256
172 10.843847077662252
173 0.5365541258261958
174 30.41328744373344
175 7.182528721590088
176 2.479018556971781
177 3.528213371885836
178 10.592499178682507
179 63.07088142409895
180 7.323406949731101
181 0.4713721889772914
182 85.91328709472585
183 24.369601906015973
184 35.877934379302346
185 86.13080473406811
186 1.7546797846005266
187 14.28466710550746
188 1.683401131402156
189 7.0442873789284315
190 36.09115165364466
191 2.916548561844209
192 4.853042171714705
193 50.256716365571464
194 1.8912557648219401
195 18.944990712431874
196 1.949561693625858
197 3.5467531710183806
198 3.8665101716194483
199 49.006770688341774
200 8.836466647281352
201 1.9091844865714753
202 0.8964384323065561
203 0.13840817359918256
204 2.966269208853408
205 -1.8767290718507441
206 3.7214467883567783
207 0.16819348390591926
208 85.858408665009
209 47.637928816170245
210 5.420193099979152
211 16.07990969354361
212 42.63516458956437
213 45.38011494747935
214 71.19402466510927
215 15.957998268772702
216 3.3266805519927782
217 34.073796396831646
218 -1.4863960956244435
219 4.526322976806343
220 36.013605131935044
221 3.4982966533939677
222 3.346916054839487
223 35.19781534042253
224 6.292660420304658
225 3.422620524781258
226 0.8287749251063228
227 9.46202866164378
228 8.54980039681348
229 49.883317936608094
230 14.845389609273145
231 1.1891997843802766
232 4.788386617173863
233 -0.5866718146407874
234 16.67179085585263
235 1.9077423596976135
236 1.2402070127762588
237 1.4812508629851149
238 44.6699774723166
239 8.290120480654553
240 4.612884277836034
241 3.898608056267479
242 41.16640546390329
243 0.8537420093951085
244 26.403959050015885
245 76.24826962516266
246 1.6290628352617527
247 6.872936085538986
248 2.5155953627306067
249 9.339862237461215
250 35.234056043286174
251 3.190294686034628
252 2.256615959151431
253 63.498831394322295
254 15.618021941660352
255 7.327246356627972
256 0.24015983046269773
257 12.534038982693215
258 -0.7317744910533083
259 8.558580225502055
260 1.1018660986093265
261 1.093180490567319
262 -0.8611131647584414
263 -1.6409092644340935
264 3.063359710637779
265 0.7340212507558611
266 10.164273881821835
267 1.445528217871558
268 6.30394013068652
269 2.9037827115389785
270 1.612868960975603
271 25.09304223105158
272 38.38648030905294
273 34.23544356757781
274 10.932002138486489
275 47.89030006797553
276 -1.842372659989865
277 41.67896037716043
278 1.4046890618347532
279 19.950951140486218
280 10.722210879067253
281 4.513978128886605
282 3.7180808484570007
283 63.69436461212355
284 42.28615923825563
285 3.5143142537159635
286 1.7428492861607463
287 19.485517320174683
288 2.617653042205111
289 34.293981130636574
290 8.50743771048474
291 0.6590668878175743
292 0.6358010498035082
293 -0.27418299814186575
294 4.993394585228579
295 -0.34874127870532273
296 -0.49736674036754375
297 0.3567507919638835
298 46.343721872609635
299 9.827863739264806
300 -0.3814885502219365
301 52.15524741592688
302 47.68517923443832
303 3.8613246261967133
304 45.96443631280364
305 38.84107738182948
306 0.5210070207688111
307 14.829868642780552
308 2.1331150939110373
309 1.1396636769678077
310 41.44790726700661
311 5.041626295720037
312 0.9732956392515513
313 37.22403578829812
314 37.28738118101958
315 11.869915063465692
316 3.4271236421402973
317 8.459474228899794
318 0.6577608318657044
319 3.349317217476247
320 -0.5001963928811533
321 -0.7831726141371738
322 0.1412217093770642
323 0.058725767250918715
324 1.5494670512234103
325 -0.007698442292980057
326 17.36959074299261
327 0.7969395638993549
328 33.296445263659244
329 3.84975293057599
330 0.46469629493772024
331 55.29063222371501
332 38.97137414053081
333 18.95964476893977
334 31.81826616196127
335 2.710972685029168
336 0.7188906042860042
337 69.59588142137434
338 1.6645272137749108
339 7.903949104897627
340 22.18631034450945
341 6.454003142754072
342 -0.30221810774290314
343 52.83514645015292
344 6.007707927687025
345 17.52180336663556
346 1.6488185869750054
347 7.555703170486668
348 4.845170581968067
349 18.05892273251517
350 11.817018664231512
351 -0.12606373519215008
352 1.9965040624171073
353 -0.36587765560232516
354 4.771928753515923
355 -2.0360804239195978
356 2.1744365998580624
357 4.225823636008392
358 5.71073989041732
359 12.477069276101464
360 -0.05406670623050003
361 2.0147177060552695
362 45.01957066716981
363 3.1040081516896567
364 41.12573076101824
365 38.17156674435881
366 -0.4575489223800435
367 35.18530919594471
368 1.7281951617264681
369 8.103103195724145
370 57.556309075186725
371 0.9964786905683711
372 -0.456127225081093
373 47.98278380755001
374 18.472874951144377
375 3.746353423271974
376 1.4954333305944179
377 18.23670968516533
378 -0.20566231772048316
379 13.328094753038023
380 8.410809930875939
381 -1.034142025216751
382 0.8481169634707292
383 0.10418775421236137
384 0.9494343225473479
385 -0.04989007307548232
386 4.161999173001762
387 0.6591865431082788
388 57.71382278912853
389 1.1138677960504035
390 -3.114233185183276
391 28.984135162117653
392 3.0996752137187853
393 16.129866489399546
394 5.61266010669385
395 38.014809699551535
396 -0.7754911709991988
397 26.964108824196853
398 -0.4294612972746945
399 4.829667364848932
400 54.946699287978454
401 6.710669302054812
402 -1.5990973474811128
403 55.274809861847714
404 4.57752570253308
405 5.23948290694922
406 0.3961164157734586
407 14.66232667747106
408 1.0489610283236797
409 12.142942901896397
410 1.4013394697404205
411 -1.1133003415000093
412 2.9859310876298486
413 -1.5796111034679376
414 4.240377817687088
415 -3.04013316850127
416 1.829418357046019
417 0.2132011071297577
418 3.230152921195747
419 7.139735093158736
420 -2.24256838767758
421 16.534493827051676
422 23.70630803343396
423 11.644478744060546
424 30.00009185549123
425 44.087579463561894
426 1.3966004707407742
427 28.71911421706674
428 -2.4188945989294104
429 -0.4425989186386289
430 51.774113462177766
431 4.302576655009846
432 -1.5831338923927913
433 37.20820377959201
434 24.295658403129508
435 3.7022715609947476
436 4.637985523860552
437 32.81868517123029
438 0.3050219324746304
439 11.695106974110058
440 -0.47284063382373853
441 -2.2918549151734986
442 1.0896585457211434
443 -0.3037491879495685
444 3.8418536623176474
445 -3.2453685624864144
446 9.880434123252043
447 1.71641923179397
448 56.94880076671377
449 2.0752708571426783
450 -3.171673549497439
451 20.673918280100636
452 42.159910395682914
453 16.21770555747382
454 1.9932648608180819
455 19.544666299219674
456 -0.15711116329822825
457 17.871302709381354
458 -0.16851156668885287
459 1.6609513454297613
460 35.88321295913173
461 2.176669753533573
462 -1.8159743794122245
463 27.391769927766457
464 7.422166132053707
465 4.00233132156892
466 -0.2150820932576587
467 7.218180167733207
468 5.0148042126417565
469 4.954734722796214
470 -0.019398865423855716
471 -2.313437413218062
472 0.31159222256706776
473 -0.7940587995277888
474 3.1759845879508735
475 -2.2194623882606788
476 14.88046572058461
477 2.6370757632722723
478 23.06397460760887
479 7.508217299221133
480 -2.7741703088252145
481 6.7651542230339565
482 10.434099141412068
483 3.5423731825521285
484 16.085581828517416
485 34.470240611548945
486 -0.22001619309343046
487 15.876641898300186
488 0.5320508754674838
489 -1.0414242152390238
490 22.078032148260963
491 -0.1595322818655036
492 -1.1509450658229219
493 27.498077634474676
494 11.756074752586063
495 2.9758438829289413
496 1.341123636788214
497 39.623543436985116
498 0.7877344468796552
499 3.8197490175763122
500 0.8992228729374684
501 -3.522221694917877
502 2.1730223560571007
503 0.13466850425103377
504 3.8831370621051353
505 -3.296972530834505
506 0.08962288795112894
507 0.7146618493695901
508 48.74236694872017
509 2.937337014107153
510 -3.0750342064214764
