evaluations raw_y
1 16.19790462902325
2 212.34489596661697
3 134.16182473672993
4 298.8385581619522
5 244.99201648440453
6 117.06515357599959
7 181.0163775117618
8 71.21925058167727
9 76.43777423375789
10 93.29254085408914
11 229.00186952571903
12 58.63395175355028
13 158.1074548912532
14 152.85766876915753
15 309.1278413077674
16 272.90395306420595
17 75.85187159522789
18 121.20309837500378
19 84.86734938230309
20 340.2476349854753
21 193.02688196855883
22 178.2834746350493
23 58.41819992868476
24 122.36109760453033
25 163.94008838474255
26 174.0608021187257
27 71.16979104245223
28 25.141373620274113
29 135.3612031884991
30 272.5847559840554
31 187.84854177072555
32 101.22938627056264
33 220.11933132393483
34 234.6697001311423
35 244.80072294706108
36 239.09477352245221
37 101.7379084859486
38 21.95293867420373
39 106.52314436530622
40 87.87231251996884
41 186.6310963516984
42 119.96149666633102
43 332.91669937094156
44 53.86869657263519
45 105.42485002980087
46 239.57490562532874
47 197.61157887385573
48 17.423818379391697
49 173.01970092780155
50 82.32066432848924
51 141.2280250581064
52 269.07710276313003
53 214.97862414200708
54 226.65473171530388
55 87.6148871886559
56 138.12176034644577
57 282.2776589585934
58 374.4386223102114
59 360.6788365477581
60 136.09918471545814
61 123.19321045045774
62 321.5144453840811
63 80.82391548343296
64 210.8039993006633
65 502.73541500755266
66 221.90236011643378
67 227.3085562480037
68 315.4523201454733
69 269.0473639722584
70 65.95629176921972
71 596.7277115164742
72 468.9447164679832
73 252.204034713912
74 375.3314693699768
75 357.2264658928058
76 321.1954597333543
77 38.362495572276266
78 33.467241025154706
79 199.36604308529442
80 468.9495110612658
81 136.4549738518782
82 213.19168584460178
83 266.861001567033
84 344.77989803865535
85 244.62936907779442
86 451.5637427284348
87 233.79967589592843
88 33.67217685446775
89 251.14528612635183
90 263.6960493894963
91 140.00624244897182
92 98.46180953838063
93 507.66458542475414
94 232.45837462036638
95 17.708667424934312
96 220.9401708692977
97 24.566269538831307
98 17.423818379391697
99 80.2118757452295
100 75.61321750460868
101 140.67212572798897
102 37.16632533882469
103 226.9921341493689
104 199.1286517913618
105 232.8747363399378
106 520.42593577259
107 135.15578597093491
108 66.59150382063653
109 167.27574874663637
110 168.74524884241367
111 88.33939229807581
112 199.74124121500654
113 82.53814918406003
114 187.15429604541055
115 203.77253589594943
116 354.3880599421631
117 221.409982911133
118 225.5881741980672
119 84.07231683469199
120 180.53467320595922
121 177.10478396490973
122 503.2548112518091
123 367.0814201015515
124 110.2545176224214
125 210.60936829568897
126 209.31901524350587
127 362.1925880607575
128 33.50898679595847
129 234.0617551519157
130 355.91750167123934
131 266.6676688345104
132 307.97985267126745
133 270.0182138499466
134 310.2451844518689
135 331.8905823650938
136 232.41881107429114
137 322.8437332335495
138 26.41118429650217
139 328.20403894922055
140 144.92355357368518
141 175.07622408312247
142 214.85892835006348
143 222.11436087762885
144 21.368240927654348
145 23.043219401564752
146 285.2624427504134
147 70.12149099801529
148 17.423818379391697
149 234.1457072234642
150 215.91501457215801
151 473.44936174371196
152 182.11344490242817
153 333.3368943906612
154 162.98481085676184
155 37.431404010953216
156 165.50378705133718
157 199.1149190220449
158 264.9139170593097
159 69.36838534610827
160 87.2492300610755
161 116.51799429443167
162 170.33756660010746
163 140.69562141182422
164 354.65329480226734
165 181.53030172591858
166 182.58557818673427
167 314.40574715359077
168 302.7925947770255
169 163.0516158552071
170 358.26569618393006
171 363.52557362595803
172 315.27432630319095
173 192.74108450379057
174 185.06411984461994
175 314.5824510300948
176 46.056067213160226
177 117.19558364738245
178 93.0455180691373
179 33.07247637555537
180 554.4942880046078
181 455.2847456026543
182 88.96042687004984
183 64.05028340841805
184 298.1741718340027
185 174.5910950648923
186 230.09188980171183
187 123.00896627333948
188 75.61790564609652
189 309.8911388579189
190 36.348971017154355
191 315.12532187714675
192 134.80127010614984
193 285.77347621182525
194 66.3069808900319
195 30.69534264621561
196 503.0987718861345
197 48.908986265671594
198 17.423818379391697
199 65.41996559327457
200 468.20656270470107
201 153.3464717491462
202 167.48383692548006
203 362.14202995791334
204 120.2790401215045
205 86.42481658849424
206 170.8767591087902
207 48.3533160517742
208 76.22427109011305
209 13.166878134584199
210 197.8535240414702
211 87.25334171810542
212 360.05412747793815
213 214.89457732253143
214 299.29949078179646
215 310.6241930705111
216 358.40066145533933
217 361.0997333555687
218 140.11680766335354
219 132.7081793515375
220 194.09301613751725
221 327.80728261382086
222 192.35816399078482
223 426.4577198718796
224 86.20181112350133
225 214.7657492537876
226 75.92681879317237
227 191.56444533484057
228 54.59164948253547
229 27.14027721584052
230 376.30013183544753
231 154.43717015671737
232 67.57652869556578
233 93.31702104180326
234 321.43834773008774
235 106.43836172694658
236 308.2883655270769
237 456.44849813992164
238 75.73813347376161
239 273.86147913364186
240 40.040155964796256
241 360.5650307166185
242 12.94345922010563
243 357.27266169569356
244 51.17048407777696
245 17.963832949252375
246 408.2912342653907
247 92.7367327102561
248 17.423818379391697
249 264.4974114121195
250 64.70281880412655
251 414.19389457066916
252 116.88664608975253
253 407.9112816212117
254 9.980929872663378
255 186.36311271262863
256 134.93869099935273
257 99.11920384140566
258 168.0861303317934
259 32.518887615059725
260 212.6606698372611
261 70.53705442896405
262 461.9250718133817
263 116.72525273899191
264 373.39326473381493
265 319.1555480806695
266 213.25778438469112
267 187.6477968456229
268 199.39999626772115
269 322.9013439753276
270 281.65110425005884
271 368.7926322264947
272 169.72002553872034
273 41.777080667808384
274 33.10426108385893
275 180.59467873639758
276 181.75115048244118
277 356.5958237230019
278 74.40296056779727
279 25.565878769778855
280 321.66049957558386
281 181.76757237664208
282 217.34067196577578
283 162.95087515015157
284 311.183150046659
285 215.48959728220026
286 67.47248889500023
287 185.48936586025587
288 16.25570354317427
289 197.1962430111019
290 17.801136238252646
291 188.85499401104772
292 12.94345922010563
293 310.7692677805984
294 11.198302016610988
295 82.60192593909244
296 742.065795512883
297 64.52189973595648
298 17.255439013675595
299 219.9397717494747
300 191.29378308870213
301 182.8542887668468
302 180.7239926444
303 156.64139282552676
304 9.980929872663378
305 323.34985507464717
306 99.59980054481107
307 78.64023238872416
308 214.62230602611402
309 35.332106016474484
310 410.17507273096527
311 123.00615147872173
312 357.5101841482349
313 72.72875661533364
314 323.5315508951489
315 115.58339476024321
316 20.39765939549943
317 310.484780770529
318 75.92317279160851
319 58.04207114324062
320 220.94006817201264
321 454.86021363510355
322 183.24655395211192
323 174.11142741228085
324 360.14744620167653
325 159.00284329239054
326 57.61391435193178
327 76.84167484320619
328 89.05892874440237
329 174.99603964232284
330 301.88640868875535
331 221.63093937992036
332 187.79420281804462
333 169.29191289772444
334 181.00836574415186
335 87.80993639594598
336 217.21073134653457
337 175.48867363877434
338 117.04940514981237
339 366.38717741392543
340 35.924523665163356
341 357.64682633334553
342 74.42539628886172
343 251.85246415584072
344 19.090629592637917
345 24.383997383766808
346 455.56829694856174
347 66.78541859694312
348 141.32299868547557
349 208.73205463567373
350 315.57744713420436
351 265.0655675158943
352 234.78587578310115
353 357.27256665291986
354 9.980929872663378
355 180.62527498312846
356 168.69853160065227
357 162.6721821782915
358 323.0852108879617
359 46.121848884255044
360 16.98607870177079
361 185.27080629468708
362 302.56892344188293
363 213.5983520005289
364 168.6909836924396
365 186.32201096352793
366 28.291335979757477
367 501.4700545931792
368 104.95797354099389
369 193.2582294715443
370 233.4867654620778
371 233.4740736762327
372 259.91367535231814
373 316.3979494796083
374 187.97970360459664
375 357.9102957883445
376 172.7083155556435
377 175.18681349664192
378 139.75075897643262
379 35.662020907317476
380 361.38642703718057
381 268.8122447344234
382 251.46052416528983
383 187.8528593768982
384 42.21249653324339
385 169.25317497428375
386 64.15452794319215
387 39.46927575843747
388 14.742616881184723
389 135.03359000733556
390 201.04721504703346
391 233.01498349141247
392 35.109620455847114
393 175.15768971420817
394 27.68826564903081
395 234.6772748743946
396 216.92782931591665
397 77.19145690407952
398 69.16883494660689
399 22.732794537941842
400 157.46802093972758
401 214.67586413547144
402 327.2483416768536
403 345.8470293469734
404 9.980929872663378
405 216.47974029417952
406 180.61381953522275
407 408.18221085237127
408 127.87293742939104
409 14.865424723463082
410 24.79930389134793
411 29.160802269796765
412 162.5356401715315
413 303.79193560127794
414 215.6030058589641
415 163.82320992066957
416 219.5713737522268
417 447.31301971143034
418 210.62267928442063
419 26.46386789425645
420 363.03513972244184
421 508.42635986304015
422 193.01119467949198
423 179.90010277832587
424 304.077785630015
425 154.1666436323858
426 74.03570130552347
427 204.21391606078652
428 67.66378183166765
429 355.40289529128495
430 327.2187852480295
431 246.89638888513156
432 356.1520800016332
433 308.24488325940115
434 98.8940562432721
435 179.37665185394727
436 182.32128282378275
437 53.314251123053914
438 34.48647430536809
439 232.08368161813314
440 140.90341723149015
441 81.01786646784483
442 55.18291559366494
443 408.4093210546789
444 12.87081134181485
445 33.97859184588325
446 165.37284326621764
447 235.80129335634624
448 182.29994934417036
449 145.64031654956793
450 216.90099654559003
451 117.86469336157862
452 88.30099482215851
453 233.51424252993337
454 9.980929872663378
455 460.8896333972692
456 113.32677343898958
457 227.12972510830195
458 134.50068479672473
459 21.108579205021808
460 34.48563262224357
461 50.695822565301654
462 302.09198765955307
463 159.3056630843903
464 322.89679372057276
465 507.9856872724814
466 326.7246661361086
467 199.56045748240751
468 234.089261140605
469 468.5672072935006
470 163.03984182926823
471 167.6760468395692
472 226.07456025870334
473 233.78096409100124
474 214.56298782363183
475 101.04456880456794
476 67.41081045255903
477 333.876216970867
478 88.47361792664684
479 327.8348394536491
480 307.06747153607205
481 178.94799705524534
482 136.22583801473638
483 357.8462869756062
484 80.77653794799159
485 157.21995411730475
486 164.6211758324105
487 181.19055515610071
488 89.44867534962633
489 180.024101903674
490 119.06359262115353
491 229.80153993278358
492 19.865727092340958
493 219.89930996548986
494 21.870867403091996
495 103.92385519562058
496 176.695546107638
497 217.08702873400904
498 174.53574426662658
499 138.6000689028101
500 353.8785016074277
501 321.39202752299235
evaluations raw_y
1 221.71453197875036
2 87.21493401810129
3 233.85724508325112
4 88.8226179223179
5 238.43285473467375
6 333.40132939540024
7 215.2129793167259
8 205.15912386580032
9 238.51725975568536
10 127.45971785295039
11 184.95478588146412
12 123.07425043615518
13 217.2144901801896
14 68.04887476932029
15 187.36763728273118
16 111.80891414966777
17 94.4506027389813
18 217.1372726570776
19 118.83000087565343
20 229.0308940432522
21 121.34712238852518
22 361.9331332399852
23 192.52214367867893
24 157.88697177136035
25 521.9935341329069
26 87.36734122761109
27 323.148464165368
28 106.68150118487253
29 317.0398091045122
30 234.12052321795775
31 234.942925433957
32 200.4480549773924
33 65.53035829363442
34 210.21919281312438
35 165.4969890574839
36 81.14845037678674
37 106.89055676805509
38 99.51670371906965
39 145.13544648811495
40 282.22255956021365
41 212.60427597387294
42 115.12408069300615
43 281.781895509737
44 373.70310137318995
45 111.13456712042027
46 187.77326006711658
47 31.19482017653442
48 177.19535209322342
49 105.23212833564301
50 122.93185971104903
51 451.2346710036259
52 215.77129152445877
53 456.32260171170105
54 74.48718965481879
55 182.92675197245487
56 363.14233539190775
57 322.7162786649309
58 473.50670188009656
59 39.45549704335294
60 232.33863764909205
61 41.15088152971091
62 187.50278114438737
63 220.25791287864914
64 220.02381219972787
65 235.75656364109776
66 129.46711484423216
67 52.40211245649338
68 222.17833983112084
69 234.27788840242886
70 72.17795794864901
71 265.9134516307311
72 361.81717094984435
73 59.22275146060167
74 179.95435395915212
75 469.5630251991873
76 121.51781353662497
77 32.934501098301055
78 106.43636143822773
79 315.6425719455846
80 93.03555462573016
81 203.62280671316606
82 327.4753910996483
83 134.8341729602049
84 232.9681007514962
85 486.67051991614466
86 27.900932027274397
87 194.07211971078723
88 87.7292164163371
89 409.06138123261246
90 228.10506823794373
91 69.5277753733477
92 105.88847670901231
93 238.4645269478084
94 210.01431509672344
95 215.03096620281616
96 153.72454451065505
97 31.19482017653442
98 86.1924061527779
99 210.27416042972965
100 601.7947943236734
101 319.95673730819243
102 503.4933076407762
103 210.44552617994626
104 212.16980117254465
105 323.36927587972946
106 212.619452894596
107 601.0578208548312
108 93.27664860472802
109 67.03163156242336
110 182.073164573434
111 37.51389834790971
112 34.21981167304707
113 379.3078236820261
114 159.33536665446198
115 472.72182474118756
116 234.4012304026882
117 281.66400395543315
118 321.25017211209695
119 315.0931930016971
120 35.03719570405918
121 268.0018036855847
122 503.6149056953267
123 37.01231759726484
124 460.83965275161376
125 451.43078547137713
126 74.92811689948641
127 40.92648767893215
128 362.85096393625713
129 221.4749842105998
130 308.18331311736586
131 315.1170777283712
132 128.9113282626508
133 169.15529351080315
134 268.9713725100405
135 199.34395783282096
136 27.900932027274397
137 136.16038416059774
138 327.4516860694041
139 380.0087519225183
140 325.907702984335
141 42.99740264509002
142 362.24885099404344
143 357.8962715926366
144 473.5589276667828
145 456.1592417025707
146 449.5403291736268
147 33.70339015602471
148 176.37891052646754
149 262.50827777224043
150 68.2158340824287
151 360.09086157563974
152 214.67656129288653
153 372.79194067867024
154 246.9058499520857
155 460.77900574360467
156 279.4770607367813
157 355.39484899636824
158 234.09821288744362
159 28.370892906819122
160 197.59280689863942
161 261.63316549147487
162 82.23082124320041
163 167.79260037560772
164 87.77757084774674
165 328.332983616381
166 555.9823307673637
167 326.473501153244
168 200.86452040316325
169 214.55367998736904
170 58.607167832408244
171 320.2052197589225
172 75.557455134222
173 32.901584792866494
174 332.15827819807544
175 468.1774400750006
176 357.1603500809882
177 52.348474630286546
178 18.823997781983813
179 232.6101968407568
180 87.49746106827178
181 179.88999249172647
182 216.70803701415198
183 98.5163973853112
184 181.91273660689524
185 327.7604372119731
186 27.900932027274397
187 308.6428857842599
188 123.92817657447813
189 246.49344535218998
190 448.68686253889916
191 53.936754148879714
192 215.36884208413454
193 355.40580067603366
194 325.9220794802576
195 41.9953782226981
196 91.36845223164227
197 19.842583346904192
198 220.98755183568238
199 211.97029345420955
200 32.51335017131443
201 309.8560131513941
202 41.243173042047935
203 73.76546932923493
204 167.77936365559194
205 225.95817669245025
206 181.93534436655466
207 427.5949650367915
208 231.98752805678853
209 21.77216595275179
210 452.0568576286679
211 454.9528952461086
212 230.14098658470493
213 128.51380683438174
214 35.49356107479838
215 87.3244928214206
216 273.16858865037625
217 102.67245094104902
218 332.7801844475185
219 316.2011890176618
220 322.5977326886291
221 191.61345720018602
222 26.191825968430642
223 16.596122597873208
224 323.6377155949889
225 279.0532350776963
226 35.618316480869396
227 25.928532141004567
228 18.823997781983813
229 469.0763100263239
230 232.6346690473129
231 303.66616485739615
232 339.3664522548256
233 193.3838612181096
234 321.50955614878205
235 20.381317048321108
236 22.499943454404075
237 34.61553621753096
238 174.2116044157728
239 368.046002679348
240 182.4075678779233
241 215.00124870626965
242 156.66492013972174
243 468.6466514640202
244 340.6957570436448
245 115.3797174757292
246 310.908742335159
247 26.297446570330553
248 193.6007612574087
249 88.50798440784105
250 168.0340547916324
251 357.9564084681148
252 123.21226790057018
253 119.21756906630094
254 503.7460469470102
255 162.00316070281474
256 380.10976626604827
257 76.61914075936703
258 163.52002714174785
259 177.8601149967487
260 158.1079704129687
261 310.9455788693746
262 120.46973958568152
263 229.45257249107217
264 234.1931318866769
265 28.481022370651097
266 367.47461851887533
267 332.33284410261206
268 169.83574003634362
269 485.75100570347774
270 81.82039045035543
271 170.86503667982595
272 216.67918112780683
273 16.596122597873208
274 449.1304154483192
275 519.9706470025098
276 175.699190395141
277 68.87552256984387
278 23.80286745237208
279 46.511531244594465
280 216.46677363847874
281 73.47093812105524
282 346.5933821133233
283 231.76936492676526
284 186.95481366294152
285 39.604455378710654
286 182.35242494867876
287 83.91601798695781
288 309.9105948188386
289 501.1576231200262
290 163.22804748778316
291 67.40335868419166
292 450.2251602873876
293 426.8656958121111
294 408.8007000965971
295 80.66811942663895
296 456.18552152928726
297 32.84034416998045
298 86.2547056931536
299 327.1159206427483
300 67.04235270161594
301 303.62165948633594
302 204.55221911069876
303 116.23409340997424
304 212.8204083281671
305 508.6645916151523
306 260.4491944114114
307 174.77592756368847
308 227.88397166067446
309 200.48166268430924
310 174.35251246240276
311 141.1568891207816
312 165.1641363372425
313 200.3323385408706
314 216.85413538192083
315 29.218267455931233
316 415.0449905821829
317 322.9258482243191
318 268.44226477808616
319 93.42208191524978
320 70.47004114515838
321 322.9393128295131
322 36.25052849734109
323 16.596122597873208
324 468.6075419886174
325 186.84711792059753
326 47.485391427160174
327 182.29319013578944
328 9.708617961205675
329 63.50489579476393
330 67.50985901313608
331 104.12418779220147
332 213.42767391508545
333 18.70824063105075
334 76.17479549159565
335 70.53714350163004
336 217.58574061540332
337 97.7780694222084
338 74.71511066203459
339 69.42832915435301
340 36.0286746892131
341 332.0900603137117
342 181.4562300412202
343 507.6243616626636
344 87.64689922887852
345 221.0733101730981
346 308.4988558060203
347 34.627332439741245
348 209.89014433051423
349 214.47497360841857
350 35.11279538845543
351 35.28930878526271
352 375.0756422747206
353 158.86133714806851
354 41.33298411094788
355 186.97978062825473
356 357.3222473211546
357 185.24405701716216
358 305.35379792608546
359 33.57203487826049
360 358.40562679616187
361 360.67588081164286
362 265.1219284502133
363 210.83278049398615
364 159.7912247102244
365 53.88335443499746
366 161.69664828955308
367 212.83850493730807
368 308.9992483322675
369 327.2938285885162
370 86.94603227077276
371 234.0917575304224
372 36.37736971009605
373 29.197987274071167
374 332.3244629272258
375 212.22145700252668
376 221.9465240478475
377 22.41302936334697
378 9.708617961205675
379 165.44930483561305
380 24.598264195876013
381 327.2129409644122
382 99.31505778793498
383 38.7130302596703
384 12.978229221224135
385 16.339883164451017
386 232.980054289386
387 167.30802116941922
388 360.23517093963807
389 316.3590266380567
390 194.83042737751072
391 178.36234164420924
392 380.49180243338867
393 177.86805535618916
394 177.54151149036906
395 232.80989857540726
396 212.7511857701466
397 155.8896409876284
398 154.81093012608227
399 70.96765344940611
400 374.6211713636338
401 86.32279557295904
402 414.1451674938562
403 474.1174449831185
404 374.8828318405114
405 199.05547447854417
406 298.84010655707175
407 85.5746570213034
408 597.3950842966076
409 69.96984055148471
410 162.4790013562362
411 328.0041067303439
412 228.0317391042681
413 456.0657514809957
414 221.28036804616622
415 35.17248122522513
416 363.31759469804
417 191.93651754300012
418 407.46552334010534
419 193.46015423725117
420 213.5729753243792
421 235.0052785277301
422 40.794677929296164
423 11.657407366491473
424 180.12340342928178
425 48.57865632458525
426 252.37528385734817
427 186.29542273549245
428 9.708617961205675
429 357.67291235797745
430 17.424511761963686
431 215.0319823969552
432 287.1512508348554
433 215.2938142406196
434 28.243453622925863
435 69.00210389397279
436 11.563666874728021
437 193.0350636204183
438 82.58171969274875
439 322.6621259372818
440 198.36898290980056
441 39.18795185360352
442 345.13952757899557
443 596.5249758774675
444 319.8341690475724
445 228.49504073243185
446 72.28013618458586
447 18.03380159810763
448 13.435066338821285
449 219.66736065516744
450 107.00963491471222
451 344.84366978926823
452 53.103545310795994
453 8.870683018407606
454 123.76395116723944
455 313.40738698356245
456 103.97233380594743
457 214.69283782465058
458 456.6832033536101
459 47.785662267572185
460 162.1365742119495
461 31.785233128507212
462 220.0415289676768
463 520.1848643133961
464 41.451728749672355
465 161.01419585524744
466 123.41874078103763
467 309.26913586450183
468 327.94617671778514
469 185.85445169895362
470 306.19958421391755
471 169.1157872473873
472 217.30127162381515
473 25.167529697287698
474 192.90723583589607
475 177.59232887843842
476 178.2066401207061
477 25.56902117205466
478 9.708617961205675
479 322.43077701419963
480 54.39540493789305
481 375.559974339462
482 37.83894083153356
483 39.64280581119945
484 30.20805692455252
485 85.39577731718296
486 8.788979199264176
487 374.9042868187281
488 104.95249985031997
489 251.15597768465562
490 74.3832243878033
491 332.9356573107686
492 245.057184836112
493 263.9578788915841
494 47.61070430000941
495 229.09558273633283
496 447.74142504174466
497 210.83413249999595
498 133.78294529242515
499 216.0363978957357
500 49.43121863253233
501 328.940471660363
evaluations raw_y
1 159.27840254709912
2 45.729002726541324
3 80.1700218327169
4 151.89684072272433
5 168.3673948723018
6 106.43368485937289
7 26.526365972514757
8 53.71076140026043
9 215.50969099740888
10 177.02300515465623
11 117.2182256700152
12 521.2140253091716
13 71.13612607369356
14 305.29170150689015
15 39.76180648056524
16 186.7386166812948
17 162.89448378474827
18 212.7671848932676
19 192.3043967452884
20 88.88386406891769
21 158.27793735015803
22 87.26199971583546
23 69.39232210080056
24 47.03846574987938
25 104.14497510302516
26 186.432131576476
27 91.07521444594352
28 340.16005929185246
29 106.62137465243383
30 204.23677997022128
31 264.98295638173664
32 234.10829426209125
33 70.67693648479279
34 178.59510642523932
35 173.9220769584008
36 198.17585909335716
37 74.7824595863515
38 328.0740220338208
39 144.7708849187533
40 122.54910896935736
41 173.49856751533522
42 140.8429480486427
43 158.17838006547356
44 106.1091606202491
45 217.392608031266
46 140.11532221892725
47 58.82410947920956
48 119.25910506293908
49 52.64017383106127
50 217.52997816240503
51 132.99014800486265
52 123.0568594193052
53 101.24011900109093
54 175.1606382751493
55 360.3327772220242
56 118.75241673727066
57 26.526365972514757
58 32.356000002968116
59 362.1581150227337
60 49.274362520283226
61 176.7781718288968
62 200.03778989258825
63 43.80648644334202
64 448.3301375879812
65 72.8496078091369
66 250.61488170372445
67 282.7957539346778
68 457.12269713939895
69 140.15913506351734
70 82.2573124450426
71 141.44204553242315
72 306.76607541389785
73 69.99319004876845
74 21.832920290565397
75 453.99943426336733
76 199.79102042061223
77 360.82889033405723
78 214.93454691143415
79 185.14631496937986
80 338.16789500190333
81 360.2667886872704
82 460.39667106930546
83 322.6666278839893
84 362.286428982655
85 339.20137282233475
86 193.7443535323655
87 158.20104209199798
88 319.2092587028079
89 182.35569076554802
90 192.18755729157436
91 327.4788652027648
92 71.97034224017246
93 320.4547347317518
94 252.24607616717412
95 52.18146277727267
96 345.3335169601603
97 24.128197517051973
98 308.9968851466641
99 245.3155377535552
100 333.4959964244851
101 362.1064534701536
102 14.725117908529175
103 20.38441423128471
104 64.76215437573984
105 52.496571224740975
106 469.1531388167307
107 18.204157695563968
108 82.70060354353572
109 503.222654696768
110 319.9291818326549
111 358.23821688340723
112 191.7384503018614
113 67.5996309814888
114 468.81126966683007
115 56.88058943512257
116 326.0447190573449
117 214.56421679284375
118 340.6646386132833
119 341.10556900705325
120 169.81570630458702
121 91.80526247974319
122 158.91999509025163
123 33.638186930499685
124 21.832920290565397
125 57.50010130848291
126 225.85471167638488
127 356.1685014861082
128 327.41727951422274
129 379.30092966304676
130 182.43884624662437
131 268.58357784386044
132 362.9566168449844
133 103.78443540703066
134 408.308420503754
135 308.02515757556523
136 327.9553854242612
137 501.612895943587
138 415.64435187564766
139 262.9291630424871
140 165.05246584020517
141 339.2388711927216
142 180.45478197272104
143 328.0396485489631
144 134.56543470985585
145 80.6476356240415
146 520.1825520410956
147 71.78544960347696
148 456.09143090476744
149 225.1279678773259
150 374.4423768345348
151 198.7324674378857
152 14.725117908529175
153 24.080104453353474
154 105.92902407257992
155 74.48257044151023
156 234.0986915381437
157 27.36672086250146
158 200.17214764596076
159 468.70994472059306
160 42.58812704579138
161 320.8997567349556
162 326.6312816275245
163 83.12615379869297
164 69.66872561024378
165 54.2272457717628
166 328.4027375473772
167 178.0732313848818
168 322.5025615183498
169 268.4317023971078
170 24.19176875314987
171 121.14832253467765
172 165.44862890583045
173 212.91056733572367
174 59.27135535011228
175 21.95367259113229
176 168.2831343292813
177 110.7199752373799
178 338.8239391150989
179 28.982961445506053
180 74.46956300100264
181 327.5405781337989
182 167.6835898957908
183 456.14219148315226
184 473.0707975954378
185 35.44961015998906
186 105.1631365064011
187 298.135381153169
188 375.50961130495574
189 313.13283674791325
190 374.6399006336542
191 328.0112113982122
192 205.10242175913334
193 450.2610677674063
194 217.0099839756208
195 51.069373354086736
196 409.04546576643577
197 79.5416010082185
198 163.11612126509863
199 66.03906465001657
200 373.32553096195744
201 51.79935466254707
202 14.725117908529175
203 159.25829286985086
204 246.1141161459724
205 469.14745683331427
206 313.41384097948867
207 28.879298818942047
208 157.03692847061978
209 193.17780522371692
210 76.42270712146914
211 74.25308011900779
212 238.64600542757282
213 285.33165473217525
214 40.199550826257656
215 48.65770812557042
216 409.22302157414225
217 136.75457756733894
218 152.16120633844807
219 54.1144646083536
220 220.85020416223736
221 264.6429763194859
222 461.32840099796533
223 45.788122998009584
224 105.87268577770845
225 33.69798578558027
226 161.13850009817267
227 187.27072963757527
228 286.39157367349736
229 145.15905915937034
230 244.8329871040361
231 298.1142586452833
232 379.7241484217071
233 81.15642205111102
234 235.09751823665155
235 187.4291482747735
236 263.4977139637523
237 135.97720331165036
238 180.96548333365064
239 379.25846733546655
240 64.57130479973314
241 309.88767033925467
242 128.15131718084962
243 234.14068234457943
244 360.2940100518101
245 39.80242083932299
246 239.642252509936
247 186.48798712805333
248 380.9785039227408
249 362.81907109275335
250 84.09534407694827
251 285.8579118875147
252 14.725117908529175
253 174.3909768247719
254 374.94469188759587
255 75.44696574340372
256 93.31368870820494
257 8.03059754337899
258 97.50511424452642
259 186.25798646667772
260 214.73924333927957
261 327.6424361764788
262 375.3927842546641
263 182.92507737763194
264 50.14431713225548
265 65.18574019590244
266 20.978539995497414
267 158.17954062074355
268 33.57583829168571
269 15.284201836810109
270 163.70527722155734
271 374.48515413156986
272 346.4489313773302
273 228.93117990949563
274 216.820130602176
275 168.85962871751565
276 122.72665582577989
277 182.54913967866025
278 24.192625841593177
279 73.66761746454003
280 344.63397055812356
281 52.19168393593692
282 328.3452655134535
283 139.88875662789448
284 175.39711942367504
285 36.728806612370064
286 57.56305299555279
287 186.72958751735504
288 309.84690580758473
289 325.79842195120233
290 367.30243909046675
291 507.35099446855656
292 212.01085507877838
293 358.81784601110553
294 180.58009926166977
295 91.79933760322568
296 520.1574650799906
297 74.84270212798903
298 34.8011663836911
299 312.90834061911994
300 35.177591317256045
301 46.740860877005325
302 25.268661280499806
303 53.220551972538544
304 308.75994497133894
305 286.5239856958309
306 262.5072400033033
307 8.03059754337899
308 19.265030984208973
309 303.1494089783097
310 156.47485079008734
311 362.37728380354986
312 357.9529655394375
313 228.62652975902444
314 214.91954228725297
315 35.770749869826346
316 49.70962623669123
317 215.75672811558462
318 27.387878569241277
319 13.711327262101461
320 162.14025224556792
321 262.26077026813954
322 456.301805021767
323 468.24581103138087
324 165.65855944382366
325 19.876632459642256
326 219.31545568449363
327 362.51414398384867
328 46.183756482976364
329 29.083641223149275
330 230.36555311400622
331 264.61842461259494
332 156.3360736014119
333 41.03201555592992
334 28.718122184889108
335 80.75641703932205
336 468.8207645420865
337 187.0598204916594
338 456.66765694510093
339 180.80617091781411
340 233.20469266782501
341 194.80227697066587
342 220.3883534301446
343 180.09189249113882
344 601.1519940039364
345 374.9249159548941
346 261.999177378746
347 185.1312080075602
348 221.15774362529172
349 168.79205049503327
350 160.2757862899457
351 503.4847879860191
352 39.5266222189003
353 180.44868795032582
354 301.8537717648379
355 175.65570006332817
356 69.96695242813408
357 8.03059754337899
358 41.043054027752746
359 503.16223055365265
360 46.36709400040788
361 357.33521478721553
362 34.98539580630329
363 414.142231344251
364 310.66919096750667
365 215.59088343520747
366 102.08732785709759
367 180.71701977591275
368 23.274058749698465
369 26.8815563006125
370 106.51974213813476
371 54.08711119612381
372 340.4593438055168
373 156.7185838505237
374 65.64491413296147
375 92.91451551057884
376 261.7881585636192
377 127.64421555303397
378 15.710849207648785
379 17.057603193424434
380 355.7431847553913
381 174.86408707896834
382 313.24768787661833
383 67.89954194953721
384 355.81857595710346
385 367.0858922958132
386 234.2575503514235
387 374.8897156853232
388 40.016425044003796
389 199.80818523863738
390 210.44359858369893
391 325.6899240806931
392 183.4836480573035
393 158.8990915294871
394 40.62009547125805
395 426.9097969415219
396 64.23455700760447
397 127.53719969349383
398 228.09264472387628
399 41.94612127782371
400 104.35280892712888
401 328.12656328149075
402 23.95418373095893
403 26.563076340902533
404 87.19963195558908
405 227.11970656254667
406 392.13902536721264
407 8.03059754337899
408 55.13531112755959
409 375.269326120375
410 228.85581671134085
411 29.98038371739745
412 14.31732889384616
413 213.25844820076256
414 186.63687169969592
415 27.128109605960624
416 186.80266794123798
417 520.0333626679109
418 14.535842907874924
419 15.471929884012598
420 192.73446014177827
421 319.35263303192227
422 156.06858963587698
423 156.86023884900746
424 192.37250188101964
425 240.14038990518355
426 333.371275656192
427 158.7253408998876
428 17.67015986108913
429 273.34273442580616
430 314.72395548836397
431 227.6731699189142
432 15.646558480290604
433 82.92627145183579
434 92.98395696794016
435 327.32670861289637
436 304.04673492312463
437 66.83750657528441
438 179.00802451006243
439 355.77774092947635
440 187.07449698485692
441 298.8855187984014
442 76.49977456778043
443 312.76051797016646
444 357.7141852013058
445 174.47962031786554
446 212.80622753270586
447 39.56743666721974
448 135.46630779503715
449 180.97947135256805
450 41.318903668416404
451 193.36079397722725
452 37.015168077310605
453 87.75772873621523
454 309.76192676480423
455 332.1151512356353
456 323.3161736606765
457 8.03059754337899
458 118.71629683209198
459 197.55846345260522
460 269.6751451299645
461 327.8842724027097
462 30.040291950526427
463 15.704964035906317
464 414.8068045734591
465 175.2908709770532
466 88.40023340896396
467 319.73070539655237
468 36.032718938817474
469 27.521127667621375
470 158.86905520433052
471 69.55685685492543
472 345.9216901225723
473 73.93468668433474
474 67.6026954567101
475 187.86167900250103
476 227.3477132716336
477 239.62476359560554
478 197.8974278146433
479 53.82584535843
480 328.1449377557029
481 742.0917130342912
482 44.91388554066589
483 21.953137168619467
484 327.23043340589953
485 225.56411037345146
486 233.94999089290593
487 286.3829503216284
488 87.15551669643231
489 214.26155576712813
490 192.80818981924287
491 17.548323242956208
492 238.44188312959437
493 742.065795512883
494 209.24418092491004
495 76.19882560504591
496 232.18971338834078
497 216.28773981368246
498 28.608525176282832
499 162.80038769776027
500 210.57782347231995
501 13.767379623009427
evaluations raw_y
1 73.44649077374002
2 188.52119698904042
3 168.56306089769686
4 165.3664997652102
5 40.85036605691284
6 105.78781741192805
7 234.49613588125476
8 89.38746448456021
9 20.89968530420667
10 74.59346709619749
11 97.03157908523093
12 33.175215898077255
13 28.98195434817756
14 247.73709605652675
15 26.80894256879763
16 205.152458541662
17 234.85791436014426
18 92.08537724989543
19 45.51999719737785
20 84.32875424063678
21 252.29088221620944
22 131.91870049305396
23 97.84402296922417
24 265.22361938763834
25 44.661560280398774
26 269.95304252206165
27 246.04522684370286
28 132.82569092693166
29 98.21973989702026
30 94.06450897907158
31 140.69425523656543
32 212.69486022634993
33 184.80307867120212
34 170.34590537972124
35 40.144653211654926
36 117.21726242888239
37 239.97430664132307
38 239.78535240153337
39 191.56438701290156
40 169.24451767518642
41 185.91131289709904
42 12.62775720548131
43 72.04557291639618
44 339.0068097202045
45 52.080876709542224
46 165.63332859853557
47 106.06577984366864
48 127.96396148165503
49 305.7748455276977
50 238.62450058014997
51 162.06647161518802
52 597.0401863597793
53 361.1363233973537
54 327.3015416918253
55 58.83782877869239
56 198.36634259968685
57 67.37420807931312
58 127.71047196400268
59 17.88116262640405
60 332.26353431385996
61 357.32207795868845
62 17.554738753555668
63 156.51501636378416
64 138.76320458822696
65 163.2004815540874
66 502.7899370928402
67 281.1926152796065
68 51.410181535314976
69 328.6229912698914
70 171.4260726306366
71 321.5319699191242
72 267.27616582109465
73 106.82945158170602
74 64.98950809032205
75 179.66506364217204
76 613.8841130994978
77 379.50669300055796
78 81.897713211408
79 469.2541409649135
80 186.04647396907365
81 235.14178445167786
82 106.47398144636419
83 362.5896002795374
84 473.48091480312456
85 167.93584050530865
86 169.7949456924691
87 375.36256014443256
88 176.82911688166618
89 325.77086301752394
90 287.19319939990805
91 247.2602011922211
92 12.62775720548131
93 80.74406579087186
94 450.73253407259176
95 65.7077605636032
96 216.7586195618733
97 217.02890159089003
98 379.76679034930646
99 520.2445826408152
100 252.8162806112694
101 234.6887826838399
102 341.1720945393146
103 314.2428260052602
104 314.89134077859813
105 121.69788282085939
106 326.7625252817278
107 35.095241511975
108 227.11720822201414
109 14.760669857133143
110 177.3651570466008
111 414.8579098113359
112 70.43651038324997
113 47.910751595713094
114 188.07498632877773
115 169.61087017071372
116 89.16440477708466
117 601.6527927112994
118 80.2667733651969
119 215.40108951522132
120 101.6719574379113
121 595.4178496187487
122 214.78970736406944
123 45.46924705020149
124 409.08518318283905
125 179.89495636049614
126 246.50373536088745
127 229.16733201856698
128 345.5478438899297
129 97.74657345587775
130 206.09344549350254
131 167.83800909426202
132 37.14999108190265
133 372.6009472122527
134 153.34280478101454
135 86.63472486464653
136 327.3804092835833
137 327.526529669219
138 210.65094478626887
139 232.58703042849808
140 322.3019130775647
141 56.949922144624125
142 12.62775720548131
143 20.68464738542812
144 140.50290532737665
145 227.3004338975941
146 473.82952078026074
147 42.24629458344768
148 187.98906357212644
149 328.0822067404263
150 228.4201766449362
151 87.40702987302876
152 450.3954798199664
153 319.20533330973205
154 47.66596100804763
155 194.5577883252656
156 101.33681448904778
157 44.134154670537995
158 182.09727392402294
159 70.796189480189
160 62.9538450624762
161 41.46577008184595
162 35.20918150854243
163 17.873412854965274
164 100.13312070945642
165 128.59765995503625
166 323.1915876297143
167 414.67492456249335
168 170.63701743007627
169 322.4726729531026
170 216.70340357513857
171 238.2229151966048
172 507.35872436416514
173 110.25253943345767
174 374.7781274485478
175 169.03236840702291
176 353.8839353594783
177 227.7013001223294
178 375.70611418016756
179 181.8464883809767
180 357.78151643081117
181 507.59583128730185
182 37.60597337956133
183 473.05938642537865
184 454.6846786274653
185 187.1418247214918
186 187.94147489363462
187 456.25635122870335
188 322.1418416451905
189 311.1455465700073
190 339.5827159984813
191 227.18474445271985
192 12.62775720548131
193 16.287501435224392
194 157.61966964596704
195 309.825735803233
196 333.18609522233334
197 182.0405475586468
198 357.37647855181916
199 226.02694001856273
200 181.58982669190962
201 174.21074605616053
202 326.9068397889326
203 345.1039594488112
204 33.403260622682645
205 86.74162039400213
206 40.54535912206459
207 45.971464097216604
208 322.8256585682957
209 35.07290391987095
210 214.7003947193866
211 165.830304104077
212 263.51155598374817
213 39.951152653564996
214 182.02358461987959
215 45.64130656434664
216 159.71323881532663
217 450.73500704466073
218 106.24113362517846
219 181.312156087409
220 227.76349415805572
221 215.39137917941142
222 213.52750108264152
223 140.76210229616228
224 170.15201920214534
225 156.51663230460045
226 379.7096455316589
227 84.67820129030437
228 102.171032270469
229 27.496134688979687
230 214.9767774317559
231 39.27745974576524
232 246.3754657964773
233 122.46779857699634
234 451.48911632662316
235 71.21566032129687
236 262.0949069298751
237 205.0087876188882
238 339.1757370098456
239 357.4818085311605
240 140.45674923599492
241 321.75380129170554
242 12.62775720548131
243 23.330888232671132
244 310.3055609239558
245 181.48579562265635
246 140.27300681585564
247 360.3026784039522
248 88.74587159306944
249 204.7523330893688
250 172.40414268594725
251 204.26383708944536
252 456.05032942696835
253 71.66635285043449
254 42.05328678913911
255 181.85510095548887
256 211.65770674560216
257 69.21288584469623
258 502.89934314966786
259 28.757034813809362
260 183.25780051444696
261 163.6108427369123
262 71.12054827296691
263 36.020069421530664
264 251.19585580718822
265 15.474273098412137
266 186.53558129597624
267 231.63568468115787
268 46.39434148904815
269 30.557923766552694
270 502.0463906349395
271 49.16373583862893
272 216.32959011010956
273 92.79790745408317
274 217.34544100011138
275 327.59837425397444
276 187.0532232887122
277 264.8022375256615
278 413.5873742070572
279 175.64577860145343
280 18.55102133452909
281 169.9362193684938
282 159.01312478229087
283 222.44547139850343
284 306.3284877029209
285 221.4937913652508
286 233.60680796100996
287 407.2495529809929
288 507.73611403016196
289 473.96800258812505
290 251.20352274219437
291 361.1275024083027
292 12.62775720548131
293 22.769219552384236
294 216.73798066198623
295 375.1983422950302
296 204.16286351757725
297 374.73679018076535
298 340.0734033852339
299 139.29652249886811
300 173.38609800063182
301 18.728321516537953
302 41.258507040591276
303 376.09635412105087
304 59.10367155884043
305 198.4971609521841
306 179.6410435626891
307 166.6182834961314
308 321.33983297388465
309 31.552148796988547
310 346.37365122082514
311 507.39786333708764
312 65.4563992999528
313 37.31386807751029
314 448.9654694927469
315 13.746716750301884
316 314.7412326881244
317 321.99932322167444
318 179.84199538583405
319 48.33803133736508
320 345.02268117861036
321 358.16070974508983
322 267.87823706325383
323 171.03494295570056
324 328.078908724043
325 215.63921197676106
326 158.03519336876138
327 285.5544725237363
328 374.3149008574561
329 86.73529388033018
330 177.3099934325304
331 323.91017054969774
332 67.92499209809648
333 312.9375257970727
334 503.2179754117425
335 332.66072677729164
336 138.0502920985309
337 327.83837089557136
338 214.70512736730223
339 454.6026824488206
340 362.53938958735864
341 260.1991659327208
342 12.62775720548131
343 86.22073429820482
344 173.48087535268766
345 239.06249059129584
346 449.68540761180986
347 212.35465489702617
348 48.5165386542507
349 286.34232713412246
350 448.28280596578537
351 37.01811924055147
352 234.07523053879038
353 132.5573557162126
354 32.73815191668886
355 309.23114934509
356 198.8209041869871
357 225.968300623896
358 310.9944803927829
359 176.2025455043837
360 327.1929204649132
361 37.06778322562209
362 46.63445775614325
363 105.78675531612274
364 74.39611591842392
365 22.197371934838486
366 58.161878499994216
367 158.74308611237794
368 172.2399933822631
369 163.05034444617948
370 45.02147651857279
371 74.70640927311726
372 341.9948645373341
373 310.6070556270205
374 18.323641136888376
375 374.42235517289
376 161.0472527921219
377 56.61991578756908
378 211.79500504295504
379 75.50711541489073
380 155.95425732147197
381 220.75459126068534
382 32.627645002433134
383 71.34524197996585
384 21.387305298958935
385 234.22896413445392
386 362.668422287093
387 332.5810363828816
388 175.32413672857612
389 247.31959130265344
390 314.05162450635
391 173.92404655820113
392 12.62775720548131
393 17.256298412549256
394 219.98610393839127
395 380.02198494992547
396 520.1726613592832
397 153.7178952715414
398 181.5753657083601
399 87.20797616520635
400 81.2814490897971
401 116.52845197298771
402 30.032415301557197
403 67.77607845956797
404 188.1249882466143
405 83.35136431856844
406 468.1733636069946
407 192.0743070419475
408 319.6033407076215
409 28.835873216164646
410 163.82870688014012
411 34.4880049539955
412 17.31530194888982
413 36.17069858040467
414 469.0164323940856
415 29.527767140325302
416 65.04869076494214
417 468.7808769159086
418 310.0610343560688
419 52.25132390339001
420 233.55572288352792
421 181.39528940017993
422 507.74268402102143
423 313.0431130724499
424 26.17161367922995
425 215.36236400601177
426 179.48190109342397
427 215.82428307082057
428 16.34623627838952
429 84.28935573972828
430 40.55678029848616
431 76.19998039661647
432 134.62282467506628
433 73.84786837903975
434 69.1507700807654
435 175.94322949748357
436 33.55172347018568
437 356.247987272218
438 129.56171545307765
439 409.1975001628033
440 88.30934058609837
441 41.201727130353994
442 12.62775720548131
443 28.868666131058948
444 74.31419786206943
445 157.0275902503902
446 306.030902330832
447 74.66451452804085
448 180.35158373088697
449 246.64195963786293
450 232.96161806173373
451 34.78910173086887
452 89.61665688508943
453 217.21545683804496
454 97.37660519239674
455 210.4090269284301
456 163.39201230250967
457 208.10301111497031
458 742.065795512883
459 62.85318895271737
460 39.7234613584982
461 345.7729941215743
462 167.22795371364225
463 54.969900971400875
464 501.7385737258894
465 9.928840915160734
466 648.4477453704825
467 304.8147857477836
468 132.24167743765304
469 174.5044014741993
470 367.2095630776626
471 216.65389254060818
472 375.14936566416526
473 73.37822243428597
474 86.55021829377529
475 164.77259122088577
476 321.8451787802449
477 77.05259274689739
478 30.404456466269117
479 165.58947899732658
480 35.2754533468146
481 469.4312078471295
482 199.90905266716106
483 64.8003523745369
484 161.19440818802428
485 182.69289171774548
486 133.86482108601365
487 234.32064952432157
488 469.36266308735986
489 360.28036307181065
490 167.50025621694212
491 161.04190825648737
492 12.62775720548131
493 39.49881523025428
494 186.02857017761968
495 93.92702079352725
496 261.7793459374605
497 321.7553185203096
498 89.3042065564004
499 314.04960545176215
500 70.91878478658487
501 246.73875940499624
evaluations raw_y
1 313.4735384704373
2 328.65879402808235
3 264.48625501661905
4 452.4665277659494
5 153.56693872925703
6 88.3612522935308
7 132.68276299767217
8 12.143813404067036
9 49.23511740215049
10 23.024672617513946
11 81.85310444235994
12 101.11323521409189
13 89.15075865822172
14 135.98069574123076
15 121.09592829551016
16 82.56313670828936
17 214.93805792531484
18 97.4201704007689
19 124.68742392305685
20 30.237194738151114
21 216.33953076572976
22 93.13917898848686
23 141.04404404897585
24 153.86089341089703
25 339.55642226401994
26 455.7653502806268
27 75.48937757713614
28 221.06907140801005
29 88.68970319900164
30 194.94542312098076
31 192.58058246655781
32 59.46042015862503
33 93.68812416804997
34 332.6562430851506
35 265.2088491223169
36 63.80047710156785
37 263.37043169120204
38 71.54566529352728
39 105.3312869864135
40 145.70931521271666
41 141.08562557704118
42 87.70397253895875
43 228.9077257224799
44 262.8895434736032
45 327.408180672448
46 87.3391118144073
47 140.44937097236024
48 247.75760856133732
49 118.53820666368941
50 281.162550222243
51 229.2790990329417
52 286.3692699957849
53 187.17267935202779
54 212.39145214162446
55 304.99435791077974
56 76.38139945562632
57 353.82139515348206
58 12.143813404067036
59 93.0345120500798
60 37.92898734915052
61 226.06579564014
62 327.8571509918254
63 136.5549616151278
64 112.33942054713546
65 310.1716111189514
66 192.70624161099093
67 217.02841105906967
68 229.3565043056434
69 373.2921865992891
70 18.912316289449326
71 286.95582679339077
72 179.34756398101038
73 238.69625579975127
74 216.15945510777647
75 313.91634802281504
76 409.35282509986985
77 81.19670699315706
78 251.17411352797117
79 285.94217042471354
80 357.3201438455359
81 266.43790786205295
82 53.77495183952934
83 521.0578711776383
84 374.63866165417016
85 89.35897998205503
86 165.62234251175778
87 161.03864841955325
88 82.53353170944446
89 340.34898403319596
90 186.80760199619073
91 210.7487236216085
92 82.73855375574267
93 327.1786249759054
94 278.82687948385
95 56.76425510340566
96 67.47216144968434
97 180.0065644337916
98 508.00716459244086
99 327.16855516478637
100 268.5458337702262
101 139.12849709673804
102 298.2672026418477
103 234.94640341954545
104 230.85528933283578
105 213.56313610839794
106 117.58742312241658
107 48.05914510483842
108 12.143813404067036
109 39.586723157124034
110 89.08693252113608
111 180.60776179096914
112 169.73391973806628
113 134.20857592912267
114 340.1736048628132
115 169.069618797994
116 227.20411593008677
117 217.6233077894635
118 332.2023909110058
119 261.7079201333172
120 34.886300386018924
121 211.78157691491967
122 205.03024982171019
123 450.8431658773343
124 282.6381678584727
125 501.651000759477
126 375.75620369186674
127 54.627553870714266
128 85.99692082452731
129 328.79824480959155
130 268.02092978085807
131 373.60830925665454
132 52.482329518850825
133 322.82857219239656
134 175.91686086975727
135 215.74003712238735
136 68.07905042496573
137 30.069606913216976
138 56.6556931285017
139 379.74027336610857
140 466.99159084012024
141 323.8121189217838
142 246.35303630009986
143 178.30983615139988
144 75.74794230203482
145 121.68536918052817
146 165.26744754383904
147 221.64290462921338
148 204.7822886695458
149 88.39719793585628
150 469.2044798565936
151 320.17046838747103
152 648.6083977861631
153 374.3828378428766
154 41.19204124700674
155 392.1809490058854
156 169.58563260740743
157 180.5983010972458
158 12.143813404067036
159 80.67927831875659
160 47.7625235125464
161 176.15381500049116
162 168.70913884743365
163 219.6871142220573
164 309.86032874133974
165 326.52728082664123
166 340.0012403715928
167 310.18800272798535
168 75.34682058655264
169 179.64973085598416
170 26.031474679726777
171 375.0762788140894
172 84.59859390103473
173 281.4232190427593
174 379.46375922635895
175 328.23328732957805
176 414.4876944128924
177 239.50178972177423
178 174.15929969304636
179 473.8374477483775
180 187.32732367870565
181 321.0931024795735
182 200.0909527050211
183 183.21090986711096
184 198.08702486463795
185 215.76154829776158
186 67.0137897852486
187 23.67245294908801
188 210.63010103951476
189 217.46529908067282
190 66.2244916287666
191 52.2615543272995
192 47.23870094567476
193 104.09886612154096
194 181.9874454292638
195 176.26569801483217
196 170.05513114489867
197 467.0989574427536
198 486.31659290831067
199 163.3786903682788
200 374.6250347631558
201 181.64360216385
202 246.78314537050713
203 233.70365555989008
204 83.0986466617354
205 314.7406023639213
206 264.2235287538547
207 53.873959745945875
208 12.143813404067036
209 232.69817522688976
210 85.16084416353682
211 131.99012824351468
212 187.18129955030332
213 220.79666055609948
214 23.684994841415275
215 152.1985958592489
216 247.5487965461567
217 180.92741992139406
218 310.42288406011596
219 76.01582453513181
220 18.957593251658622
221 339.82875033052125
222 63.407825460480495
223 357.28998625410435
224 268.1935868796762
225 74.05406552992558
226 327.37779961971665
227 227.26343360885207
228 392.9089898985854
229 358.5778477945253
230 100.46019414877148
231 413.6694733201475
232 121.23805543974203
233 68.68030119482815
234 285.77624984572657
235 187.3537052898358
236 81.48174777222636
237 79.89107737151957
238 449.92926516087743
239 361.81445279712176
240 119.77440429255844
241 50.34298341998901
242 119.89247824048633
243 216.48322103469252
244 321.1979156588629
245 100.7533418570799
246 163.3301720965506
247 356.0281882434207
248 310.3311632595422
249 234.34568872002117
250 194.87750196559102
251 213.36586281935212
252 216.9965474326713
253 460.4006851565114
254 186.89406608779234
255 373.42045281129623
256 182.3448957149454
257 261.8940706229953
258 12.143813404067036
259 221.48060999482203
260 68.23714467379212
261 177.96067266488978
262 230.2352500434356
263 357.7187710504086
264 169.36582352930907
265 363.9725379799785
266 140.9930039537368
267 264.48917531525905
268 209.94879460972174
269 155.36985153383003
270 19.312761067231158
271 178.80613588313
272 26.70675219999669
273 340.2232862331276
274 356.9659264923805
275 413.9068409988216
276 94.25300704183383
277 63.865960503141565
278 184.67928344332816
279 355.36759420332294
280 449.3081903128318
281 227.91249736520322
282 165.0006583247652
283 319.8777145229915
284 186.86684029205267
285 101.77510961431486
286 229.58581559124843
287 82.06396309685852
288 53.57072701645854
289 169.61418173558658
290 69.55680920907234
291 39.655985313476236
292 153.65166073355653
293 199.61718502031488
294 180.20184490777194
295 251.22151052312847
296 520.3505028971493
297 502.5966297261898
298 233.93719073763268
299 69.40154016017135
300 500.99300505790006
301 308.148892814854
302 247.102466458437
303 161.43801682550972
304 118.25804526878427
305 220.86820967456055
306 314.9707018146951
307 36.68935491190051
308 12.143813404067036
309 71.3386130895933
310 22.860585189744413
311 170.16250170188698
312 15.291594500947852
313 359.96160847456093
314 22.326642698223633
315 357.3836881669502
316 179.91010438468368
317 36.96405253870927
318 180.94328047706506
319 127.68188142365894
320 18.324925716007073
321 174.15440858897026
322 473.57142632973387
323 319.5034746117649
324 68.02478285134993
325 227.5966297584905
326 309.38750088830454
327 134.8463446922409
328 217.0832870434251
329 182.51720675491
330 216.08941479146594
331 19.022050137991723
332 65.8496762917542
333 266.5196968642738
334 310.8516541491699
335 34.7228969566418
336 211.8181805392747
337 183.9738633152353
338 327.82044569796244
339 52.16809281888087
340 279.41998516526803
341 69.36248728915156
342 177.79088139163264
343 192.3311797659519
344 91.59805187194758
345 332.79428549956856
346 186.90674214883023
347 503.1147436413432
348 361.73801051906617
349 63.38166852628072
350 367.17657827957476
351 274.02563480159915
352 79.60681498933901
353 451.8488029751766
354 238.5305402309469
355 460.6412670922992
356 313.1535608277486
357 14.952528537287705
358 12.143813404067036
359 40.971862864642596
360 88.61565028899076
361 181.38533573308752
362 11.317817572888073
363 311.00745219878405
364 39.522095690015206
365 144.57937933640397
366 251.5974793382516
367 161.56847224450442
368 39.7892718988279
369 210.67565405617918
370 87.6393882915158
371 308.5607624801908
372 41.34411709155615
373 174.0628200735471
374 184.78525411350486
375 51.92955690604902
376 222.54940340078792
377 200.97836538829478
378 19.65906904702917
379 327.6602942730656
380 501.6605754768516
381 178.6659047825058
382 217.15791470064144
383 181.12811042783528
384 161.44845688840425
385 180.08172188874408
386 220.878519111243
387 33.832566993539245
388 216.86018842428686
389 211.73691343681708
390 85.75378777555238
391 158.1485285173032
392 121.78497295667569
393 379.1301584394521
394 227.88680309540774
395 216.50583047174882
396 285.9140595358219
397 187.05542620599766
398 360.8292480821186
399 41.49080909654772
400 106.57389893518264
401 159.04423476034057
402 70.10310305510984
403 175.4359657191251
404 75.52820081999485
405 521.2362018078169
406 187.0898594350772
407 9.57926364376123
408 35.44597263738734
409 362.5722540869237
410 37.86185759018232
411 467.5054633682364
412 11.317817572888073
413 456.03844084537076
414 52.36423651757616
415 321.12994740486505
416 228.0977588760449
417 210.7425671608084
418 247.62102340482315
419 32.27920615043747
420 62.48452901484111
421 118.17044965646132
422 280.86459398827543
423 104.45298618200032
424 319.1460775520797
425 163.76637975524858
426 163.39943478764906
427 35.02976091966126
428 168.53031736545918
429 520.9009489487901
430 176.04153488390264
431 195.57874459002554
432 308.17280096104105
433 80.42722874321306
434 341.05752883605226
435 229.2067799977095
436 195.10167068517535
437 158.83273123461916
438 178.02927483142804
439 172.95438579448196
440 358.25253190745264
441 71.73381538602823
442 55.66985908755893
443 199.07276947964544
444 174.95751513046017
445 180.77825396217497
446 315.4484180566517
447 31.290288188240645
448 304.26715344109755
449 185.0500743390923
450 176.23606721576482
451 320.6926418798108
452 208.7734332354472
453 407.4495837904881
454 186.3611868805238
455 181.85303998743763
456 64.30473540862545
457 9.57926364376123
458 16.69474000771967
459 264.308703992203
460 104.68048152063606
461 210.72513300822615
462 24.87724875874568
463 216.90588902459348
464 70.86063904527876
465 407.85430042685084
466 176.1914049350996
467 180.26146530541234
468 79.10100218444522
469 357.9248996661413
470 33.06800496848284
471 192.06188526431987
472 192.64847040007808
473 172.8182948638973
474 157.79241750008555
475 175.5918291033775
476 167.53726973001804
477 157.04234283838835
478 39.04876817077363
479 26.851736797644463
480 175.10248145303493
481 52.62839066954313
482 232.3492888267349
483 451.5035447567493
484 218.07915974250585
485 315.0651405662833
486 262.08250966382195
487 52.646011473489146
488 392.69633830016426
489 159.41400501398783
490 44.53037061359184
491 322.8728856559511
492 379.41168432619077
493 308.1814003208523
494 69.66530605916722
495 340.01995248741747
496 210.46099541805214
497 191.20161846539128
498 469.0361719520124
499 41.94462110690852
500 357.73756816034455
501 321.26532140145173
