evaluations raw_y
1 1.463081621862885
2 2.891859018154636
3 0.7037476953109723
4 1.6980330242870003
5 2.0876500328953553
6 1.3918698382913717
7 1.5973773387288643
8 4.636805635909686
9 3.4289836488203598
10 4.534520684605933
11 3.0592653745167997
12 1.1819178709290026
13 2.856563362823872
14 2.036968689795353
15 1.2125204420664502
16 3.2712198239683454
17 4.798431799614036
18 1.1141753020068172
19 5.554029726182836
20 2.6702521030959434
21 2.462681437896147
22 0.7220996648702223
23 2.4351207550964733
24 3.900013785944793
25 0.5599561020502296
26 5.040894628571099
27 2.6014064409649365
28 1.5125965534772239
29 3.4097345891442057
30 3.296413207564253
31 1.0836243015837406
32 1.7094496463442903
33 1.1143804189776998
34 2.132497857822479
35 1.3540481939601414
36 1.2990120123343287
37 2.259067591590812
38 5.742655362468496
39 3.916633532678489
40 1.7321844285741506
41 3.4373778602578664
42 1.1439964270932614
43 4.082814878864251
44 4.476673680165142
45 2.5225154439264568
46 2.2398909735414563
47 2.8774746177968633
48 2.649527229137593
49 3.1550037328836398
50 3.0534009028116866
51 1.455739635624048
52 2.9865358008632423
53 2.698214127097005
54 4.360429981723778
55 4.030838818441114
56 4.747689711077467
57 3.914560049829981
58 6.622059536565218
59 1.22918202613184
60 2.491206645823255
61 3.64252965402325
62 1.7402464518194725
63 1.7554683756348917
64 1.9807628385775529
65 2.658838519939781
66 -1.2996980250683867
67 4.618205964238287
68 3.7111129479078384
69 1.7324451519795274
70 2.4730923957561566
71 2.5709629074956624
72 0.2511002745987936
73 2.6034957214895886
74 4.877706806797804
75 3.9245147585534266
76 2.1480287456230327
77 2.845045821026833
78 2.3202974473414315
79 3.897916901926043
80 3.2542772561867603
81 0.7200735997596436
82 0.16412507644386054
83 0.09687731790964776
84 1.6852653440332062
85 4.1426865131033335
86 3.35640910008412
87 2.8856051316774143
88 5.049746193559786
89 5.808183538958682
90 2.8882373643809576
91 4.588593414315813
92 1.138347649768999
93 3.978929771870857
94 1.8797305330793195
95 2.8339853998056936
96 1.9768797642911025
97 2.589583059232353
98 3.4973364768900255
99 3.0733793546138015
100 2.4670143920018655
101 0.2302432982556697
102 3.1115736825772498
103 2.1517721057268977
104 1.9178869884513565
105 2.444995526318329
106 1.1879762416050426
107 1.7512368089514507
108 4.067635695353094
109 2.6755393800855267
110 3.4485431731995657
111 2.989408717294049
112 2.2766439143172836
113 2.1650844030308027
114 2.2359408932989755
115 3.345720516108411
116 0.8240253547146569
117 3.642496646666516
118 2.62478988494009
119 3.4270707749433513
120 1.2723015990043294
121 2.8356692915682045
122 -1.1046626025651531
123 2.5763118086759786
124 2.961015378775265
125 2.3469797591594594
126 1.3418955397639398
127 1.491438299039852
128 2.476083842647281
129 3.6298496519874455
130 1.9272734762622306
131 1.3827737634086634
132 0.5697419555619734
133 1.4785975085052085
134 2.375381426535432
135 2.274411211949813
136 2.156841802486437
137 2.8562646928970956
138 4.288379402561297
139 3.6440639164532875
140 3.5913129175687675
141 4.626319323289788
142 0.22982620643196883
143 3.1593437720283584
144 2.6492046114005543
145 1.8406401362598737
146 1.518481806718151
147 3.047862037581603
148 5.129150653618842
149 0.11518576313912934
150 1.2221706787446212
151 2.4636066586761727
152 2.5325473781092893
153 2.0471486708793125
154 0.7160641645908663
155 2.9141450008194916
156 0.926886901100967
157 2.836980993533832
158 2.131209358937381
159 1.8204899108826056
160 -0.004785321742895617
161 3.3935754247503573
162 1.7656804007286038
163 2.225278144195812
164 1.9037580417924995
165 0.8396142854964117
166 2.7760398376910445
167 0.15454273688531833
168 2.2147273879061977
169 2.586922686230355
170 2.0359501735001624
171 1.3486892815042575
172 0.33198556274551705
173 2.329847594793231
174 1.4084876185087059
175 3.1346346005890853
176 1.7524879537874756
177 4.3519847315890505
178 1.5943201659263893
179 2.7768065047937545
180 2.6618399071483556
181 -0.14765542881478233
182 4.210778033873565
183 0.06917346114243017
184 2.0722148083706853
185 3.814287048073547
186 1.539303676160452
187 1.934356749697838
188 2.043499482634963
189 3.8563980439308523
190 3.27864968464999
191 2.951330587611694
192 -0.15022226320278062
193 2.613341061023105
194 0.4766888403224744
195 1.6834519105594357
196 2.3310804312481093
197 1.7839225206220493
198 4.4435582860136265
199 3.017173201819116
200 1.4869268463988787
201 -0.3462338040933955
202 1.5355858982256376
203 4.312359446388637
204 2.0712679103349743
205 4.88403671541211
206 2.9365208832533924
207 1.3997057456050268
208 1.7842459966020565
209 0.699773462988398
210 1.1677699871930545
211 4.301666171166612
212 2.201420946488475
213 1.9565935198164093
214 1.7606008182320219
215 3.3741833924772973
216 -0.04158733513490176
217 -0.8798344857459683
218 1.2828254904322107
219 2.994621728503669
220 2.1057511615176883
221 3.84319949035817
222 1.0486385704818455
223 3.360912259835842
224 2.098459099277475
225 1.0573836387712752
226 0.5951270891645573
227 1.717125035465474
228 2.26989922581488
229 2.8868426793707327
230 1.719807735464805
231 4.3777703720544565
232 3.282041608365717
233 1.6714558311434011
234 2.319666293739528
235 1.1782241542080605
236 1.5034182312473428
237 5.637650770060467
238 1.2850432750890906
239 3.4771932474175147
240 2.0347198931838455
241 1.9862910593328764
242 -0.14837330125909887
243 0.3009644370399294
244 0.3847321824943575
245 3.0653357923813562
246 2.703157301407755
247 1.4053145745632265
248 3.2391557538322258
249 1.2944955035489176
250 1.3360063951016161
251 -0.05969954445623704
252 1.8234895050381228
253 2.422941745321483
254 5.20231243187134
255 1.295543331490426
256 2.8351025168179147
257 1.7765893127512873
258 2.328139749243493
259 2.0838478456532816
260 1.457152544901586
261 1.0005883199321548
262 2.865230734106446
263 3.7944081863700876
264 0.7846996574016103
265 3.2054893106939097
266 1.3746952900001501
267 1.6572013162586203
268 3.34821455985563
269 0.8622241313397705
270 1.7697080838465258
271 3.1924581168179778
272 2.504284435622716
273 1.7625507941553098
274 2.279662997151134
275 1.919839800706361
276 0.9296070516920257
277 1.1791318747407067
278 2.4186669356491866
279 4.054187704365542
280 1.995063177590498
281 1.4798806736995678
282 1.3941383138470385
283 1.7638965251466776
284 1.6339668712173792
285 0.5058529890348638
286 2.773826531131133
287 3.693676493624595
288 0.5463319669690484
289 3.7507884241375407
290 0.7994285929194029
291 3.044246263374727
292 0.7239162966970246
293 2.339128838459281
294 0.44354421701518765
295 0.19334235449176346
296 2.8270678564303946
297 2.3560010299815075
298 2.551228221354312
299 1.802842074355322
300 3.866026326527515
301 -0.9296601643048942
302 0.45008399222034706
303 0.8127050102415622
304 1.8607395359454704
305 3.774217544314699
306 1.9059086700644097
307 1.0029161303027776
308 1.056906262269106
309 1.3312759011776203
310 0.6568230347865054
311 1.9753316361707578
312 3.4345591778962277
313 4.964787013708217
314 1.4319398226273252
315 1.9002365191470165
316 1.2049985449014247
317 1.537809614358847
318 0.13513622101462833
319 3.3161199625456454
320 2.028685435097679
321 2.209469294333744
322 -0.14544938906814164
323 3.306719004053913
324 2.2108370600604257
325 1.891061059731709
326 1.6150954197250427
327 1.9629224801866794
328 3.200108772606379
329 1.6834551877327821
330 1.4425793529645485
331 1.4756846066389744
332 0.05554498269121153
333 0.04783312416576635
334 2.089068329353226
335 0.3252707977558977
336 1.7307715118258935
337 2.449190052258477
338 0.44585056140704643
339 2.591289466673323
340 1.258584323659568
341 3.796567658536421
342 1.9161325635601054
343 2.3928812384701144
344 4.348551984719903
345 1.278104316145222
346 1.3899573860228238
347 2.2936620817629274
348 3.9975316613495293
349 -0.5805150024247615
350 1.4363306040597625
351 0.7123766187654861
352 2.2356664667802693
353 1.1084962931550053
354 2.8778219857971656
355 2.3939724115671703
356 5.794990809482179
357 0.6510489438856113
358 2.625797421019008
359 2.2522422529906967
360 4.098195091091586
361 1.2985404687650484
362 0.17618102284560222
363 3.0671039528590294
364 2.6659270081329796
365 4.565313346741568
366 1.069429240577576
367 4.56284129339584
368 -0.7065559826996861
369 2.4393053903735176
370 2.7838875219599304
371 1.4764918372926068
372 -0.14306817529521476
373 1.886307525060894
374 0.6855436432073234
375 2.7521620069520303
376 1.457315333657668
377 0.4263284176341224
378 1.5162631154034134
379 1.553671310594634
380 1.09322246874767
381 1.0162303895787395
382 -0.7658863435971404
383 0.9219944950141177
384 3.6204888605130607
385 1.808913782819289
386 1.3000466191434403
387 0.45782861122611634
388 0.9192601120739583
389 0.3566689675325529
390 1.0254978991778851
391 0.3203426827435078
392 0.14795698675205263
393 -0.13498911320598156
394 1.2793269272569068
395 1.547512086587631
396 2.235562469864563
397 2.08590786267278
398 1.6809178379372498
399 -0.3910493810055649
400 2.6899448279093465
401 -0.16522022076942008
402 -1.1129667142882185
403 3.3712429940385524
404 0.13849762895360374
405 0.8694824919374537
406 3.093948345847838
407 4.204144144601516
408 2.9355354144258774
409 2.2612870069399973
410 0.8792025156457393
411 0.8405050067827982
412 1.1734574164841136
413 1.912020985496284
414 0.1895728380112785
415 -0.7883768535585283
416 0.7829413485752735
417 1.854884304772305
418 2.2360353286146637
419 1.3662708806271926
420 1.603105331030903
421 1.2999195559103327
422 1.697365256548359
423 3.1332286131305267
424 2.77410487348161
425 2.20856667570499
426 2.556414707587148
427 2.0661560202143527
428 1.0531147419038316
429 3.38632742808589
430 0.5326219006452912
431 0.41864635826718644
432 -0.5265183797939199
433 1.1536749959510555
434 1.9695412269325612
435 1.3013748472319773
436 2.5417816225690024
437 0.8440911956259218
438 0.22876291029175644
439 2.540728377653929
440 0.8354309754171678
441 3.0992228218039797
442 0.5797426795363972
443 -0.3682393147860853
444 4.249679834530261
445 2.1231571650700114
446 3.140824253529241
447 2.973586271947993
448 2.286047966295942
449 1.5957495369500845
450 -0.23409526374624987
451 -2.2956598241447157
452 1.238747450471063
453 3.790915563490333
454 0.9350105670687596
455 0.6918876862023151
456 0.1613571787730963
457 1.68190192603876
458 1.4401446801315996
459 3.299431495899668
460 3.880622663470697
461 -0.23643827051657243
462 0.7054920888662282
463 2.064703628061048
464 1.0375053249683177
465 -1.2246732568316567
466 -0.6391187954974613
467 1.8933994564947034
468 -0.016238358237954775
469 0.41929685130139727
470 3.699672901097843
471 2.8640827472887818
472 2.6771789575959426
473 1.571954594099942
474 2.774328282947146
475 0.7052941953191547
476 2.2150001715997467
477 3.0602142679471216
478 0.5995110561325933
479 3.2777892670378463
480 2.4226579477583234
481 0.9327577799850082
482 2.129647380050068
483 0.7313200255632244
484 1.3309761496820058
485 1.500337454546599
486 -1.08168328708167
487 2.2202016309888695
488 1.5619743046867247
489 2.8891560964582483
490 0.7875027476466233
491 0.560406899719298
492 1.747434854746024
493 2.9740195285958078
494 0.6131067268417352
495 0.8677419836776965
496 -0.06989009868096387
497 1.2355884996791837
498 3.973996249334746
499 2.228268490561182
500 -1.659678581385142
501 -0.28341381842268026
evaluations raw_y
1 2.452302112651259
2 3.3942683340431343
3 2.7032703623594494
4 2.6388138836100237
5 3.703761233643582
6 1.512066673700915
7 2.183764303865395
8 4.096275429222267
9 3.6655850710108426
10 3.483871042996932
11 4.339029479921636
12 1.0270131724475517
13 3.2433838531097687
14 3.196867166166663
15 2.8843212027409155
16 0.4036007308166196
17 1.453161219474843
18 2.100879243565555
19 0.752071022415813
20 2.465988751090264
21 2.4796052943554088
22 2.537922500636878
23 1.644793366117612
24 1.6902943327758735
25 -0.4989837120241886
26 0.5759391055828761
27 2.338162933610671
28 3.873102627223844
29 -0.16283382144004233
30 4.0460958898454855
31 0.6420877074160154
32 1.208528524674495
33 2.2063571242297675
34 2.317429859981584
35 2.7985135940075256
36 2.5577100780958273
37 2.954458942111618
38 2.128838220714125
39 3.3128529403244866
40 1.884041466839183
41 1.8751580321554884
42 1.014012230404308
43 1.1727438324336599
44 0.13054528220840944
45 2.5210715728418815
46 1.1305050976761568
47 3.1377424231429534
48 3.9150028798014684
49 5.200373874295369
50 2.432453488499071
51 0.40679955210227325
52 3.2704319889922164
53 3.385340976347506
54 0.5061634446814068
55 3.1269582556985993
56 1.8262362718735536
57 2.9382298284006505
58 2.306601434200211
59 3.344628590342785
60 3.336725284315615
61 2.4486415514028113
62 0.556074942604402
63 2.8332317337095283
64 3.3157823425711674
65 3.2374079971827663
66 2.209964975341636
67 3.250549315768593
68 1.6818339911042206
69 1.5194172073038343
70 1.5148264669853795
71 3.2128310671503
72 2.923836296887248
73 0.6549399206967665
74 2.9297219442301583
75 0.7529720922924857
76 1.9755088860088161
77 0.20783807255217773
78 -0.7035068485771383
79 2.1948330877667894
80 2.9610591233318813
81 3.3246278122276465
82 0.7982686965701304
83 1.8510340610444778
84 4.371760492479097
85 1.1868917075203194
86 2.4648600026354632
87 4.67654019672582
88 1.268864539010632
89 2.2083631136666186
90 5.672751978926553
91 1.929993403086682
92 1.0123073922136587
93 1.4186030944809462
94 1.013094567301397
95 3.797192278092678
96 4.549898659072442
97 3.997247458495802
98 3.920684237813923
99 4.3804516341465
100 2.493357746172543
101 -0.05930330669684716
102 0.9599043735838847
103 2.8537816820377504
104 0.3126675686960148
105 1.7986104636792646
106 1.616095292151388
107 0.9851805671003164
108 1.7347173639668236
109 3.2609606747744806
110 2.432213900307768
111 4.900940565660581
112 1.7993257676994538
113 -0.13700695994752332
114 5.240014233087091
115 1.6130267554059032
116 1.061169287593545
117 0.5829855214270987
118 1.5800947321552494
119 0.38223266842359194
120 4.889167329586025
121 2.607623504587501
122 3.292043482977063
123 2.2482289855674056
124 2.4091710920352787
125 1.7356700124987872
126 2.1734657786629406
127 0.3591342023569083
128 -0.7426674625723899
129 3.7414238796185337
130 2.358776508659769
131 0.04175919907855574
132 2.027456438725314
133 1.3775401974355996
134 1.4339951278978564
135 1.0988176624291417
136 1.7186726036262796
137 4.305752598729708
138 0.046846989004003414
139 5.283579664826169
140 1.4861744792953024
141 1.3775924907031818
142 2.016500527205275
143 4.012211940357449
144 -0.34218811570536056
145 3.123641382865106
146 2.6588883928677713
147 2.5079619295787325
148 2.5563615702964206
149 1.1759428032124368
150 1.6915966988743478
151 2.3291252243881315
152 2.04988531471904
153 3.407514237506151
154 0.5610568294849823
155 1.3129494969124775
156 -0.32549782294974827
157 2.616088074614856
158 4.275559488262285
159 4.900072829694202
160 1.5173630337472963
161 2.450845240269902
162 2.728610214206781
163 1.1847981289026674
164 3.939779356535985
165 0.8491105346686305
166 1.1947807543473736
167 0.8349716310461326
168 3.476232272422362
169 1.700531270802378
170 3.407603852638245
171 1.7221559953039678
172 2.2765673280652727
173 0.22566703384583198
174 0.9797798963415321
175 0.44813411202052605
176 0.21105554032865392
177 0.5320498145355158
178 -0.7737753088283177
179 1.8590019612514177
180 1.9392697744483751
181 0.3353219525247453
182 2.512861639146553
183 1.7053816590831135
184 1.6444956576824183
185 0.9263992128144741
186 0.8948693661494257
187 3.8944241367049353
188 1.5795747707797798
189 3.4523531158026044
190 1.8049097767488647
191 3.8462388944120764
192 0.5527313623639722
193 2.7794441176806766
194 0.6053127844773862
195 3.409259492045355
196 3.4504142396954864
197 3.505148382628125
198 0.5942823724755959
199 2.196494930165116
200 2.996963417158275
201 -0.61673268912297
202 2.2029609590470063
203 0.2525897393874784
204 1.6583576658509254
205 0.15112633336149778
206 0.6231108845796958
207 0.4806194972998818
208 2.3678304385994693
209 3.2387254206654523
210 0.11190811901725538
211 0.9250603341868779
212 1.8336911656076147
213 0.726436601242993
214 4.469681479981919
215 1.6105302615913968
216 1.744594601386034
217 0.31386608985492354
218 4.711398335703313
219 2.4231940355856487
220 2.0559242980013943
221 1.6326192715154577
222 -0.2545295773593774
223 2.1335664855701113
224 2.4361321464768624
225 2.67359540446234
226 2.1211223973281697
227 1.5431288549315592
228 3.489311513596431
229 1.1569240596696453
230 3.155974361279097
231 -0.10226079079747497
232 1.5652897810749193
233 0.0740033530573998
234 4.01430403019408
235 2.584011592006404
236 2.9984492399002916
237 2.9879670013573936
238 1.3401320806731767
239 4.193886572916985
240 2.491205818039125
241 2.597141665677921
242 3.1563021160984963
243 0.9743307297556977
244 -0.45606335735353754
245 -0.710666167619055
246 0.5728997643256226
247 2.82014923236136
248 2.5176783920130825
249 2.8647017332968265
250 4.061846373053664
251 1.5975254790531297
252 1.243887726923489
253 1.1451376176786392
254 1.3897436711175384
255 0.4187816852790799
256 0.44214480306058235
257 1.3530126040970598
258 3.0497620888735253
259 0.7162931393866622
260 -0.22520019294636542
261 1.2710098239726086
262 0.5690328683222097
263 0.5533140974377215
264 3.791330099273758
265 1.0402442474696116
266 4.0688505735436635
267 3.5476744152254964
268 0.7414485122483426
269 4.68857293216199
270 2.881091653760547
271 0.875387003230219
272 0.9823402013084258
273 -1.0054750640515222
274 1.7114834351639607
275 -0.4302101280522978
276 0.7270130348586991
277 0.5343719365714472
278 2.6298635689385534
279 1.2704132097340515
280 0.5374436784065728
281 0.3924615531729243
282 1.0622335419944418
283 0.6660701487358717
284 0.2579267414011867
285 3.601435233893815
286 3.7605090309144167
287 1.6657561513777017
288 1.9885414158188328
289 1.6924519181360935
290 2.2993229519086
291 1.860911049256576
292 1.4624652751804519
293 2.918713032941759
294 0.014581725892760966
295 1.315405300025594
296 3.0331851703018637
297 2.2741499057082546
298 0.5737128550856136
299 3.347627439829411
300 2.148056956826404
301 2.8271447054002303
302 1.9256650308619623
303 0.6638550242312209
304 -0.029465054822580647
305 1.7218869628788127
306 2.733561345659276
307 1.7853118548398226
308 0.19578622248167388
309 1.1340510392178562
310 2.212691641863147
311 1.5361344375986392
312 1.112525084828714
313 1.7082479224114189
314 1.0604430746825788
315 0.7247269691064451
316 2.2229766402748785
317 1.7343248085815612
318 1.0069624851378767
319 3.2117412641126073
320 1.2197285161118399
321 1.5413736649497216
322 0.20743755264317823
323 1.3344831255921341
324 -0.5963020697078112
325 0.909825725316824
326 0.16140878482951537
327 2.5429354671186246
328 0.6979577637306325
329 2.706925711943318
330 -0.4776822513402549
331 1.0830854575920927
332 2.822080736129736
333 0.6703116637125653
334 1.5558762511581579
335 1.3705931767855106
336 -0.013190143414123695
337 0.8298521796933928
338 0.25073620721672374
339 1.9544555918089492
340 3.619236940681477
341 0.5825836685628959
342 2.1747183037123623
343 1.0762753538184853
344 2.9963498675695566
345 1.5698817606274291
346 -0.4641628760724632
347 3.678108850782807
348 1.0192956257219286
349 1.4251007188064415
350 1.76907847252119
351 1.673366029912997
352 1.736819554019124
353 1.20064692634057
354 0.2535658588373108
355 0.47380474762223346
356 1.6468904912313174
357 1.1580073072053017
358 3.9978544108290643
359 -0.2973594290798461
360 2.176324725834091
361 1.4965145274118814
362 2.211811710248291
363 1.5308838764744592
364 2.13167133941656
365 2.9592979929798444
366 1.0374769752597648
367 0.5590716249401801
368 0.7414485122483426
369 0.6244897554088333
370 0.9216190098424043
371 1.5804515972187023
372 1.7324929147554577
373 4.021316656875326
374 1.711764691230678
375 1.8257336455005428
376 -0.0744514303596534
377 1.0473828749289753
378 1.5587971623748094
379 0.776547128889095
380 -0.2597878511890212
381 4.241533018326123
382 1.527729005617298
383 2.2667899797791526
384 2.530619291846005
385 3.5778715720250664
386 1.9543200625731687
387 0.09916066239754018
388 0.9225257773589141
389 0.6958937072581745
390 0.4433981744009427
391 1.2143860873535277
392 1.6334853495856503
393 4.706679796388647
394 1.285168901849175
395 1.8355888155171307
396 0.1944447031591371
397 2.2231627973711685
398 -0.3030767030740284
399 1.4375563983665693
400 1.212194249536319
401 0.33566940885558455
402 1.0985444691456372
403 2.1823169793212442
404 2.5629765298771403
405 0.9775581574648343
406 0.9662485659054703
407 0.15996645705005655
408 1.1486489937778097
409 -0.2973594290798461
410 1.6605447422392863
411 2.3146218560965752
412 2.0964974250777044
413 4.339232188252925
414 2.91221884071165
415 -0.04944980814848757
416 2.329287332932779
417 -0.43047283739214376
418 1.3386895298954915
419 4.766930292943323
420 2.8225892581023238
421 0.9206289384790074
422 2.4369628193980493
423 2.5482222931379486
424 0.3357285426617931
425 0.24864751991493783
426 -0.14897275950591726
427 1.7930882773450412
428 0.8224723674614292
429 0.019347642120399744
430 0.8778569738347747
431 2.4504696357929863
432 2.3085822156976192
433 1.9231979473602185
434 0.037839468966188575
435 0.5160289523658257
436 0.6318663975722482
437 1.8162091063921564
438 4.045584599482969
439 0.16313588671630042
440 0.8862527831408943
441 1.3766836123143797
442 0.6607180617659243
443 2.2357164896214767
444 2.5361350750940996
445 1.41593113686213
446 2.898406616815123
447 0.39201285464802144
448 -0.36781069536029504
449 2.508863840151538
450 0.3303350416918258
451 -0.7823486625385946
452 1.194924888842762
453 -0.7864410802644894
454 2.7485501469556244
455 -0.12156068167368819
456 1.7127388955059732
457 1.671880215514223
458 0.7820854525574861
459 1.922625722487457
460 1.3156633514239156
461 1.3752644648002799
462 2.46833052038687
463 3.51497652985757
464 0.06999864431521778
465 -0.1539602544033669
466 0.7948116178439134
467 0.39418796287975805
468 0.4591205745679221
469 0.415597268496703
470 0.43961197453676604
471 2.5233139266041764
472 -0.06058987316422555
473 2.2534901873814865
474 0.2792243091462018
475 0.987165135914774
476 -0.4685703365786339
477 1.3221772750186473
478 1.260742423033324
479 0.1362313941526131
480 0.2442180291886501
481 1.3659615115240977
482 1.75247805016237
483 -0.1892096857819653
484 2.0180372829693254
485 2.818644227596823
486 -0.870335060577875
487 1.3428856097696036
488 0.4554507904965569
489 0.7014625833550658
490 2.7587966025610884
491 1.8733422763366085
492 2.2676426827917093
493 2.817157353921856
494 0.11585956635321382
495 0.7374159306139683
496 0.7733148854999154
497 1.3727913505296743
498 2.348731662109037
499 2.7443098832377872
500 0.4964827937046322
501 -0.2799777177165875
evaluations raw_y
1 0.3309655565790015
2 4.361921750922398
3 2.9028889287804835
4 1.0982659268529502
5 0.6680330884547572
6 2.2410604430799594
7 2.752799606634256
8 4.663909540818624
9 2.4076193329998317
10 0.4958645143516627
11 1.3805356595349239
12 -0.315587811202284
13 3.92310491826568
14 0.23870121989328416
15 3.6326249259385324
16 3.9794524344706614
17 3.2913619007970594
18 1.0066571121761587
19 4.749705334049766
20 2.937486664113721
21 1.357120820614519
22 2.1462471173748483
23 4.117329026626551
24 2.608953749542012
25 2.87329393270206
26 4.382490453281965
27 4.909143321314798
28 -0.34409199393014944
29 2.683055538665429
30 2.2226298896397756
31 1.7331236237899588
32 2.1298223098598585
33 4.037116958160211
34 -0.42577877272662
35 0.08644075197616519
36 2.341234025385998
37 2.477934731788727
38 0.967844620634049
39 3.377333613796507
40 2.8604234005116327
41 2.784128318233971
42 0.6595019538486572
43 2.529847590074052
44 2.465643502017545
45 2.5653574951125986
46 3.160586412303475
47 3.634088219607799
48 3.2492742172606834
49 2.684489272802203
50 4.211714202861224
51 1.168801468738148
52 3.4713789759210463
53 3.8934133442646237
54 0.844390144913279
55 2.8834534421511275
56 2.032487728229406
57 2.0026235502816068
58 4.70438899496409
59 2.3526210021231853
60 2.4785972763317146
61 3.462061418801451
62 0.8611821206656025
63 4.937958440562128
64 0.587938307374047
65 1.8491258662953158
66 2.6918488609537583
67 3.4004393451039765
68 5.00115469972611
69 2.9605368965385175
70 1.4417274280617736
71 1.618567950275129
72 2.2839973120911545
73 2.9306702640097693
74 2.8744376373203386
75 1.4209753787210784
76 5.286358603727462
77 6.232887350297976
78 2.5777500011696284
79 1.217049996258324
80 1.940053865271964
81 0.5119909718021917
82 3.106087982499363
83 2.4947147963446223
84 1.5733045904251466
85 0.31216386493592885
86 0.58642985661028
87 3.138824513741466
88 0.27108425164082506
89 2.9461110653038345
90 0.9826305552459293
91 2.520322925184969
92 2.103654336096065
93 4.3966500174750935
94 3.153521185974678
95 0.00825072971169416
96 3.3474066188290257
97 5.0350636368553925
98 3.066774080262947
99 5.155031787568237
100 3.45311431439605
101 0.497047817033053
102 3.609443766071029
103 3.010621042154519
104 3.101243046535208
105 1.1015032903358306
106 3.9165418338501534
107 4.298390692582407
108 2.11686504571871
109 2.6671466907470065
110 2.530580247475378
111 1.8886112220804527
112 1.104892442461007
113 3.0561131466641287
114 1.8489716162638272
115 3.130901529646521
116 3.7520491192347274
117 0.9967583434683802
118 0.8030617624078169
119 0.4193011691266537
120 1.829886286057912
121 0.9171135110923365
122 2.733763272753918
123 3.2435635663118596
124 3.1737282680755494
125 3.818750335332325
126 3.829937920265563
127 5.072665264825514
128 2.6841739909534095
129 4.142513618304407
130 1.3902313794851278
131 2.7211250452483773
132 1.873428064134498
133 2.5066449268127933
134 1.2488953967622227
135 2.1982756658870337
136 1.0712552641057007
137 2.2852332473295167
138 1.4852419068459246
139 2.6740125580177834
140 1.1511285073304776
141 2.9029333250567104
142 1.8691616240443922
143 1.0993001291005853
144 1.757877132333167
145 1.6509651727213852
146 2.1658820824060285
147 3.477551719593714
148 3.459945027025383
149 2.6646719469651083
150 0.6959790308398289
151 -0.42991598697170375
152 3.6061000030817505
153 1.4632861168114895
154 0.37726502469227635
155 1.702691575194917
156 1.6040406680155592
157 2.226366427018789
158 1.5951665230201248
159 3.1120191118067155
160 1.4840423584989701
161 2.3182750346352767
162 0.38774425259832845
163 3.3063591326666435
164 2.5757021979448798
165 3.6423271901790786
166 2.907486501985484
167 2.556069739790647
168 2.0838668107567218
169 1.9285391737197817
170 2.4958502477654
171 0.9600936800479121
172 1.134328460243756
173 2.1063137969075387
174 2.7094324007003534
175 2.755803298239023
176 5.69492693533131
177 1.5479465572323523
178 -1.2078050333422712
179 1.7384953344799179
180 3.182466511224111
181 0.4920339946121658
182 1.1915065233717672
183 0.9488696550707447
184 0.6555196704569596
185 2.0546506529869735
186 2.8344467803745212
187 1.7305177371675966
188 0.011607694540261004
189 4.328940535539044
190 1.2667361779379296
191 0.904383222491651
192 2.0929068584990755
193 2.649319289212701
194 1.5549128732539135
195 1.798236826147728
196 2.6907054811709554
197 0.2327877051517226
198 2.940651334575807
199 2.9553940153328346
200 0.6311989466303004
201 1.6719951192521543
202 4.826245226567565
203 0.7954771400402105
204 1.5504792304353265
205 2.044251894389546
206 1.4417122830982119
207 2.143444178821847
208 1.1099874740432627
209 2.3240747098209704
210 -0.054124460284555864
211 2.7622832625615614
212 0.3050125099201605
213 3.1053936541930467
214 2.3645003007859087
215 2.712020630125644
216 1.76611735777447
217 2.0776243239236396
218 1.9359332361272208
219 0.5021212235382071
220 1.1504109823868345
221 3.6574365452484825
222 2.284629233944606
223 3.7297610630764915
224 4.0351820009298045
225 1.301709204383555
226 2.2334221489632267
227 1.9701842959410945
228 -0.26076460213902264
229 2.0813262125404313
230 2.376804724404683
231 3.1042182640270024
232 1.111634954048593
233 1.0151454199628533
234 1.8284248902814633
235 3.373962690468913
236 1.5418612545506853
237 2.828921311524966
238 2.3572674900285437
239 3.4395965451770834
240 0.7056385939185635
241 0.7478983503028986
242 1.4503089649945826
243 0.14829432146020693
244 2.9737848599945518
245 0.7022684115143198
246 2.1459804487517786
247 2.607315077581973
248 3.032951218789062
249 0.4282929620938386
250 2.4314059812648616
251 3.882221873338982
252 5.02898241976075
253 0.96740922154623
254 2.0876989071443113
255 3.274281100789401
256 1.4802061158272202
257 1.455130855411443
258 1.1499654156187462
259 3.006501569112407
260 0.19720688237171036
261 1.0473221909040544
262 2.46979711158664
263 3.240053971804473
264 -0.32059801005247157
265 2.1448324748283403
266 3.1618371012080813
267 -0.1563519595233661
268 2.754157453001013
269 0.9443397179315947
270 2.011778436055251
271 1.6920439872588573
272 1.3204311831905808
273 1.2829079111149593
274 1.2861065850505637
275 3.372515836135621
276 2.171009064551999
277 2.8143841449959983
278 0.7623827009166737
279 2.1073507023951676
280 0.4203095984008398
281 1.3334012717999464
282 2.303054861599088
283 4.33863932082139
284 1.3783396806858548
285 -0.1699261547158557
286 1.8611264547160284
287 2.5370066039936385
288 0.6301865202018725
289 1.9469886230799167
290 1.0195113097154829
291 1.0084088668552453
292 0.3849732881764474
293 2.15318113335728
294 1.8295723610449899
295 0.2468972285054194
296 0.9521557329772808
297 2.145745398179184
298 4.896295570693033
299 0.7758895891322545
300 0.33326757822104947
301 0.18886822153381266
302 2.902902721925687
303 1.3697294053483944
304 2.2687652923223234
305 1.3591377536089928
306 2.5707130993708978
307 3.252260479717638
308 2.537932275599964
309 2.562966651562412
310 2.5717175101445937
311 1.6873639910402114
312 -0.34232690088205864
313 3.404231077435825
314 0.9290310435493467
315 3.2390145567525943
316 0.28917263230189333
317 1.309035838115054
318 -0.7256575864778325
319 0.7593531184680637
320 2.277226387377113
321 3.2343250533520265
322 4.928115062407196
323 1.3808617448020417
324 1.1637128752424704
325 1.880066878814364
326 5.788367467917908
327 1.8123737456430227
328 0.14628851259565046
329 2.0227603143095245
330 0.9840028400769495
331 1.9969826493463634
332 1.7927777374787284
333 1.4212460053831095
334 -0.045713882492361635
335 0.36942459590998544
336 1.9832646759471106
337 3.8892669094626307
338 1.8272473776837355
339 3.324728910120047
340 0.6400998707080031
341 1.1500870959149934
342 2.1428973058858447
343 0.4092043986068783
344 1.1581447451400346
345 -0.47141427032867705
346 2.486104226935197
347 3.4163883960925086
348 1.115695242868596
349 1.0296843686142847
350 2.044479527406012
351 0.21021672086693194
352 3.0367366932337263
353 2.338034444318036
354 1.297315858668078
355 1.8222469419023588
356 2.0065154087253356
357 2.98730935258388
358 0.44769474257360864
359 2.6333251062750236
360 0.4835842259073031
361 1.8629583535915668
362 4.079832557511472
363 2.285935319765302
364 1.0847846112132418
365 1.5076696435667014
366 0.7537282908759135
367 2.3803777518811464
368 0.15431186216828827
369 2.442256015358107
370 2.6371415524957253
371 1.515104055555478
372 0.7532747843350828
373 2.580880757280349
374 0.5621899368182599
375 0.32359619965591147
376 -0.878456124000369
377 1.0477358613031087
378 0.8060137455612684
379 0.03754453216714709
380 0.8186108882926518
381 3.35376212812499
382 -0.1048910893404954
383 -0.3301150944452243
384 1.223342430232539
385 0.545609583721552
386 1.9152052476724117
387 1.7713267229502319
388 -1.285698924309326
389 3.811247112214126
390 1.072429618347707
391 2.030001261377392
392 1.124237367994597
393 3.1469003809212293
394 2.523544675209742
395 1.843301230977601
396 2.4001025188543803
397 2.6912785791503677
398 2.3286541302124504
399 1.6564535001704117
400 0.28287310318841397
401 -0.29789248580176675
402 3.2581527386109657
403 -1.1720589419619554
404 1.1955086481358523
405 2.463931312639936
406 1.1400477551403059
407 0.8455951723835595
408 3.6531920568711755
409 2.5831351489028735
410 2.0201869748781345
411 1.9358629567919288
412 2.732240112127753
413 3.5532464761375855
414 1.274677506353147
415 0.5343152066399461
416 0.21835497534006254
417 -0.7364467342686576
418 3.930874614270744
419 3.2655074328728815
420 1.7905039931577225
421 1.6209699398184796
422 1.2889636554271677
423 3.4011165683078124
424 0.5646815420125832
425 1.7369643088414373
426 0.2772287291760928
427 2.179634411115426
428 0.6424860303055575
429 2.5886212195911122
430 0.2513930331832068
431 1.489131750955719
432 2.0761745914760037
433 2.3793649286407694
434 0.4924605212774147
435 2.6483749290929053
436 1.8641324603772333
437 -0.39128544635570556
438 2.3735353099193564
439 0.08253888864412429
440 1.8121557249090317
441 0.8393458667914868
442 3.1115072828968793
443 3.428816852155318
444 3.0441723531973595
445 -0.9077634888179308
446 0.5366924567847208
447 -1.0307715558043236
448 2.9125351834078703
449 0.9518632770449121
450 0.6576575012583019
451 1.3963331919857642
452 2.4486216044564153
453 2.653838737853082
454 1.5892742936114483
455 2.6508151916452625
456 1.3229848683126346
457 2.7608613411405076
458 1.3631764585485129
459 1.0167550782621835
460 0.8677722331997956
461 1.0630348442465791
462 1.1837128059189659
463 2.9463545386942847
464 0.007134141221868284
465 2.9646637391707213
466 1.758994100642873
467 2.200839493541045
468 -1.205117051330799
469 1.8352587466746604
470 1.462345918065421
471 3.009743456567206
472 1.9157401911187937
473 1.0965651141949655
474 2.1218566004379698
475 0.44705300275427845
476 0.21820108711280314
477 1.808463258546133
478 1.0943389630823246
479 1.8672949186368941
480 1.8994047562909921
481 0.7213475989667202
482 2.0965452362074064
483 0.48246744009450926
484 3.840488305841745
485 2.8227209470944414
486 2.990269598241148
487 -1.0095222069566414
488 -0.4614569188746209
489 0.3899401582829868
490 0.2862800883204474
491 0.9908504611616169
492 1.1120594367418266
493 0.9785908588778064
494 1.4001444951924054
495 -0.4437194565525158
496 -0.6471010011232008
497 1.1632009070415543
498 3.512318498426221
499 0.5679771933665035
500 1.5880020708178983
501 2.5719658124637825
evaluations raw_y
1 4.465221335332791
2 0.6325653921453536
3 0.8098104686304227
4 3.171188140203029
5 3.0667867214206885
6 4.4693987511194315
7 0.3842017532557377
8 2.137636716921689
9 3.4956351327859085
10 3.4800366541502394
11 4.276729446658735
12 6.211856527082053
13 2.408503320428153
14 0.5242868594927771
15 2.567708676817188
16 -0.2267795065806425
17 1.1117670802355688
18 2.8401307672166465
19 2.070779848020989
20 2.8087507516972487
21 1.942180086673301
22 2.9548163160095218
23 1.2959248499311198
24 1.8285585808101277
25 2.568963780531131
26 -0.349140725390247
27 1.3947480532033654
28 4.051897544162115
29 4.424242037055297
30 2.2091515664919017
31 1.9693069300637078
32 2.6543004890447603
33 3.5274550839823937
34 2.522760912042687
35 2.49191882583018
36 2.092284271853531
37 0.645710686773905
38 1.0445795858397044
39 0.6042100071065833
40 0.2231360204649993
41 0.5966512986180293
42 2.6887126779059494
43 1.5692576598351422
44 0.7284384076170041
45 2.9835379262370663
46 2.7483327639740267
47 3.6432562400511754
48 2.763577882991739
49 2.8969825660056454
50 3.8944592947634376
51 2.2312420040190433
52 1.4511666154574177
53 0.33973113298535784
54 2.9618768349344533
55 3.362732356915542
56 3.8276342102629783
57 2.4339596020904937
58 0.8634359308248041
59 2.1410943118519805
60 5.3351715549722085
61 1.5699958958989924
62 4.481200456208638
63 2.5557264884309037
64 1.1814856117591557
65 1.3934923646105835
66 2.2113139430058535
67 1.4936636284508467
68 3.6433459703461244
69 3.803982214881632
70 2.935272314942571
71 4.0416081582008285
72 0.8534007783729747
73 3.4745577756703603
74 0.12894119868217835
75 2.4297642292707615
76 3.3420971271201334
77 1.8537001391641257
78 1.885187353755939
79 2.2158665073257517
80 1.244147785199758
81 2.454988735475551
82 2.077711390376152
83 3.2813033501183777
84 2.481296795465277
85 0.885238292187309
86 0.9933568871332841
87 1.4824190964542923
88 2.5771768252977454
89 1.3236017005655176
90 1.7790037350049903
91 2.2307190443764577
92 3.0618812881732342
93 0.5465706794904341
94 3.954415712188286
95 2.3952174377398823
96 4.774252790150611
97 0.9004554692984699
98 4.818768450753786
99 1.9124164503003593
100 4.095921843397234
101 1.5035829942160297
102 -0.03278023595076357
103 1.4469948150308984
104 3.1981455217933856
105 2.96744062338336
106 3.9397985896567764
107 0.24358580108819478
108 1.6007802814522336
109 2.7556036645611894
110 2.3723160257021068
111 0.9286095563864404
112 1.3007634227965656
113 1.7529089412937822
114 2.9720403577684458
115 2.9239057310060006
116 -0.18568300304221486
117 2.8045844202311914
118 1.2578398458083149
119 1.9834439576034597
120 3.75413013109002
121 2.459779252156248
122 0.8534007783729747
123 2.1534921986990394
124 2.857572299904835
125 2.2390977546042223
126 -0.06435866842328472
127 2.751916829082358
128 1.9701727386523404
129 3.9599282886020997
130 2.331924165691511
131 3.192933712642341
132 0.9083984967105836
133 3.2186778230560797
134 1.909144554264647
135 3.5584248200381703
136 0.9806411877666596
137 -0.19051524073318982
138 2.2702824308946696
139 0.7168092827999503
140 3.7221830092008608
141 1.3512905293582473
142 3.03630781767278
143 1.957231963813906
144 3.7241309012093353
145 -0.3530472806723582
146 3.813650059515828
147 -0.05127576605997958
148 3.5219545824440517
149 1.9757479921097518
150 3.9385959016027208
151 -0.4388526180081467
152 1.4925853565081013
153 0.46573639133493505
154 2.7873777558824955
155 2.3709732009023563
156 4.148084550012035
157 -0.054561646388317286
158 2.6838833153395174
159 4.6808552213819095
160 1.9478351518917099
161 2.4008432315000303
162 2.0614746729721256
163 0.8152304989059989
164 1.1092193352855506
165 0.6328086707244365
166 1.2616174434031524
167 1.1469720247862207
168 3.0227360020403466
169 2.528395230655966
170 3.7177556923033133
171 1.594158766941827
172 1.3347286956217324
173 1.5416312790421782
174 1.0092820882354796
175 2.611696748713869
176 2.3808798090703167
177 0.8698383442501516
178 1.0447125199505773
179 2.52682231416082
180 2.580776970146048
181 1.3161807083844392
182 4.197039652828749
183 3.9764674343001447
184 1.3495182298564483
185 0.7413745497473725
186 2.2427103901671797
187 0.8800465859666379
188 3.122825196045237
189 3.218365747030215
190 -0.3361867998671836
191 -0.26965895491331304
192 0.6621359573207057
193 3.302295144449091
194 1.779592910101588
195 2.224006591783895
196 2.1107941286679814
197 -1.3309439380241364
198 0.38321362926097174
199 5.905452139718108
200 2.8032548260998054
201 1.4086853255083822
202 1.1744419303197573
203 0.7257284764324337
204 1.9829922269212896
205 -0.2972587350800965
206 3.9349827187422637
207 0.8770534372639529
208 1.901098570457704
209 2.78294116394432
210 3.067594598391359
211 0.7281091740496577
212 0.4317302630622134
213 1.6392384463616487
214 -0.5320733506307653
215 3.0899330236998326
216 3.7365252099034247
217 0.6736280310252746
218 1.7496724383135374
219 3.7408055468360897
220 2.188339791800914
221 0.4028448358573009
222 -0.0038087476184208158
223 1.3622539174354276
224 2.8149072129333033
225 3.1114530194009147
226 0.00639625039130276
227 1.1166070688697856
228 1.3307637378083286
229 0.7141482212935639
230 0.6887029287459284
231 0.5598651262191325
232 1.631765188060402
233 1.3566635548438333
234 2.6781451822664573
235 2.8827692647531413
236 1.589393046741119
237 1.029722950269299
238 4.648511618379109
239 1.6350910150880904
240 1.7648767523689473
241 0.1419445462936322
242 3.5430403422286094
243 0.38987781640822183
244 1.5344842815386521
245 0.3250569060184814
246 0.4317399220487331
247 -0.6938727919891859
248 1.0751577092863676
249 3.093144891434898
250 2.6337271637308852
251 -0.4397135413035289
252 -0.1691822149026236
253 -0.3548673964860508
254 2.5847893972893106
255 2.0865438915742236
256 3.9862204216654287
257 1.5405568991233296
258 1.700476907378202
259 3.246307925351241
260 1.2997919829022058
261 2.42344466431906
262 1.0661986409808561
263 2.5527175708635728
264 1.9072003077894308
265 0.6228317839392604
266 3.544546232461741
267 2.3305229848364655
268 2.20564445542732
269 -0.04749971992175939
270 1.1381831700955194
271 1.617523381886062
272 2.5808801980360814
273 1.3133767521939885
274 0.49890986644798474
275 2.609514148429304
276 0.08548743329035112
277 0.613287192942066
278 2.0486258244671816
279 1.2182963697190312
280 -0.08737658707759521
281 0.9354612542677386
282 -0.1732261203474319
283 3.6436697905915207
284 0.8147665805223505
285 1.9850330876479498
286 1.0166309482740152
287 -0.3252295470056789
288 1.7727711942985158
289 1.7265589451522385
290 0.6134172791307878
291 0.8997705138521087
292 0.6723933379267585
293 2.8179853152082517
294 1.5654024623483593
295 0.34536813434819025
296 0.35891403150078555
297 1.2801112119479796
298 1.9211934445952537
299 2.2531810574448783
300 2.293256654227375
301 -0.23710156825439763
302 0.061312035318454014
303 1.9211821363741723
304 2.503150531631348
305 0.5321916381913763
306 2.320052459799039
307 0.26230369337946297
308 2.270168080237603
309 2.46208635615484
310 2.3710935076211515
311 1.1691984322836746
312 4.326691274185108
313 0.37855017276342284
314 -0.028955505811281257
315 0.999822272744755
316 0.7521444046414122
317 2.251940060455681
318 -0.9244888634621232
319 1.8700600343459626
320 1.4099207291275615
321 0.6082268917745057
322 3.2866709899927335
323 2.970934198050774
324 2.6376484959593114
325 2.469473091796853
326 -0.43217542828608263
327 1.7212834173616285
328 2.0275407280560978
329 0.920640012905297
330 3.5880274492508883
331 2.1838866091336997
332 4.082115200436744
333 3.048365239820121
334 0.8147665805223505
335 1.2550719207532546
336 1.8220694438230238
337 1.2223283421190132
338 3.761826827423965
339 1.2339616942340101
340 1.614718648699586
341 -0.4145221460635151
342 2.628055316445987
343 2.8951412934392877
344 0.9512034516830126
345 -0.20565664904208947
346 0.9570235237349957
347 0.22016333892214018
348 4.175360650719776
349 2.643998069012904
350 0.6939999124371116
351 0.625561218959543
352 0.22729943938086178
353 5.007136709211223
354 1.477633605136842
355 0.0044725777001476865
356 3.522563800374917
357 1.6668428426067075
358 0.8326760462548881
359 1.9344959087925973
360 1.102405527897983
361 0.7412554557664222
362 0.04793016274914602
363 1.1247920480313822
364 1.5283436985705838
365 2.351637716258994
366 1.5427034167073135
367 1.6801421201112956
368 2.2820058695269108
369 -0.7232531789896047
370 0.9871945953915232
371 0.9299994361544595
372 1.8400088721639798
373 1.8425966608398825
374 1.6986856384353168
375 2.062469769913224
376 2.2886662277562033
377 1.6202217556747418
378 1.6348885733499077
379 2.439442088310924
380 0.11824688085377855
381 1.2183869727632748
382 1.6016050601669432
383 2.8603750358093674
384 1.2813266375124308
385 1.8726445885104126
386 0.8923114659851865
387 1.0497281205455242
388 2.2912174676154584
389 1.1450879353993098
390 1.5930468842636585
391 4.665328998678573
392 0.8848919148012037
393 0.038549144585316664
394 1.5027582845939893
395 3.808455964539297
396 0.7235577983710605
397 1.7201532386823835
398 0.9077307801835025
399 0.6073563881084786
400 2.0547391973166316
401 0.8935567874663303
402 2.404359242712437
403 1.6796656113008914
404 2.0596025472432165
405 1.6949228709874984
406 3.0515776808628052
407 2.7108614930881254
408 0.9941695050261693
409 0.8897073721300387
410 1.829192967823582
411 3.4623374762977983
412 1.3379702646299545
413 -0.024860799874508538
414 1.296336558583227
415 0.33254641710045435
416 1.7817718169459082
417 1.1169561490610433
418 1.192111066705786
419 0.4265772336748038
420 2.71351550302953
421 3.244067302495006
422 4.864245702727818
423 1.2772987681352899
424 1.123460923305379
425 0.8760965050525249
426 0.5135027440157528
427 0.6150000343851709
428 1.9905632264807913
429 3.487095401307698
430 2.293605314949896
431 2.5670792602363215
432 0.35636979835073407
433 1.0985559867784211
434 0.48840752961900535
435 0.7778340333534131
436 1.664838265042569
437 2.0304556026260494
438 1.5827663567343
439 3.794633399879985
440 0.870559648457579
441 1.6016983769538897
442 3.3099926170017415
443 0.4625078513013399
444 1.502356545821038
445 0.9204363115896528
446 0.35891403150078555
447 -1.4062356844929034
448 0.10756951367315792
449 3.0491905787249345
450 1.1160960624318448
451 2.692910422778558
452 -0.34823270341741747
453 2.414065330600763
454 3.456347294831169
455 0.8626551413883929
456 3.4659721791113975
457 0.5268946364514072
458 1.8200341989918243
459 3.880320218289932
460 2.969158250312751
461 -0.6772620805177897
462 1.945677208531685
463 1.8418112860877955
464 0.37473503261022134
465 2.4293780207895117
466 0.9015686231313957
467 3.242257616029309
468 -0.46100514843987517
469 3.0018954938629676
470 0.43694849666173396
471 -1.174799100693475
472 1.2652225175568088
473 1.6913946340699466
474 0.9192964573694704
475 -1.1172377478132025
476 1.4051829196782675
477 0.5525647154707969
478 1.94486180676027
479 2.541807568850729
480 1.412681000295275
481 2.343221925586727
482 1.2257704154033608
483 0.36811523099171095
484 3.2819123926124876
485 3.1864595213995814
486 -0.7636857135477408
487 1.020472954389342
488 2.6832135792138185
489 1.6970454835362783
490 0.8144004174925376
491 1.7865959426960019
492 0.9278747508792607
493 1.1310844710216268
494 2.026400730859835
495 1.2947304207040466
496 2.1772238711504466
497 0.4556974629741402
498 0.5177200185946427
499 2.8340973544735197
500 1.0651198523939007
501 1.3793185150057217
evaluations raw_y
1 1.7460992563452304
2 1.880501117935022
3 2.7999239085256113
4 2.1024458922457754
5 1.322920439416034
6 2.6970579375235615
7 0.9363278128170823
8 0.8635093855731238
9 2.402734902104068
10 2.1011161922527033
11 3.8255974390334124
12 2.625106790181418
13 1.6784250826067075
14 2.8144109718161827
15 3.271756371697071
16 3.226766924986259
17 2.529692013819883
18 2.8471031695757714
19 1.4139324588669542
20 3.7781272667690136
21 3.2024974191630693
22 2.5455389766681558
23 2.0257753205994646
24 1.5584826282685402
25 1.0304791590144733
26 1.219381422483023
27 1.0686348836037616
28 3.6391637996890216
29 2.7291669420244276
30 3.1121523380998775
31 2.24166623342109
32 4.1534294008275365
33 2.504604913696734
34 2.898437346231708
35 1.1195564274091558
36 3.1602634490955186
37 0.11679325157478004
38 2.62565639889577
39 4.201355906117133
40 3.8426175321153906
41 1.9942744551164533
42 1.805404404268552
43 0.4873225978694973
44 -0.6016633186898448
45 1.7375182890354561
46 2.5279311119038006
47 1.822033725537322
48 1.9643093752179364
49 2.8120153776033696
50 1.0134251953890603
51 4.181524402932162
52 3.30088045265551
53 4.074059906483919
54 3.0162218310883264
55 1.3395306735522965
56 0.9889837085756863
57 1.5484341784042919
58 1.5938956114243015
59 0.8119156805947809
60 3.7096795151587267
61 2.758457599770251
62 2.731036065482601
63 1.5174628658442697
64 1.9587212539484324
65 1.6121051060567941
66 3.917476243967729
67 3.7049701598858533
68 2.8338506255135303
69 1.4937816470933631
70 1.105405210251488
71 2.6214325503914697
72 2.142744895048656
73 3.2836944194168844
74 0.9484010814086066
75 0.06781681978371956
76 1.5294875707605093
77 1.7952968283561335
78 3.7497774506313846
79 2.351078906767172
80 3.3104456379601936
81 0.6396334512319523
82 3.215029952842068
83 2.5926574026082254
84 2.006033917198435
85 1.2099814464207634
86 2.589985709310259
87 1.86031222709013
88 0.876343004705005
89 2.160556191287575
90 4.375671410969281
91 4.398974565647144
92 2.188632713624896
93 0.3320586414172553
94 -0.2319776138428018
95 -0.07749678163390374
96 4.764343993400313
97 -0.8211089769644233
98 0.2887068641022119
99 3.796460649029571
100 1.6993468015423792
101 0.7674698118554724
102 1.6147772928030601
103 1.7499265709263583
104 2.5466476643899485
105 1.5347662925750964
106 1.2404004206474655
107 0.7816438606894958
108 0.5719919089388394
109 3.676126111601286
110 5.025295523733568
111 2.45385596019683
112 3.3341194079739496
113 0.44984748200953245
114 4.254422054089494
115 1.7626534219078724
116 2.944039307062616
117 1.6070808758621882
118 1.5614596573174233
119 2.4383685935878465
120 2.2253902799565335
121 0.9593118430294296
122 2.142744895048656
123 3.3502505478981295
124 1.915225270805988
125 0.38646649219096074
126 1.1610235682928847
127 3.770116009845408
128 3.7110937644951028
129 2.4236910238937677
130 4.479245368711347
131 0.35726277158932623
132 5.0672077430128475
133 1.5117554215155642
134 3.048137878807114
135 1.3824558527018005
136 -0.11469091208739786
137 -0.2878991244398046
138 1.5676066801560409
139 1.3121926873081278
140 0.21588489950286627
141 1.9636805906492851
142 2.9659925635377515
143 2.3675404749059163
144 0.9427579031502521
145 1.5856294022675401
146 2.3375188106485725
147 3.036882117351232
148 -0.08150473568807462
149 1.5627859683179217
150 2.2119662067702004
151 0.8297841184042714
152 0.4621043860441497
153 1.2968023316009076
154 -0.8111092942696096
155 0.24734548551094976
156 1.302318578525501
157 1.7634687941982683
158 1.1468790011113001
159 0.3476251639765756
160 1.4642965787786937
161 3.0498804427615234
162 2.062749692775113
163 3.896543992001878
164 1.845872493737668
165 2.6319772262494974
166 3.3596077404469677
167 -0.877543646501309
168 0.7433450011088594
169 2.113342843655182
170 1.289323243032836
171 1.2823155917576075
172 2.116856865082727
173 2.50757640494034
174 2.688395959224102
175 0.186008965639609
176 0.5672924059299975
177 1.8301348612662964
178 3.4584347379167504
179 2.605490102809293
180 2.459001232380745
181 0.06610247310669315
182 2.05504105766444
183 -0.02532494783523742
184 2.120428203730879
185 3.285867771280877
186 1.4990257534738625
187 0.5943218499818951
188 0.5201131696036914
189 1.727127275362595
190 2.387107921798227
191 0.40388162883006296
192 2.7503542133225194
193 0.43398212665146607
194 0.23805418881757812
195 1.606666454480084
196 1.9687452190039048
197 2.055823273966007
198 0.8261318564675819
199 2.3864121481019533
200 1.8630689052956815
201 3.6680267180951085
202 1.7130246184025881
203 0.7247223186610805
204 -0.13097736756465306
205 0.5732370173799548
206 1.2748401042981063
207 1.2612839369030655
208 4.11048232540104
209 0.11323948945814055
210 1.4124324165034594
211 3.280415371594717
212 3.626219193437686
213 1.022676387729835
214 4.386934175223815
215 1.863096489408266
216 1.979537022344085
217 0.30811850009443015
218 2.584740090555888
219 0.03830268387976582
220 0.8249666206544661
221 1.6031289616207975
222 1.0681063251994602
223 1.5407060704678652
224 2.1204549457853465
225 0.5111744963893263
226 2.3989329742476535
227 3.9674369973239045
228 3.1497768383482794
229 1.4907340469507286
230 2.1399708725254962
231 0.7066105218108707
232 1.1172353038939327
233 1.599980342498684
234 -0.07343178235585518
235 0.9995050100422487
236 -0.9269056180260672
237 0.1777664981690571
238 -0.7681300007376346
239 1.8605376338128763
240 2.7943211049380223
241 1.2133652473366103
242 1.5643207879603684
243 -0.25310277884524024
244 1.643321752776432
245 1.0136711293732605
246 3.1592998259824996
247 1.6091087277460872
248 0.21313277530612584
249 0.4074933821148836
250 0.8528640036726017
251 1.622974170997987
252 0.8877484030646162
253 1.5097819074757441
254 0.7830216703209734
255 0.7990114706049835
256 -0.2851923409848027
257 2.3968865829972152
258 2.1170316062857575
259 0.8021432071784831
260 3.087923260206919
261 2.899134888825706
262 1.3507840918732836
263 0.40170370066401734
264 1.1079230223544396
265 1.8105480036053683
266 2.3995106174743697
267 1.6278354230205332
268 0.8395487537278463
269 3.4182771107220624
270 2.272639297591221
271 0.42180141819000816
272 2.17390350030288
273 2.9812350053231835
274 3.278907088574378
275 -0.6807106206344439
276 2.746561604052106
277 2.7918054853426035
278 3.375411779276004
279 0.8220226531894776
280 2.3639473821140946
281 2.084045766325248
282 2.704930813824187
283 0.14587978585388428
284 3.440505217273307
285 1.6182289005119932
286 -0.6603754546459365
287 0.7474596563798735
288 0.041752845783605386
289 1.116884381654988
290 2.7367079900520785
291 1.908979458026878
292 2.914975476224291
293 -0.05650616854947507
294 1.4800307293941402
295 2.401200539395975
296 3.0039132755273767
297 0.05123172360506034
298 -0.9385991879783054
299 2.3995789872256816
300 0.5426913076831064
301 2.775811088754823
302 2.470001817558143
303 3.406006602605272
304 1.126269140399837
305 2.719194662889061
306 0.816537343209977
307 1.0022461439306551
308 3.3568571208156808
309 3.1487053612609
310 2.296798064595203
311 3.328288362066948
312 0.5382004290344957
313 2.003033006898246
314 2.491492653362469
315 0.9148011259837787
316 2.3813329448830993
317 2.051956465283833
318 0.9451910571395457
319 1.3455706503096132
320 -0.04250251531667226
321 0.6906259255144993
322 0.9453825359168089
323 1.596072508248632
324 3.3881341113555647
325 1.2064328203409596
326 1.53290796261214
327 3.82652887867532
328 2.0671387665941316
329 2.628800751559982
330 2.5112023293888313
331 1.5241266457235798
332 0.5192582805307817
333 0.9207418594127773
334 -0.165422721186733
335 0.41820695306566014
336 0.4293417023286926
337 -0.1304246661016948
338 1.1420867379337314
339 -0.1531479799897637
340 1.5391474789359594
341 4.3894026577920355
342 3.6623219072574154
343 2.1975050353386574
344 0.6942849545094537
345 3.415098225315632
346 3.117383316427341
347 0.2796304417498842
348 -1.2148742662851644
349 0.5866108563073528
350 0.38050604433713153
351 0.5528077436027639
352 2.8953525614374427
353 1.6760544596308558
354 0.22661630890912787
355 2.457609654724072
356 1.566779384327566
357 -1.2187854365171529
358 1.3566384423797202
359 1.30517947345869
360 2.501041991970902
361 2.2057022615765156
362 1.3651562417295067
363 0.46761363728256883
364 0.8124364760699001
365 3.0349895086019636
366 2.177684616093873
367 0.5772380478495729
368 1.9231761709184299
369 2.6110662052659617
370 1.3205264402207593
371 2.831397190168086
372 0.9299037943083244
373 1.1573810581789268
374 2.2671846623720913
375 -0.7502977351924055
376 0.1405123633180381
377 1.1562653374614102
378 3.4853826584170466
379 0.03862524849454563
380 2.1653560865521655
381 0.9054290809381458
382 2.499326624575777
383 0.7706121474102956
384 0.741753033983936
385 1.9638697825363098
386 3.397257402037589
387 -0.456417071902254
388 1.4975436839019391
389 2.1753273313135733
390 4.34495171308814
391 1.7866718839061924
392 0.6862037062164594
393 0.4902980107989219
394 -0.21035296944163992
395 0.3700686365776937
396 -0.01209807049874545
397 -0.22061825135696222
398 1.8626210135598078
399 0.5909585948444985
400 0.8659011130534949
401 2.1482369601653657
402 1.0791631142974207
403 3.1014596439182203
404 1.5090366813381317
405 0.9049793264007844
406 0.9800762437518187
407 0.35209619790446955
408 0.17387892868570454
409 2.454483449605849
410 3.1353576297156396
411 3.172981850491355
412 1.771556674684653
413 3.158341124306754
414 2.1190846032007813
415 2.223646052076971
416 2.9563141280795935
417 0.45060937102957915
418 1.1858483714290025
419 2.420337552059652
420 1.8573167247046825
421 0.5777889687539137
422 1.4230142255014289
423 2.577907880513295
424 2.048056434361097
425 -0.6538057980468006
426 -0.5465413247377254
427 0.011825352698471736
428 2.6508313467577
429 1.6763991738231439
430 1.2955046498541565
431 0.16041487667970575
432 2.8037027105543726
433 -1.1543768224535382
434 1.4455534224447337
435 0.7987987457098077
436 -1.7766084823689525
437 -0.4115711925166876
438 1.5894525504215464
439 2.3702863051286127
440 2.9889122605728433
441 1.7856887018901908
442 0.6862037062164594
443 1.927349399462647
444 0.9649848661134719
445 1.4739997303398622
446 1.814887645132602
447 -0.8535852552014858
448 1.7311731744352972
449 -0.5967058017544354
450 0.5065035201245132
451 2.346354625683409
452 2.12172710984748
453 2.071347529620497
454 0.8066801823281624
455 0.24153281599649917
456 0.7607501931883281
457 1.1004450467992384
458 0.17849670230437387
459 1.1978812038541067
460 3.80853372762458
461 1.3345740254770635
462 1.5174801619693192
463 1.7348107541178686
464 1.400386433534215
465 2.3233985228440694
466 1.8553455631271034
467 -1.2820277935609568
468 0.6930028940717419
469 0.8086019332533279
470 1.0123604471842795
471 0.6101574783781689
472 1.2023006058131935
473 1.9735947587725344
474 3.3405663383547397
475 -0.7502977351924055
476 0.9943776881314701
477 1.8929833829310811
478 2.7440459262963097
479 0.8388269124577836
480 2.244847148512759
481 0.9511941239724709
482 1.518197324644932
483 2.4525456167762294
484 1.0638404010234446
485 2.550469600525764
486 -1.2221493183627434
487 0.028369561231685214
488 2.2994625832452185
489 -0.1359804527530824
490 1.6157946577893192
491 0.8748672218613452
492 0.708980542919607
493 1.2404138867572136
494 1.1276348987688065
495 1.5690727414679078
496 1.2561447711981901
497 -0.5593447939603544
498 1.342948658848077
499 -0.8222286127412127
500 0.9403947411506519
501 2.063105684596871
