evaluations raw_y
1 30.195076372134103
2 696639336.966223
3 7863926875.789841
4 5695407516036195.0
5 665172215399.9324
6 44600584.715286195
7 101988597.60742208
8 731172.913568098
9 1466949.2035148614
10 3861763.7723061116
11 44394086525.192635
12 581630.9491793911
13 156465722777.22284
14 1441951687187.409
15 233595629976.22617
16 6712123530568.645
17 803300.2106495473
18 821381603.3923577
19 1764146.266954459
20 1046109162967602.5
21 1111221577.8851204
22 3463786.506604797
23 3628674.916253406
24 31557267.675987527
25 1566320.2369582206
26 43120592.25438216
27 19406.138631111982
28 30.07798584164904
29 1803603051.3084168
30 393114285263107.44
31 280260713979.7902
32 1004825785.7035159
33 6152289505.938825
34 695155366462.4216
35 15270481910481.111
36 661228627251.7594
37 300110632.4095743
38 255.34207939777212
39 5314962574.66979
40 18232168.767668236
41 1163867277.9489803
42 181041931.40529814
43 55549361538123.92
44 99347.54196575806
45 367500628.9800709
46 2992539419556.6636
47 7088792612.635182
48 55.32641817848087
49 10439273319.735558
50 176939.2171975664
51 119005400789.69931
52 3582224433.7784214
53 435319426706370.5
54 12460961.809211725
55 612805000945922.1
56 93277575170264.83
57 3371601971.9794416
58 145339408.89805257
59 38251164.10126092
60 3.0124912687386355e+17
61 6634207317.246196
62 1284769894811192.5
63 2727537928187.9175
64 362024.87603814004
65 29564894615.46147
66 859.5115968402944
67 64458942654.63184
68 36388.93689262109
69 699663014.7758001
70 2620792502.9835987
71 192259.96706336463
72 3573443866.9833207
73 833435639.1919773
74 477399.7638398476
75 64755.66420366611
76 1606481364.5347896
77 4085796429.966437
78 785529895.4172025
79 8263238116033.67
80 5081621556415.563
81 922595545528507.5
82 18514114.69206155
83 1909003315703.1196
84 9213295628517.506
85 14777751483278.07
86 1048796660506.0215
87 10706.765904341435
88 182.4122606557332
89 5216634398197.369
90 1.280344487260351e+16
91 2028651023489884.2
92 75934993319.50111
93 41888.2320329955
94 16446894.570563274
95 603716563987.994
96 2207571504774.158
97 45229639458.698
98 534437705.22985995
99 89508.16165752792
100 580.7859100326324
101 1290.6432003262546
102 29548.835230101962
103 26.78326616118578
104 32.522225813445125
105 21094.531876414534
106 6820.600749274281
107 10894.582982480055
108 132215.7926125511
109 3251.186789390375
110 12435.439049045432
111 24302626.00147199
112 14818.170714440183
113 134421941207.78351
114 28687.713943687806
115 617210.2078092833
116 49.081951423118326
117 306525285.40717727
118 17469257.70370245
119 27.128427328561845
120 894773.9644418709
121 13844443.807826582
122 806034.4936432393
123 529998875.106159
124 4161.223557423699
125 1204.5511003902084
126 1699.4820716865745
127 63.996414557713464
128 8033156038.016958
129 148038195.75980735
130 4485325.232876123
131 83365.24781283588
132 57342077.83992143
133 77623.21743502261
134 51.39156324677648
135 331041027.0694581
136 703946965718.4479
137 2885838037.572909
138 2168976811357.381
139 9002910.89300095
140 245952.36446628292
141 7113504.89469208
142 96635.72034427691
143 319490616.2811489
144 13516520.630558351
145 67888698.57569619
146 500618.7928119093
147 292694873344.47424
148 580043963206.0471
149 1761467.9744964233
150 4380517454.868002
151 436089232654.54504
152 677388993.7585273
153 2267457182356.7227
154 319.923933657487
155 2043.586470450118
156 38.732308088369855
157 7011.169601040786
158 2667950.618400974
159 2669.446230814125
160 173.61450231952426
161 31601.074111429036
162 1699724410.3162322
163 171674127468631.62
164 619044334.856633
165 99637.30923985047
166 9059507.538983652
167 22954.784089727673
168 6302075.557422944
169 80666.664028441
170 206.61685866554814
171 12520346270317.947
172 9210752.24640899
173 4326056302.596413
174 13639.991152642366
175 133307.96692657468
176 9517.03607106776
177 42.74155166784373
178 55650942004.70082
179 62768325839.413345
180 339843539103824.25
181 125800.25324845381
182 124784158.59930621
183 14164912072.264217
184 223722.1618335505
185 1740126112545.8525
186 3299137375.6982994
187 181665094.8648145
188 18433006.736290537
189 379172.6045156059
190 3844506.0033631264
191 2418980479.777769
192 2002010.4501874442
193 493233473.9096309
194 62727812.87117188
195 26967720.990356807
196 314948.9749132042
197 541459.1677151327
198 7384296034.03307
199 2558801549.6908684
200 75253603806500.39
201 78351466045.83249
202 1969.0793652901302
203 72.11869024011553
204 506460.9724134573
205 19.52548143487657
206 1160.8323419214805
207 5.555817012161304
208 89.52516565230631
209 104761599.80148083
210 30.199358334403723
211 2094.0287018983154
212 1042041.8904401219
213 30.478243448748035
214 276769.12759677164
215 146.08769270662765
216 403.64570100320765
217 13079.717863508755
218 103.01365112256491
219 299578695908.17206
220 2409.0260584886887
221 376.6454376410112
222 543254.06623734
223 27331.459468700912
224 354591112.338639
225 3063312944591.883
226 131782158912.08485
227 533.1762896196523
228 24976.768191472238
229 3063.0079562194883
230 64332838.45731551
231 97022814776.36313
232 75990.21526588434
233 26643038.910370145
234 27835.804019392668
235 20319128.986095566
236 124782508.82970303
237 112.34030690032208
238 11610.332345304187
239 37.223456226819486
240 38.67874426509582
241 148529338.28570896
242 2297140.901737026
243 272008725.90839595
244 39678083.34141289
245 719695.1618757537
246 44.39384465713969
247 691678.8204049051
248 18626353.230690084
249 19335521306514.09
250 4556336.869260849
251 244238649226.53275
252 44.14515437739615
253 1766238.1091725961
254 29779625257547.16
255 17190672.648803137
256 41.583242565237384
257 11938.535909844835
258 8298.21542523577
259 333.39322562239016
260 2872544.788518923
261 16244014.064002337
262 144.3353934272414
263 89280.92228355193
264 4464.894329649363
265 102.83969299294726
266 1147517.4879135555
267 114510.32161358316
268 101250706.70831744
269 227165.9859462228
270 48.94768682534266
271 11760929.193855997
272 171.09308596769557
273 1969.3892070920735
274 2056.748749819777
275 214027.83384949417
276 41514.870835509915
277 3788.1450522184573
278 1767099.4582727836
279 2377.8528910511527
280 7518332.243097383
281 273727.4159826257
282 23118.17472161198
283 257590308899894.88
284 229456.11205224931
285 52059.508165867745
286 2534838.254606712
287 789355.8832476791
288 530055.8070237482
289 338201.65337514924
290 32.908864668023256
291 108271.5394780428
292 3045461.3023702307
293 781730.1733384762
294 129.37836668923322
295 4401328.500075367
296 617654.550937917
297 917560.3779426175
298 466260.6264927863
299 730957.1513017148
300 97004548749.9527
301 60712.11939170749
302 7.634589354474226
303 16.965566077861858
304 19780.293349380067
305 834.9308812998632
306 21.52232639934075
307 58.47210642913303
308 392.04299640556735
309 34.633845579234396
310 6897.277023692897
311 5556.433369057847
312 23.4242259260495
313 38.6742769402648
314 5763.851471441413
315 22.20387258192051
316 26636700.13893472
317 19845.781453530057
318 40828.860087070854
319 44.60022756511591
320 27224.282482755432
321 53.268613768474495
322 210.21098829619473
323 1631.8075693090116
324 113560.58815400371
325 2262.280693939497
326 2.5459005641195893
327 5931.145763044992
328 160320.73314340177
329 12168.273868235085
330 885.3386173850416
331 53.58800087487322
332 261.4624654666304
333 431.21275880767485
334 3542.20403746212
335 114.50649556482493
336 449.8455590720514
337 3550.9992454093685
338 451427128.877524
339 1307.0563259231262
340 575.8310956475493
341 13336283343.861753
342 17401314641.352898
343 1625.5597754803064
344 96562.95126227353
345 23537.300180699363
346 98168326.79955843
347 82440.95442069414
348 131.83537261408412
349 55.269579735825396
350 12586723.574939946
351 1425.7248292023594
352 146.85640503222837
353 12404566.710285747
354 91.01654453141015
355 28.735019007303205
356 826761.2880598889
357 507.91289545309417
358 1706.83442036583
359 365.31858372719256
360 322451507.12735593
361 12589711.321491828
362 2354237.889277925
363 17283777432.352745
364 6.126345142107429
365 4806890806401720.0
366 28397.414172126155
367 757463.6083389366
368 52.489407430539394
369 93.52307369964159
370 8127264776.671755
371 406.1509509374287
372 29217.820558697014
373 20.71480217363008
374 75.40392067710893
375 1499.4212362245669
376 3431.132592403346
377 169243.61447018565
378 2604583.1401554276
379 392407.40330746677
380 196210822.32117793
381 204.98722537233985
382 51.462080227017246
383 615.8644783218215
384 75659.3899772025
385 59323275.06946158
386 99.01293624734117
387 1080.5004998868465
388 4010242.196828538
389 177.51390470697703
390 838224863.9325831
391 208329.8939717998
392 261.56546815736084
393 49854139.17464519
394 61167.87116055595
395 455.02490484118124
396 1787812.0150290993
397 124983.00602402868
398 108976.39273971693
399 1891950175.8313084
400 3664.231004072511
401 840.1943814198536
402 4.617898501065942
403 153.28719824765446
404 107.92754036465413
405 100.12409138822647
406 1615.8978214776773
407 3583.3133756322804
408 10.719987487992608
409 22.12583987443639
410 98.18233541840543
411 149.6553023249291
412 68.86031314098449
413 1418.5067114392566
414 12.443139553871683
415 4.869341851943071
416 287.32134862007115
417 104.02094593020092
418 58.550235104457784
419 698324445.2393491
420 219062.36194898494
421 20.47798803232544
422 37.76602561479886
423 21.150320376671644
424 56.70092026799922
425 364124.0276821714
426 1011.8431000417222
427 201.81365018878682
428 23.393579333699993
429 10.139191267638427
430 73.20442627210383
431 156296.8677566165
432 145.12761963463362
433 39.0621049524041
434 24.167020182906004
435 127.08320920024974
436 1795.321038810095
437 83.84698547829761
438 74.31222601399378
439 44.45218101497558
440 340.20534940702396
441 158.59580514458497
442 125.87294804331826
443 151.1456081219578
444 439.217372498405
445 153462758.66818687
446 241.40410794257187
447 1502291.732460169
448 285463.70549863647
449 70.4674151443478
450 424.54852456214655
451 195.86905764053395
452 7.8299917283230265
453 29.366989475270813
454 24.058139143632257
455 84.86176782035692
456 5765.075545116442
457 1513686.5354829107
458 23.14205847370308
459 3733.2700225008552
460 10609.936603351563
461 121.72355607473244
462 230120.3334334341
463 211090.80499866008
464 8.778038695484751
465 26793381405.10443
466 28.024188386720887
467 31.29293218241873
468 3911.0843018069677
469 43.61089749416024
470 45.01146893426655
471 13.588652547956787
472 357.94900712264007
473 303.9662656068079
474 34.38199893182138
475 287649.2878300404
476 75082.7594717104
477 1918.4639758598962
478 16.739857206260943
479 8.311702464590468
480 54.46832803640169
481 18.816922207475148
482 10.404620147797845
483 29855.533939590114
484 35.4439778915234
485 40.527269369657176
486 647.0536787428899
487 48.19309335370838
488 557.2975058841043
489 660.896290010806
490 15402056.350417886
491 8579979719369.502
492 1833.8624170840985
493 822.1357589325839
494 618.1268637943149
495 551.1736732432246
496 69.13185487491926
497 3644.0067685929084
498 129.38275081198222
499 63.86187607200099
500 759.4830901150104
501 16810.88081602182
evaluations raw_y
1 15411565096.95144
2 3374588.27572374
3 54746389826.942276
4 438153.60979011253
5 229501621582.57596
6 1.6078527116557706e+17
7 1033733536.7530099
8 21056792694.618732
9 6445584446374.716
10 362644184.4959713
11 514856951.17871207
12 158759471.95159468
13 939764058.4720588
14 117570.28984242462
15 310650447949.0476
16 2392062213.765647
17 3428963.375122584
18 1285997842.9358928
19 95792183.21340796
20 65673924807.84735
21 93214730.62148273
22 3868869628190619.5
23 153261082396903.75
24 54910151423.34897
25 8.408220280293301e+18
26 5748414.805009788
27 1054404377911.048
28 116240058.48605454
29 578060029239059.1
30 158880167279.13806
31 1158810318195.8545
32 72158183656.17238
33 4908103.682824531
34 2511479956.1139793
35 2600386.9539767355
36 37949166.3049426
37 801927695.1374071
38 258106495.43243438
39 533882974977.72626
40 2445348904382018.0
41 829889178.2189435
42 110996772.0518442
43 13561461352166.291
44 5.763751987701716e+16
45 281403912.79434806
46 41469038395967.03
47 1042.1524189119648
48 44320054.830085084
49 156025207.8800196
50 1711273012.8194199
51 6293584854279958.0
52 9722.991641208646
53 1971236721.8814433
54 72.36443468274184
55 1730039.2923156526
56 170889.8872519931
57 5372519228.208858
58 1068324.9142101281
59 187.21232206878818
60 2969388559701210.5
61 343973031.92648864
62 1374.0444636484763
63 105425768660784.62
64 11162979.422875842
65 272559.31264860206
66 3245.226771488113
67 37205075.23792454
68 180593205681.17148
69 6992814310334924.0
70 205904464.12032977
71 464900.58689053217
72 2835225998.2115374
73 1154838201428.686
74 446622843.79010636
75 85042136273880.55
76 8725935.26194667
77 515087157.3944014
78 7796247.964057277
79 4624276029.884238
80 18599.733769477563
81 2079372976675.2034
82 133949233155.28174
83 120546259.21937892
84 747565.3184382798
85 5922499536575209.0
86 115683350001.5561
87 135.91381399535246
88 12269107695948.795
89 2124650321885506.0
90 307311697640020.9
91 1589541482899.3604
92 492519927.0062744
93 247178409093.28696
94 61270920.917853296
95 215009739.79866502
96 95890873973706.58
97 23562.873841807137
98 27654690.55733691
99 430889.5680321639
100 1.6246344916115362e+16
101 401881223.85972404
102 584.3559295774638
103 67890785.313652
104 2399.7881036455065
105 53283.730925368436
106 8531604.527702028
107 229.63296362938098
108 6737.651684190598
109 3650005.08126333
110 75958.1758663687
111 332.05646217273255
112 18652.97247375524
113 13686601.247491427
114 19620.26433705468
115 68289838.82884659
116 7846553606.513091
117 544435.0910420774
118 6250724.579832473
119 4127322.9595815567
120 3953989947.1061916
121 5214076.489694945
122 66368033.45475909
123 17231687330.834244
124 2112367000.0982332
125 8575980.185744552
126 7512179.338537186
127 47370466212.2562
128 2318626482.4193635
129 884938.1113877705
130 4781866271379.477
131 6624152449.554199
132 6060000.411235083
133 50600.932321541346
134 77243.52431883398
135 18677427841723.254
136 7706638844.43066
137 69845670.69810466
138 1090908.8992630625
139 1113876.9719703952
140 94221.07998037255
141 2294744294.209661
142 3943376.9149221284
143 31741.0252119038
144 223009799.60961655
145 1634077583.415783
146 29815200.972131405
147 5008236.007079573
148 83923291770.89421
149 12574.2254490358
150 9.525388390209737e+17
151 302926209.3399761
152 104225.00256952549
153 91.71583674638629
154 4913.988117050768
155 4254.24802045589
156 22050.18946009613
157 100.16294135913009
158 737.6597676259179
159 9117587.766344536
160 840.2762956757258
161 455.7917549601286
162 19116.76666500301
163 36535754.57349559
164 3113495.440870183
165 14043394142.68038
166 255607141.74091506
167 209852.3136890189
168 10626.694116051243
169 2260264971752.9487
170 5298938.661568917
171 428147168683408.3
172 3606251.807705488
173 3826137074.5975413
174 58044976.9216808
175 471789526586.5933
176 846534733.0139729
177 10486999071.51846
178 516105.54982290836
179 775963018.891471
180 93421828.12294704
181 42357432974.36006
182 6829526.115699334
183 283550.8796479663
184 3071601276.1774173
185 3185077668.6148376
186 358191927.0355109
187 57839056565970.46
188 1896137210.9722495
189 169741.89195959398
190 277.04861196828216
191 1045676.7633004859
192 3915193.6489793505
193 15602.63568290049
194 1986388.9435072034
195 1228272931635.1777
196 236668.75577704157
197 123042237440.73605
198 422773971008132.1
199 4324432.374580723
200 46835.046352492674
201 65160229.39219005
202 107.08508407882593
203 4932.157691593673
204 21004.969355777837
205 11889947.549839672
206 628.0518692343633
207 354.51955584925486
208 40.16030054471619
209 7189.691534182555
210 2642267.89210014
211 1809.9069382016849
212 117.58087627064586
213 4064.0656747003554
214 580126.3381697963
215 62.18554834596968
216 5730561915.6929035
217 43.7869431174694
218 325959.94519725424
219 121937.51208093838
220 331823.46150627243
221 2466.9863737800865
222 16245.061118321135
223 30583966.82795417
224 207266803.01513594
225 24665.0521677342
226 1061581.6099817273
227 513.5688240398719
228 57.97858912493606
229 68182.58940141213
230 3416884975.873814
231 3719282105791.227
232 266878815.29985172
233 223871.50769446557
234 19977.250474072065
235 358568.2179649289
236 16262120722528.742
237 895838.5971121949
238 2648234529.034
239 166491.24098932266
240 702937.6324195247
241 591290154.2248375
242 139161.33190409676
243 60013.713742681386
244 16902595228.922337
245 67631141.45948745
246 897.2969827945002
247 3491216.1946388166
248 8515709.459627194
249 435638.47155045136
250 1292386.1089689238
251 223753653242.62747
252 66.64548995591534
253 68557924.90339738
254 45950863732.99438
255 154.74215164840047
256 132842833132.05766
257 178526.17561927636
258 2681554.1633181684
259 17341.43892718657
260 302114308.45559376
261 528.6452238838568
262 119.87751363549073
263 31525939.376764152
264 55351.87427774914
265 38.186194201987306
266 49618799.49106093
267 940.3399915057747
268 8263.91507509337
269 178341726620.6628
270 9927.733524201012
271 1126.7553443812942
272 31798.58450060545
273 1956998.750974999
274 117927017985.3914
275 9552.890605314638
276 10698.904562797694
277 77.15347864526287
278 107209749.3379253
279 11415.527417901818
280 129116.46374529101
281 573.3997055752247
282 2163041.610485148
283 101509010244.67688
284 44687175059.88243
285 273928.8328095558
286 1498971114.692578
287 5022525.074193527
288 7057288322.726138
289 2359756.1859445674
290 742329.8461997336
291 6534730050.973123
292 7265373.23835099
293 60199314.85279435
294 576835.6276576453
295 219.89993195483427
296 66560.04709948624
297 202940771.26760176
298 959151.076849047
299 268542.7406048153
300 28470112.97676766
301 279992034664822.97
302 97.28877649966913
303 62.669512022758084
304 73.31920197045869
305 329.33956711220253
306 163642444.07389095
307 61.553741563638916
308 153880.6495585595
309 1398.6689149568697
310 893.6396693975048
311 356.9742406759658
312 86.05555769617067
313 65.79341928283563
314 277.86363974399694
315 1024473.9162741554
316 591.7124656967009
317 411.1064456046863
318 1562971.8485120141
319 420.01704479704466
320 643.3023719872283
321 2693.294487570722
322 433265.44909667724
323 133.4965771549704
324 59.77743428083268
325 231.20618007415317
326 97.39540358391855
327 343.55418789097735
328 1154.4340097102347
329 621625.1351692366
330 11310.263540160815
331 1376.0630091701942
332 6670.044969446949
333 12385109777.125881
334 5360.042776059145
335 35798.84416967715
336 56835.185402841074
337 3512.9165556380512
338 20293427.02537335
339 47324.78215620947
340 31.618374685669828
341 26737.899955941357
342 930232310.7792314
343 5929297300.954827
344 4727.430111821099
345 756.3568531482854
346 61831.80123376633
347 3478.6548561985533
348 54222199.59992329
349 146180.66048302586
350 28.169108125001134
351 91108113.22855626
352 45.167258167906624
353 30.05065909546768
354 328.5327592225023
355 2911.825100566362
356 4304.510432479106
357 1168023120.803696
358 1786.3566307863978
359 437.5786671624433
360 94652114.58442543
361 54.16562506160196
362 6794.8077151891375
363 379420534.9345048
364 103445382307219.3
365 59.73159015105795
366 5521.564638163158
367 287.9472385702834
368 1731911368.0785956
369 46254.82018242464
370 5424265.67941501
371 579.5694282124042
372 239.81658015924393
373 1260785.332144985
374 17293.022585493458
375 1169148423.0569787
376 259547.54944845755
377 10504874094.301474
378 3341269088057.682
379 2148.5442335842586
380 67382.76562579689
381 878.9322827953288
382 6108316460.147403
383 6487.900754890691
384 5001.217924938255
385 207.62974790223538
386 20068.057068360253
387 14436.757698706468
388 38750449440575.664
389 23146601372.74511
390 27266.477825460577
391 548555.1722712623
392 49958.570312922704
393 6340.2980935221385
394 2971.1682277192285
395 164.33025750621965
396 4821633478.411073
397 3605295.9562092214
398 1260965342138027.8
399 72342.6230916481
400 212744.39181596725
401 3759299315137.847
402 733.5989746808503
403 182.51131198375222
404 27.224605008233222
405 75.19799555769957
406 286.4681916305756
407 1026.7590769685
408 35238.022224013934
409 128.27763433498302
410 7.983289175092466
411 4777.608805918997
412 80.08653867402332
413 76117174.50121716
414 240170.0961811833
415 8.880560531886031
416 94.85935786415381
417 1204.2855310246543
418 87.01354889558505
419 315.6465052764815
420 203.7150251909683
421 122.70699522734061
422 120559250.70742999
423 197.02825451974064
424 300684.7891494355
425 224.32620238654195
426 8392.181344754912
427 11090.482959417539
428 211.48739602370316
429 444.63051195622563
430 111.82555757586216
431 3738.719933501518
432 459.8966002251187
433 502.52360569096606
434 7876490428.897853
435 710897082.4056078
436 210259.18352472287
437 4173.020080693876
438 33.01979990776297
439 165.22145516675513
440 3526864.245796695
441 1263520.514567011
442 740.7679433402499
443 103.28490176889244
444 2607.4201080499793
445 3600.839043879463
446 163.16495724754975
447 5975.54285628316
448 5370.830165813784
449 3714884845.981211
450 80.22934450772529
451 37578.1095496389
452 72490.5576628679
453 34349942.92740631
454 723.6461843908382
455 129026.04840241904
456 182.32554249651065
457 1025.0354068888432
458 693503731.0760764
459 1012476397.5582181
460 5.139887352551048
461 36.12964354015461
462 154574.0871163685
463 118.1187271588622
464 51.30688358982381
465 17568.23902445708
466 215.01118181985328
467 604.3443414888832
468 48796.834596273045
469 6.317517083157477
470 14619.978239190741
471 1086.9955375672052
472 18074.439805965274
473 157.50538845828723
474 625369.3591336154
475 767.7564728977302
476 109.8446582566286
477 4720099.307510543
478 53060.28141748117
479 121588.75977799375
480 710061642.5606923
481 771.770400468708
482 12.662441805545635
483 2.87450441885793
484 398640.00887070986
485 293133736.6963904
486 168.98802683642276
487 61681977244.84358
488 40.53049174172321
489 23257011278339.195
490 80788695.05619878
491 11379.277483739108
492 12742487943.02423
493 56906.3605084642
494 202514.54206602558
495 3050.442210258076
496 33.327035422636534
497 36490.460202859496
498 1191.554036183746
499 2590600.0041070837
500 81.65629652666894
501 14995279975.539997
evaluations raw_y
1 178380.79177957313
2 75934.55855658479
3 252928.21604485303
4 85993094008.62643
5 58854648824.58081
6 23797162.419786558
7 247.7576400312814
8 437154.0971071643
9 420269935.2207478
10 2290447.82892249
11 12202980.98851502
12 2.601602289290164e+20
13 10312179.649962438
14 12154867649.206867
15 39948.931872329915
16 5742323349.506194
17 763288.0939821156
18 644049835.0811915
19 720138074.5659856
20 4862305.789943567
21 66539931121.17311
22 1710018.2757153292
23 230316.32858144786
24 124648.59737872868
25 55294360.409603976
26 5185404256.69586
27 22527080.01531259
28 62975572043605.08
29 818428140.4293714
30 5210619981.076058
31 28227895727131.445
32 286038948770.7236
33 53279.99506517388
34 3792686.3995221574
35 11514965.78429098
36 645774304.0654339
37 79484.56891124105
38 72371865081429.97
39 152407623568.50287
40 946317805.4527103
41 15563976.268609114
42 21858489663.70972
43 501425140089.6285
44 25536424.025462084
45 948282360330.5908
46 2126932389.5822227
47 136340.54725111806
48 57327163.570695
49 355918.5261102812
50 34581799991.36758
51 537507389.0949821
52 1268492210.1016998
53 74753970474.24069
54 6286394038.632648
55 1717937.558949489
56 8026574137172203.0
57 1526047885749.6467
58 41680021.46438511
59 496172.11714418005
60 9887415759.971954
61 903302990326195.1
62 1078097752.493177
63 7294479570.528902
64 1482669.1398571401
65 48427415043.38335
66 54043622210.18538
67 39826773780087.414
68 13150519.755300706
69 31054352.880668335
70 81995.36671875183
71 7030626908.249832
72 8.393215526468357e+16
73 3356.4359106808533
74 432898577.5432935
75 35695435659.91017
76 12175437922.784786
77 167470104149.9814
78 1967272559.37806
79 5606.922947111228
80 16874214075744.36
81 481.5306406953694
82 919763.4979096589
83 4507751469.812122
84 6925901.201224037
85 407054189.44830525
86 1.2067057124274232e+17
87 47017449.58260014
88 1801964044.5084379
89 322.42139335658453
90 1144.4193602236653
91 22740435976.465553
92 37769693.097850464
93 601476091740.4752
94 5583874110756016.0
95 11681.550336436596
96 6.5090482047656216e+16
97 17795.016257650903
98 80.05655302138074
99 7396267837.478854
100 483740.31300706335
101 26976258419.35808
102 19.394147186014987
103 541.0354953907108
104 27.5749615258668
105 528298910.57622045
106 5142.24652981723
107 4407049.629825588
108 594848433.5006077
109 9.803552740633044
110 498246875.2529776
111 143878.81996133112
112 11721153209774.68
113 28482.332817181134
114 5126284.776845124
115 1179.2035570282812
116 3061.9880542268215
117 6403574383.086607
118 31679.555167515307
119 589045.3246283147
120 339363.2824972274
121 142914119.9415032
122 372438.05109179474
123 2897693293589.035
124 798893.22578362
125 233072.88175899192
126 998934.1027407323
127 4802.639953496443
128 27.571833655184047
129 55598935.115803786
130 2603029050.1695256
131 35109995.517287135
132 11249.062808184008
133 4029537324.974183
134 7046576.463676285
135 605613.2771926858
136 18061849984.477123
137 3449242345.256791
138 21630046.52184519
139 7719156.677698262
140 2152139.751254228
141 316046.1265270635
142 206355356.14304262
143 143349.0202939098
144 379846.79251881037
145 57404436.00933922
146 6590789.82153174
147 1417285.328474063
148 2460.408171540334
149 139450622467924.58
150 2215535.8041006858
151 74.28731041041219
152 23.200347025603012
153 646281.5467350691
154 244.69182161609422
155 5401.084017348956
156 1527.5203873304276
157 20727911167.223766
158 569281.9946425903
159 1012.1130434266311
160 313427991857.94305
161 5991153.317583032
162 92414.3087962598
163 14193.287880500044
164 103773.85599144461
165 384395.7331088739
166 114.71937107635492
167 2986.5558082827556
168 1448397.2179929803
169 16553785770.864515
170 9818903701579.775
171 1471664.8431781542
172 480725601618.51385
173 2855840.946722571
174 11240383.43489554
175 3228090.431527608
176 2128030.793861694
177 610926.9974295065
178 13483356051367.246
179 320.4027711856195
180 73086.69395689257
181 34184470.10649041
182 4.464337954138361e+19
183 17739358.624507032
184 2034885332.7597706
185 31121726.151671283
186 64643236910.19028
187 29038777.701810777
188 216429205.91690743
189 5329202.278849778
190 435329434.6478925
191 128554481620.79735
192 1711199.9422205337
193 143911.88023238283
194 2776532.1818828518
195 101839512547772.97
196 4743572809926.774
197 486482.22858236404
198 644.3529674218539
199 187776057523.09064
200 35807920.948794715
201 35.88591298038883
202 34.979509781262
203 29.702480891946948
204 2882.61281944404
205 441082498.9455228
206 294.4293271084247
207 54.60497245955601
208 115.08556429399071
209 1079.0009011751695
210 4962.120099578387
211 3933.4938154367965
212 1178.8217564277463
213 32326.65168082189
214 6343.348476459974
215 1178.3203764675422
216 4996490.024434185
217 83.785518995622
218 1424.345020525427
219 12903782.711679066
220 427.7189167818578
221 12631.585392010247
222 448874.2233896453
223 8242450.4743515905
224 46.68962523621137
225 18554.87118737041
226 326025.66698129446
227 470375.0548504394
228 861770433.4927381
229 404.92031351654094
230 8751.835384636768
231 78498.37023991214
232 1280789.8294236544
233 51791214687.66458
234 9354.904206499405
235 1518.4186404110346
236 15019163148019.16
237 1306.9368278948564
238 365.5295728960515
239 26019.333512149755
240 5553841251.208676
241 195293163.77606192
242 8021.382923074504
243 579.9395285900257
244 2871402116382.046
245 4079020.0104067237
246 2302.618020408788
247 320.01688095423066
248 53474030.41240431
249 1097873.1494178572
250 416.90205370124335
251 33232.711819852
252 294964.2868085494
253 203089524.6717222
254 45.043202894590884
255 1946.43256126446
256 98404363805.65201
257 170857968.68483865
258 2002.6458075664566
259 834675070.0006841
260 1299098194720.7283
261 631.945735993821
262 289.41700070876675
263 1059425.5211286445
264 3479.4038082425927
265 2654.13357529902
266 424292.75311339926
267 49111.50189298462
268 2171575.4520340906
269 798528.9937862027
270 34278.92480500738
271 19160286.476336554
272 10788235065.756191
273 58530.93310437806
274 52.646743625603605
275 13877.236473128478
276 23758725.591680713
277 995945022650080.4
278 16807418.685540497
279 40753917.324945495
280 234462.72083735504
281 10577124.451193409
282 3189561.977590152
283 12819479029.19041
284 2958.0198778278414
285 27573.577234357857
286 38064.98903291935
287 21778476.851272635
288 762.9360145200828
289 15867.168889398396
290 23793836140.72447
291 239746014.49642092
292 5151662.957235317
293 8064558.623309348
294 118685983.6957376
295 57288640.243348874
296 1334253.572223939
297 114135923.40159227
298 614577.6024210074
299 1185521.7200787244
300 4319664.92701342
301 5292.4449239959295
302 7.155474277291711
303 2729.4132258863588
304 5903908556.635997
305 10.358078373043664
306 45.80541779601675
307 82035.32477987718
308 69.42184761668953
309 565.0642811921749
310 64.64079072508954
311 22.88209487666182
312 11763.844193449057
313 170.98127876266727
314 751765.8529051668
315 265.2177961657218
316 32783.77192799817
317 373.1308455558353
318 192.96489448747573
319 58.32973642137319
320 805276.546875186
321 2280706389.8944874
322 26078.899594056344
323 252.0648607467157
324 4924.158435778449
325 744.4223523449153
326 1406.1759748469356
327 957.3768121763478
328 1731676.2118645625
329 92.85517625751724
330 10.449851557131456
331 3705068951502.1333
332 31.499664594489957
333 1154.9975875348057
334 463.77708833558324
335 21.96473977107444
336 55.81665781562
337 5400.749575495076
338 116055.17943750626
339 15692.270335624304
340 2898.725244051712
341 86788.86025244714
342 13228.693937678789
343 558.9330828949746
344 3848451.8894914496
345 67013.55248116067
346 145.7010001010694
347 135638.4278988878
348 15907.662237454811
349 21490.655457082892
350 275.63596151817205
351 204466.2314039625
352 57.57305997653357
353 198.56473064586106
354 170.19703376578076
355 232903.83553594895
356 65.48967674030352
357 104.38575507216552
358 97897.34620775559
359 71.80199471413313
360 785.033394776274
361 22.728609632834797
362 64.7839991661145
363 5013.504052237509
364 2051.3744932553536
365 754339688.5156809
366 3971.296264999195
367 6654.057402996139
368 2229.40601776426
369 170.485549768871
370 19678.114810052506
371 138.67000091314983
372 36619.26547868987
373 13444.316995092724
374 2726.8005516568614
375 49914.409569753145
376 1348.8843734427905
377 634.983984570071
378 3108024027.981839
379 49.83148598332241
380 18.086058635530453
381 2168.539942892307
382 51.88596852974945
383 139.267699060077
384 117537.2864389444
385 8780391.2802002
386 2274161.323223599
387 5186167.335588115
388 8193.661368497655
389 229.1583750533767
390 145005701.2367115
391 1551959.296126355
392 953.6202225584068
393 176814.89358082466
394 1887122.2761481423
395 43625.06308754762
396 47945860.64163157
397 156202743.6273387
398 250.1714663507163
399 116512.70964076115
400 363.91246373948303
401 85094.61487184717
402 7.1562200519128165
403 22.73188460733851
404 37.6121347358499
405 5.350464277967289
406 20.79290904729066
407 47.20529483880273
408 8.59879480422951
409 132.87334945644133
410 42.41700737083676
411 2336.509407794665
412 24.3204370683167
413 4843.936633381209
414 9.418838659841779
415 4228.49529518998
416 11284.299465283711
417 511.49131590642384
418 106.10146335398449
419 71.49388024132095
420 215.6257644873186
421 41.79521604127923
422 90.30918705320094
423 163.5370624265753
424 4.751744869560087
425 150.77481934674412
426 23.79202933656392
427 18.014570718269567
428 5337.63618167443
429 5033140.294366248
430 219.79851296854244
431 328.8775439388266
432 3493.6060613636173
433 4550532.868788571
434 498.3835552635686
435 477.97649483922567
436 80.27913695699188
437 212049225.786756
438 512539.03625185107
439 10895.830262797983
440 381.5299124451159
441 357.1290455075345
442 206006319396.38257
443 471.35855969204846
444 3307034.847539433
445 43141.246581676096
446 823.97048005398
447 2.6505642013124446
448 47708.49414880119
449 13838795.890403744
450 3570.323423469272
451 6607.071358044207
452 8214.74580077791
453 135.1996734038687
454 412.7773136775087
455 472840.8983722448
456 40.098653585022234
457 2875.7831895009867
458 8.772131789743108
459 106.74462625344772
460 39.56552956769158
461 1081.2324344861177
462 2894976.3589715473
463 833.2398404727412
464 7.3695059076227345
465 12382.141610131688
466 955.9213403275428
467 28.36834031779768
468 4415715.138527338
469 369.9401353027071
470 63.39719221177107
471 93.3108803142366
472 257.7217121181209
473 27.65799323207906
474 13.559237779745914
475 101824256.54191445
476 27.926323034048075
477 20559.067878117577
478 22.587776034974013
479 158.02790850305453
480 64802031395.6435
481 682.8347957584541
482 52874.56178826523
483 718.8420003999446
484 98547.49326240187
485 1225820848.5199099
486 2876.458029644296
487 57523.6774134905
488 14504.781837903747
489 36889.78316221597
490 260.3965209728222
491 2970.993829414269
492 317.5411007372086
493 74190.61079381478
494 106.38900083007061
495 521.4360650196827
496 104284.49022818054
497 4.443893703300804
498 82978856.42294185
499 116935.74694657557
500 9.926761213447591
501 10369.915754124782
evaluations raw_y
1 200302.78197440942
2 5756336937914.604
3 11557771.665787911
4 3890371.652418375
5 31959.16375274878
6 404434281.0157088
7 1018763338560.4714
8 1787519.9105807154
9 224.89161686732876
10 130975.83846585127
11 33942810.76128447
12 17432.51065126708
13 197.07442657708765
14 1212600785068.2712
15 394.5155571415222
16 1.2920181745164408e+16
17 20732649407.6584
18 428213715.6418606
19 331933.10643574025
20 3647535.914315946
21 2769391584662.0303
22 2957107256.4226665
23 96698271.0932335
24 128030463199.92786
25 39526.39444192343
26 23858382652550.15
27 17397964046788.252
28 12929351368.77508
29 285426708.070426
30 104994187.96805209
31 5297462801.929148
32 31833882683.28952
33 765118228.7608544
34 15143577939571.703
35 37653.442248629675
36 1810639329.606737
37 700954300035.9783
38 25099982648582.207
39 7636849654.192985
40 239850398447.7131
41 112915775135393.22
42 10.146753246974255
43 318070678.6633006
44 20360946421059.38
45 169798.0095984684
46 971384.9608516467
47 119500787.87695946
48 1033391923.6024882
49 25556796805.0105
50 3806529910437.4805
51 2772588.553320463
52 826465810443444.2
53 1296.3807522803352
54 813390676563.6467
55 46299041985.69959
56 33.40037878140268
57 18656233766.5089
58 137516559.04971713
59 12177889217.162676
60 5261583.17088819
61 6470671266.606028
62 1376.7829400773458
63 68817617891.97917
64 1171840805.57462
65 14084100.94039535
66 18848495.148874916
67 22666840263846.113
68 295798599.426983
69 1834076109.144558
70 2662474687387.04
71 77589941532.59943
72 98812784096.84375
73 203037762.2755538
74 4245.770728971538
75 264281919.45519087
76 26240.998962484442
77 3297236152204202.0
78 3458791.047280059
79 842096918.7635212
80 748.8082224159793
81 1780.6163589110336
82 10263381581.816057
83 721996.7610139229
84 223080.5875793344
85 2006632848749332.8
86 146649346.54257846
87 730956820.0969536
88 379003.30899654725
89 1152772636021.4736
90 2833653726076.12
91 6553594.644162667
92 7788540718.843909
93 160106648862.0623
94 319874406.7729132
95 31492198.39092711
96 29604.40254357483
97 37638.71963972853
98 291975742889.10675
99 1486607859.6665807
100 7566938.959577647
101 85318683.1201184
102 17.096504691967787
103 3829.9645778588692
104 201434.88021988858
105 183.51615522243293
106 383.7951067376858
107 230600779.54302782
108 14785.241825262801
109 2740.965517107401
110 874.3248572954311
111 110232.43864100665
112 189074.1203639507
113 893.0960559498353
114 406846.7312371012
115 2820420.0106533477
116 4684063991.485858
117 3610.1428324207013
118 3659557954.5547314
119 698320291.2599556
120 74843123416.05615
121 2263463.8821596196
122 186625.82082044036
123 949756.1772910204
124 128321.35918307427
125 100247653.53869416
126 83923.0262040844
127 94838033796.45398
128 3632733.633775102
129 3097920.335413208
130 34205877.7368935
131 2947761347.1922207
132 25855662363.589985
133 8819539.68070156
134 172.7347656593096
135 136572085.49508372
136 2009639727503.184
137 30958425806377.45
138 225896091.07355818
139 71129003.97714616
140 1227852225.4990573
141 623979781566.0443
142 235569.88837825766
143 530348675053.0302
144 1236276.8847207327
145 1331362926.6758707
146 333286979.1736713
147 47653257739.31631
148 20342188.987257976
149 30888172945404.594
150 320095646.0267292
151 188358009.94378006
152 223.84084019286394
153 1157911.2803690901
154 1383048.6241048116
155 879.8873410430436
156 14606582807.645287
157 965760523.0734842
158 9749924.111241788
159 67654.9802955162
160 1027301.4471077687
161 35459.44943053997
162 621601184.0629745
163 56274.903792235455
164 135652589473.8771
165 31990.97800096044
166 517564.99947418476
167 30234210.40668832
168 11118.601087821799
169 432065.7393235927
170 158801.1067455866
171 85349.87053037461
172 51173.17669933835
173 5874360318316.109
174 27289.382344007692
175 13362572.06401997
176 12296903271.782324
177 13135816863.555403
178 1221302.545225929
179 10770593019.765436
180 441.41874770256334
181 15937243.43838897
182 312634.6846913835
183 939051278.8346916
184 206.16906966702737
185 25800407.485540036
186 165079.57925717082
187 4375488.67471823
188 62349.09202090593
189 3636026769.199115
190 11460565.483376877
191 13453203485.630909
192 343175.19815463794
193 18152361.722615704
194 75344573914.48247
195 350305.08269376785
196 2024199969341.4385
197 41435522.060570374
198 536130440.104851
199 1664743668.1833498
200 5597199.726117925
201 99271650.9561716
202 1206.49519590358
203 237769.72542904338
204 2191.614626413104
205 574.5467830185494
206 2369.2665285656412
207 31.29803764395188
208 413.62372928826557
209 8.289909756078744
210 112.18570331008581
211 139.0842794686311
212 2124283412.6105266
213 478.0502576944499
214 961168091.2854118
215 2699.208455606871
216 521049037369.89874
217 5816.24747335796
218 1436936806313.5408
219 74087937.28966731
220 13816237.826239131
221 469161405.6214742
222 102.57695807618921
223 8783.361469760292
224 64416.50057772251
225 25098.34227050226
226 1468.7567022601922
227 1856769.4328701403
228 43830.13204328937
229 1883151.3613331295
230 1836301.917990646
231 13788368.799621038
232 632220.366428344
233 848339151682.9581
234 91041.35581568955
235 3327.6488894985796
236 31712168.74096532
237 252954.15340666505
238 25.037195904144006
239 1293982.3253250537
240 5399.726918864162
241 836639954.9713386
242 71.12472840081884
243 239508.98549240894
244 92814.92362052298
245 42870896.72057569
246 295164044.94703233
247 8030300.143147462
248 3245.869444933171
249 1514130141.9418678
250 1191683.5872388582
251 1555.9791991355223
252 45574280.75980866
253 7543280996851016.0
254 5155642.394085254
255 21173.863299081026
256 21.209971487805607
257 70388862.02062705
258 370357915392.645
259 13.035984648638587
260 3913.832390969631
261 905286.152759049
262 29600.74432717002
263 467.69218399229374
264 7802.809929233657
265 31005797399.959927
266 105662.40599019486
267 2253.902649370846
268 13320921.540438853
269 889309846.0142038
270 11058.1553566873
271 727062419.6357677
272 4076.616326104772
273 5094956.900239409
274 14894.43249963064
275 3069229.7551416135
276 744545895.8458039
277 184199384141057.97
278 629629247.3266708
279 593510763795.7087
280 448881.4173746291
281 893156.6398111965
282 183848729168617.66
283 519016.3541015252
284 79574.34273578392
285 756730550.6706902
286 612742.648711735
287 668.0786349701257
288 7199.515036431091
289 307649.8298164671
290 1506841.3090432102
291 116546921804833.77
292 89.47962200561744
293 6940071.124511824
294 2509085.023777641
295 7163992564845.964
296 11291873.03876496
297 4345504.338067633
298 283.27601997168637
299 5364549.060191154
300 7353.193349305692
301 2488.8246265831035
302 10.65144477396207
303 6855.233361039491
304 40.69909634253451
305 32.95189439034818
306 8.459021954839368
307 1591.2852410930914
308 105.9219982490294
309 109.59969488308796
310 166096.02024214
311 1019045.1347059141
312 43706.655438741596
313 107.57036562858538
314 43.051247018971
315 6784.184177944173
316 72.8062572411788
317 127.98413580630807
318 1658.9046417619502
319 37481589.44573155
320 167.22232826381145
321 671.0000426472977
322 7255.320104550258
323 8580.787357984995
324 1791.3367653379487
325 353.7439584938655
326 7846.750618595527
327 258476.27596846325
328 26691238980.612442
329 3561.5864216429063
330 678476407.8221055
331 7617196.748879995
332 9430.82495106775
333 345.82967754032074
334 182226.27922794854
335 2935.975379720397
336 6951229.527764904
337 15444.657093750531
338 6749.287792079513
339 31508.36093147726
340 212077641464.1608
341 12278.776824567445
342 700.8615840027102
343 25.701372749323436
344 88272.0501338714
345 129437785.83409795
346 1406730.4083482139
347 34718030.71066714
348 4055.062246173732
349 3619.4404779607535
350 284504.9810034776
351 60587.315763222214
352 7.921450830426695
353 445.5626270328286
354 4599.580164917067
355 28.610289903856955
356 527.9369844798839
357 158.43738538961037
358 71.21412749891456
359 4035.502343397961
360 2257.563979146687
361 450.05592035415117
362 19675.63855396208
363 62.26920747272342
364 776.5704628929701
365 33.626967597214495
366 30.225334156660434
367 6586.641734621758
368 152346929.55847675
369 878.5687488394716
370 120541.1346048306
371 736.9177983327642
372 23422482.383283004
373 3476.922381028401
374 1708.2072936396899
375 2931.455187410798
376 5330.915960982796
377 2956552.37811111
378 765799759.629575
379 65239.90843065197
380 5718.107872136312
381 76194796.84995365
382 178.54505400546597
383 130.96709380115954
384 3979.5739691179706
385 269.36684175382163
386 64788.957561586656
387 179177713680354.3
388 1379.2062914738729
389 53406299997.5853
390 644199.7340154422
391 5804.82445044816
392 768.1479636241567
393 14.895872006521712
394 57795.06073695745
395 899249.0588276505
396 1465.2670853755753
397 70024598.2751031
398 87540900.77372928
399 15071.184257930756
400 273975288.30998874
401 818121.9117556737
402 14.223157556208012
403 12.97262755382876
404 8.449384797988678
405 28.96565233414515
406 10.451880541001206
407 43.285026766960435
408 2944.255860228173
409 61434.392425449674
410 23.002411445215305
411 4487.0518963321865
412 13.746821303713237
413 4.256775057278859
414 1015.6494009730667
415 2064.6813434313203
416 1879.3776235798086
417 553.7534116230403
418 32.07509352872978
419 37.91252737471547
420 7.8961371358054215
421 74.60622298801918
422 6288.266893728604
423 1760701.9940911783
424 149.89892956383878
425 304.5163244004565
426 778.2390353029073
427 316158959.6704264
428 10495.921457821478
429 23816718.61444408
430 26.428808636019745
431 290.3375165572362
432 345.8702349317565
433 96.22849606739487
434 230031812.27652442
435 1712615.8696592408
436 17727.835781926387
437 29.35744877177138
438 6.07542887224294
439 596.4463848893282
440 415.2941050616291
441 452.44677780676466
442 19.951041003243787
443 613604810.1751995
444 21901.851645683368
445 1771.1553544612543
446 95.3771492180348
447 413775.1223431203
448 579534.439516657
449 258.5058992399683
450 5274.027297200939
451 419.59612963053576
452 40.14170022621495
453 74.63728628116353
454 3093372.0254754145
455 1612919.4597152118
456 10.62999984834743
457 1679.4988144800077
458 240.44608302751632
459 853.7696622351111
460 145020.41109019713
461 28.813295551033985
462 115.56240951721387
463 1917.543162527564
464 92.33696484047046
465 1365.4273717489657
466 45436767.95040834
467 93.96367856007406
468 65943.03749020855
469 1166.3537019487742
470 100.71300287769759
471 7.555408312231199
472 133.32465346915802
473 25.583131313900378
474 136.84634216070674
475 112.31417661499772
476 38646.64177022494
477 7452943.424414679
478 55666.08471348608
479 8502576.55779389
480 20.034791088004138
481 9.650521643684355
482 4716.806174221163
483 54.781390826767726
484 22772.397915995385
485 2693.628048357563
486 4610016154.095407
487 505490.6849304978
488 27.071654844721483
489 669.9043387315387
490 6540.14866061417
491 1839.6628981638385
492 50314156.36885398
493 3020471282.6265564
494 3361371.8871917264
495 291718.16764145705
496 260664728.65589824
497 3010436.9753543073
498 837.635226331248
499 184.11543918305068
500 36838.24341345914
501 396.5028804962662
evaluations raw_y
1 307285451842.934
2 24410816773112.145
3 117161410614116.42
4 576404292827814.1
5 301152950149.15375
6 79833598.41323398
7 11345749218.260916
8 18.442963529500062
9 49094.40268261802
10 303.30663825261695
11 1920553.9900280933
12 406947294.22036386
13 11906242.196147425
14 243933622.1949548
15 798218292.2545681
16 184598.38441359278
17 383079994.80331564
18 410750033.0469452
19 11881205.859970523
20 577.0569995611278
21 11521679291.362356
22 192503703.22480375
23 3424181903.949932
24 8033262739227.229
25 6426722195362.253
26 949803028083579.5
27 1653841.3312080554
28 182793569611.8951
29 22952964.642270744
30 1505051603.2316709
31 153674787451183.66
32 342119.4979788185
33 220346388.65601614
34 9.847877380718213e+17
35 88913639397.81924
36 9421211.237912837
37 4438493054014.435
38 879580.3518655638
39 656280563.3844566
40 21086930181.383183
41 3365664318.922235
42 763252.8658251986
43 132625905267.08981
44 12052944275214.928
45 1180916490989.6653
46 11403621.168403426
47 559246211.6272565
48 822971127569.0315
49 25727530.411456745
50 188917844385640.97
51 150848364273.1144
52 1310252.122353185
53 765731923.0684391
54 181009.64757893074
55 11618682.792982409
56 421918485.48264295
57 545.2102761084623
58 28153953795546.04
59 428.5881010229033
60 31649374.501753807
61 1120740106.0750287
62 3113413.0954889376
63 4741589924.977114
64 186996394.62850994
65 1250505210.073555
66 556699230756530.44
67 1894776623589.1897
68 12528.804973986355
69 156570278064.82843
70 1369115145.3510976
71 66055.29991249916
72 19168733952.26493
73 1459.238691287081
74 63169375.837416515
75 1946.4113988164672
76 17112900.62512094
77 1183259.765761079
78 571559.8680257119
79 565067081964.6118
80 867803005.3356347
81 347060951894164.2
82 2380281622.6365323
83 20448.532428912633
84 333261.7829141926
85 106916104.45930089
86 94684740807.1977
87 2847678636982.3213
88 687517895.4508799
89 924286.8497283304
90 21929.17347289945
91 5734740870.6908655
92 26828070518.400795
93 3893621.1984582385
94 294874.6846713152
95 274014704.03416115
96 1341632848.4287841
97 152525731435.62527
98 11313711839.235678
99 1129524995.0759318
100 39250.28708348247
101 574903834.582677
102 1873.548396481651
103 532.4315524815971
104 363.3197238205086
105 849631756.3803041
106 52445515.37144705
107 20571082.37470084
108 450441.2829828496
109 1121.0919987969494
110 1685261.5203884745
111 482845452.95631814
112 39052.637330424244
113 3431.4137556492024
114 959930805.339703
115 113678456.65440555
116 52769237.93117216
117 471167.5395619303
118 101238.66125343846
119 1090419.638226343
120 71.99976376486237
121 388.97346338326275
122 27802048.518306527
123 2433272.354239516
124 10523.209194005833
125 1930288.4955392475
126 194.11133613145944
127 734.9740431130069
128 2289164.733048532
129 2700796809.4408827
130 16332.733633811169
131 16493650.134729302
132 65165523668.1214
133 490987963.8974156
134 45816778.959879346
135 56912533712.819244
136 2115.088217089085
137 212778744.8941586
138 303.94587518828877
139 854398.6187266492
140 775730.2065271405
141 124437324.23879752
142 3103848256.504069
143 928256.8339817326
144 6269948850.771841
145 10567415.819126453
146 115.15432913175168
147 11170521461705.518
148 8571735522.959111
149 114356981.63187438
150 2089670.5592022294
151 67334767.4934249
152 10.076336370057005
153 12826.070137327111
154 280653.5891399186
155 84.04803841253676
156 56719749603.365585
157 2295999633.105015
158 940.4277659349059
159 1301106682.3781621
160 16428.57875854888
161 11377417.23609598
162 932.9772628393995
163 32630.590122485282
164 17399850.695323896
165 197489.6603644639
166 104040.39306092002
167 49714121.619062446
168 2484.7061704094604
169 2830.7234787218413
170 201303347.6770742
171 270551716.3572591
172 22411.364839291167
173 2817215.1041118903
174 2039116375.9563527
175 201105.51341958332
176 15731027.796376579
177 466.19215412449495
178 15245.21990283811
179 34559043916.85237
180 21744.302351201783
181 50662.74873514899
182 436377032.5390854
183 272758191.66527677
184 822170.5890538677
185 34045798.0949379
186 945439793.3263768
187 70157881546.10066
188 3369848.451299574
189 25343.495275244903
190 5491022.954825068
191 198503.59380695643
192 6972837318.094813
193 516982252.4300544
194 94589761.13393702
195 319720229.5586915
196 253255.10320559208
197 84525786.74034703
198 368357307.19004273
199 618119724.8749545
200 596590069717.7941
201 18271806441.605312
202 39420.29068541971
203 153.346501859921
204 49.30021016383119
205 1671.249268704278
206 940.6483822355112
207 677.2171768826612
208 702.6436913898502
209 161.5853315680201
210 845.5460825170235
211 455.7935549540753
212 37635.70064984346
213 3296498.2326928023
214 3404.0429996465573
215 101505213062628.72
216 119778063.61609283
217 3032.8574759827798
218 1800.8452513522861
219 1655.1576998331795
220 84779.20574030568
221 337.9295646896647
222 2255207.124695898
223 12587202.615306612
224 889775.4780402373
225 6189.608987967675
226 1175.556985920467
227 107722.39840466881
228 2260.123236162751
229 213842730987.71548
230 21284.81984027626
231 46927.90949860226
232 280.4174647118784
233 3615.7763843054263
234 47548653915.71203
235 2221878645.958989
236 29.812865925209053
237 107916.56785570514
238 17294264.828689046
239 733.6787772053704
240 244810.50341158212
241 1989.7116573590433
242 26131.619527517643
243 10321113625.957726
244 107576.11806452836
245 18811418.318496097
246 273641.527459745
247 1381.0721091914338
248 6184871.834358638
249 1307790.1851886006
250 5542587.763413106
251 123502770.70683663
252 193.6877146183317
253 3371685.379035335
254 27585.33390877266
255 31887.395331363936
256 303805.9589214383
257 555.0933749676209
258 247.65430273834224
259 92782.64831379234
260 2448.7756558615088
261 1990.9248124727733
262 409099.3874001472
263 10558.795154359
264 5190128417.287673
265 91.06523998464829
266 36432081.694826595
267 257243343.3006204
268 1467629.8762599637
269 12357.771036167349
270 717.9974679581006
271 2419.789024580612
272 4041827.220571328
273 40382.78993838998
274 40539912.0569625
275 943274483.7201381
276 287.66657865573075
277 12588.636020331285
278 4804921838.87655
279 260112.6028643245
280 2765140.1732927337
281 408.1338792764942
282 341.32084754961136
283 2256.2517951938867
284 71386849.00203218
285 538.7129899485655
286 659.3792594341863
287 26749.140565493362
288 29000079.4279906
289 1.849695963722853e+18
290 443185.33517751435
291 11391.418673425154
292 1266.4839652084268
293 156219529.4882002
294 16073.463909715518
295 1354533.7494030532
296 544746.5991234626
297 12687.18860928672
298 683458321.7094846
299 925422.7478125492
300 47555.100621850645
301 355416398.7484333
302 12.916398409036306
303 43.01755190503263
304 692236827.7898114
305 43.719762619442314
306 469.37781507306227
307 87.26269361101232
308 2245.853296256225
309 127.26520329299579
310 11.123106731109017
311 476.2905959030533
312 1154.9407852449694
313 243.01066096633147
314 292.4159545735489
315 846.1596932595212
316 296.5463155932629
317 301.9440510467472
318 11468.123048638627
319 951347.2044364336
320 912339.3016246458
321 29.661218695418125
322 3278437.1383702317
323 301757.7848063842
324 110602.56429657928
325 717.7441195705914
326 550.3802580293351
327 23709006561.380814
328 116.96164386096412
329 25158551.26516856
330 25239.708343053277
331 104604.4554068227
332 50755.74183732315
333 25239.678705413917
334 1613245.7979799877
335 3319.9933642948454
336 609.0799139146444
337 445.53573425799055
338 3007562268448.845
339 7848250.212579711
340 3209.2206064350544
341 77.50077115442446
342 1559712.047843319
343 3079.873688265837
344 78715.599854071
345 431.1977472639269
346 3773446.4296466517
347 50024.35277257689
348 2651272426737.424
349 309.58455159331703
350 411568.29866853077
351 104721763943.10669
352 12.506299288464566
353 11795.021318661416
354 43.98657124967254
355 6443.082429178942
356 27.524945330942003
357 305.69077584080077
358 890.1912381128392
359 896838194.401964
360 23.043511569106688
361 31.189873738070315
362 383237552957.84186
363 171059.38160325208
364 1027.2992654013578
365 282.60792268472983
366 71.90298418521006
367 435.75776198570463
368 505.13847654533583
369 242.4255588930766
370 1552.655287903295
371 1879.7188994044348
372 1297380.7549740036
373 1798784.6557454816
374 1352.0292044433093
375 215616.257231864
376 2185169.6003728146
377 544.9783662007842
378 393.62565709832666
379 279064.9468705277
380 1541102.1141536238
381 2241.390668837554
382 50541.80597943838
383 707.2473197726998
384 3710.38019451809
385 2087.6259606945187
386 1870440.810271745
387 102.57869376406599
388 1441337.6660344012
389 3708.747811489338
390 686023815.156057
391 11143.09002248744
392 19330775166.158737
393 13550.552465836743
394 219.78303550855338
395 4070.0272279509186
396 265146189281165.75
397 10986.74978716173
398 41957.34732764037
399 27418845.54507527
400 5717.246284893589
401 851.6452277917681
402 5.8602618398420745
403 11.101120499550753
404 20.122080746816856
405 73.57953557096987
406 19.483961619630573
407 39.102555956587366
408 30.030750361596553
409 37.73322655440672
410 199.49443553392643
411 392.41488649046494
412 113.40566838361082
413 112.7355154252046
414 7657694.264269471
415 8.636458095645335
416 3219660.201586084
417 234.5419575896028
418 699.4528112250625
419 32692.902593131566
420 10835.30389996441
421 119.3961871401583
422 13918.799109966196
423 180.50118408485767
424 1829670611844.8472
425 638.5246833015212
426 1259.4795071382534
427 52491.44315380361
428 3138.156831932511
429 138565.70448564767
430 100.30259532174377
431 741.485069975304
432 160.1018664352186
433 1402.1569187350556
434 1132.9490490238009
435 605510012.6717415
436 76.83467377380347
437 96.8821785171982
438 499.4823895020595
439 697.3779637002568
440 77.46214734867098
441 33917.05237636722
442 139.02781858458562
443 10.756348511380256
444 566.8614458383707
445 1374.801834821361
446 1190.6621966823893
447 44374924.96520212
448 237.94187545893962
449 820.1594312405524
450 15979.849025619731
451 129.26570511887041
452 18.239207573024885
453 81.51029952422276
454 29.71335253411629
455 4541236.608982888
456 333138.50467353145
457 40755.116335311395
458 87090.65137004014
459 40.24666793616926
460 429735.19316168694
461 32.083807041855344
462 229.50910231226948
463 2184.480603524138
464 78.629000924951
465 512.8101153547532
466 422.7607908863952
467 155861.19174173943
468 160.27163913426355
469 89.38039661417812
470 175.84879403519852
471 125.21426076278229
472 74358.97930009772
473 937.5713801460244
474 579551.563592766
475 514142.95084205526
476 203.57596986793757
477 33409.433083400945
478 270.71610225201266
479 7348.409893744637
480 1529.6753208707412
481 207384.0473830466
482 1960.8140292164044
483 3685.474037952829
484 182.55213985541667
485 173.6975231280669
486 252.07404480050147
487 101.02815999162017
488 562888.975705824
489 239949.57968930367
490 179617.57375832295
491 18579.604124358186
492 1841.780846179875
493 1800069.4389815
494 19050.305938198384
495 31804.24134307157
496 35274.94966224853
497 1664.185837164404
498 120.68176265360972
499 416.89350791155675
500 442.47951601661265
501 59.285378866890674
