evaluations raw_y
1 7.4379269477412695
2 38.76505337999787
3 45.75371006624159
4 77.86079694205847
5 52.061086223745036
6 34.81666304067562
7 37.535291579720216
8 26.84094214895074
9 29.233146608814913
10 30.72294824278332
11 46.49882558614565
12 25.011105289559794
13 44.07322041355803
14 78.64739086905402
15 51.59389795600896
16 60.09720685502409
17 28.355443410703792
18 39.72875715487881
19 28.527316775739447
20 140.91374247789244
21 41.991502901903004
22 29.869739825383064
23 -384.3862147094216
24 37.176260476461344
25 29.811884069579545
26 34.52154540778208
27 17.717844217707615
28 6.816052591814634
29 27.88481343331865
30 65.69380138287018
31 54.93500995268164
32 24.566456695771294
33 46.23368704399154
34 64.74817425539568
35 56.24310410878028
36 53.24592186004454
37 40.661518989577445
38 12.179133743003337
39 -379.94839600956107
40 31.10642521714166
41 67.7497958483613
42 35.81704105816054
43 64.45405892064468
44 28.251431983065043
45 782.1471304648742
46 57.949952599491716
47 43.15889057510372
48 10.751196439625346
49 46.679333549224445
50 85.61985378087014
51 45.39056884915318
52 36.0284895903879
53 33.097235538410175
54 96.65531737102961
55 16.213172831527046
56 9.418542104900789
57 42.97278709223046
58 83.38556374955704
59 58.510390243379746
60 44.662004907588816
61 27.227579598344857
62 13.943930276965181
63 54.842135348935656
64 62.17932676530993
65 54.038645758004186
66 25.418756361191832
67 25.865221018440582
68 37.82713206966474
69 19.703686886910475
70 51.77466302630054
71 75.06692314648957
72 30.723320601952796
73 117.53563005618817
74 34.253549256778385
75 29.699971238182382
76 53.413642946787796
77 16.951447674850005
78 4.388537735477849
79 34.136235356427974
80 50.76110165158014
81 55.11173034416534
82 1.965456023039436
83 42.82719569017803
84 42.84518488074808
85 18.09373664568024
86 62.3744062664138
87 40.0135067065858
88 80.44250055126452
89 37.50775762293024
90 29.04875882359215
91 60.262945180624406
92 52.63404566899975
93 52.82220067751568
94 31.49762953510007
95 99.25915775620719
96 78.99372183921813
97 18.37417386187104
98 15.058961134386937
99 37.44222886292344
100 13.636299698311545
101 37.698470145036644
102 45.946287124585105
103 19.433398303751286
104 55.15693669795491
105 35.30572962916832
106 7.742349608637106
107 36.480429643375025
108 55.485163426155324
109 -50.95326564837601
110 10.333940553606531
111 45.35755819943057
112 34.040506250434554
113 15.971811381299862
114 22.352187340705093
115 56.50871820595268
116 20.711583960619087
117 19.917520301580048
118 21.40858052503314
119 9.331133133167093
120 78.55046778427953
121 53.316953175761
122 31.028396136274495
123 36.520646995229484
124 26.691309458163275
125 8.346157003551536
126 62.0418743155107
127 14.391479069567634
128 9.016387961633548
129 2.9224190043065796
130 67.38374962609178
131 24.70328977027272
132 4.444263864134163
133 72.31228393640744
134 55.02581992152959
135 26.440835393121358
136 51.70007660924165
137 34.904570398057636
138 11.026157628388338
139 51.205816293817215
140 27.440420282866437
141 46.648541671223214
142 51.42233084733036
143 37.48833720548194
144 33.510244825455246
145 32.96162247436515
146 30.23946637448402
147 17.7261431237239
148 19.55266521135968
149 68.8162092543117
150 34.95230920358
151 37.29633892241792
152 31.145363384976037
153 -12.500199760271002
154 48.626010818516164
155 15.433912926133871
156 60.21880289112309
157 44.56058075690655
158 42.977154113875415
159 82.86507129705834
160 -1.30179719459872
161 9.719096535518947
162 13.836021666592925
163 10.609452134115498
164 8.916208512419153
165 52.99102473274198
166 14.754182793490184
167 37.885444686526604
168 31.851213764956338
169 7.8696302751108025
170 33.41190156278121
171 40.05542768162117
172 22.51630694659167
173 -393.42459853142657
174 28.75766043316261
175 30.54111279484085
176 17.253246621662107
177 14.803692812721069
178 7.052111839036901
179 27.8458002221076
180 56.4612397162912
181 17.77867919830113
182 4.983387509743831
183 27.12496642617565
184 49.055921364270006
185 8.795580613996623
186 67.37426311738882
187 38.39929192327994
188 -54.200305829702494
189 -387.5000124759613
190 32.03430640128206
191 41.768388054126106
192 43.63073648059144
193 49.91471768864669
194 48.479508562238394
195 32.58018640959413
196 50.34074497960249
197 35.07193212673255
198 28.49183749845508
199 39.368146752230345
200 17.740362126363223
201 38.290030452587224
202 37.09054121432966
203 -11.395751657137097
204 50.515243004877384
205 29.472661735688185
206 27.946660004503286
207 6.641566565736364
208 89.92406182215754
209 27.17752358662103
210 -4.048788757739942
211 39.70495792960602
212 33.33951931890275
213 10.969421950469924
214 54.83638033118961
215 40.580384944512794
216 12.899098768648225
217 13.897103768868655
218 3.506843869094081
219 27.138835242644156
220 8.845145987851872
221 14.625917037465445
222 13.589184517231867
223 -7.094035662698165
224 25.747229512917567
225 26.002367035408678
226 13.340069666746313
227 11.708876164028133
228 4.327765152641598
229 2.252898266256601
230 35.05207253423057
231 16.070614156965828
232 51.55909145967166
233 23.920345048360502
234 40.83540211374658
235 32.0789751803605
236 55.141706114337765
237 23.488346155141755
238 28.507205069955987
239 -390.0076999196111
240 54.35375553238995
241 27.720261716776996
242 49.72897364333614
243 20.51147303434887
244 11.693219636276138
245 37.25591844752052
246 84.09075392052453
247 33.08767189341012
248 11.035818666402971
249 54.68076262183258
250 25.259066762538616
251 25.77862678097839
252 31.228051076947867
253 -12.280766032636123
254 26.646977772206693
255 28.657779363511644
256 35.88536948669224
257 15.534577457765039
258 53.98151951068477
259 -49.7679551924561
260 40.193321889856755
261 10.722812048168585
262 29.69059521848959
263 9.431051631899711
264 7.666314734756111
265 17.789222061008633
266 18.863456393815063
267 40.422482175374945
268 4.877809875318452
269 32.4467083964982
270 15.513373220137971
271 41.09437284306954
272 45.53883530130184
273 17.803901197743997
274 16.747808566012022
275 36.64475669406392
276 -27.651662594848684
277 9.649901244484244
278 65.42819269723799
279 31.97088789298735
280 33.61675977171614
281 36.35802152978804
282 11.635332876355138
283 9.672647001584625
284 53.76773521625704
285 13.994615386241183
286 43.220789438054446
287 42.247464268349205
288 18.73706325719291
289 50.36990121808423
290 48.369537863223364
291 47.948689561904786
292 66.13331176055992
293 10.550615957870985
294 5.313804042668161
295 30.520776037471677
296 24.614722051970617
297 27.629611721372076
298 14.558489187270979
299 26.287577215969854
300 17.571062142349618
301 8.637963503087779
302 33.874508330084126
303 12.899098768648209
304 184.06159630648986
305 7.209400522269661
306 6.465171992470513
307 7.765919889369767
308 16.388775445709385
309 -139.3886475346184
310 36.632149408533415
311 25.113828786302285
312 33.228358524596075
313 -712.1732568149814
314 13.360608803738039
315 12.710006910836476
316 10.262855305413947
317 13.104817116556227
318 3.074682180237807
319 31.497067645389556
320 27.20947034607844
321 33.8959786399333
322 14.619053802708029
323 27.465017789047675
324 39.139278399909294
325 12.43555681532158
326 9.602569647739939
327 12.491305951297205
328 33.14431381491778
329 8.487248488614455
330 27.847515223622533
331 5.926627140981901
332 42.786501450571926
333 23.704275120179176
334 34.09728735045144
335 -17.120210756925857
336 36.79380620116066
337 13.425150823597189
338 -31.853642673025476
339 17.83880193111117
340 27.70474148460027
341 12.331421059799007
342 36.65006446457432
343 77.3413990316649
344 49.7910321731815
345 50.09729838896418
346 25.597066018607894
347 30.411079712992453
348 13.7057770327044
349 31.347780759661696
350 2.0056256816250775
351 35.058359411242556
352 28.119766067546582
353 -11.595096684479884
354 22.537929219749635
355 28.880335673966872
356 59.48698656819601
357 28.463304531213314
358 13.214945495255243
359 -133.74772343765113
360 55.69591784048824
361 0.448332450312364
362 23.489623209121635
363 -701.8876826000783
364 5.512261970818675
365 17.91110595918891
366 12.07849507416471
367 40.428847816956925
368 7.39263827273893
369 7.191084774003945
370 19.73404903680979
371 13.523129598532208
372 39.628154824662474
373 48.6356372701334
374 21.49059079481098
375 7.879186754828647
376 -26.5935798683743
377 34.03908277220572
378 18.07309990354253
379 26.41355212965368
380 25.494900177310267
381 11.809588738360612
382 24.521176031777255
383 -2338.4616232923477
384 30.48134880375192
385 23.85739305144517
386 120.1374172030307
387 11.668390279002406
388 -59.36553863429755
389 9.697628554416095
390 24.608719975740097
391 10.35748394399919
392 50.737992717750544
393 -73.17047695963926
394 5.309366677044367
395 42.67668844299995
396 23.264191003128786
397 27.162089292797056
398 15.753346430559187
399 51.03220743427187
400 2.6814059933076964
401 5.582167550584945
402 34.89703992563757
403 35.10295622325379
404 19.208471097692705
405 8.23858821615907
406 6.9810425971362395
407 54.882480885416314
408 40.331302060927115
409 8.728621015343103
410 9.924153335319659
411 21.666078532864656
412 13.137016102063194
413 19.514081923241903
414 6.8582800422911285
415 28.357647304108074
416 14.135227769499215
417 8.321369342018535
418 7.290522492521127
419 10.50121882158364
420 58.744156623228214
421 -33.168864927062856
422 8.293268286138648
423 -379.29323212066066
424 22.292239917237172
425 21.502254644024838
426 10.694999467566051
427 4.163165809878942
428 8.729122977046126
429 12.981173893841726
430 33.328028271025396
431 -8.969279572109475
432 4.153377155615274
433 -2329.0302529140663
434 38.2594379140798
435 51.08604086074153
436 56.13034507443188
437 4.522769987210798
438 -56.273355987597895
439 12.729326800374817
440 25.790046046456382
441 25.62521223364764
442 22.268619765115915
443 -5.516382863642377
444 2.8842693484299335
445 16.7384080674463
446 20.510637221741124
447 19.098163044343323
448 67.3533605762186
449 16.336617144211758
450 3.9581981690431762
451 29.445543357073312
452 79.14077501946458
453 -18.319524333458354
454 35.75023645938424
455 22.789728886491176
456 21.80058018756409
457 10.430854618459023
458 14.656587258320027
459 -61.87308860772162
460 11.140091887221024
461 9.117000793094428
462 24.998269351401444
463 6.98668263983047
464 36.219072975630866
465 40.30750587513861
466 8.003004833528381
467 6.464340723344288
468 4.119604427925532
469 12.173669279586145
470 27.66038226605926
471 4.6635812589256425
472 7.179368129273437
473 -388.2106375743667
474 21.42885486334567
475 6.841975583926807
476 11.66847365631243
477 4.705882404349748
478 21.54612079071094
479 28.113908536674302
480 42.075163112276094
481 -3.1663927922592343
482 41.83214931753404
483 15.712279565174228
484 22.41735922974943
485 -29.095303045679884
486 36.05042851035835
487 4.97061404289269
488 -58.74172516793986
489 45.74853748940045
490 24.93533899279408
491 26.554224432262522
492 33.81130503196019
493 5.969516620266387
494 2.4838339621033994
495 13.433532288238057
496 35.53097370139102
497 52.2166023747243
498 14.902095657448944
499 32.28623110053589
500 20.048489679205595
501 18.221089806642496
evaluations raw_y
1 47.54124517759645
2 -327.56635192808227
3 50.017052281631805
4 19.63225424978181
5 48.43730860416253
6 87.65036683873619
7 40.55933305515911
8 49.634367643753336
9 56.400574244442566
10 36.42138503900124
11 39.62500549210949
12 36.73614522430731
13 41.427975943982865
14 23.960293339014708
15 32.27286061674782
16 48.590984867870255
17 30.788856706455846
18 39.624025656570616
19 37.843762458527245
20 45.960969832246874
21 36.59965570668627
22 72.91708980205242
23 75.43688275816278
24 46.51280508405198
25 85.68448660977805
26 34.609048523646244
27 51.1990834228188
28 17.981224104449616
29 68.88951624245871
30 50.656150199096736
31 52.998117737236115
32 39.26364530399363
33 38.35699116524122
34 43.229956038555635
35 29.206566481602305
36 33.24841207419533
37 37.72485732879766
38 17.278681695908727
39 51.73284793604954
40 67.39445336604334
41 41.08001215266341
42 38.896169227671976
43 74.47566892993677
44 89.88221310645822
45 29.311854349256745
46 61.952650189912234
47 11.430928053431169
48 20.42870777484667
49 124.25110533372002
50 43.54332850069423
51 71.91666382608216
52 22.59467019763109
53 35.41294172601985
54 31.93140345636464
55 32.485619496947976
56 39.21133073488807
57 86.07218541040929
58 33.7766822986416
59 54.91465617814867
60 148.57056929823705
61 43.70063353650349
62 40.61865392592324
63 65.06674517011966
64 31.779510716274416
65 62.06586585610176
66 71.63146963114134
67 21.13834931310469
68 84.96922766700773
69 60.15247341323375
70 36.86952574986302
71 6.5765116437347695
72 64.93018724560896
73 68.57555499847297
74 41.80787535725763
75 60.312006736982305
76 55.68598338875607
77 213.36436111876156
78 45.606493750931286
79 88.67702489810178
80 24.689900494638355
81 56.68266466504763
82 59.1220785841477
83 14.436174148130231
84 21.52281293947533
85 16.203250568440392
86 24.632877728897533
87 37.60671792347732
88 31.87602487632673
89 93.7223246899648
90 46.189330057270936
91 14.856588771577382
92 39.7476021469991
93 61.99539325298421
94 53.54968864683907
95 23.480437891012336
96 56.02257354822381
97 29.312389445092062
98 31.201435030019777
99 133.20707033906757
100 25.567656416271102
101 51.93344504381186
102 24.292082998458046
103 68.2798498774343
104 28.589288932041867
105 33.64149193757672
106 43.97147008899439
107 29.12703363179471
108 9.491225737231765
109 274.1602190360262
110 38.573810182927325
111 71.23523169394066
112 32.88923271063347
113 38.30494417558598
114 29.13068351845986
115 32.32731487074537
116 66.5687108163928
117 36.26887058661221
118 47.76557995944145
119 44.39949954671483
120 38.56114954939537
121 5.690611413445159
122 39.02007454924609
123 23.30440883965301
124 53.65245203798059
125 45.684975572517985
126 18.431820059885094
127 7.5733605800155415
128 19.922745929335314
129 48.22100944983846
130 15.633940743224464
131 51.87255586278285
132 59.193962112139374
133 21.49351148250906
134 49.98622131659226
135 16.5368207121918
136 25.11025380642527
137 75.1614436817974
138 461.2718947407198
139 52.02990405913711
140 69.72512678837161
141 5.706330757414266
142 40.97010879712026
143 85.52894869975452
144 37.08779271626984
145 42.409651372309796
146 38.71615167944764
147 19.84612020299429
148 41.398930450575214
149 32.272629564970536
150 26.548769773724253
151 89.8267207193154
152 18.861119142227093
153 15.262039062454033
154 26.795106500847012
155 51.155819536497475
156 38.66938537227504
157 19.58368453809392
158 32.63307475446235
159 12.451403518095942
160 51.678882972648005
161 62.36924817819981
162 54.18586674919128
163 24.299763649681
164 27.47023344988515
165 10.401391564670146
166 28.3219518833007
167 26.16046778469415
168 -4.703683232489951
169 43.45292038305148
170 34.94802686951805
171 8.620943672283655
172 30.993584122338877
173 57.64342350799656
174 50.21076491149151
175 33.63916094558446
176 24.873015753272806
177 30.50371451746754
178 18.919714522369325
179 24.37937810691721
180 37.2360707826091
181 77.27317798736692
182 28.004137767140648
183 19.601036333394607
184 43.98006664850646
185 43.30273097936656
186 34.59592083763628
187 29.145377831784558
188 76.59023951535744
189 52.25833096317323
190 34.86080285104338
191 8.464616923108327
192 22.70836873402777
193 33.931866417879796
194 65.12308726291256
195 69.71414718025162
196 53.01222992372611
197 22.258030142762674
198 30.648772917197235
199 50.803408259074395
200 41.37564215536349
201 48.42444578596149
202 33.37815985292955
203 14.126785576156294
204 35.34991923049015
205 28.21468328580728
206 33.77297926687717
207 11.240726809131491
208 8.63315883354073
209 32.317378453293216
210 40.042272754635626
211 5.364642376254524
212 -100.78196838739328
213 46.62429639175697
214 97.45162698469638
215 18.463723651459798
216 32.273447134868206
217 15.972871882673381
218 -0.10039915670427035
219 40.58688783653344
220 23.80791351503543
221 4.111370481779147
222 30.534046249901994
223 28.45474484271241
224 6.372099773494104
225 50.140242953223286
226 -482.52095115090185
227 48.10872809201765
228 35.6095686165613
229 56.68382829054396
230 11.828638598365234
231 40.77522189282148
232 56.82192928201437
233 32.28550507546898
234 41.02023022213581
235 3.511145138319732
236 24.93490847317469
237 14.840160026073637
238 39.709218429880124
239 48.30437012205844
240 42.48181327706206
241 -16.075027236341622
242 46.953876681435446
243 111.89174389472007
244 29.114016418016433
245 41.43216120610479
246 34.43512106653094
247 7.232949023246297
248 9.11148964704912
249 15.898384723133434
250 63.671929867599786
251 26.868932249735025
252 -324.36456996454024
253 15.308350288187263
254 32.89319309155971
255 12.74516570447371
256 16.59460782188007
257 27.85251545506437
258 6.772046234857717
259 9.033524647213698
260 44.93618137442921
261 6.801090468845067
262 19.773879563488492
263 55.58235579951558
264 55.44524548997964
265 15.869607064495817
266 23.975182049712124
267 20.682715566333606
268 10.671558316307575
269 20.357594417556115
270 60.84691675792597
271 59.52482304635008
272 27.99895145085818
273 44.251775567143326
274 4.976733117866379
275 29.087524777374064
276 19.59331726992152
277 11.139205036455017
278 2.190807461420796
279 50.032420912185
280 27.685647737655575
281 10.95401912498562
282 1.7049365564325694
283 29.248077467360154
284 8.889584952880924
285 16.16508752561819
286 24.195997755730687
287 58.71202862555089
288 17.020864211807815
289 28.70708856793539
290 29.724317005079694
291 17.582237183930552
292 29.817889988906
293 29.66905831932563
294 13.774279433125379
295 12.448681959465535
296 33.00541457973093
297 1.8009960637003406
298 24.463634352706162
299 29.42774629712058
300 63.13462010101261
301 34.31092975479194
302 -327.9338964905129
303 14.407637810244617
304 27.087900683168485
305 26.34725240077828
306 35.88606254605953
307 13.063618509542858
308 21.030776461489047
309 33.17545364846366
310 -460.1855107277904
311 26.93514418643946
312 -97.7735681722585
313 24.994261391156034
314 23.856591695202955
315 24.553586771443396
316 68.19792004112064
317 117.56628076344708
318 9.850246434635107
319 28.669652307351857
320 56.60249070891371
321 8.122845529880259
322 13.859432327008406
323 11.465480071569909
324 35.01288223450588
325 27.50751933103538
326 40.121685984494945
327 -205.87655803118375
328 13.082278382078393
329 20.788823137950793
330 3.2539013574486653
331 32.86283051626448
332 4.353989704760339
333 42.7754165207114
334 21.4684661347336
335 -351.741319391888
336 7.092822451648697
337 16.872429594930523
338 31.982028022258117
339 37.84267847280766
340 23.68391555245088
341 27.96975029308894
342 55.67216667183796
343 20.64070510285622
344 37.42242310514953
345 47.79341827967826
346 10.679038972569296
347 28.395823956053224
348 21.88504059215471
349 36.276771773696325
350 28.0988707503057
351 12.150208264409489
352 -314.56517225776975
353 8.037119681109925
354 19.21272104225178
355 7.105403820995091
356 33.61028476537105
357 2.8665510370053453
358 6.74147917180492
359 2.5565627853078006
360 31.11191931995959
361 35.488288284669046
362 -106.57060445972031
363 15.60384392903876
364 58.732950746983235
365 47.344541117614604
366 -8.412505758651516
367 22.061296330184256
368 21.163245799678066
369 25.320300832211014
370 23.10316218175991
371 4.465231533134694
372 34.11637772246778
373 32.288075409879724
374 10.094504913250233
375 10.192446510689635
376 21.951693842534624
377 41.316092320533386
378 16.44167374834774
379 40.96869286755499
380 26.014322111280805
381 15.180845369293149
382 1.2501924930622792
383 7.710573634960639
384 9.718925015494605
385 -351.4984106711616
386 3.097315791623167
387 45.480090160983714
388 29.75377713437336
389 42.24626001870726
390 24.860846964058283
391 32.07918262336664
392 2.7578417562580255
393 -22.160585306010574
394 13.712757036278779
395 31.75192077620812
396 32.75379582785234
397 29.885437181345537
398 19.441450605561453
399 35.94475101787013
400 22.158968061186602
401 14.501456397480077
402 -327.57786820955073
403 25.972700764287126
404 18.710587318425468
405 8.941801921265101
406 24.156278315032857
407 7.970886787310114
408 61.47161597181926
409 8.272152660062481
410 54.36278295971056
411 8.32238493694013
412 -100.99375667631598
413 9.19767976571831
414 49.55032598351701
415 -0.0817195788504641
416 5.0648376127955865
417 14.587708251317984
418 14.264138308426435
419 67.24189040321332
420 -261.41468850055213
421 12.260111464941016
422 19.688719755131874
423 12.032729566769499
424 7.270476457830782
425 5.14323091609614
426 48.47048977677872
427 -205.74425035455317
428 -0.5824222915616648
429 13.869239402136147
430 21.4536258459212
431 24.019210975202974
432 22.251690408812003
433 16.255772550567784
434 69.29767995302929
435 -321.8919546285902
436 5.805555573370484
437 34.69686321598481
438 27.241987984861538
439 32.99870877074606
440 20.278314897468096
441 1.1171211263826617
442 26.47406780592198
443 -28.229539486454563
444 5.670275962428857
445 19.28601637469338
446 16.074310410865586
447 35.84025798954174
448 12.066857776495873
449 37.97164461605403
450 22.906033956505006
451 28.2671886076055
452 36.460380015607456
453 32.94847109097491
454 10.769921990325242
455 3.4888198850061563
456 50.36978399123365
457 9.36972999621807
458 43.16516428159997
459 37.011193994326455
460 71.50137846188177
461 28.858162839269756
462 -105.7560116341047
463 18.621143036260687
464 38.582776825148215
465 11.688291527243841
466 36.7740195906153
467 74.23378066760824
468 -7.900489615281737
469 24.595329761021183
470 -222.62274262301554
471 34.914505051134924
472 57.88665304581525
473 115.28610165671185
474 3.9130442810900155
475 10.212760632993112
476 22.0921389476552
477 -208.96449200525353
478 16.0248929492129
479 11.09045049407088
480 27.587406566828843
481 42.80779616153532
482 15.197514502215594
483 79.40161591909123
484 9.050264424158337
485 -348.6277455548727
486 43.0814300749511
487 17.33447934324358
488 23.310864821313757
489 24.226159816686984
490 7.255440349414526
491 -10.945123004597733
492 1.8511445892119767
493 9.94876349296456
494 42.933757741070615
495 68.97821363365128
496 46.84889476122561
497 33.817059825798516
498 7.652008145217778
499 19.285238958911286
500 9.850877679388342
501 2.789987945979785
evaluations raw_y
1 25.47985892314785
2 21.331994698184005
3 136.12481937987351
4 49.45504427727746
5 47.560315671071024
6 32.78303129749577
7 8.481549261638381
8 28.113218484492887
9 40.15119638966287
10 28.122122218453267
11 33.00413640029311
12 92.05661043112077
13 33.009752370010965
14 45.70397212949385
15 28.312692440346687
16 44.78523358937563
17 27.813922105540367
18 40.29989019217233
19 40.69027191769161
20 40.47580959652997
21 44.12065135461736
22 29.44971177918828
23 25.345654750857605
24 55.472758746306695
25 -153.47066430050654
26 -54.458006291513485
27 32.64727503301533
28 61.60340073437206
29 43.04180217835161
30 40.35076522993752
31 61.35288730300207
32 46.41169270130719
33 20.906411035866196
34 29.5253821561529
35 37.235824504247965
36 37.660938548736695
37 19.88615182458313
38 63.510561786802505
39 47.48965909151548
40 41.912069735446906
41 33.29849720089208
42 50.11724363836825
43 139.27738395770808
44 22.48564688967793
45 53.46949225031576
46 44.30893207158932
47 21.33826568716179
48 35.12709124955477
49 46.940348144481376
50 43.86895247979573
51 44.223467757607764
52 16.763876285804677
53 31.766847270910898
54 66.4084467336202
55 44.130914710567005
56 57.55125431734433
57 9.567733274829163
58 19.33841779925415
59 24.467124029764996
60 15.992115732797153
61 40.274041109058714
62 84.87362817739223
63 36.00855613934684
64 -18.173896410978173
65 14.878788221266053
66 109.89579615934329
67 28.88386067651802
68 51.040518825107974
69 23.48447922193424
70 77.48307865623923
71 60.469151706319785
72 56.34392170047286
73 11.987803949259899
74 40.96190544317062
75 27.03128068683675
76 -23.53681768986685
77 45.41720555119492
78 88.34099689135536
79 25.16607987849618
80 80.94416742927966
81 66.342857321101
82 -23.76188450626152
83 18.88867236004458
84 82.76214255564541
85 53.20149797629326
86 28.1517300075924
87 98.53537020778404
88 46.71606013143777
89 36.342661855923026
90 36.78887512425837
91 9.437721944645487
92 53.2431870781714
93 115.72020406144722
94 84.14042941627042
95 42.743427129705104
96 -120.11195627793357
97 23.858578955659624
98 24.62583794467994
99 93.65527193882043
100 36.5436992303604
101 136.1749951350293
102 31.776618650557655
103 51.69574287315153
104 14.626550536164086
105 80.84807384106695
106 95.11910958899414
107 10.199449777700146
108 41.666953443961724
109 25.87828119473961
110 -162.51357285864225
111 30.91900850155835
112 54.049577241020955
113 26.870465144494887
114 25.341873436024567
115 20.792842809475562
116 49.30523859725532
117 52.20008577072725
118 52.514276778324096
119 36.713468526088846
120 40.30157590842859
121 -10.392408827473872
122 36.38722620173838
123 31.271467544242824
124 53.894127265397216
125 39.091041085510554
126 57.60139322107332
127 51.076273105313824
128 46.52026045115921
129 20.483006730403936
130 53.96310825243824
131 62.681742161218814
132 -28.9311100502064
133 34.10154432022895
134 1.78045004665087
135 4.835008104234989
136 33.54022582708632
137 33.65784955196506
138 67.60297406526045
139 48.757138559293885
140 48.086487517274676
141 6.701100078536421
142 47.17396237359459
143 49.2588897116883
144 23.68201491631963
145 49.989179204319825
146 36.70993684831946
147 23.238686473493374
148 13.140870248050579
149 42.91519772424806
150 35.020200349338836
151 40.75916612742231
152 30.886844651928072
153 56.61338451816481
154 9.568479807012897
155 31.303333922168452
156 14.839888922085306
157 27.871284873466582
158 38.797800504081316
159 33.543462552798836
160 -175.29650945793446
161 30.94057214768528
162 78.03075729411896
163 27.963516334764027
164 58.6290885970737
165 8.28496185314137
166 28.497262649696356
167 25.4680341897588
168 60.64660438145355
169 40.63782017772108
170 59.34734836035274
171 -7.339311100906734
172 21.400894534715164
173 27.9854821157223
174 56.81370215201031
175 21.92543882240894
176 -47.89638704441889
177 26.56404015315146
178 36.6419385924984
179 27.40970412175813
180 35.63137833743024
181 46.094574112300464
182 22.3124335506399
183 16.571517779527507
184 52.58209854456801
185 45.43371173588968
186 106.52818982197734
187 25.556155604749215
188 44.07298001769566
189 76.65724534746579
190 35.53996605078574
191 36.224014285825604
192 26.01745294271951
193 76.77732855507469
194 32.38910367716282
195 60.65152260400105
196 33.461186431865265
197 20.771029546212297
198 23.20368995948669
199 59.928254503785205
200 16.956555105072454
201 32.46826843382978
202 21.842435208805444
203 75.20476698731598
204 54.21805859371524
205 34.82349492657911
206 36.205421720522295
207 14.249499936792953
208 53.471186023379474
209 46.69737997894482
210 -180.36222922755468
211 54.82929040568182
212 58.0329140546156
213 21.47968232789974
214 28.923762716236517
215 45.317756612749164
216 47.024982179299975
217 59.0091530655194
218 43.329202006320244
219 44.30393619052634
220 5.706801114518998
221 -11.569205374129318
222 14.694372376289323
223 20.740299042536677
224 -54.30726621254887
225 25.076138732636977
226 37.56633871186863
227 41.11564407329499
228 34.58186174212057
229 49.463607636694135
230 8.944930166694698
231 73.74536513667124
232 45.540462029185356
233 -16.36467172172194
234 1.4021057769352225
235 5.230817082802012
236 28.64948699406067
237 19.82550761421388
238 37.81594898271663
239 51.15648411967507
240 22.943153596381038
241 18.67538471461763
242 45.78447102545289
243 15.410594308097172
244 8.705773853052369
245 163.55569409140253
246 -117.9548475626789
247 15.505509923731978
248 15.50144608045775
249 29.252082237810896
250 39.81240450546491
251 44.266481123190545
252 17.603942183926677
253 33.71188221178032
254 5.701538790104468
255 20.641291320743655
256 13.71366269586698
257 16.527559271922726
258 6.266984878839317
259 46.1290858788742
260 -255.03041736776706
261 11.627740621529458
262 42.081930561953946
263 9.598500435831403
264 2.4560992780919504
265 40.449801086129206
266 20.11824078738891
267 36.91588101701635
268 31.04562770517664
269 22.26186532464273
270 7.783554518798603
271 -11.622266285177776
272 17.35927013942205
273 25.730908830140258
274 22.246713022083007
275 12.515469708123614
276 36.71594872994963
277 46.364572897082105
278 21.419327612574886
279 57.074974378598874
280 7.425533143265028
281 36.633284137837826
282 29.403259628841518
283 -7.916341792337505
284 12.893644277438874
285 32.696393262698415
286 44.35440106581029
287 14.592682865369166
288 12.958390810303795
289 28.92702405901965
290 32.705598092381784
291 18.204362899734978
292 10.238848302469027
293 52.93138434691126
294 6.773883209720993
295 21.863152251370895
296 -127.47439475328812
297 13.303622839397669
298 11.673915123921466
299 24.108674208297924
300 48.36593985062569
301 82.39815037544521
302 12.256423956786215
303 30.45710880347071
304 4.2376889079907585
305 27.872671796960432
306 14.120250722478971
307 39.3692555903292
308 19.07242821298508
309 18.086143910102923
310 -19.630612103590806
311 17.039792205773
312 18.2809528145876
313 12.904899051243882
314 21.12893717562503
315 78.78790104223808
316 39.617739500572036
317 43.43088837338117
318 30.72547705563878
319 19.557746375385832
320 16.073695442757433
321 -17.27673024878762
322 26.705625572622697
323 7.287117505598598
324 -62.241073931483996
325 -130.96805075864688
326 31.44370241762416
327 46.970402547672165
328 18.834611577582294
329 28.525866638318412
330 57.0547968414115
331 33.89660563554532
332 -27.13386773682641
333 -41.06720157419252
334 49.26865153727734
335 51.55443110653763
336 3.4465678455347017
337 18.26843896255988
338 2.9219977251297684
339 33.597207748973766
340 -30.785556287629127
341 32.03397681608907
342 8.305448309572858
343 19.05340670538751
344 16.47948298480705
345 31.85790780137627
346 -112.41624476818363
347 1271.3670050264516
348 30.18810432471807
349 22.02453953979902
350 10.929179962392194
351 31.999185004345012
352 86.94132142659808
353 3.384024625029232
354 9.067062943990125
355 22.872517832661778
356 17.93624127534009
357 38.49798704768677
358 6.061755975793069
359 39.099338031559434
360 48.992649307310685
361 16.208477520002642
362 6.777537118938476
363 8.363197621552542
364 -11.421745992160567
365 35.975308245131764
366 13.274823843555275
367 24.81725987572575
368 73.32229475300745
369 43.954477386288566
370 12.475929090703648
371 -14.11914332799891
372 39.072797665773145
373 -12.897948392295202
374 39.166533581261085
375 -163.72956628465005
376 -57.4286120408768
377 20.81054504134224
378 27.10865317146184
379 80.49944666857822
380 51.81719033178438
381 12.164720043806827
382 -39.58858099486579
383 -38.022097040803125
384 18.94195762670955
385 9.573883692303973
386 14.50305993469696
387 17.885992187913235
388 21.16925054321919
389 35.925734078503716
390 -10.486602364203407
391 19.6190785960634
392 16.258418137340758
393 35.45615227055863
394 11.787258096757736
395 34.147162842996494
396 -127.10532413991437
397 5.747436389782427
398 10.344155119765524
399 18.220669741768564
400 24.627367002172665
401 18.878526801133887
402 35.8154264211901
403 19.969154818991857
404 24.066768602904133
405 17.111252293531685
406 9.827030669859539
407 10.588285221111285
408 24.486740165267225
409 21.795570706188578
410 27.908909267466893
411 75.43165534982971
412 9.506019485694864
413 -504.0407197089995
414 15.249273094964458
415 16.0962976880716
416 9.804020866690816
417 26.067831846541136
418 45.17638271997791
419 35.086280379396136
420 35.68233248665773
421 -51.01006690326646
422 -989.161856913514
423 24.96910487662953
424 -55.87326023005543
425 -161.1887773098385
426 48.592131017724114
427 21.689573635002972
428 19.74134259412928
429 29.577498965513723
430 3.4911693292934927
431 11.174778214526576
432 51.035748632674625
433 19.301437901596877
434 78.55820212283506
435 4.444823959376467
436 10.597072600285921
437 10.385122404153492
438 50.726236038335976
439 16.548324089115866
440 4.35429679679708
441 22.317021053251928
442 7.431704813093971
443 25.017927893739728
444 43.76835788877558
445 66.73792020890096
446 15.035028005983536
447 36.79431929422369
448 41.862441354628864
449 19.95479930214703
450 80.60205207783275
451 22.934933280678
452 3.1359732863527015
453 7.162808606173636
454 26.10499634162907
455 44.781076664343246
456 37.45745173532292
457 11.146625320650084
458 6.274756766843809
459 28.322651074842913
460 -200.4081227474106
461 14.906779521268044
462 7.252009844809646
463 -502.23942714389744
464 41.73258636891327
465 37.0397133872431
466 -8.97659254661627
467 51.98517358219472
468 17.951602568224082
469 19.702425940770233
470 19.013988070325862
471 10.719849376170592
472 6.151403424720412
473 28.03126936218768
474 -62.25574904997218
475 46.11558573408037
476 -70.78560635444792
477 29.404989545811535
478 76.20386122134826
479 25.827821620581936
480 18.41395549105103
481 10.014076419998212
482 31.051508250202797
483 12.980632688386152
484 -80.160076876158
485 9.686071257254438
486 19.10561457210602
487 9.463372244365573
488 5.868643994969758
489 12.947726587706494
490 17.821374325250275
491 3.558414623162748
492 4.448501921357557
493 11.38899457088469
494 10.00247607891081
495 11.953117319781866
496 -129.8423972049879
497 15.446815587042202
498 39.400502268368314
499 53.95105544727069
500 21.382531243052302
501 18.17633077596449
evaluations raw_y
1 21.78820913263048
2 57.313341047651825
3 33.43757453870426
4 30.296495218218144
5 22.979030698204312
6 39.87493724109198
7 52.56519602441371
8 26.482677472167495
9 11.413154324834135
10 25.119623132317003
11 30.270659353862296
12 15.547600862551825
13 10.851665304379036
14 52.539992741858214
15 13.543008866801344
16 66.47167398566543
17 -22.787734016599913
18 41.693165443443355
19 27.153712180038134
20 23.622029224160002
21 38.78510679807724
22 42.75161760261792
23 56.876441753655456
24 50.09488522028603
25 24.342661547507053
26 61.29647876752019
27 74.17130098219211
28 45.40692477848442
29 38.500365446738876
30 39.68442891720394
31 45.912352532658744
32 40.410496768902085
33 52.240888518167495
34 72.11410115973477
35 21.55090534798695
36 41.74565266662046
37 51.61818120580867
38 63.47946025504956
39 56.08237522387864
40 54.15684727628078
41 143.61517806620162
42 4.654966700042819
43 37.415962385784866
44 58.15334218441357
45 25.52857287786874
46 28.69522014176413
47 283.4128836930807
48 41.194258226941095
49 49.33083280038678
50 52.943504782369445
51 29.615603648084903
52 26.75645973735466
53 17.73691900132568
54 33.56922143906506
55 35.83124461221972
56 23.166813529541923
57 52.56588777925032
58 24.6430754602881
59 7.28774618853757
60 2.1419794065724176
61 636.2690976753158
62 10.751805756229833
63 28.170091172703646
64 57.156773632548536
65 11.21888381213115
66 67.80189938545773
67 28.556616749280696
68 17.49876952340447
69 72.86442267123932
70 34.6182692111641
71 51.50693678420017
72 27.44173588636123
73 31.938969810737184
74 93.05627780651085
75 21.45363476491493
76 83.82916289274276
77 23.467899988077082
78 34.007934310652495
79 34.83645366081461
80 41.78339845985352
81 37.585106089479304
82 8.854342798386977
83 34.06657260050905
84 66.9770682363565
85 70.3108607613247
86 48.579903133173154
87 55.90548727578975
88 26.19416887740979
89 58.41645396110038
90 49.092859446265244
91 124.61174056057041
92 6.166566592612389
93 39.150834507550044
94 17.35011474664963
95 38.63167271422879
96 9.52201223763588
97 281.640324906028
98 39.88712473357663
99 56.60421923542782
100 10.489768964629729
101 30.770549071249672
102 12.617315616202054
103 5.41563621671439
104 38.840405838348104
105 31.40266242116317
106 46.90468171210208
107 36.29570128429941
108 22.65875271825531
109 44.0750446145485
110 -2.4879861394149856
111 30.24934683907001
112 19.68565911260325
113 34.43392829185164
114 47.3050526375956
115 9.643129001243247
116 59.17715904449216
117 20.331129013297847
118 12.071734119168415
119 9.80114024671296
120 12.742308764531993
121 31.715863709028948
122 44.45846200953967
123 36.98430315434892
124 65.5655408739108
125 28.705557192875855
126 57.41231543814335
127 1.9053396810841443
128 25.564793980760783
129 28.550660699855356
130 24.499519310135717
131 46.18155726544117
132 26.523949379961003
133 54.821349060604504
134 34.595579269799735
135 -36.75145825620464
136 40.22606266696815
137 33.37881326789043
138 27.732292944251736
139 32.322407435538786
140 57.8820435687692
141 52.23306554262604
142 4.728311461164061
143 29.801193949628527
144 28.984774815865727
145 31.4790945033322
146 65.30696336908385
147 271.974947507552
148 -222.87328370804772
149 30.268870888078943
150 25.671499945301555
151 22.722654880060052
152 12.018974819907744
153 -47.46527812889501
154 2.93941488326466
155 46.98992924179092
156 11.88002109046953
157 35.223510908646695
158 19.3241452255588
159 27.40853305686345
160 -3.9138666450496267
161 29.11264684111257
162 17.88709073012085
163 18.293598852574537
164 43.80936571430804
165 3.6512866002529267
166 43.444255163829574
167 -55.53119716215993
168 38.856211628773366
169 19.002601478997615
170 26.306520869253752
171 45.33689693638817
172 22.84477513747733
173 3.3322895708987597
174 41.19524711294105
175 26.683330980967085
176 43.75565073874214
177 20.55897013238223
178 20.24832391290627
179 18.81603469017535
180 17.924867656722274
181 36.438021143056716
182 5.443953742830994
183 39.96327233919454
184 42.09130047145031
185 47.88847523930111
186 28.116157620764934
187 41.06930802245228
188 27.360583360857273
189 34.397515815035206
190 20.743572968982008
191 44.9802416426176
192 10.408476394846634
193 43.33380445845102
194 12.209051077378275
195 49.694795813925
196 32.48065653639947
197 19.042289196710033
198 25.48203421577862
199 25.311050405314848
200 6.355401966776711
201 11.249930743983573
202 11.984765644855715
203 50.6280469003175
204 1.981519712613985
205 16.510174429608035
206 4.796264513274462
207 86.73759620496874
208 16.84168729278216
209 20.279871836235838
210 -14.425957837309575
211 84.37369979363021
212 7.359492443838498
213 33.421410753220215
214 52.063068629044984
215 36.930129983760786
216 58.43203329323474
217 35.21331467533799
218 10.42395417290578
219 14.162069697277161
220 15.173967810508653
221 26.541334868437485
222 26.185579065190772
223 25.361924754845568
224 76.37883324535026
225 12.49849303810241
226 31.718912176355737
227 31.16222298381971
228 12.468859536544615
229 17.706182147772108
230 12.078728429449146
231 14.387513051162939
232 27.42550604492855
233 -23.04952426892473
234 34.95489269352972
235 -47.90537502242104
236 22.709187282312133
237 44.53787125952661
238 11.987598381560577
239 53.21666317219982
240 28.74905796557467
241 51.3699352471995
242 10.53361597549389
243 26.63370875630735
244 6.800375045273206
245 50.926412978976586
246 42.19885840611579
247 19.302951665338753
248 -164.720661634184
249 66.20505385244924
250 7.731992070617132
251 10.593676123612257
252 26.75379115292973
253 8.394185586844337
254 8.5527129611697
255 12.17401902767633
256 49.38102439383391
257 81.84433293253117
258 2.255885350744112
259 8.839703401599262
260 164.83388629170005
261 28.02014726980348
262 31.251840968422997
263 10.769741643334946
264 75.67603587079441
265 5.702750866215215
266 46.048657777355295
267 -37.3333316729406
268 171.23661101619987
269 6.564061016853358
270 12.983696889834693
271 34.50574792077502
272 32.32391733515919
273 8.93693762868284
274 24.498891787438595
275 10.521941770806055
276 28.479217667086456
277 1.9589827009938836
278 33.514632290597184
279 38.57936058279408
280 15.6330528022831
281 10.44985273563091
282 4.165487450957002
283 -24.176939582287297
284 42.97400034334948
285 -42.00869276047341
286 22.35504654593672
287 39.715878327989884
288 9.871388592268023
289 52.69816307141252
290 10.089975647168412
291 17.316575798051
292 10.643948602658417
293 25.159579627438298
294 4.965681193461386
295 21.36972236543574
296 35.28178678029407
297 4.790345687418014
298 -228.0011973134427
299 12.451558704069576
300 8.496154380210877
301 400.2613736182127
302 20.090143272583543
303 -66.93701393429279
304 2.2315349982066395
305 27.48396081766036
306 24.65035836267868
307 35.44816965180536
308 9.187237937518924
309 4.546062676740904
310 22.39311440247044
311 63.87666349812704
312 4.507716495880366
313 8.006125352276113
314 42.50961641055313
315 3.7897006336396917
316 43.58079897271531
317 -53.63898848972709
318 65.0731268524109
319 -81.93959883123371
320 11.7221745922275
321 19.688849693719337
322 11.974824449273846
323 6.986721438807775
324 38.788958397277845
325 5.960807982193348
326 16.77198759329102
327 26.003639282845675
328 10.34892274392784
329 15.475625552065193
330 20.350795233379863
331 10.010458287847726
332 5.15577896816794
333 35.80069400912956
334 41.85509148347609
335 23.431110148941112
336 27.97075710202946
337 23.680328023642268
338 10.275350614322717
339 32.32945085047526
340 17.771546787920833
341 26.039502750188888
342 26.17755684800059
343 19.910073902548127
344 45.316974787932494
345 22.69252154788338
346 5.816947898559144
347 2.670216896175007
348 -228.75511277512246
349 19.685061623776626
350 110.7488134891327
351 4.511643822432023
352 11.371073981804683
353 10.027670077330422
354 10.796732496700885
355 11.054658606848864
356 42.04060839272167
357 50.27929939696606
358 8.115777657687923
359 8.950023522684365
360 15.263815313890039
361 27.256687351708525
362 5.393434928423275
363 5.849699822232639
364 42.1620482306462
365 6.108052419587559
366 25.99576200635948
367 40.68762334965416
368 3.9165328494740788
369 15.32726056436836
370 13.483091856510452
371 20.79560922002927
372 15.118380807088903
373 6.074126782981553
374 24.641702923260702
375 6.506355852913386
376 11.464589056792166
377 1.5144916337245127
378 6.606248565708205
379 13.0429661752538
380 19.22099777037276
381 7.923490444827607
382 -73.89288141471175
383 4.618480483841047
384 19.692672165644467
385 -24.989068306365375
386 23.14188176843491
387 16.107107098549964
388 13.855469758091173
389 34.725104618173596
390 18.693982976862895
391 20.233193845524223
392 4.770787149779449
393 14.31721786283503
394 15.16901251016299
395 56.08866897230946
396 3.1605411513854813
397 3.52584542342855
398 5.655032999705224
399 20.124709265877577
400 9.556466598192454
401 8.291146064530045
402 11.57054464387303
403 -70.82538928684343
404 8.485588182231417
405 4.989565454842551
406 -16.156722125832864
407 12.7702665397833
408 7.938257885981748
409 12.010106527296289
410 12.213142694368946
411 30.679020249911968
412 0.3129595025626344
413 6.205072321813601
414 36.07787453786271
415 30.988232002238504
416 32.24422897714888
417 8.305295995731933
418 9.002145795739452
419 3.518519020283679
420 9.186911156173034
421 55.46635540828349
422 21.037613995634615
423 29.509936372141084
424 23.05192986417505
425 10.858077080930872
426 9.734914857381547
427 1.4823082330896242
428 91.67380868026429
429 26.83486897411222
430 22.462568250654453
431 29.50182080502205
432 -70.44683847078417
433 -22.305154266157817
434 13.958977339460757
435 35.77593415914485
436 22.535306845702465
437 12.890734484462643
438 10.817056702040297
439 22.6495078601166
440 42.676696540764006
441 20.36524581005244
442 13.18974562672162
443 11.539937964896607
444 12.917190934159263
445 36.52089405812737
446 15.797953313416684
447 -38.216533402830045
448 -230.0723569085203
449 8.266233292787808
450 6.8089343434056655
451 6.067763058241723
452 10.555065493148557
453 -61.3928423478007
454 39.7111922891372
455 22.77466048504331
456 16.480606514932703
457 17.81222933990401
458 5.344007602150741
459 0.654510366201057
460 -15.479264693481102
461 31.482347375888175
462 26.251194446048242
463 29.65254768839359
464 34.28887051643772
465 10.572540579594497
466 30.435000333290667
467 10.959253662566217
468 3.8470130951665995
469 -80.8229328065818
470 10.651091770741141
471 19.387343869711714
472 15.430648819574218
473 18.407867999781395
474 19.427317558376046
475 7.3472234221216635
476 11.985551984044385
477 1.6752116607874088
478 13.042314577417978
479 56.2359977010769
480 34.80172462779895
481 7.387183077405177
482 15.871467089228469
483 18.43109290384656
484 12.186451047562384
485 -52.60000765363428
486 22.690100298146
487 9.908920167795593
488 15.497764808305796
489 4.593916597457452
490 45.32749800622189
491 15.770058519371286
492 2.8584174833060447
493 5.872821887951666
494 10.041454385349025
495 9.961637857220794
496 3.577491772283537
497 -42.33714229526866
498 -203.68281251694472
499 8.991258383237827
500 5.002976244644914
501 20.230596343341265
evaluations raw_y
1 55.59036231375952
2 59.72102919403022
3 60.46648825648606
4 68.84507047727051
5 64.35639265128097
6 45.4917216384002
7 47.011858045852456
8 4.443690510912358
9 45.099273904582304
10 10.225930890448248
11 5.370355377786382
12 97.6831773024513
13 30.467287332365164
14 35.79346531607322
15 40.780497525329594
16 22.66997695441451
17 40.40827706552536
18 8.556320904350994
19 31.06940576891739
20 -29.613497217998237
21 43.91838042164707
22 53.00941041736739
23 43.11723810517389
24 71.99252635439099
25 56.67854286567436
26 69.62082106979933
27 30.17526096343381
28 49.63003883237611
29 35.6792922178081
30 75.92281867844633
31 69.48528238776179
32 34.42425007743534
33 40.21684532771975
34 66.33958497689416
35 49.71826682268226
36 29.055673594949255
37 59.05067429116504
38 28.36292329362296
39 298.6156581179776
40 51.730298396561125
41 41.013204450560885
42 27.728378606400113
43 48.768333314596354
44 60.762524298661226
45 54.19943575178594
46 60.8497154619556
47 40.48776295297143
48 55.4101149612949
49 34.64237076440523
50 65.6280815429163
51 59.37925071643434
52 15.738564678196333
53 37.17851769581256
54 42.630786412937404
55 80.50872422135605
56 61.691069795304756
57 35.83217835175053
58 273.647513026477
59 20.242723394508328
60 21.517856846260674
61 22.986178789344677
62 83.32370643758217
63 46.70658561129201
64 72.44385902319593
65 35.78055320722191
66 15.221644831636862
67 32.012001106132566
68 62.779850975959164
69 55.32587821780779
70 18.850213639536342
71 38.66904091174843
72 32.57066086744705
73 26.193329863453286
74 61.33037149437975
75 57.42954261541981
76 53.96187487609636
77 41.160089431386304
78 60.85233418904968
79 65.2210682161371
80 90.97001016451293
81 31.37387083431023
82 40.552887238210225
83 27.619665051440627
84 67.16510038449287
85 52.98951802263989
86 43.718606844918625
87 20.710539564547698
88 26.190419113481124
89 86.60323155789422
90 53.61849110550902
91 30.189952602544185
92 29.49404940052585
93 35.72587965408997
94 31.643590171957232
95 52.71113493567554
96 107.81858682788825
97 49.12536694825839
98 20.546503126164115
99 17.56152099777515
100 -36.69051966675734
101 -38.108311917665496
102 10.482360817228713
103 6.865389248869354
104 24.420904990751296
105 81.09924739173894
106 45.0609588495442
107 17.43369462806714
108 8.999593171360328
109 13.484205269688172
110 21.619875570587773
111 75.02928877001271
112 109.10002805209831
113 51.56657415102928
114 30.85518755333926
115 58.51989382001199
116 29.382658361305715
117 26.849294539411442
118 36.42582904678344
119 17.66928190376431
120 -10.251892829094928
121 39.680916363386565
122 34.08173746396386
123 20.29912530865085
124 21.050854919765527
125 55.14390663897655
126 35.414728270938255
127 23.35715999835901
128 7.224889868948901
129 20.990152237059178
130 91.63981551956834
131 9.299744825191413
132 28.279874764754105
133 24.601165435477174
134 38.76233819935852
135 48.60289033868077
136 22.49744480283617
137 8.652595078311759
138 11.995303385290493
139 45.35643110008734
140 67.99771545348484
141 19.403653601508545
142 19.08240486807739
143 42.83870042534619
144 4.030395432990722
145 35.14059702257346
146 61.723096305113245
147 32.26863896380064
148 86.47442661621503
149 22.382097193968345
150 21.450804096298928
151 -35.9808570424194
152 40.65782506863385
153 34.24930930289852
154 48.77242163371453
155 51.09233807270959
156 49.23105200621421
157 55.61356573329719
158 8.586375384578469
159 12.9864890500873
160 13.288665602286613
161 69.86919019277484
162 29.497687080177965
163 38.582557817738135
164 30.899135067028265
165 3.407405493369767
166 6.441411883762924
167 25.912249725990392
168 -6.97248027323425
169 22.244286231870998
170 40.943616059141846
171 45.66866329261747
172 26.858279134292154
173 35.66343656139028
174 23.376138138374003
175 31.245166505695032
176 54.00538585726047
177 27.513533847265567
178 8.052601485513604
179 17.667097499116558
180 34.652361106799795
181 7.133470427548145
182 23.611292408209604
183 9.516484180189815
184 29.064383216233303
185 34.27793051131931
186 27.16450955268891
187 10.5994915151591
188 20.664836910661403
189 56.17441499156128
190 31.342277308232248
191 24.401780415275425
192 25.69163265303082
193 55.32623821985969
194 28.475021823795736
195 42.40853484552847
196 63.726057078666464
197 32.45456167540068
198 73.1379550295459
199 48.06777762187061
200 74.8302482169068
201 67.92934328576555
202 11.088471469210676
203 34.46110451877306
204 31.901364089634402
205 40.81783598008893
206 24.99645182970401
207 42.66222969947387
208 23.291435202683907
209 9.296071862437259
210 12.927444270980509
211 15.277616913627432
212 28.318274594539115
213 18.593046577632567
214 -10.237862374728543
215 8.064098584536831
216 30.411711565282
217 80.30393685609856
218 95.54712384575215
219 17.564031296101202
220 40.6449157377993
221 30.62536930586855
222 19.348689391812822
223 45.81638828764811
224 367.5747057586927
225 36.228214566810486
226 26.647251330591484
227 11.005646794434789
228 12.321837661471175
229 41.739010562926424
230 32.91377479573362
231 17.657319984438285
232 60.496623714840666
233 21.126193317339112
234 14.02337922897372
235 20.197584100850385
236 31.587198373990148
237 32.80129689561785
238 33.69786281414202
239 37.81979747997938
240 15.003610244413537
241 32.77094915960893
242 36.608964565678484
243 31.114130494073763
244 33.90159968018094
245 31.687091290740312
246 13.875098824134973
247 32.77714619481441
248 41.79978085272693
249 11.74307131195984
250 59.07396590327184
251 37.97519599533722
252 23.804855801320997
253 6.380143681298546
254 10.54313770644306
255 39.18754733187583
256 25.550924577018193
257 21.60208317809561
258 14.428613221422223
259 5.333202182417404
260 22.38576391712277
261 -6.661990261217257
262 49.124055690559004
263 43.38836831567695
264 49.12344256141082
265 10.863526942893772
266 5.624157164863913
267 20.784495247330955
268 14.92232426765159
269 41.897050820743495
270 -30.48088156338328
271 114.95236956736109
272 43.96192677349275
273 31.236246634544273
274 9.622559819133283
275 74.96632478343018
276 11.83616185600583
277 5.457971338729912
278 3.340775609706486
279 37.07365779803237
280 67.01723264365651
281 12.89855992393122
282 26.36259365593545
283 4.312744752159357
284 -47.570094347014305
285 3.830747776492455
286 24.464698321221817
287 3.3740968520184356
288 12.352907244266179
289 33.207619249905676
290 83.61459741410376
291 7.518622446027635
292 33.1811520619685
293 50.105657098953216
294 21.465841404420523
295 38.90181864921953
296 18.72011682960148
297 35.84410197111225
298 14.998535072858026
299 34.28607734671504
300 -32.082298644270395
301 45.88373773217749
302 12.209630567120122
303 20.472255250175323
304 40.498812935510394
305 31.877673240871435
306 28.97641717216182
307 21.055887150012488
308 31.81261982907326
309 6.0372236113380175
310 25.23465376244245
311 8.582649304863875
312 28.400505172196148
313 25.04113705531661
314 -35.529109134655194
315 14.894069354800038
316 18.17320079938833
317 57.89766928703068
318 34.29589686529494
319 29.07268240529011
320 6.0499043950657185
321 32.081892568359685
322 13.121305006304187
323 30.952289519010634
324 2.218570465411434
325 31.68855639774986
326 15.707835735312766
327 28.990572886476038
328 7.398989875489371
329 13.899062915401752
330 51.33996680807081
331 6.701159415875532
332 18.354832621669743
333 3.709427679552447
334 2.8174898146298366
335 47.15602595504472
336 15.04854802830259
337 31.134474913787013
338 8.376641812753071
339 20.250636342738282
340 33.67658772199657
341 5.355728366028954
342 -38.37683566056491
343 25.11584043507922
344 6.420536973329438
345 51.4067261627483
346 29.595577513203928
347 26.12821515132027
348 30.403550703597187
349 7.49645993956051
350 -51.93050909509911
351 36.98116390142679
352 53.10379567183165
353 14.758967059658913
354 33.98867501403263
355 43.42066808975075
356 15.481949033677225
357 48.59109709278458
358 17.13590117896597
359 26.069497193012626
360 38.420967375883706
361 27.926557807642222
362 29.84669577983253
363 18.975715068706585
364 -52.420723954637396
365 14.039211973738793
366 20.995478679953923
367 54.64741364224196
368 21.280713773865045
369 10.608109957961506
370 31.95473554009954
371 33.09198325553809
372 14.384330664922855
373 24.138511060990798
374 8.496061438056365
375 6.281342865567344
376 8.849129456385846
377 -21.603918248331667
378 54.02816446612911
379 16.482913015320953
380 12.091160615471772
381 6.749675245132428
382 38.676191645004046
383 22.699582308453298
384 14.981712118508923
385 11.05938214069624
386 34.899682697024986
387 87.28628717833743
388 11.14384203313725
389 -4.307194739292974
390 7.358391263465366
391 43.739055417556216
392 14.983359895428933
393 25.27989213034772
394 6.683469378151455
395 30.324181252567325
396 40.02650249704756
397 7.566231406883219
398 46.63763165944161
399 12.763251290953994
400 9.782295634263612
401 -23.62685359461448
402 36.56271586379771
403 8.426792318358059
404 22.110771911976254
405 39.445902984260506
406 3.342478101828946
407 14.709716221228796
408 14.07596783409211
409 20.27007139431683
410 6.831503503562171
411 10.686300231774982
412 27.833840548420003
413 18.343101688222497
414 -37.125654763225214
415 15.272540136505315
416 33.08098140396838
417 27.103863073101927
418 -2.335010556533252
419 13.893065558808585
420 17.21369093066752
421 22.076255696930858
422 54.78626116680324
423 9.504043027619883
424 1.751468650875562
425 6.336862275465932
426 5.758100757030691
427 35.94059147017956
428 10.600642322508842
429 38.30546661217869
430 10.968836271675547
431 10.476938344424
432 14.081657038312944
433 8.035425769832518
434 7.876884555617055
435 4.283066586384452
436 -68.28593545523148
437 28.651006032909592
438 12.171858532880513
439 7.9123338159781476
440 4.710338734506145
441 33.64368761141916
442 -20.91380639097555
443 2.485623972326783
444 27.961953794927346
445 3.3356301540060933
446 14.677642495909149
447 25.441440785038342
448 8.457481721299139
449 5.186376983487448
450 25.301404679905936
451 52.76991667538697
452 13.652150217866398
453 29.34848572646899
454 24.07774478555994
455 31.522283548752306
456 17.238839096868833
457 9.873972014490965
458 5.72082724359758
459 10.835746582590899
460 16.77421615180799
461 10.010468752373125
462 12.152200129618313
463 31.6309850809378
464 21.011061668956444
465 22.03557059333803
466 96.04789679475061
467 46.91819859813868
468 17.636393508184522
469 5.703681024798669
470 -24.275690504637478
471 9.037965907391335
472 13.087919853554558
473 9.525324606040872
474 22.343987975829343
475 22.489070140233796
476 11.518140805054689
477 -23.566696511141437
478 13.295555673110544
479 3.925113612470423
480 11.480097569949791
481 8.676908184701482
482 15.655957763545924
483 6.283599652592603
484 -36.99361469268801
485 4.749356798674649
486 -72.60323586462101
487 24.93790121954612
488 14.326084837066869
489 20.124761384826137
490 32.52547068721979
491 4.7975904040685755
492 -32.75674684939667
493 416.2540990250977
494 7.501970883565952
495 5.100639383056845
496 11.855641304927827
497 8.003528143228445
498 269.75283617926766
499 15.035885814978663
500 -38.74724656937131
501 52.46641969643524
