evaluations raw_y
1 1.9855770162240232
2 5.775272334843926
3 7.920135233855095
4 7.494939639190232
5 6.115340916239239
6 4.611743597239654
7 0.14455928997844536
8 5.611730285563206
9 5.023536922383077
10 1.2463859614460735
11 5.763997836566983
12 5.432735589030071
13 4.038488381120881
14 8.029622654313474
15 8.937459671400731
16 -1.6487177091696321
17 -0.14011462316214995
18 4.630021674364459
19 2.407413735502759
20 8.930011247662936
21 5.868707062617619
22 5.873893228246409
23 3.7475404820868103
24 9.423809553238893
25 5.115412221163813
26 0.8491083063663896
27 -2.4447853169978115
28 1.0009601180122676
29 4.8379249765169074
30 11.441479464296382
31 3.3637196900612705
32 5.262986277767048
33 9.385760154312226
34 4.063984328655185
35 3.3825301930351555
36 4.021758385712666
37 6.976558931830569
38 3.1470428213218966
39 7.154545586666469
40 5.357789281114792
41 2.9122138398813564
42 2.561482825568504
43 6.551760516580171
44 4.873205501509038
45 7.112526980742069
46 8.978370255431683
47 4.921490314898621
48 -1.7506295381616295
49 6.232035606451975
50 2.272035902628465
51 9.287135001434121
52 3.706259834142427
53 -0.9742795078641917
54 6.034389280410968
55 7.033749254085207
56 1.3377517992963208
57 1.7022558785049795
58 5.184196361225042
59 0.8539641535381133
60 3.223948525586665
61 5.949708269265979
62 4.378151005463686
63 5.237638003963701
64 3.461633427009417
65 10.04434786107385
66 3.9886796055142266
67 -0.0967837217367018
68 6.000077105842355
69 9.875130014853468
70 4.897234385112291
71 5.470750070681754
72 3.0254800589444684
73 3.5070477282518344
74 5.6804576785054754
75 4.826378325956101
76 1.3655125620973507
77 -1.7712659801286303
78 -0.17200195250717276
79 1.6632457409193306
80 9.948358986586207
81 3.2073448873659145
82 5.2474343572884665
83 7.026963298832591
84 5.7593514361016815
85 3.5313684790901245
86 3.525866980527069
87 9.360377768324936
88 3.258696987686447
89 4.634804809053229
90 3.6925789291484605
91 2.5870227764356337
92 1.841889643695672
93 8.326007193822184
94 9.029156708287065
95 2.1737813417425667
96 8.015665742866624
97 3.7534273608004534
98 1.630658791224123
99 4.261843599783832
100 4.047800624699336
101 4.5113197387155255
102 3.871333146493378
103 1.7577950443151256
104 6.781676167033005
105 4.804737118343075
106 3.323738694284093
107 -2.593576103049867
108 7.675581761896669
109 4.042106061833467
110 3.115525219458261
111 5.836572800177549
112 2.7203609160821385
113 2.0948400894718047
114 7.783328386219467
115 4.428396484267957
116 2.303996607676587
117 6.3092745011852465
118 8.178635397380237
119 3.9168357323832925
120 8.430344718134586
121 4.835781394634857
122 4.668817149278468
123 4.9481028333096875
124 3.5739911200715517
125 2.0412281527071046
126 8.971949397624627
127 0.6226202070738611
128 0.3289350376329757
129 3.462547869249203
130 10.725119364864002
131 0.15947316395342226
132 0.8684994826864019
133 8.401415284593577
134 1.7431439549933778
135 2.3518938207874767
136 3.073475020278731
137 6.108255389629118
138 1.7297648259778868
139 3.071222417848456
140 6.92673479178197
141 3.442799641653856
142 2.077957054978884
143 6.2232678934232215
144 9.395254290968463
145 4.941194869837627
146 6.924443930367405
147 2.6428853531933845
148 -0.44392016464736916
149 0.9582641266839976
150 1.686581434378887
151 -0.5173306002109817
152 3.168202801005389
153 0.21608351038629448
154 5.5986169398461545
155 5.285828244203751
156 1.2215961466708092
157 -3.0398379584759803
158 3.4676109495387357
159 0.7548806385229914
160 5.3202719133175655
161 4.204264240865481
162 3.050062764679873
163 2.467589569138905
164 3.270621958446391
165 4.261688221579494
166 0.5531585899486876
167 8.594998540742331
168 5.537311826636596
169 2.6689785325062583
170 2.352991019065745
171 6.069203842421299
172 6.824350603728322
173 2.2230259062563404
174 6.112729128373891
175 1.7832974509454251
176 5.721259978588229
177 4.799788433370185
178 3.8037171063499606
179 3.5264135729681905
180 7.367050954473555
181 3.5470854452702425
182 7.25570853609627
183 4.109116457706085
184 1.243389980782883
185 -0.46442201945542827
186 5.644061499583219
187 0.7603883270349804
188 1.764649835446858
189 -0.22218092328146843
190 11.250965226895863
191 0.7967860536788387
192 0.4304730467848701
193 5.686060621664479
194 8.487231202774336
195 3.0451178744873904
196 2.0038253026696298
197 0.6667354252920279
198 0.12807071604072273
199 1.579049946308324
200 -1.3145392982116824
201 4.448877081856959
202 3.764468954494933
203 -0.31048966320497784
204 5.890699394467699
205 1.8534011208269892
206 3.4791449925417175
207 0.012891940977005856
208 1.9979206964108198
209 -0.28918431509550846
210 1.821883503662297
211 -0.2791953390143793
212 3.9146417270234553
213 -1.287332515858654
214 0.12178451364493048
215 3.3995394029665778
216 -0.15175067121086228
217 3.9347246416128594
218 2.3595011817363
219 5.364480741803539
220 -0.47927074056157826
221 4.397591937816496
222 7.557936409593035
223 1.8841273001198688
224 3.534505261645875
225 -1.0882756127635718
226 1.6975611743698442
227 -1.5254223214318612
228 -1.5254113824466744
229 -0.2558131431330368
230 -0.3986994285182335
231 -0.029919229960368998
232 0.8872340949155073
233 0.7636168284354712
234 2.250241840197835
235 -0.7358226221179631
236 8.04910067645358
237 0.7998636911197684
238 1.8335755683052293
239 -1.2452518409580127
240 3.174623898521239
241 6.677643479940735
242 2.680935642679211
243 4.3417690311270825
244 1.899831229996984
245 -1.425135816279003
246 4.319723404810244
247 1.2488185007709078
248 -1.7739588112672227
249 1.4594007474145747
250 -1.3816492740578998
251 -0.4716068961118982
252 0.9941144095939491
253 -0.46598002434522634
254 7.705201609771608
255 2.0037042772125653
256 0.677811393604416
257 -1.8676081708844965
258 2.112640540472995
259 2.9659616794676817
260 -2.1837951949172294
261 4.649336235703492
262 3.8124508636504615
263 1.132765544466104
264 0.8817722480862253
265 4.931115860256703
266 0.7167794180018279
267 2.726642962940498
268 -0.6378480405735818
269 -0.4339687218353201
270 0.3412093179879575
271 6.24359707091935
272 0.6443898901519148
273 2.945845489534126
274 3.588731021954031
275 3.2220276120577656
276 2.9950212884386582
277 -0.8926583496640204
278 -1.4496685579040478
279 6.214545646634622
280 4.495575914746699
281 1.833221457520302
282 -0.9010915654685383
283 0.49608811463432295
284 -1.1124783492819414
285 -1.2647139765160285
286 5.29401525496452
287 1.525755067069735
288 4.954488230234027
289 0.4190060933761174
290 0.379931560138124
291 4.237457901502402
292 -0.013739254955430047
293 4.526474900348672
294 -0.13642631472721112
295 3.433347205668275
296 3.444714546943086
297 1.175417362447872
298 -1.262699202047251
299 3.502927583245444
300 -2.5234097849699646
301 1.8342045430600291
302 0.07336629034636433
303 5.016445361575235
304 3.7952394733068444
305 2.14669369050176
306 1.620150740917853
307 -0.45908105202203164
308 1.0074451586588005
309 -0.0890528908926177
310 0.7847355479456924
311 1.940817218103767
312 4.399195274743555
313 -0.8906817869018675
314 0.961633474791262
315 5.02956729620662
316 2.1416798958510084
317 2.8447445595932215
318 -0.6834999221419347
319 1.6274788027933003
320 -1.548359598766757
321 -0.12079563572764318
322 0.6932739942456669
323 2.6177558187451133
324 2.384634001764291
325 1.1152935326781526
326 -0.01986489700086924
327 0.9554675467709413
328 -3.020114233154322
329 5.6499189459099695
330 -0.6668810365818243
331 2.2906876074406837
332 0.4671674813248776
333 -0.7772310747886372
334 2.1617097167688377
335 0.6070805372033683
336 0.34249097098551884
337 0.6743228071315115
338 1.7229866992052538
339 -1.3831629452010155
340 4.311557117586164
341 2.1345213635629303
342 0.8648678592339563
343 4.679188326007463
344 0.9779305983741632
345 0.23247565748776333
346 1.3899971717794306
347 2.1842533614504527
348 -2.3785000166039807
349 1.4825666044846586
350 -0.2839014698347244
351 1.8828392426458989
352 -0.6693578487248297
353 3.391750922893033
354 3.9193683196713476
355 -0.2692648918062477
356 1.4684368583352663
357 -0.8968250857199225
358 1.8766317686427754
359 -1.4341438324196876
360 0.4868852527091354
361 0.40907427855283396
362 2.262176123335447
363 -1.7147517477092737
364 0.26374135423087885
365 0.39221984704923196
366 0.8424986242964019
367 2.8363475197819827
368 0.387184789714781
369 -0.08404848839672474
370 2.055427582260612
371 2.9006910475574283
372 3.1964786097304314
373 2.1929899470511915
374 5.175466018150175
375 -1.4075500132295098
376 2.4814510191702763
377 1.0553171024016141
378 -2.683232488139441
379 6.658884462497843
380 0.9187454095012786
381 2.6396015172983405
382 -1.786787197644494
383 2.703829081145448
384 0.9808503552425145
385 0.6884598635763461
386 3.1458304509685333
387 1.63218332381905
388 2.2441151213794486
389 -2.127064893646593
390 0.384591360835971
391 2.9578396459468417
392 0.9839520304740508
393 4.6651216897844625
394 2.0321886391785573
395 -0.5400107411586457
396 1.644192103086455
397 0.12214786153440338
398 -0.7227223251695649
399 -3.2042762254712693
400 2.1143823760042704
401 -0.5101378698353694
402 -0.35305465852720586
403 -2.5612841655736647
404 3.9134703567827454
405 0.08131630961772118
406 1.137370789414307
407 -0.23785269839063572
408 0.1319977716389955
409 -1.4529712223327458
410 2.214531862560025
411 3.731816745414487
412 4.4706474910422065
413 5.91867160201306
414 4.401014760491906
415 -0.2894793346022311
416 6.060894726990661
417 -0.27240573950859126
418 0.5161621845290307
419 0.3958754771501525
420 2.4679717501600527
421 -0.2084669811975557
422 1.769175124251051
423 2.1910759105938817
424 1.4720986000614684
425 -1.0350109609812863
426 0.8355838016840229
427 -2.5434800043272316
428 1.8007762457337022
429 0.32104942185414354
430 0.09579016090849102
431 0.9704186794878675
432 0.09473763651331835
433 -0.20289609423588928
434 -1.064934627428304
435 2.14710127366787
436 1.5324712979809776
437 -0.7191863774203924
438 4.432971805296953
439 2.3820510516308726
440 4.169635199126439
441 2.4518322217319564
442 5.625313737324273
443 6.8804645485624025
444 -1.1295254503549286
445 -0.14750019810691528
446 0.7263355247043921
447 -0.29200299576556876
448 0.06035228208920129
449 3.0453064945629698
450 2.073677930800813
451 -0.8106246646734647
452 -0.18220279733766143
453 0.4144201231916209
454 1.3101535555428934
455 5.805691149863243
456 2.749917022713943
457 0.888686179029587
458 -0.8523394427954516
459 2.5720298713673486
460 -1.3121495088679405
461 0.8314181347137485
462 0.4256139328682522
463 0.006451966763084682
464 4.1771345390859915
465 3.1972575438087962
466 -0.3081463628166321
467 0.5193357714135232
468 -0.9497653790588865
469 -1.2969514671085531
470 -2.875636527296758
471 -0.9154001831445155
472 -0.038416736996769174
473 3.9461848228301104
474 5.060228399703193
475 -1.7016988276607443
476 0.7318690790629473
477 5.231562067127859
478 1.4652111544332476
479 -2.1622563098900867
480 0.9541147219809096
481 4.299862953959248
482 3.7476245752771953
483 -1.627652463882117
484 0.01597022889789146
485 -0.24850363472000758
486 5.502991740733502
487 -3.003685437695327
488 2.236671411825562
489 -0.8026632648357594
490 -0.3548113941260683
491 -1.2354269885115001
492 2.044614060762181
493 6.091348189416504
494 4.714150190767966
495 -3.435672948486998
496 4.227074819166603
497 1.2122628462912945
498 -1.6895906503416318
499 -2.8749738075154316
500 -2.5522462201150944
501 -0.9784680143177338
evaluations raw_y
1 4.1683658840271685
2 4.297259027192686
3 5.382429239102173
4 2.5704953824289807
5 10.32374296198607
6 6.493807321006816
7 5.314307042659638
8 8.345872642663918
9 7.878281998534214
10 6.0379675450614485
11 1.7316307528140715
12 5.532479182423624
13 4.344564780470284
14 3.6356028166442993
15 5.622347595750807
16 9.698613784082006
17 4.4635935604771735
18 3.7835935921411075
19 5.1498073052293725
20 6.436078579068669
21 6.862219992072595
22 8.256308062146736
23 6.166956618801981
24 5.518310468155009
25 2.904226615009038
26 5.572615203819268
27 8.800843664211808
28 6.147392175552871
29 1.9272121263864137
30 3.9963448522800995
31 7.901013386595133
32 9.397804368150343
33 6.585165802991013
34 -0.6508123790934057
35 6.523035446468798
36 6.542007443155153
37 6.40072980702425
38 7.879057340797916
39 5.170285115627999
40 7.1374041829142385
41 6.25122988747146
42 9.660341344786804
43 6.209685804415385
44 7.904077472254304
45 3.411516947350271
46 12.735103912698342
47 6.104431676949707
48 3.400344849603042
49 5.318970061712471
50 2.031439521341033
51 8.22515460573823
52 0.724920345177535
53 3.5082708440882175
54 9.089253042681877
55 4.230166720119315
56 5.576110695676038
57 4.8030510493388086
58 5.474168369362768
59 4.11748288857267
60 5.654325743401001
61 7.414540466443602
62 3.8767357890302936
63 5.0967892632432665
64 7.888256260647516
65 4.370937227431452
66 5.29018325005152
67 4.488946893553726
68 4.854034442615692
69 7.180663810086505
70 8.196949366390207
71 3.275097949238773
72 8.496008320567375
73 6.735840621481128
74 6.293235671280864
75 4.157805384238028
76 8.570869079216578
77 7.946199479474344
78 9.81840993680396
79 3.3816467222741613
80 3.1269577795628685
81 3.3475372645826162
82 6.900785868133891
83 7.9234753249393215
84 2.7583385868474375
85 5.4226751549411345
86 9.880929539091376
87 4.201144997775535
88 6.955429207082521
89 7.46548503108324
90 3.9355279350831114
91 2.679789338180486
92 7.268322576993443
93 5.027901681699505
94 10.584816652272213
95 1.1578798664282752
96 8.774026922173087
97 -0.10825600266809943
98 4.352709797684132
99 2.0526234440061204
100 1.6631513766940595
101 11.35098888716402
102 3.599434012103731
103 2.207384165228688
104 3.8271054660943276
105 3.6098546545117536
106 6.105627337237693
107 6.682946925531951
108 3.898054960634388
109 3.574690345466183
110 4.7244878094485125
111 2.322732430942483
112 8.29924162260977
113 5.465879374427221
114 0.5316054176767708
115 3.8306719420989217
116 4.518241371016146
117 9.71368510214552
118 3.2718301703857664
119 -1.3447343453764076
120 6.163254446589657
121 0.6196327180354526
122 5.726276420039772
123 3.7573140025224467
124 1.0814359196166112
125 -2.643914020854407
126 7.1092200818418565
127 7.693324693337223
128 7.445676927141263
129 8.10530896363913
130 2.971493779976935
131 3.140705275934665
132 2.5264065435531795
133 -0.31777817471374403
134 0.5200041058926335
135 8.469120085426587
136 0.45811967876295245
137 4.198461125858458
138 3.7488966851241727
139 5.205781650472399
140 3.85755817827483
141 4.868876692531321
142 4.548737648535182
143 6.83226389005076
144 3.495595759616266
145 -2.0341888192285706
146 8.553678791469666
147 3.4239599580673983
148 3.078913783485601
149 3.3224544832845058
150 1.8126154815865334
151 2.9927034689158245
152 4.902283030019598
153 2.203109642691281
154 2.781840283842403
155 3.260288965119412
156 3.758851954484208
157 4.308762542879782
158 1.9618165407760977
159 0.5842026482749869
160 3.434236658100879
161 7.236361758679674
162 6.190477806733381
163 0.890116110014166
164 1.1832292154846482
165 4.526321540391803
166 3.2855506001123103
167 5.023963146129653
168 2.5354718533291756
169 0.6598123629054511
170 9.190537570889193
171 0.22144663864071834
172 5.80875054579986
173 2.413952320798301
174 3.89251312198501
175 3.1212232979753667
176 5.104333611676722
177 9.441920407790146
178 5.146322585423744
179 3.8830189432298337
180 6.37168048770885
181 1.5907397994165997
182 0.4365844849537197
183 2.83364940813852
184 0.8106581000361723
185 5.109883189022855
186 7.689083095943939
187 3.3546765642455405
188 2.3958454281297237
189 5.551675399948919
190 3.651118890560408
191 0.526066280062184
192 6.431826989188091
193 1.446563541040634
194 -0.15729660107295762
195 -1.9906611413464896
196 4.948501471041266
197 1.0445410346497268
198 0.12907528414979064
199 0.9558644544001771
200 -0.8414314132866392
201 -1.0400405697344615
202 1.1256531051805045
203 1.9526716446380465
204 2.3327424785152266
205 4.633800037629806
206 2.47507700607774
207 2.962931125951804
208 3.615750374017091
209 -3.8954223267693653
210 1.501562245674842
211 1.131742882033406
212 3.6648308450956177
213 -1.739855225178327
214 3.141736539717673
215 0.3838973901215055
216 3.142231228721975
217 9.701924939390151
218 0.812813966971262
219 2.1317274957336165
220 7.67171800951415
221 1.7268412042716776
222 6.924749398385463
223 2.5674101059843895
224 2.5739436945506964
225 1.449027292909303
226 0.9700111665077935
227 6.850866932453143
228 2.1862181039962483
229 3.4679513590554913
230 1.4968315876407055
231 -2.800764046656103
232 0.26626195272856124
233 0.4556819287189846
234 3.4608810576920552
235 3.1334225261547255
236 0.45811967876295245
237 1.7594704269706933
238 2.8748432414939726
239 5.410415483677388
240 -1.3745879038876412
241 1.3386465461378632
242 6.2414624050107665
243 1.507522158109453
244 0.2534317822569484
245 -1.6607334315447289
246 2.756716622772503
247 -0.665711852239378
248 0.2611743534246769
249 4.022859145810287
250 -2.4251847680233865
251 4.7269840232834595
252 2.4557158170844384
253 1.162648576687095
254 2.851106426348923
255 -0.09696898943071453
256 1.7492066865942872
257 1.7791555557118939
258 3.100158351513693
259 0.4480165083828065
260 -0.25925805270704605
261 0.42885101257855496
262 4.612886992082954
263 -0.5165156114819285
264 3.2554391704904475
265 2.457587971973799
266 1.3621461837166284
267 3.3652840272788676
268 -0.7713482533908348
269 -2.442127114795597
270 3.6482077472559418
271 1.4120322698941772
272 8.351590276495266
273 0.3427162878406623
274 5.99803241778365
275 0.5693609793415422
276 2.5981522298927424
277 2.894321937089794
278 3.7574889119900945
279 2.2944363664188554
280 -2.3923254013191335
281 -2.858989994618393
282 2.2562485871301323
283 -0.2824217416724393
284 1.5300487150115898
285 1.2331433944661339
286 2.4867945772941265
287 -0.7478727938942127
288 0.47616336083987365
289 6.559239619559467
290 7.0563148074111695
291 0.4182835283224807
292 2.823011789701117
293 5.23617580959206
294 -1.7894629847988515
295 2.594173708536445
296 1.1615099675978822
297 1.0197397969866762
298 0.9075978954874504
299 -0.34370182777015224
300 1.4445283427912914
301 -1.9837484648854025
302 3.48718403150552
303 -0.9451702840860092
304 1.2714589458335253
305 1.7905055235186396
306 0.7689728157132723
307 3.8386103936551583
308 0.2925531916077576
309 3.3525844127294526
310 1.3541223700688616
311 2.3487044883691155
312 3.1468947694052076
313 -1.6446810006579873
314 1.3442022067102866
315 0.654739709315979
316 0.49925089372563614
317 2.833768451248979
318 6.650415213497857
319 1.0056463946241474
320 1.9768531298389753
321 2.958663959054677
322 1.469456143623428
323 2.899402959355951
324 3.199480996009085
325 1.2415145942626808
326 3.0350252847528436
327 1.095153787911901
328 0.1853567687714479
329 1.5508958616462205
330 -1.798118001185953
331 5.569736787375108
332 -0.37754778912918496
333 6.058548073264152
334 1.0383673521458652
335 3.6324612654365014
336 1.2728001895730725
337 1.088299298916349
338 2.1317790770654925
339 2.2860618370825088
340 0.26233416307297075
341 -2.4878748579531607
342 1.5107404380249485
343 0.5673948322682283
344 -0.1625300215705643
345 1.9865658227014946
346 -0.4956343089870534
347 0.2457954254092769
348 -1.8660539715843503
349 6.41277158532591
350 -3.34846671330353
351 -3.120754216032386
352 -0.6722242723333194
353 0.034103066861356446
354 -1.8115237382437934
355 1.0276855707605759
356 1.8052864903965649
357 1.4501782859222896
358 0.5841038716214522
359 3.3002193412771015
360 0.31512479717404784
361 1.4162603357243215
362 4.1326080984586415
363 -0.17678729892837586
364 1.4185005216844513
365 3.379523642205975
366 1.903410412953901
367 3.691680677927839
368 0.703007582077726
369 1.3379771035127601
370 3.376474800342495
371 1.9789557769401087
372 -0.14874621083449524
373 3.184800295286938
374 2.6865112689369433
375 -0.12217891173428841
376 0.4821021472343574
377 0.28925729518722365
378 1.5777768897023792
379 0.47000431515428565
380 -1.6361798315411415
381 0.42277593369321353
382 1.6411271801834033
383 3.1127976479534043
384 1.3391738657955714
385 1.1480825148274318
386 1.3751862950817904
387 3.820361473277704
388 -0.6405018761240866
389 -1.0533914989598072
390 -1.0382406366769192
391 0.5733432243164562
392 3.892006665043742
393 3.2002277608787417
394 2.736284866337032
395 -2.4661471212848087
396 1.494669801405629
397 -0.42950864667538813
398 -0.4871992136010108
399 3.5727830597920103
400 -2.3813316032439285
401 0.860329286603297
402 1.6405754167196374
403 -2.1512601780845912
404 -3.8487409658762037
405 2.4626804476992312
406 2.6818772073982027
407 2.7531011715918896
408 -0.30582411275910437
409 -2.914897253780796
410 1.5189191412864265
411 -1.2775118888827146
412 3.821860529869335
413 2.229304914588147
414 1.002801026766055
415 3.4783203373790403
416 -0.4375294431353549
417 3.7871044595559
418 1.9273945061670754
419 0.7574290585845611
420 1.1913192209855734
421 1.3621034807884715
422 0.9806994712771999
423 0.9076451968061041
424 0.26578240563833333
425 -2.1372565122666543
426 0.17527735991834703
427 -0.12395579727960193
428 -0.1474199481832683
429 1.0981568366442442
430 -0.819347866811813
431 -2.01088799654966
432 -1.8320682950563585
433 -2.169989075962919
434 0.48329356463302675
435 6.629117299670102
436 2.9039919365201916
437 -0.5969236026292137
438 1.4472020829688275
439 1.4207810560837877
440 -0.45987947608664914
441 -1.3523733197926149
442 4.354016808909243
443 2.6555703736788034
444 0.32440301732281596
445 1.5985519755079483
446 1.3222524937602738
447 3.1490057110873217
448 -1.3943461667145236
449 -1.0447611804536248
450 -3.5023659458710497
451 1.860224785816234
452 2.9241535927212197
453 -2.3230407184679445
454 -1.7624264476477562
455 -0.0168617949566936
456 -1.1092826963120437
457 -0.2613472288205607
458 2.5057698916399778
459 -0.7834126410020406
460 0.7154277063988599
461 4.360465023970235
462 2.4968032655511365
463 -0.6967878588503786
464 0.5559693779766277
465 -0.6460434523830227
466 2.6248144714327584
467 5.299168797035847
468 -0.3193459196061692
469 -0.6651601302846897
470 -0.3852105603271465
471 4.719791610876007
472 -0.3484671659030356
473 -1.0979606276544709
474 0.6990009240950354
475 0.5360456100776205
476 -0.022584068547740088
477 0.7742444797826995
478 1.2292480063446574
479 -1.3962742273163702
480 -0.5585328312728444
481 -0.7034002971243756
482 0.04073249955275038
483 8.84164439855872
484 -0.8665864767430285
485 -0.043594403163765394
486 3.953972808578375
487 -1.961938384489295
488 -0.7644541959307789
489 2.637270828370189
490 -0.0053811707055028135
491 -1.4870294069231498
492 3.4952556897679936
493 0.39145943041826625
494 -0.9874980658541443
495 -0.3843196455556095
496 2.8440066733638463
497 1.2708687509958951
498 -2.09088338623231
499 -0.32656024199462363
500 0.4985476102109754
501 1.18266320926924
evaluations raw_y
1 2.8256462821886115
2 2.039816715229749
3 1.1104464731201746
4 7.4607913715080105
5 1.677474277011675
6 -0.5268856672061917
7 4.325177452166048
8 5.046739462229195
9 7.060556577057236
10 6.8516790656488595
11 4.080341559327709
12 11.605633245348642
13 6.36874183967409
14 5.978407762008506
15 5.339848588179239
16 6.76813554548942
17 0.6034738546889199
18 4.737837699804867
19 2.58532455449415
20 3.2751403239395764
21 9.459408523775771
22 2.857658869721995
23 2.2756919166461254
24 4.921370698121934
25 3.529457235775687
26 1.0753586756068425
27 2.1598527690833533
28 8.9360600099614
29 5.883004539674597
30 4.2228651162497135
31 -0.6774942801028466
32 2.082872988418975
33 1.2686840344639143
34 5.065378930694509
35 3.2845098648408
36 8.294829337864034
37 3.7292846058286613
38 4.629726936599337
39 4.831067685458778
40 10.829167909379574
41 2.6824526476538413
42 8.963504712278226
43 5.740711214255137
44 4.005466263397464
45 9.843544990793175
46 6.600835964586062
47 2.4732132773989024
48 7.680488876087239
49 5.842212397803376
50 10.901005734802133
51 5.3445239050947535
52 1.8643290888187973
53 4.527450743455592
54 5.042954249912543
55 0.26833039304358175
56 2.825654822586563
57 5.129969318646711
58 5.047552221439064
59 5.963873285698112
60 4.377610531882083
61 3.4935793939588793
62 4.362052896124351
63 5.703471351348012
64 5.030260792507324
65 4.097476256064173
66 6.340093395471521
67 4.72726791930265
68 1.9794304042815223
69 3.687187311085035
70 15.855074860451783
71 10.87271749745947
72 3.022140622886504
73 5.919258119776688
74 3.516215437285414
75 2.2570033489411876
76 4.241155039705085
77 1.4035000140110583
78 0.9015406059580395
79 0.2107689326025679
80 1.7159755607839617
81 0.46458578546923635
82 0.6205473863730371
83 0.5171703359203006
84 2.241319144964034
85 4.19741687592356
86 6.157597165602332
87 4.891062417193752
88 4.622748474349233
89 5.06498017296323
90 5.8626684784334815
91 2.105561054875399
92 9.505619406733798
93 3.43933411748381
94 2.6802720656097883
95 10.2150594747165
96 3.079977092305644
97 1.6831418552733748
98 0.49866622322675624
99 3.0710522358724592
100 9.820068027198946
101 5.282323151912312
102 3.4861435022821863
103 -0.33849578414474024
104 2.2633089257737873
105 3.587760350133072
106 -0.6630849126061921
107 2.4782381716446147
108 2.108660935680491
109 0.36092963676248724
110 6.547279391173705
111 3.7162514234303
112 7.182939659987527
113 2.4480082093140805
114 5.642182220531525
115 1.3166553761940398
116 3.8316902653647085
117 1.2152970695589251
118 0.7627973243300685
119 1.2967602066808663
120 7.081586163109817
121 7.621506461549347
122 5.319325033290679
123 1.9101741185224155
124 3.7325490215590773
125 1.450268659089939
126 1.141027858578883
127 1.256623178587267
128 4.15379599325337
129 3.84751214557806
130 3.2238862292489316
131 -1.8129384774525303
132 -0.2872718151407294
133 3.7352719983124087
134 2.1044556259045866
135 3.2449751981667534
136 4.224369280957957
137 4.612071788244464
138 3.6787480586932775
139 5.551263699801549
140 0.6851950976454431
141 3.9414810335313057
142 7.772675172098863
143 3.3297192449061424
144 4.789296237103082
145 1.5208437927292429
146 3.349590199795645
147 -0.5855399851087189
148 2.2399862083808246
149 4.772548817474967
150 2.1007619293260062
151 6.7423994460168695
152 1.8016475218108245
153 4.2876927887147
154 3.6731154833855593
155 3.0951221920933434
156 2.8316156224043567
157 3.5663329535718833
158 2.2486565374961796
159 0.6558670634636654
160 2.174353211884008
161 1.3034168708957434
162 5.4777436690778085
163 7.83845876504464
164 6.978241372582479
165 6.010595983575254
166 1.4045376474605278
167 -1.637436908967819
168 2.9945962783134092
169 1.583943517141479
170 5.337352621977882
171 6.587555722783532
172 0.01127424350079076
173 4.1140850487968
174 0.988085953196725
175 3.4506052920139236
176 -1.0644801058243503
177 0.6892742486388694
178 1.8157436355822305
179 0.9013517801357067
180 0.6588028249072746
181 3.226788412720378
182 3.403790023585453
183 2.891873457195268
184 5.468314286440596
185 2.177493407026041
186 6.319577433362001
187 3.0647713023076966
188 3.1155515216704197
189 7.252334782293262
190 1.1355730806290114
191 -0.020262411128680213
192 6.587907806858242
193 2.914732407327252
194 8.32625980123401
195 1.401590655399385
196 1.2271015811009192
197 3.846568087494698
198 3.6275357652540103
199 1.6523458178541248
200 4.84268567241528
201 -1.8893568438252983
202 -1.2500950087329337
203 2.5054311010310646
204 2.7349118915887995
205 1.9731228699234604
206 -0.8205965755502365
207 2.1985663816128302
208 5.356386897353211
209 2.024832042286713
210 1.1098438968754594
211 0.9481008049156172
212 1.6613560702916494
213 1.2767141899203711
214 6.601161924395739
215 -1.1188346416440704
216 0.011178933817785452
217 2.144595208455041
218 1.997243823692528
219 -0.8648098937588207
220 4.802564501440465
221 5.775995252108406
222 1.0792285362252336
223 4.814652182228723
224 -0.7613708084261526
225 1.4492773105758219
226 -0.86765706638952
227 2.55809839013717
228 2.316809923818715
229 -1.6989234738497756
230 -1.2397719903926094
231 -0.6413698517402737
232 -0.9643724500132169
233 1.0951409288337346
234 -1.0171337203621835
235 2.283616920913188
236 4.613001711470265
237 3.3344382119678277
238 1.1065732546836102
239 4.8209998379137655
240 -1.0390634326377977
241 2.4217287662008546
242 4.478832418300646
243 3.376084685023326
244 6.610657150702986
245 0.819935905584946
246 4.775507487457617
247 0.0019101349544525803
248 3.5060712590576206
249 5.073868857702926
250 5.600280138881002
251 3.2025207611849504
252 0.6138561075502749
253 1.2277568427241898
254 5.378363426067505
255 -0.3339944162929527
256 2.192393253422801
257 0.2446576797871891
258 4.241732167232168
259 2.5902314036094545
260 0.0001358892088105801
261 5.867323629845265
262 1.5423832255683543
263 0.5861309690913916
264 1.1548912134976386
265 -0.7189968072275388
266 1.0571498222451972
267 1.6477580556980906
268 2.7711833120275866
269 0.9341634294535082
270 2.8856731776653373
271 1.1097459574439033
272 2.942110939071104
273 4.201187773767901
274 2.128812133900679
275 1.769880699014049
276 2.8299971463581652
277 4.844401583331049
278 2.623558023360207
279 1.8493221023271333
280 0.325496886448558
281 0.9751136923506571
282 1.0023998697206347
283 2.0482253845180667
284 2.8580509937020953
285 -1.7526933702058631
286 6.431110561362139
287 3.0926218149927696
288 0.7141135940772121
289 2.8906538528516235
290 -2.214680555230453
291 1.1982673766627154
292 1.678637028151988
293 1.66687111257667
294 2.482921963752434
295 -0.3179418018826812
296 9.51404237818062
297 -0.9588701475234895
298 1.0725023746660436
299 2.9707060413860535
300 3.3195527429366853
301 -0.45497407611138496
302 4.564395857652836
303 3.468896744692603
304 2.496482341549716
305 0.47821492898018203
306 4.413972649138015
307 3.2745718507068404
308 1.9858600047275656
309 0.7228723490373354
310 0.6674321829744185
311 0.12760950122196357
312 3.290994695038121
313 3.9694799036324295
314 5.044037568399045
315 -1.1946983348335332
316 4.167532679119664
317 6.091546910347794
318 2.4355630394432355
319 0.800971014046834
320 2.2185211638307045
321 0.008615210558335473
322 1.2132855734112895
323 0.13234041373032146
324 4.274714236382465
325 0.5525898418404145
326 0.8128847623411649
327 3.657604094474868
328 2.367960378022932
329 1.582121640840573
330 -0.9436377885159339
331 3.273582567485491
332 2.135008999680106
333 2.126028340628612
334 -0.3234951707726541
335 -0.5290279214871694
336 4.37321142822395
337 2.202678299944237
338 -0.17335945378966044
339 4.46750529487824
340 3.7094404736058193
341 1.3621362272551536
342 -0.07913458258569683
343 2.281048753970768
344 2.7876485899707126
345 -0.4185407919765025
346 5.379703557399193
347 -0.4803829054012798
348 2.634467135559552
349 0.2546349599416371
350 -1.9244022780908567
351 0.7137077251560255
352 1.0544516823662322
353 1.8412709585103235
354 1.7195377668530598
355 2.67428793916899
356 2.2961640935263956
357 -0.2521621631098405
358 0.2611061001539954
359 -1.5725723648175376
360 -0.40201586006453116
361 1.0921959976326825
362 3.014545171384221
363 -1.0854340577431107
364 3.883730323922398
365 -1.4442698719861884
366 -0.04700948601975441
367 -0.7969641173321067
368 6.777126379963878
369 -0.5945035610052671
370 3.285505534005757
371 3.6397229359545857
372 -0.8798365609377103
373 0.8967453056989956
374 -2.6520255789992633
375 0.8053655258053438
376 -0.7987854185453345
377 3.4803291787436805
378 1.4982400583800555
379 0.07181787170863885
380 2.8472228349114315
381 0.7163614775182199
382 2.994055863883778
383 2.6793235593523566
384 -0.8931040734195442
385 -0.5323079728810516
386 6.056620754954828
387 1.645874758838199
388 1.1759955245169653
389 -0.49733988462268086
390 -2.044837150790624
391 -0.7600488937665237
392 -0.623220693937482
393 1.0951571883981006
394 2.386078271471726
395 3.1688332773212453
396 3.2004179464695173
397 1.4935315238964384
398 3.0399637213726454
399 1.991922286793196
400 -1.2520760707377887
401 -0.9496252014510653
402 0.1253940139559484
403 7.6638259547367085
404 1.9973129813429524
405 0.8072271474226302
406 0.0416493950326835
407 0.041827980351103355
408 3.5317436802366227
409 2.1424194380147217
410 -0.9506830353859823
411 0.515451268174308
412 3.9204591904353663
413 4.065607914642726
414 1.5454204128126139
415 -0.8219149549548121
416 2.6562004287521903
417 -1.063619047075477
418 1.785942113204557
419 7.184010527680678
420 3.8925864000346495
421 -0.24409676409565417
422 -1.7190259786432436
423 3.1010603374119805
424 -2.4004029357296237
425 -0.4406116247049767
426 -1.3615395061532596
427 1.9540582668993767
428 0.7026027734179479
429 -1.6973689391996793
430 1.353451774793526
431 -1.872861348183166
432 -0.2956072053219265
433 1.6491541707210373
434 5.6434441272952816
435 -1.2174256238253252
436 6.136351559756438
437 0.397123868106634
438 0.3830336919676599
439 5.908422015559797
440 5.938055354462431
441 1.861000889256362
442 1.6364137047410003
443 0.3179174351595122
444 3.567076154088587
445 3.5145902759846086
446 3.8448441172975842
447 1.2530153366469676
448 2.2526193321528547
449 1.8288640533145202
450 2.8905239390782724
451 0.1630306342650476
452 3.553549618791614
453 -2.7510064359683026
454 1.9597588746023797
455 0.6661590859701622
456 -1.2017538878835523
457 2.408124971003383
458 0.9345485450894329
459 2.9118150445734376
460 0.556931748236291
461 -0.2210076019839794
462 2.1421788702574336
463 2.1452459805255075
464 5.832218179494989
465 1.484092347591566
466 -1.1779219214190655
467 1.193036202612873
468 3.9892930341507022
469 1.655447728726971
470 -1.8225209409269887
471 -0.3844217796661171
472 0.7159826712195347
473 0.8271470177529722
474 -1.1707391518908603
475 -0.026926445228951934
476 -0.4266935821959037
477 3.075952351975288
478 1.1489823335441898
479 -0.7307968800961337
480 3.1302683976159393
481 1.5036176015769116
482 0.7310135267295338
483 -0.4980705521137283
484 -1.6651246574163947
485 0.2666496355037453
486 0.95090382974816
487 1.036820620454677
488 3.3335345727486
489 -1.2752923201557835
490 -1.4389897223997714
491 0.7796782005011482
492 -2.484469716695118
493 1.4539734782870557
494 2.3109512176719806
495 1.3263350328548902
496 6.026465197111007
497 1.7459125440801946
498 -1.510690951535132
499 -0.15140912905274462
500 0.45182665160765767
501 -2.2152972793019603
evaluations raw_y
1 3.767897608729108
2 6.082263172304326
3 1.7888150755223742
4 -0.6440720221890988
5 -0.568895942988207
6 7.392013153997171
7 9.839825716073905
8 5.003225749751395
9 2.6343268671354876
10 4.899998619174506
11 5.1580186392152925
12 4.894436703245371
13 0.4891274944068873
14 7.685890872804792
15 5.493894614082806
16 -0.7803714156449821
17 7.18708105857338
18 5.655392797997373
19 6.500927592357964
20 4.217684383150777
21 7.738882309070207
22 5.632422211217558
23 1.0236412637428078
24 3.8116606729482925
25 3.6891378359223403
26 5.824214515172744
27 10.749281742005621
28 3.416518352659174
29 3.9696004292288096
30 3.2792623162399397
31 4.17749553525499
32 8.582233168660789
33 8.00936627059746
34 6.273090110106348
35 4.0961050234640615
36 9.793672227034893
37 9.450835588403477
38 6.481639461512777
39 6.981800315691087
40 6.823262798158409
41 3.03143071348586
42 1.5186057065607819
43 5.645897012971466
44 1.7745465714215816
45 5.096425029309035
46 2.474970801629677
47 5.867760812835145
48 8.639054865082885
49 5.03204605376148
50 6.930619810175591
51 4.78904707965818
52 5.1057440278014266
53 1.389863957565387
54 1.1723657493460693
55 4.872164404737437
56 2.9058177422534888
57 6.867408420357105
58 4.83491513809342
59 1.673487890021521
60 5.024492275010427
61 7.587653206996283
62 0.36733038822413366
63 3.51289786912191
64 4.191180507841671
65 6.042771136752373
66 1.5652582782027133
67 7.331663886119536
68 3.982744733220038
69 3.7930808475263857
70 4.40354299437629
71 3.24206882297428
72 5.774552759100705
73 5.1726018018760485
74 5.474577648365021
75 0.2461049006996603
76 2.002917301830761
77 7.217266819865179
78 1.974673674644575
79 5.568889198359068
80 3.6075547076909062
81 2.308901357171535
82 10.534481271943744
83 5.259048454912113
84 7.015199262887206
85 4.146795248322549
86 4.696165599297534
87 5.391994876585604
88 5.600539219594702
89 2.757384669045456
90 5.402822924972746
91 3.4955356644407556
92 -0.4062852462295573
93 4.5698255594003
94 3.048491441805236
95 7.48628227583394
96 2.579839137395908
97 0.8892452872032093
98 5.089548210537128
99 5.6368233186041685
100 6.453000715409561
101 5.2806957611523035
102 5.818246983922159
103 2.454065021011007
104 1.1593003671140596
105 0.06878372407150346
106 2.9058177422534888
107 6.362552852921485
108 3.92156372580509
109 3.987039583702323
110 4.270349194227256
111 2.7043423251676346
112 4.193683719858402
113 1.1293477940848076
114 1.0955154905411544
115 5.952086538560804
116 5.137216266607793
117 5.299615410402167
118 9.026646796452905
119 4.887700562441967
120 1.8705900260851382
121 1.8251483671548039
122 5.0576997039311165
123 -0.5179052426643334
124 1.9996465146025002
125 1.683662927827603
126 3.263817479077742
127 6.303236413007763
128 1.0906256046126113
129 3.8957036696834493
130 6.5909986193478565
131 2.141176712046155
132 6.958625504706389
133 8.46911113247413
134 8.321524902621737
135 3.9244129116364794
136 4.726898591560602
137 5.426839677833926
138 -0.5190726720085039
139 3.1037302383841094
140 3.644890647919126
141 1.752198673284606
142 4.79593461139147
143 5.013589892091221
144 2.031707284085319
145 3.767303332578841
146 0.3035225474095906
147 4.446033346886259
148 2.6510901115743235
149 1.7082902927742463
150 5.865187049065485
151 7.42992819064756
152 5.780593532288731
153 -2.0737049558065443
154 3.243736376890213
155 1.809612649335198
156 1.4268803882361427
157 7.624104212930874
158 4.554990639289339
159 0.9375144571055491
160 2.2065230039121433
161 0.2989012705669043
162 2.8918638286175082
163 0.38323574237345315
164 6.076375853102231
165 4.184054866124092
166 4.743248411908364
167 3.665616120312891
168 4.58720741435984
169 4.1731526109518535
170 -0.09673099648588002
171 2.25793663694587
172 7.87358778023827
173 1.267856997273427
174 5.026706476908753
175 2.999085384496585
176 4.8016806584440594
177 2.9398657081710304
178 1.0749517137804547
179 3.9415531011608627
180 3.957240707199776
181 2.732365184132947
182 4.528946700168462
183 5.598141445913508
184 5.730282757645252
185 3.526864406032625
186 5.392899847323995
187 2.8162874647898954
188 0.1170787285696786
189 0.014317469818732942
190 2.5308991895388715
191 1.648516186929844
192 3.5776357237512793
193 3.474723100859832
194 2.2153921430960652
195 2.2625433024417956
196 3.2786765843566257
197 -0.628345271671541
198 2.250614227180025
199 11.351461051410686
200 3.2235924504437334
201 2.1223872758096896
202 5.181921179772308
203 -0.3557922841436415
204 1.777084833511612
205 1.410498994783792
206 2.503829317940631
207 4.934695875585731
208 0.4745423185836535
209 0.876572970953786
210 3.1253459168823867
211 -1.6041974446571303
212 0.836506313980498
213 -0.7204900766155762
214 1.2024288662636962
215 4.972173971606551
216 -1.5426927829243526
217 1.5509521496194276
218 5.070795988386987
219 3.505370820291902
220 5.511574143443128
221 5.706154143749356
222 5.612875205384677
223 3.4876223220217426
224 1.2462697951699884
225 3.3150857186169542
226 10.225078749431146
227 7.951859652406381
228 3.937730556826933
229 3.6028065278948525
230 7.067732634733298
231 1.0256576575055436
232 4.530215328164833
233 2.5112699356106973
234 2.939444705211492
235 -1.7733791494572262
236 4.545596883086271
237 5.4555964257443925
238 1.1990147494279684
239 4.245364903520849
240 2.409623001467849
241 0.6813611316106392
242 0.49226996407454626
243 -0.8470615495493652
244 3.2314857920946243
245 5.302232373926756
246 1.2394156848169424
247 7.652128953214343
248 6.043737616851284
249 0.3519211306661245
250 1.1104525960746972
251 4.403729419398902
252 5.355728427722295
253 0.15558253684036738
254 0.45538303575272665
255 2.196304344873827
256 2.3369412803677685
257 4.438837594517652
258 0.22971605381478177
259 3.1202717652642047
260 2.9898711861593776
261 -0.015525296553686507
262 -0.9490278938890122
263 4.528946700168463
264 0.4200985951125915
265 5.236343559420519
266 -2.432138528971327
267 0.12843320827539628
268 5.3498028058609055
269 2.5846985083261327
270 2.08362506317608
271 2.6457844468506573
272 3.0185068269805955
273 -1.284655425884966
274 1.4825478750523737
275 1.9610274503643097
276 1.0705514922345731
277 2.9137475280917022
278 1.2101009189378118
279 7.782418374605079
280 3.9777876020025476
281 0.7237417995822675
282 2.4932590742413305
283 3.9129836160209277
284 4.971300882913508
285 1.0668526052704483
286 3.5021271903247646
287 3.0964750648014356
288 -0.4529981253332971
289 0.665532289028762
290 7.571287036380053
291 2.9555097198944535
292 -0.43086684043476287
293 4.3948253387690395
294 15.463010352134614
295 5.591103856595365
296 2.7706342132903825
297 -1.3841758923776482
298 -0.8123861045698706
299 0.37961706986859944
300 1.8443039190234742
301 7.593500139538872
302 7.8588746928678255
303 -0.5734585626710089
304 2.8076366147333056
305 2.83105358555861
306 2.529382757391744
307 3.3742340178565344
308 -1.43204827059811
309 -0.6163907892573455
310 0.9396430768434549
311 -0.8536415703071749
312 0.6625603097450786
313 2.1569311609560256
314 1.202536374896995
315 2.456700673959359
316 -3.3676732389043083
317 5.095618510546737
318 2.3262964781499393
319 -0.07762937305324646
320 1.4163236590255934
321 1.1791241901183254
322 4.290895892524478
323 2.27917727339918
324 2.7576133683236344
325 0.8544965591031766
326 1.2543844915416646
327 2.4611225917390853
328 1.060555071849958
329 4.590669580065548
330 5.518824397856895
331 0.9698376841474174
332 1.4417668117770637
333 1.5269113107190844
334 8.906093654485158
335 -0.5418557743845354
336 3.489788192420967
337 1.196191783669712
338 -0.47544008713632624
339 0.5626126186107581
340 4.305913723284246
341 2.676981007106771
342 -1.3654031854329287
343 1.6012274734069878
344 0.9862492696959689
345 4.574723507492168
346 1.9222057697314985
347 -1.949357028815306
348 8.64385974009957
349 3.6109603472423872
350 1.0933289021016173
351 2.28772373389863
352 6.074505451824674
353 1.7147700975295637
354 1.1986787956291938
355 2.264266675549462
356 1.1579383326713941
357 1.5679185545078975
358 3.3708112266592805
359 2.0591234032544525
360 4.842468216173629
361 -0.15209411715420296
362 -2.7549332186297852
363 1.0510454999417091
364 0.8607003446410979
365 2.5209953253217643
366 -1.7313955918132184
367 1.4994845782483601
368 1.2592140745964708
369 1.292775729150641
370 1.5596406676973813
371 3.413070374222726
372 3.1964064621315287
373 4.539236917326653
374 2.516861394496032
375 2.0463805094722067
376 0.21922255030583004
377 1.7516919412349594
378 1.130512458984789
379 0.24839305731635808
380 4.746097277845863
381 2.8106655881473754
382 1.774530089333644
383 2.1047351559606717
384 2.350265431861863
385 2.4276327132446305
386 2.720795616764588
387 2.7639225469463526
388 0.6674498322168494
389 5.461550931575172
390 1.22582307647715
391 -0.7967150319433862
392 4.271852438354666
393 1.7812774624200274
394 1.868931621782268
395 2.9005661613530664
396 5.338409947100944
397 0.4528843766413232
398 3.8197894768075322
399 3.937436282040595
400 0.5972973647344558
401 1.8640926891594427
402 5.758747760564948
403 0.36944236655171014
404 -0.5606233326523051
405 -0.3767429976090768
406 -0.6479095676935773
407 0.3696323431262054
408 -2.6872908570761678
409 -1.3666122079589182
410 2.9958976136697952
411 1.931988812971599
412 2.7898483531439013
413 -1.042490556082893
414 3.015439947275751
415 3.1210845208256526
416 -0.4256088744406634
417 2.0682718627363634
418 2.4586078417082637
419 1.5709812335857642
420 -0.647663859329549
421 1.74314546223277
422 8.302415552410883
423 2.196173394179163
424 -0.3246215542870279
425 0.6846438815819618
426 -0.38484796706031643
427 3.336478177184695
428 -0.4829485215967976
429 -1.1406502206716251
430 3.5523426857427616
431 1.886863735848603
432 3.570969792979219
433 3.5602166454841786
434 1.4201613350390643
435 2.6825827753905136
436 2.2571869146588788
437 -0.6144329524721162
438 5.529033322036407
439 3.4637723790979535
440 3.9892989007139765
441 -1.1094330399963628
442 1.4854783897985666
443 2.5121869341989527
444 5.615093320445359
445 4.461077095142072
446 -1.4038781107136338
447 2.7092448850024367
448 1.9154298076589313
449 -0.8962791871287874
450 1.845383848115135
451 0.27804348843812776
452 4.516949691234602
453 -0.75790256750518
454 0.1017832853219598
455 0.5588537181182704
456 -0.9639331569545371
457 1.1283386576521937
458 1.9117956890170713
459 -0.9749491748887604
460 2.5687638986988137
461 1.9592256166362294
462 1.3026090671205486
463 -0.5090451342468492
464 3.37460015343944
465 2.1004223817328693
466 -1.9313867028842917
467 0.0262191738714741
468 4.841474098432187
469 2.812792185330515
470 -2.3022842646214756
471 1.2712112237587159
472 -0.5317084737048622
473 -0.4333692108772931
474 -0.927992468990392
475 0.37550699416824607
476 7.9410947035562955
477 4.352895291117338
478 0.8795647011898455
479 0.12362076023216151
480 1.420398481193184
481 -0.17795091421097775
482 -0.6870958383017811
483 0.8628802240211257
484 1.201142769364306
485 -0.16446033176512365
486 -0.3899110461176316
487 0.3985245422625866
488 0.4928879605913902
489 0.6904008329430475
490 7.039424120716513
491 3.930193281049868
492 1.0486710612923686
493 -1.9039583092224357
494 0.4814617431162489
495 4.029772121278177
496 1.0298558912514892
497 -1.183924179715419
498 -0.5926128304147786
499 0.9056575263489808
500 2.0352496929708876
501 2.1549505690774335
evaluations raw_y
1 9.984244656891926
2 8.049956846394956
3 11.58946721720313
4 5.751955601674744
5 11.714699885190319
6 3.8178984440050976
7 7.155603054173758
8 2.458295691970438
9 5.136587560904344
10 1.7863532420465322
11 2.153532546856254
12 7.788275257287443
13 3.0288659816674053
14 4.591001076549597
15 5.123265825794158
16 4.898421567399328
17 2.418128056778116
18 8.888755612973023
19 4.346464133451545
20 0.9364950646387985
21 7.30253379551875
22 3.2537855423555193
23 6.423354719422183
24 9.008123415949944
25 11.109385278045874
26 1.4572542885582334
27 3.6297192511500467
28 3.0565877024760275
29 6.926654925454342
30 7.934970819188514
31 6.467799907934227
32 7.033822781865506
33 6.910247375324969
34 11.01326965548345
35 9.407551937838392
36 2.7440907435425292
37 7.147491971347314
38 8.140619450993697
39 4.574063081591734
40 8.353530175421444
41 4.089479956633369
42 -1.376035298229948
43 10.229602890111773
44 9.872089797801245
45 9.73254337412327
46 3.6907831016242936
47 6.728528016243487
48 6.416456162953683
49 2.8270349775358574
50 10.184288791485326
51 4.335192613119465
52 -0.5951027866802763
53 4.453971368332516
54 4.42058028739924
55 7.118353628034602
56 6.282561469472326
57 7.966570670151868
58 0.6154556729669565
59 6.80240189038966
60 3.5826111558579363
61 5.66222416116045
62 4.744154429895566
63 4.48911204116601
64 4.632517966852864
65 7.437659897587094
66 4.60882187629334
67 1.5695954766039182
68 6.213382219218796
69 5.0661343975039586
70 2.0906764086902827
71 7.626524895921014
72 4.850362039464102
73 6.9362339755160285
74 6.212085906288455
75 16.47463381768026
76 0.33118535012267936
77 3.9867573578358484
78 2.053261391870865
79 8.951414973991263
80 10.339891212994148
81 8.662917036089665
82 6.468680154764298
83 6.097210872618561
84 9.933083545878434
85 12.074608728354907
86 2.663910850386358
87 2.5664947467183183
88 5.032309629603798
89 6.1020701316419546
90 8.227267775142229
91 4.034205232813321
92 1.879167124835417
93 5.58911543229832
94 6.926590383555213
95 12.959882652304763
96 6.15459426060072
97 11.741773529200712
98 7.020649182617841
99 7.852302145682763
100 11.176824234505146
101 3.3284388074803846
102 4.212524072851243
103 6.575120961934923
104 -0.2598647999399608
105 7.086437102785751
106 3.890437835632924
107 5.648656587989295
108 -0.8603222031962332
109 9.151704068046374
110 1.3091031526191723
111 1.8558338163680799
112 4.1783188689650155
113 2.7253207411553624
114 0.012978015643036578
115 1.0095719288238607
116 2.2813109820458752
117 1.0873670338856685
118 7.873527466063926
119 4.328890616130146
120 5.789403738245639
121 3.2088145410801716
122 2.1378475882281736
123 8.759662937822139
124 7.03332277853944
125 5.615849513707459
126 7.193081733782954
127 2.396333501524711
128 -0.04939299717094103
129 5.3159363124651176
130 4.96875922437182
131 0.05022983571548778
132 5.165641755096127
133 8.805860566762291
134 7.674934203871705
135 1.292806980042705
136 2.131855529992742
137 3.1019469993449946
138 7.992335996986091
139 5.1237905313341425
140 4.1376004703085885
141 5.076634902068708
142 1.2183293533379476
143 6.571067452372444
144 7.2145455376252965
145 4.238574608236458
146 -1.2555729158347066
147 5.878672335345879
148 6.762223083869658
149 0.5609724619878054
150 7.720795415198264
151 3.8387468022409212
152 0.9575080073315735
153 7.05182413010564
154 2.7057198943257683
155 4.96475961915406
156 2.472017771984061
157 3.2901921482901293
158 4.571512959162501
159 4.178435538516107
160 0.650959787650034
161 2.0641112410170415
162 4.395057608551626
163 5.207690039449357
164 4.835010480891146
165 -0.2242793893405961
166 -1.1289914048227085
167 2.72495081641372
168 0.3354410144706673
169 6.116162442455673
170 -0.5128440567289877
171 3.5969981851613726
172 2.3676418785388713
173 3.8009613104773488
174 7.345469660548421
175 4.356973672647362
176 0.2784904511423141
177 5.8833609954915085
178 0.3480374893605602
179 0.24614044926920214
180 -1.735561300550162
181 -2.346564881026855
182 1.185233139064854
183 6.449853909812941
184 2.3813832536760513
185 1.6201270731701634
186 6.287627311568239
187 3.4949200481549303
188 0.6089737891104716
189 2.2956152893071597
190 5.459355492332951
191 6.019789179280603
192 -0.2220824862735138
193 3.6463470893403143
194 4.411946045483179
195 3.417414689038108
196 2.6114698893076103
197 3.736947350569536
198 4.218179989683719
199 2.7825503764738695
200 5.372321230640778
201 3.4230800759556064
202 -0.6954476175548687
203 5.071848214781846
204 0.9692758454252045
205 3.0302082711948493
206 -0.15230467549125137
207 3.9076941970262964
208 2.131765349950718
209 1.4008736664510826
210 -0.08964474650458154
211 3.33102153376448
212 1.0295399493952648
213 1.1862630044280222
214 9.416158279108103
215 -0.6964398916933006
216 -1.1865469634216657
217 3.977220683212382
218 8.420924320473805
219 6.478030938273191
220 -1.477952692518076
221 3.298476320869265
222 1.6844044988586395
223 2.7450542475712623
224 4.796036078610186
225 2.39450025737319
226 -0.06353076641503552
227 1.0365820283792102
228 2.7203880095324884
229 1.147675093283442
230 0.13784843985650208
231 -2.5646783411657292
232 0.9863516934339049
233 5.251168409887309
234 -1.1620526336953303
235 6.0801212899344685
236 6.5298728489696565
237 0.3581039166465637
238 -0.2194666334105273
239 1.3261562945246064
240 6.779148164622921
241 1.6475369527453267
242 -1.8500924950865123
243 -1.6575592878114749
244 -1.4812828639121651
245 2.9409935198113626
246 1.1290274564178882
247 4.96370464329466
248 4.7973238847256665
249 1.8278247429332013
250 4.9927296820804195
251 2.5604467921820513
252 0.32844989334713737
253 6.826590339379104
254 1.1179424420652293
255 3.52497239486954
256 5.6066761483166605
257 -0.021787378905407717
258 2.3938583026719455
259 6.169605298210995
260 1.3802874055428593
261 0.14766445144813878
262 2.0689977405855675
263 1.3133294321713453
264 1.5137274485313994
265 1.8995619085320348
266 0.8169942241598263
267 3.2951935574149003
268 0.2649146659550613
269 3.168141012568897
270 -1.7524493679436963
271 4.628186098631942
272 2.3392019623896063
273 1.5355325965535207
274 5.027055212423245
275 3.449719582156465
276 1.2203701585968632
277 6.1435894817678545
278 -0.6554326036160181
279 1.2036501337310819
280 -1.6765399462896795
281 -1.675096406237787
282 7.405946026172489
283 3.140769800655271
284 0.8523790353078476
285 2.5798530160283795
286 8.702927278678404
287 -0.6902001403290816
288 2.9719864233832154
289 3.382275417142939
290 4.368145250059451
291 1.620651956150733
292 1.363163876220272
293 -1.6573539403473574
294 -1.5745022720443482
295 2.7517264256268055
296 1.3064649651188176
297 0.12191014136101752
298 0.6296031187765871
299 1.3308464470579544
300 3.569376609934588
301 7.106227107590589
302 0.45992739706883823
303 3.5938607012293216
304 0.5805548719074749
305 2.4141821694497096
306 1.1919337329641302
307 1.4426557667203859
308 2.6815257382498516
309 0.8827304556765472
310 0.7445044270788588
311 7.396777308717214
312 2.591302983619783
313 5.017021380160211
314 -2.3295048480728138
315 -0.6966845009891971
316 3.63778400657213
317 4.329216020454565
318 1.0028289877604717
319 4.931276887275329
320 -1.418166561144227
321 4.802919466820435
322 2.7152661032175285
323 8.033413145405047
324 6.099051123125987
325 9.100448514645569
326 -0.4050463725771789
327 0.9740373236401005
328 -0.6752642479639723
329 0.3490871162367698
330 0.42313997255832514
331 1.2124751966560003
332 0.825473093330516
333 3.777785525465516
334 -0.8140214875810188
335 2.947202082728931
336 2.771987400664072
337 2.0256751201749106
338 -1.2081353091355154
339 -0.044757915576099316
340 4.046183684704803
341 3.304165000097638
342 4.059366147297181
343 2.77404606567801
344 2.7701829841698418
345 2.879519974831889
346 0.2792744797863591
347 -0.06039769838816289
348 -0.014753035580632456
349 4.1348741198813945
350 6.4063509228877855
351 2.4433857235796927
352 0.07252334532075688
353 1.721042584264891
354 0.1773619347426032
355 0.691448404605135
356 3.862572528409758
357 -0.2984844359974935
358 -1.7258219874931924
359 3.8034173051012576
360 0.23213734783731943
361 0.14775767345206625
362 4.4080443093965735
363 2.4949223586301232
364 -2.469745874454918
365 1.0031992418261066
366 -0.5289214965991729
367 -0.351493135552559
368 1.3945694899593093
369 2.3774704095858112
370 2.939479568184086
371 0.8987799370644272
372 -1.5595613918603617
373 1.7751105974123829
374 1.1453528410052323
375 -0.5406733936319954
376 -0.25242697163569194
377 2.3047759982138314
378 0.035547327017662944
379 2.38180793329746
380 0.9904359065966968
381 4.389758294084319
382 1.77988556734895
383 5.480309532402341
384 1.5240953354671298
385 3.6229316199048696
386 4.478678019803986
387 0.5164809080820434
388 1.0063882871685463
389 -1.3126100794828954
390 0.17896468999802595
391 3.3454221369747854
392 -0.7386902719870215
393 0.07307190094970029
394 0.9347616514433993
395 3.6283079762924726
396 3.7543987374640975
397 1.4281317908588502
398 -0.6494088936566729
399 3.151659629733613
400 2.425486583651115
401 3.8592337719914394
402 -0.27854862672003255
403 0.819333863071062
404 -0.3019171396799556
405 0.14980303308320042
406 0.38286999317497794
407 1.5766216042821108
408 2.4368505520504162
409 3.619473888866444
410 1.5551202626724563
411 0.7028848797455269
412 2.274587386823109
413 -1.0556018376431267
414 -0.08132235147238953
415 -1.0055795782100119
416 -1.6550270367701652
417 0.9995326208773638
418 1.5513280288846651
419 0.5113066192206719
420 -0.2780628536238354
421 2.704109596772098
422 -0.5651147189954564
423 4.879287453698757
424 0.7455570995091364
425 2.26247196327593
426 -2.281067750861864
427 -0.5559587879555332
428 1.2350829178170275
429 2.1115503838603633
430 -2.2348970820994607
431 3.51422124383268
432 2.8369512458637196
433 3.419544363684218
434 -0.6112256994825767
435 1.786045456831612
436 2.2336662932348084
437 -0.6444267536196682
438 3.3682395375648433
439 0.27369707390086384
440 1.231126013192486
441 0.5127535547916025
442 0.19868824939631713
443 -0.22666333857515353
444 3.6981653146479094
445 3.9819168639943467
446 1.4780413088196114
447 0.5951292609730889
448 0.11873084778846277
449 -0.11806166326437184
450 0.8020086600339964
451 -0.37298720116072337
452 1.2637903929145107
453 0.3700336887757649
454 5.2774825622670125
455 -1.5899776251391602
456 0.808014260730274
457 -0.5230068189050032
458 -1.713010150405288
459 -0.6047028281925213
460 -1.4667860267168775
461 0.8453022493307761
462 1.81990871852693
463 0.8727777724005423
464 -2.79147678670914
465 -0.25662450193231257
466 0.6843236518733845
467 1.8813690013018765
468 0.4456807344868948
469 -0.7148296066444925
470 0.9256297208675583
471 -1.1289249883259656
472 0.4551492510761759
473 1.6281801650929362
474 2.237493011548786
475 -0.9700420566573533
476 -0.26009333798997814
477 1.2089296355714971
478 0.863086815231991
479 1.2379311486760294
480 3.8242273703680847
481 -1.3225667577610054
482 1.5488674338875525
483 3.442569642761467
484 0.8149887810883778
485 1.976338163082103
486 -1.2335098408773004
487 -1.506025863816098
488 0.1384466168461027
489 -0.07045731846358283
490 0.9691010368590588
491 1.0171335509767803
492 -0.8621819925507032
493 0.3734162184714369
494 -2.552972033602801
495 0.3070496015709008
496 -3.082528856214929
497 2.7370186523165727
498 2.265638386834274
499 -0.21016887962955533
500 -0.14300198528701102
501 1.152174707159124
