evaluations raw_y
1 2.5407784388806194
2 3.552882445690801
3 1.8157731256894258
4 0.41460682283661526
5 2.455783798266041
6 1.5177124193463567
7 -0.21057046496727502
8 4.530221821083378
9 0.5856736171544177
10 -0.7988569010964643
11 1.290122085838139
12 -1.8173916025863055
13 -2.5577995248287695
14 -0.16769193950302125
15 4.033607832866795
16 -3.3473338783420115
17 1.0947867228124646
18 0.6750960158257103
19 0.46631052019310343
20 -1.0595035274900555
21 0.8713466721166212
22 1.968321687577465
23 2.1999515663763347
24 4.212965873945105
25 2.6245771257597426
26 0.2132689117088988
27 0.4136687885824887
28 2.324135623179023
29 3.816706694759742
30 3.3378146457444267
31 -1.7857072294367604
32 -1.2199227255284801
33 0.5741063365136607
34 -3.284248621325344
35 -1.291940992843681
36 -4.123317590869904
37 -1.8947562148379595
38 0.9443408079411455
39 2.1925314566305962
40 0.7323529997961842
41 -3.6015558874149596
42 -0.6259350808837294
43 -0.887914318891768
44 -2.0776898787795783
45 -0.27069191886608235
46 -0.029197864789443556
47 -2.932380422207645
48 0.9639246107255399
49 -0.5905620627915513
50 -0.7107312877754807
51 -0.4835117689768173
52 0.7800701662162342
53 0.6744369735654597
54 -1.5936326054989833
55 -1.7972408576298728
56 -1.828036690031791
57 -4.514667439211984
58 -0.5044388790710606
59 1.0013824570903636
60 2.4267430021277265
61 -1.8929222928341591
62 -4.093276274044293
63 -1.2036880705088417
64 -0.715049953965362
65 -2.432415482416191
66 -3.6573837038637533
67 -4.176005128464338
68 -2.1128714252726204
69 -1.697207212367162
70 -3.4391214596167603
71 -2.0325257435878363
72 -2.1790364357778413
73 -1.0482548966832066
74 -1.884475265564444
75 -0.9620955028773615
76 -2.2736890353870294
77 -0.31545301621623323
78 -0.2914508662112878
79 0.3036717683366069
80 -4.111685491544181
81 -3.7291128178204622
82 -1.767982597066174
83 -1.0555222262662374
84 -4.1393453407011656
85 -1.0196873426902613
86 -2.636634120438977
87 -4.1711626237189465
88 -1.3331317021215483
89 -0.9294838508550076
90 -2.5676870445430566
91 0.9373281879416581
92 -3.8307949175464504
93 -4.486026807373642
94 -4.978756575855789
95 -5.9851929206004675
96 -1.0239985832288458
97 -2.1171131363839084
98 -2.92820020864071
99 -1.8054754930590189
100 -2.7480469131292624
101 -4.936860356811726
102 -1.648185995889167
103 -4.137391635041507
104 -2.7844999752948136
105 -3.7738947377744325
106 -4.068881548166566
107 -1.4501450842689565
108 -3.238898670179976
109 -0.4059314178297865
110 -1.7361791827400457
111 -3.7341229982654376
112 -2.4281887247505085
113 -3.2220786996539115
114 -2.69312944346558
115 -4.125466629316136
116 -2.6033577181011305
117 -2.2149920056837713
118 -4.502680161335206
119 -3.8635805021946537
120 -2.2227737428137697
121 -3.763358938329414
122 -2.114509508816434
123 -2.7738946699727363
124 -5.1158618991348686
125 -3.6617372565144017
126 -5.8982144335413675
127 -4.264886637661629
128 -5.028975272327919
129 -3.607148191595471
130 -6.033667162641679
131 -3.956478619663076
132 -3.0043781844928508
133 -3.863090267964025
134 -4.137391635041507
135 -3.849227216640185
136 -1.0724612482718419
137 -5.303354584380357
138 -2.836064808935258
139 -5.162791133595609
140 -1.9279695765310851
141 -3.92313254455917
142 -4.059742632016032
143 -3.508984582174889
144 -5.248597574085339
145 -3.0504035680417796
146 -3.9903764947993015
147 -2.6612841926529365
148 -3.2855472914948907
149 -3.8327595900203475
150 -4.6059561750980835
151 -1.6616823414255781
152 -4.126031469951621
153 -1.2226210083156406
154 -5.591161572605003
155 -5.5560067074879385
156 -4.325926628919044
157 -5.216865110779018
158 -5.7772028929586625
159 -4.78949103771145
160 -4.7575973987243225
161 -5.371856969964815
162 -4.407896609177449
163 -4.157714370317724
164 -5.473415427898415
165 -5.213687031525597
166 -5.8244194916924625
167 -4.282475601934905
168 -6.196349461075765
169 -4.922490625051983
170 -4.895437105112582
171 -3.8655248676443223
172 -5.9380744164576775
173 -4.247535838417862
174 -2.0853216126920135
175 -2.9387849587255412
176 -4.091842487143252
177 -1.4671822994985406
178 -5.2694740495527626
179 -3.2542475761010827
180 -5.38613291572531
181 -5.666807805933038
182 -2.5804351737564484
183 -4.2866418934630035
184 -3.013208290408066
185 -5.4541272309105056
186 -5.545709680646148
187 -3.1331883452293043
188 -4.100791366297906
189 -4.475528554191361
190 -5.441018969509313
191 -4.560574606948394
192 -6.185726548622841
193 -3.596170932509917
194 -3.956221783201708
195 -3.1221265708254107
196 -4.930347144393968
197 -5.589448330302864
198 -4.832535791290045
199 -3.588465195126454
200 -4.91654092700494
201 -2.634912595210254
202 -4.3579368865316095
203 -5.9380744164576775
204 -6.283660359932345
205 -4.0075618807052855
206 -3.08893609533911
207 -4.681492574212762
208 -3.554450475742265
209 -4.867112261131804
210 -4.453503535682907
211 -5.9913784440633595
212 -6.345499390744131
213 -5.6448558861197915
214 -4.028077229630145
215 -4.126321165043644
216 -4.160393848942712
217 -5.615944151322649
218 -5.3840246906474
219 -6.558438946141296
220 -5.511907768042891
221 -3.8545935876886004
222 -5.82291191128594
223 -5.815166252601166
224 -5.764992983334711
225 -4.8160850598069365
226 -4.708530559216519
227 -5.681120955770061
228 -5.812269623804404
229 -4.771194722423387
230 -5.546998856914945
231 -4.51928308833102
232 -4.652359655313961
233 -5.873686232721633
234 -5.552085614214038
235 -4.848953856481878
236 -5.462637420489057
237 -5.263227317179293
238 -4.0104378350883705
239 -6.146478012646023
240 -4.977672900127786
241 -6.179141812319409
242 -5.25833031982739
243 -6.345499390744131
244 -2.1657861591427485
245 -5.123322435264747
246 -3.828485110098589
247 -4.009554007615978
248 -6.097568662436709
249 -5.514207987877134
250 -5.918042484380873
251 -4.4882553885049585
252 -4.985171175687861
253 -4.772303171448202
254 -6.253952455080319
255 -6.123950478016309
256 -5.283979567383609
257 -6.372295285370647
258 -5.180469934413069
259 -5.067583199735865
260 -5.44999809257882
261 -4.347471902612982
262 -5.377844153615451
263 -4.93884277783008
264 -5.4785548652102385
265 -4.226076743204067
266 -5.116745280168086
267 -5.7549761039372
268 -5.751280748541408
269 -4.2912954618507735
270 -4.577956831190647
271 -5.324821509926754
272 -6.179141812319409
273 -1.5979324010574492
274 -6.2539869918678335
275 -4.813445700412624
276 -4.168754432076998
277 -4.566350086510679
278 -4.957075885426687
279 -6.401382056173943
280 -5.223761764488868
281 -5.400241405971878
282 -5.678911889459534
283 -4.655836427958937
284 -5.9877497751871935
285 -6.362415091256718
286 -5.395109808686529
287 -4.000649162728356
288 -5.7872952102677875
289 -6.372362129978129
290 -5.823186154105286
291 -6.08717325952976
292 -5.423771440447518
293 -4.958439264826115
294 -5.484230880455191
295 -5.3120956709932425
296 -5.369138667676527
297 -6.576243847161175
298 -5.606121972501831
299 -6.209472119588774
300 -5.720815369425562
301 -2.759533893944276
302 -6.174007909919449
303 -5.125777359824183
304 -4.171879074032145
305 -5.665789574717008
306 -3.8427761412606136
307 -4.9199756968189545
308 -2.8217673400845493
309 -6.277642820075226
310 -6.285996825637671
311 -4.316317400835621
312 -6.222405687909435
313 -5.923298294862894
314 -5.483513454918776
315 -3.6296100838435983
316 -6.753286992181457
317 -6.544274478030908
318 -4.862437135949206
319 -6.207465107141047
320 -6.296073523698061
321 -5.768833715549622
322 -5.562770034142223
323 -5.42742416097238
324 -5.913118921945325
325 -5.7932730892074655
326 -6.651991206596097
327 -5.309849872966325
328 -5.988945151204186
329 -5.686819038423196
330 -5.95638717000196
331 -6.264031210800072
332 -5.79705465109731
333 -6.4178860575888965
334 -6.354853998909245
335 -4.903474670884142
336 -5.67025972189577
337 -5.704797022056459
338 -6.105937176254663
339 -4.538851667889694
340 -6.01383942841138
341 -5.8058067295667755
342 -4.543427941947664
343 -4.668477369610855
344 -6.217030911231078
345 -5.231277579179602
346 -5.430465473598141
347 -6.5987804390725815
348 -3.904704835294717
349 -5.543196514573006
350 -6.06959091071542
351 -6.69200217100895
352 -5.533924259292506
353 -4.163597289210625
354 -4.386656448597859
355 -5.027019347746123
356 -5.772196906387752
357 -6.54833611756875
358 -5.436000918685104
359 -5.317543409370677
360 -6.244990112991152
361 -6.201715756107731
362 -5.484127990218428
363 -5.363678143090303
364 -6.4178860575888965
365 -4.941302407477454
366 -6.073189270788623
367 -4.470223812316124
368 -6.125437348475486
369 -5.725438512584532
370 -4.626100879503755
371 -6.320325034813741
372 -6.017593792734965
373 -6.231270512961395
374 -5.840319282473827
375 -5.539781308603095
376 -5.226467122634925
377 -5.805707511799951
378 -6.3820235847452755
379 -4.884389769131452
380 -6.138763718214841
381 -4.748300023429339
382 -6.0688065680747245
383 -5.829534497047613
384 -5.327163218345442
385 -5.604268310871598
386 -5.369118415538466
387 -5.689954347802045
388 -6.485507497393542
389 -5.98818353491473
390 -4.620501789998815
391 -6.860719185110774
392 -6.241316914535762
393 -6.8218842239698505
394 -6.187328213666544
395 -6.758611408651902
396 -6.293103783167588
397 -6.178126621247452
398 -6.226572675728394
399 -6.2244449682895855
400 -6.182484190704153
401 -5.196534808542091
402 -5.318432420470206
403 -6.642741508317449
404 -6.762634544172224
405 -6.31824988870439
406 -5.411440952759147
407 -5.592675841043311
408 -5.384127813684372
409 -4.96665310910745
410 -6.817113095778485
411 -6.211917926611129
412 -4.584085831968815
413 -5.812628405923712
414 -5.998802994221229
415 -6.305929998077133
416 -6.12382507307808
417 -6.18697077559559
418 -6.111053789205875
419 -4.795325555733914
420 -6.213958937137459
421 -5.763223165628563
422 -6.687708997943064
423 -6.165468807237006
424 -5.478061793234863
425 -6.437087211788995
426 -6.747911294128304
427 -6.0216413155369874
428 -5.119514937832989
429 -6.388596939335996
430 -6.700237316341554
431 -6.793754486795007
432 -6.116550154200436
433 -6.454850222634212
434 -6.7218539965768915
435 -5.744159013604338
436 -5.321794669604523
437 -4.78214299420457
438 -5.164094840220953
439 -6.484020766474916
440 -6.048638544167698
441 -6.720303852035887
442 -6.607972433946984
443 -6.411057203202297
444 -6.363770343505542
445 -6.512707185057034
446 -6.696017241688102
447 -6.086465903528996
448 -6.390463675613857
449 -4.956720375903805
450 -5.588014323708378
451 -5.661449249372881
452 -5.8850793015641205
453 -6.704665631016158
454 -6.832928704746479
455 -5.504978989301012
456 -5.395335188741338
457 -6.307626985694022
458 -5.398182152044581
459 -6.187793824032051
460 -5.542832710780481
461 -7.0050000394941
462 -6.838198886908026
463 -5.777028542319407
464 -6.159516129727427
465 -6.540911189085872
466 -6.5363839702242315
467 -5.528031809559998
468 -5.202193158677305
469 -6.0092475765434
470 -6.146912857738246
471 -5.058222427561776
472 -6.5815488677441625
473 -6.719044524201799
474 -6.808172035973161
475 -6.405989654163083
476 -6.850268851727102
477 -6.660842580535881
478 -6.386662578119152
479 -6.710502792539912
480 -6.233471094368016
481 -5.613402993652754
482 -5.651432763217411
483 -5.979132941062764
484 -5.7254010809903555
485 -6.335890117957518
486 -5.572362033474226
487 -5.802879002306007
488 -4.747555312266925
489 -6.731203627207472
490 -5.739831622490889
491 -5.507626095844968
492 -6.130074350325826
493 -6.509697669203671
494 -7.097059119274498
495 -6.859971792187281
496 -6.563826832787056
497 -6.853168184740302
498 -6.259296914628024
499 -7.045651413806745
500 -6.731304914429172
501 -6.810827474105476
502 -6.329652386271297
503 -6.696521310226857
504 -6.858558673898186
505 -6.1801578996726905
506 -7.079932883434839
507 -7.0097729320562765
508 -5.2649014296441194
509 -6.297026750213329
510 -6.07689662176108
511 -7.0336237647937
512 -6.618864353500974
513 -6.636627533087152
514 -6.662083594932097
515 -6.563683488096097
516 -5.859370456740801
517 -6.919733102613515
518 -6.59424175185895
519 -6.826510673385398
520 -6.628916873564977
521 -6.475302747156387
522 -6.592845106104634
523 -6.9151905399632625
524 -6.483923728047159
525 -7.022582812866647
526 -6.728962782000193
evaluations raw_y
1 -1.489159317257819
2 -0.5833184589333034
3 0.30796883314968565
4 -0.011311174213893188
5 3.819653597531417
6 -0.7656164144192147
7 1.9498026176728367
8 1.132194355119124
9 1.8126335058955487
10 0.20457553040914606
11 -0.36541294178800365
12 -0.45724393676352054
13 -0.3631545066940304
14 4.226477394866675
15 0.7107603153333102
16 0.2948004438841627
17 0.8597690955362902
18 3.767215990595262
19 1.1796573956336491
20 0.8118834294185431
21 2.5127111371865762
22 2.8864784081941504
23 -1.1403929263813204
24 1.6716532358840595
25 -3.9861189784483573
26 0.10787715284999896
27 2.5182463771858616
28 2.2109717748154
29 -4.003411605657272
30 -0.6570722700406051
31 -1.9998208070998724
32 -2.104919084817024
33 0.5078377903708965
34 -2.6957514920441383
35 -2.6161218417689476
36 -0.4810337652175065
37 0.4746834777696421
38 -0.48054638406746575
39 -1.1016064968170003
40 1.5264104974800183
41 1.2050877354317393
42 -2.235240240919687
43 -3.9377221753080227
44 -0.6765875086325235
45 -0.721741684873385
46 -1.3468925454505634
47 -1.1271401554951757
48 0.42857257240269536
49 -2.3148492948503963
50 -2.3199836206012945
51 -1.133269053412917
52 -0.23658960507494883
53 1.0285293301200544
54 -1.1403929263813204
55 0.3411461767393534
56 0.8161214365531654
57 -1.25012760020034
58 3.6981824626104784
59 -1.5785488811023471
60 0.20613119792266668
61 -0.33901713298613523
62 -3.232322620813182
63 -1.0673976840097568
64 -0.525009667067135
65 -2.785316893928865
66 -1.5529822702995106
67 -1.1489717299478595
68 -0.918130877622032
69 -1.0345838576549091
70 -5.2660594820853355
71 -0.9408630443653947
72 -2.5460457665702707
73 -4.014864900681076
74 -1.016400879849802
75 -0.24684943743872945
76 -1.1140243993211705
77 -3.227315553945686
78 0.4777378166625563
79 0.7616115938602384
80 -1.4486892202733608
81 -3.092329897135803
82 -1.3829798429479334
83 -4.788315837670233
84 -2.158495268684523
85 -1.0181518832236942
86 -0.6534185584252892
87 -2.1667789317913027
88 -2.6065039445617875
89 1.187601497918852
90 -4.295117939053972
91 -0.02339035946670237
92 0.25267280512578627
93 -5.1340595447465205
94 -4.987116248099152
95 -2.4564409343830422
96 -3.2555199915602993
97 -2.696430987459707
98 -2.762293056064201
99 -3.4624787855121344
100 -3.603644456572302
101 -5.2660594820853355
102 -3.217510848732953
103 -2.6803901562965224
104 -4.259267802108834
105 -2.3591991374177548
106 -3.33587889360577
107 -3.4047758173004667
108 -4.579699060573711
109 -5.67541775238072
110 -0.7488115458376317
111 -4.20194400181752
112 -1.7429167863302653
113 -2.9371482610701145
114 -3.3978114798063572
115 -2.538848998302979
116 0.185458841222214
117 -0.5756468446926691
118 -2.1760655132222473
119 -2.2435829201149957
120 -2.551506485337794
121 -2.6213278317283963
122 -3.5085113638016976
123 -1.6994214435523112
124 -3.9188986804311647
125 -3.3808049282046713
126 -3.422635773144854
127 -3.4153101538716193
128 -3.658754870954987
129 -5.966490226233034
130 -4.823765018837493
131 -3.2052900919389424
132 -4.052395153749783
133 -5.171235015253032
134 -1.4289708692092709
135 -5.161288896618344
136 -3.4244531512010967
137 -3.51954894624357
138 -3.680259863230141
139 -5.10639481487321
140 -5.67541775238072
141 -1.324601219415873
142 -4.604172540061581
143 -5.12125264161981
144 -4.5492368709449895
145 -2.2946329468885476
146 -5.642352012193194
147 -4.037342562185073
148 -2.1791944174494646
149 -4.241498022969969
150 -3.174521918015776
151 -4.287129128038997
152 -2.3923518986792134
153 -5.142552226331851
154 -1.0501323147224289
155 -5.431638004223802
156 -5.127797833156901
157 -4.659352225899433
158 -4.618243157171756
159 -5.6981505030082396
160 -5.964289337516027
161 -5.5143106249514755
162 -1.8146159129039623
163 -5.591176444303581
164 -6.0786681144995995
165 -2.5828052841621014
166 -3.299244909764515
167 -4.526370550566709
168 -4.9080415046285015
169 -4.831599505647902
170 -5.35734395728573
171 -4.633039855136787
172 -5.174224812421081
173 -4.984597716140055
174 -5.747654261122792
175 -5.49142563578055
176 -2.581542031869884
177 -4.953245183505871
178 -4.780719630599065
179 -4.068832305893293
180 -1.9230104212115722
181 -3.0236312357871737
182 -5.27245919709515
183 -2.990705899167093
184 -2.252390755059236
185 -2.948270624298892
186 -5.316170224862005
187 -6.339921763532958
188 -4.566937804107131
189 -4.800186318078986
190 -5.610844459545742
191 -5.807443553942057
192 -5.045669928511801
193 -5.61890950075864
194 -5.529568007469
195 -5.01814771252797
196 -5.6729316889537635
197 -4.796009632776506
198 -6.092360493926291
199 -2.8515481300098955
200 -2.679409681002818
201 -5.326055433717706
202 -4.635991797860606
203 -4.131816423801224
204 -4.170484122067725
205 -5.138719664121629
206 -4.250627056876473
207 -4.051538962410002
208 -5.252116917575695
209 -3.6392056347944974
210 -5.243352665367993
211 -5.305413427965255
212 -3.4397599377820094
213 -5.335685855077391
214 -5.854948256078004
215 -5.947859325315123
216 -3.1761175847442003
217 -5.48347944304277
218 -5.226576056686261
219 -5.63488556886155
220 -5.703925036044266
221 -5.680216857613725
222 -5.564058136472053
223 -4.454492981382268
224 -6.272892896938336
225 -4.859176563027511
226 -5.403478343510757
227 -5.6729316889537635
228 -4.70287641716063
229 -5.744261835464288
230 -4.796580124519261
231 -4.470516406034566
232 -5.7363562455345765
233 -4.644444312173567
234 -5.2631004204175476
235 -4.946578145871831
236 -5.20435488525465
237 -5.948340746889556
238 -4.770750176453603
239 -5.258208994523997
240 -5.585940600991931
241 -5.777738325808776
242 -4.739100562019435
243 -2.6257082407702192
244 -5.048400874871055
245 -6.201567428426244
246 -5.536632610931706
247 -5.535491074828256
248 -5.979918581339083
249 -1.4036410161314625
250 -5.52866087832267
251 -6.022343078661427
252 -5.798772966623456
253 -6.0403941071303855
254 -5.708185361396406
255 -5.549678622827663
256 -5.9707236416491964
257 -5.4473174906524315
258 -5.531758021314295
259 -5.368260583469852
260 -5.2469143082188126
261 -5.025399355907586
262 -5.371713479763503
263 -5.340664094541888
264 -3.4094702723794383
265 -4.115959870609806
266 -5.323263428321811
267 -5.160419967623474
268 -5.948340746889556
269 -5.6224665961363485
270 -4.51087365996674
271 -5.773852893294695
272 -5.481911580919588
273 -5.554652237647329
274 -5.355725209872992
275 -5.495958768165231
276 -6.040744816043297
277 -5.398588317230636
278 -5.959625311841765
279 -5.655321558150993
280 -5.425829201604321
281 -5.594898344025207
282 -5.759918223675946
283 -6.31001944446459
284 -5.875806858923847
285 -5.699798768467275
286 -5.905517204382094
287 -6.302010893905345
288 -6.059774942492983
289 -5.257199945918415
290 -5.736306509787525
291 -4.9525340321651345
292 -5.675133949886819
293 -6.3625777483716766
294 -5.42177503694514
295 -4.479044950476935
296 -6.250328495489606
297 -4.611681528241407
298 -5.008617977103251
299 -5.832912028476338
300 -5.90901468309145
301 -6.0577162854267215
302 -5.284049673084569
303 -4.037962258656622
304 -6.030860139605546
305 -6.3804765904130125
306 -5.525440906887961
307 -3.747360632081904
308 -6.037812251023561
309 -5.7543774826325755
310 -5.488673059891056
311 -5.953923430273615
312 -6.014686363504026
313 -5.051368330325318
314 -5.906602845127985
315 -6.232604360255376
316 -5.98385181999322
317 -4.848699853170276
318 -5.949385244196577
319 -5.132412791143005
320 -5.578198415370673
321 -5.844767938671302
322 -5.242191143620557
323 -5.939360653819682
324 -5.948340746889556
325 -5.678391194404614
326 -5.499418816572133
327 -6.2765446277552925
328 -4.758962266524867
329 -6.274561786165309
330 -6.08378547441855
331 -4.3273136628444995
332 -5.865523746486377
333 -5.34534724445926
334 -5.813301044942734
335 -6.063546442596744
336 -6.3804765904130125
337 -3.3979885172973177
338 -5.803677434891048
339 -5.718765414690054
340 -6.11027190581461
341 -5.391886127354815
342 -5.295299799840272
343 -5.016616210849417
344 -4.500138190334259
345 -4.680514892130918
346 -5.549330945661032
347 -5.6061147323821645
348 -5.702398008337479
349 -6.440660138288821
350 -5.473183210931822
351 -6.417037172178471
352 -6.281802310954619
353 -5.386543367255294
354 -5.7865072662992585
355 -5.6326236664469675
356 -5.322955364212526
357 -5.447430028297766
358 -6.129247706604092
359 -5.277600328322677
360 -6.3299118726545185
361 -5.488360694689355
362 -5.376156035187263
363 -5.647215986566674
364 -5.89090362727202
365 -5.564181230396171
366 -3.9855280074821673
367 -5.384730069930201
368 -5.216725103728167
369 -6.236262969338616
370 -5.960416753407235
371 -4.810173651088022
372 -6.275158658583249
373 -5.438223281807212
374 -5.484913089239819
375 -5.800027964619828
376 -5.670804548417458
377 -6.399052763915997
378 -5.97232508814311
379 -5.948340746889556
380 -5.095512067186371
381 -5.0719291601504874
382 -4.969054101132418
383 -6.358562200196184
384 -6.090926324179344
385 -5.0189518099452135
386 -6.092482300710217
387 -5.922954962606578
388 -5.469459523436176
389 -6.451649998522675
390 -5.8113013041281985
391 -5.581686513605716
392 -5.574931448460469
393 -6.75391507546283
394 -5.698039749732189
395 -6.149468440766386
396 -6.331992103234007
397 -5.5244616959559245
398 -5.721454647220622
399 -4.398598822135348
400 -5.836002208818262
401 -5.813977547902427
402 -5.81381828212131
403 -5.991073216322379
404 -5.039600855172964
405 -5.552629531677498
406 -6.312237777831912
407 -6.718786676723203
408 -5.77201408147828
409 -6.392296926939144
410 -5.190540527507674
411 -4.885733564955618
412 -4.655171239949222
413 -5.265938438985084
414 -6.0285252323696525
415 -5.735307091722419
416 -5.957007219434208
417 -5.812217752382711
418 -5.28529720479594
419 -6.428988276347325
420 -5.420630751929879
421 -5.5189601421786385
422 -5.6777974963590045
423 -6.165530419970947
424 -5.35971673669987
425 -7.238923551678697
426 -5.590062897062489
427 -5.878704975184734
428 -5.8275297015169425
429 -4.78063636060994
430 -6.351452987621348
431 -6.098214017253143
432 -5.8963774080079885
433 -6.061760381115776
434 -6.35698874378821
435 -5.504047264738684
436 -6.486802251980858
437 -6.1408456898518065
438 -5.692520293784029
439 -5.768312617189
440 -4.927546394089701
441 -5.254266647026738
442 -5.925824645231138
443 -4.824470651577008
444 -6.113826944818765
445 -5.931436245326225
446 -6.325270304118034
447 -5.946243580279981
448 -5.390584562308405
449 -6.381410749046384
450 -6.112703033703939
451 -5.9170828915117
452 -6.486293497162409
453 -7.590658097217494
454 -5.343463821917939
455 -5.750958413233524
456 -6.069833940109908
457 -5.550638751594167
458 -6.591621637156282
459 -6.144741829353159
460 -6.04782863044907
461 -6.1622694390933495
462 -5.0612905380941475
463 -5.234882035405382
464 -6.582722994507897
465 -6.505549750441977
466 -6.437939780275397
467 -7.043794960638277
468 -7.129961159052013
469 -6.363250017804731
470 -7.142165568057812
471 -6.418029606046711
472 -5.442951662455367
473 -6.170195785274031
474 -6.015736064246642
475 -5.684499941498033
476 -6.411784477629302
477 -5.547401026211109
478 -5.871138184157259
479 -5.695749080786113
480 -5.7663772802609525
481 -5.78794076872125
482 -7.388440818778651
483 -6.554346330282463
484 -6.039524498925362
485 -5.9129338431983856
486 -5.444216288681911
487 -6.183068341687298
488 -6.3204734954010355
489 -6.40764920753451
490 -6.487246592406429
491 -7.295091129366547
492 -5.767893443767381
493 -4.823857346171284
494 -5.826960549483668
495 -6.240259486269183
496 -6.870686094189673
497 -5.518757114817447
498 -7.312481342480636
499 -6.155475075421436
500 -7.350729336633618
501 -5.743158288337724
502 -7.3265146492502105
503 -7.666234539030967
504 -6.109494198757913
505 -7.274542709260105
506 -7.34135611282017
507 -6.111056315252574
508 -7.441111796199069
509 -5.998574271949078
510 -6.932753330303885
511 -6.088216521327516
512 -5.97900422230967
513 -5.791787486746311
514 -7.639057423487016
515 -6.805230653657419
516 -6.9346192674820735
517 -7.219449319694356
518 -7.33886149426172
519 -6.603264036644839
520 -6.8460243339178835
521 -6.855977927265799
522 -7.589621052806153
523 -7.05450707136413
524 -7.256034509778487
525 -6.301220124642338
526 -7.545387167158632
evaluations raw_y
1 -0.10750530400405067
2 -0.8314939681668561
3 0.7521007184656596
4 1.8837261857937533
5 -2.1383606145495406
6 -1.8982334390185547
7 2.0017504227403515
8 2.1719460319845005
9 3.6097882586346355
10 2.5660796923700913
11 0.4242030418704592
12 -0.9755147817063945
13 1.3689267523254238
14 0.451846911966715
15 1.1124857210817163
16 0.24613764476866024
17 1.3976985170889806
18 0.6925936876599468
19 -0.2773468135469025
20 1.7470511582554995
21 1.6922213342082857
22 1.4992132411632737
23 2.902681851308336
24 2.207716100302946
25 -0.8767488517098139
26 -1.4995693490865551
27 -1.0305016494003207
28 0.15106426972169212
29 0.538770819171538
30 -0.04824085660619376
31 -2.628766354048333
32 -2.4839634780719706
33 -1.5854295460146521
34 -1.4168481085626676
35 1.7111490144889143
36 -2.5886077827805427
37 -1.9152108099617922
38 1.8111164988318675
39 1.1249247190268248
40 -1.4489976606595572
41 -0.7586381417486181
42 -3.493813948067574
43 -1.6229438478087757
44 0.04618142590941343
45 0.8755533565394117
46 -0.2710824087083751
47 0.3577430127294088
48 -0.41529004280876525
49 -2.347751328359086
50 -0.06321540250211327
51 1.5643397277580093
52 -1.7793023104601455
53 -1.6059978868115241
54 -1.8464768542033856
55 -1.141160690595942
56 1.6085626200334227
57 -3.371679793043911
58 -2.0855263357369287
59 -2.5622114577548136
60 -2.15877142357904
61 -3.1324599149831682
62 -3.0653629434506473
63 -1.9263160084121842
64 -3.4660929827361016
65 -1.6987491129037449
66 -0.6392220905169675
67 -4.413604753711659
68 -4.054232194974798
69 -1.328273428776828
70 -1.6988154904928088
71 -2.518942823041717
72 -0.7316632309307285
73 -2.595451700106073
74 0.575064690005278
75 1.3153164962628987
76 -1.2238287982528322
77 -3.1713059606705207
78 0.06492435754810022
79 -0.7504785000929983
80 -2.221437331345039
81 -1.9321304473863055
82 -0.3353575054244799
83 -2.309522346288651
84 1.6599759709576736
85 -2.598807375473617
86 -3.6359899623221934
87 -2.949892720802588
88 -3.530697038567358
89 -4.337389309193567
90 -0.14330749264102705
91 -2.5436992464329133
92 -3.1324599149831682
93 -4.3258690870106875
94 -3.7810590206912016
95 -0.6522218128522823
96 -2.5530855154608876
97 -1.6259389137112183
98 -4.413604753711659
99 -2.7143911767863447
100 -1.6814581342330073
101 -4.900063834622902
102 -2.891427454020778
103 -3.4068569051396698
104 -1.1954085782096553
105 -0.584528565659283
106 -3.735200493876047
107 -3.85521790043641
108 -3.7703725077338683
109 -2.04384046755208
110 -4.376003400821016
111 -3.5930140198982468
112 -2.1810443254157565
113 -0.6695546318105847
114 -3.5183642814957814
115 0.0035169764887560406
116 -4.165476128994951
117 -5.6529313693882735
118 -2.4458606349025365
119 -4.334664903180699
120 -4.337389309193567
121 -4.7950932403522755
122 -1.88437252396586
123 -0.8633892612574745
124 -5.173251988192275
125 -5.824808589797558
126 -4.274253499139963
127 -2.6141663522823873
128 -5.831343684595517
129 -5.296767864540262
130 -4.653060419739175
131 -4.876225464378737
132 -5.709346602229367
133 -4.628623429207677
134 -3.6381655141202565
135 -3.9910059056999287
136 -0.40199984281290874
137 -3.0634115939685005
138 -4.910272909029587
139 -3.8778162922545136
140 -4.672065956617167
141 -4.376003400821016
142 -4.947892214783071
143 -2.6352722716985877
144 -5.604999220105755
145 -1.8734182938242092
146 -4.346592629351996
147 -4.417736240492373
148 -4.134646195758305
149 -0.6019885412198005
150 -3.153886434343907
151 -2.669752229765061
152 -4.606359092074385
153 -2.6663928527612444
154 -1.9410614104805277
155 -5.8320253725091415
156 -5.693502116787596
157 -3.764060118993863
158 -5.005319675788201
159 -5.26133967938349
160 -5.505862792705185
161 -4.962601138283635
162 -5.492570109776283
163 -5.970704670643379
164 -4.248827892025817
165 -3.6730284695633695
166 -4.55535522115693
167 -1.7852003079934833
168 -4.075159682830997
169 -5.640122025977469
170 -4.321349924047858
171 -1.2343140942200905
172 -3.1731784700148395
173 -3.927273740243183
174 -2.1962909748937958
175 -5.604999220105755
176 -3.7047082756254412
177 -4.592373646576208
178 -4.594318535181366
179 -5.875097439416612
180 -4.365488017567999
181 -3.713590678867403
182 -3.2851393395909545
183 -3.666176363666887
184 -4.075919543538695
185 -5.071046604139536
186 -5.5470050358889935
187 -6.101869369209175
188 -4.474456304623121
189 -5.589260900126126
190 -4.952753934968506
191 -2.2978279293125152
192 -4.986741383176982
193 -4.750539328583284
194 -3.3373366738075374
195 -4.090489761780134
196 -4.256317487277711
197 -2.8392648019483357
198 -1.4307013382434186
199 -3.3687173679658677
200 -1.5287102447405334
201 -5.741201121347158
202 -5.4049035629047175
203 -5.518862318919974
204 -4.6200317834547135
205 -5.043092907532512
206 -5.62592667341748
207 -3.79548438063138
208 -4.215241301364685
209 -5.521767643627184
210 -5.875097439416612
211 -5.51143296232007
212 -4.920991410486737
213 -2.2556583859155537
214 -5.4516829346927
215 -4.4135259193742105
216 -4.778593986607855
217 -6.030443490135113
218 -4.17804839914253
219 -5.946938887303965
220 -5.4281524740471685
221 -5.4761642946366775
222 -5.122450335027773
223 -5.871882670964168
224 -5.820536013114863
225 -4.268250416854794
226 -5.710972563133306
227 -3.50433437301312
228 -3.3174493463963817
229 -3.9569588434374285
230 -5.254768770055458
231 -4.308171839105639
232 -5.385465032403864
233 -5.445507923118976
234 -2.5543455412771916
235 -4.063639328728625
236 -5.818364016227214
237 -4.623140860922019
238 -4.0417957577660975
239 -3.5558804562530764
240 -6.634040038656797
241 -5.875097439416612
242 -5.564833561355483
243 -6.142343668182933
244 -4.160594442457268
245 -6.015935855223265
246 -4.97711489772635
247 -0.808397581382955
248 -6.141109149645591
249 -5.3075201185352
250 -5.971091076795979
251 -5.841244702384927
252 -5.852316088416245
253 -4.396019356316933
254 -6.0176461822588365
255 -6.492498535970954
256 -4.815104533119123
257 -6.2174724051901356
258 -5.1217109685921764
259 -2.533104999157028
260 -6.026148493149426
261 -4.865306824713406
262 -5.673288511188887
263 -5.275949832984443
264 -5.435324716559473
265 -5.219711524540617
266 -5.056721829461772
267 -6.323044403519627
268 -6.02845188639325
269 -5.309854651985258
270 -4.542800570200448
271 -6.143873502678028
272 -5.875097439416612
273 -6.064311227682426
274 -6.49639673245382
275 -5.286614570873834
276 -5.4955443877675245
277 -6.444520308158848
278 -2.788433601652617
279 -6.551213496697615
280 -4.374875484229592
281 -6.3567270881984195
282 -5.334968224245749
283 -5.63026838066088
284 -4.3204645192337905
285 -6.902204150175973
286 -5.975711013980558
287 -3.8288065560325606
288 -6.266600525144522
289 -4.113070645299121
290 -4.480662777847897
291 -4.400584460644431
292 -4.966730103658044
293 -5.613910632645308
294 -5.916613084393142
295 -6.13723826480343
296 -5.025684431773439
297 -5.723174816891516
298 -5.963213076338695
299 -5.676859170608592
300 -5.405578199252188
301 -5.432699575024531
302 -6.047928562929198
303 -5.992755009689872
304 -5.508659607795179
305 -6.830073411188817
306 -6.303922816574927
307 -5.465394662027141
308 -6.695427665176981
309 -5.105904689548238
310 -6.046259018875699
311 -4.383365368643408
312 -5.146750142552936
313 -6.552005939740116
314 -5.335792455178067
315 -5.890177502301958
316 -4.405201897714396
317 -6.341139713150779
318 -5.982758860936517
319 -5.871936297541776
320 -3.930656918301052
321 -5.598879023606069
322 -5.971935919931453
323 -5.293631452478605
324 -4.715747915721046
325 -4.740731219952151
326 -6.290842426527625
327 -4.655013860329507
328 -6.235365279251036
329 -3.7304179580907224
330 -6.093665053552333
331 -6.535440084436022
332 -4.66096293375983
333 -5.816037906223117
334 -5.204600278416885
335 -6.508263561989664
336 -5.318200105671616
337 -6.207023362001632
338 -5.662912702631631
339 -6.695427665176981
340 -5.320085772972829
341 -6.930785960832838
342 -6.098648727931201
343 -5.211217511288761
344 -6.3190300722218105
345 -5.800463931686085
346 -5.45928398010895
347 -6.027835005730131
348 -6.166033807798996
349 -6.0602760156743845
350 -3.7658124076620707
351 -5.523289397456053
352 -3.697558160393163
353 -6.157957680374057
354 -6.127334314664022
355 -5.504446035485224
356 -5.748512006859478
357 -6.228592002491475
358 -5.416793172075126
359 -6.4171397881766
360 -4.6636463774771135
361 -6.751179883109684
362 -6.153406386369216
363 -6.001763863040301
364 -5.359556662492562
365 -5.664785251369904
366 -6.393739579936263
367 -5.84650448573869
368 -5.90590720661711
369 -3.974910341891822
370 -6.943314295176569
371 -5.862528028806508
372 -6.9519499518159735
373 -6.771727303460291
374 -6.314101765420432
375 -5.599414563416815
376 -6.031602609015267
377 -6.2925738165200915
378 -5.795792861236105
379 -5.870215182721536
380 -6.12085709528783
381 -6.702033076124106
382 -5.780956998424873
383 -5.702224912296862
384 -6.5382485152721355
385 -6.758537345692342
386 -6.139423518814558
387 -6.634810596008305
388 -6.379294874887042
389 -6.512173625631636
390 -6.745029591509193
391 -6.19897385505825
392 -4.516549666046095
393 -6.195629371126831
394 -6.374370403177762
395 -5.484917138178712
396 -6.105071228370421
397 -4.8163902511216525
398 -6.036710255925863
399 -5.966713548372848
400 -5.844340184544607
401 -6.954486201677966
402 -6.506969292936503
403 -6.735899057938115
404 -6.709029728713849
405 -6.741555945289382
406 -5.39142507537889
407 -5.938093323913633
408 -6.104925772019438
409 -6.002391423213614
410 -6.041441119864916
411 -6.65866902973941
412 -5.678677187417199
413 -5.494545329634465
414 -5.576452219458623
415 -6.704831094038595
416 -6.445016630834024
417 -5.4248510396348895
418 -6.189732418493314
419 -6.214439131847213
420 -6.341983248847978
421 -6.815184147163439
422 -5.063107803870171
423 -5.616784125733961
424 -6.234182747433597
425 -5.7058885602085825
426 -6.3038866269594696
427 -5.852107844621786
428 -6.203184141608112
429 -5.815768552128496
430 -4.799233316062692
431 -5.067645629295681
432 -6.224859748764263
433 -6.20617326300904
434 -6.8022473652428666
435 -6.566592040392116
436 -5.595083733327324
437 -5.8284527315222014
438 -6.4434041637625
439 -6.687624152886922
440 -6.785987648008639
441 -5.731630508346275
442 -6.8871430074090565
443 -6.809649496187127
444 -4.84661417752545
445 -5.40660774324035
446 -6.525783523735239
447 -5.874271815163356
448 -5.098632130947561
449 -6.766524117288384
450 -6.7148364207237705
451 -6.5696294225299345
452 -6.827059922434906
453 -5.42640849042065
454 -5.85941371229816
455 -6.814980089355922
456 -5.845505320964831
457 -6.903552679323692
458 -6.002826121674468
459 -6.606195124810957
460 -5.838123745068408
461 -5.605111957646574
462 -5.625601643189808
463 -5.674916642673352
464 -5.251352314229732
465 -6.943514379783545
466 -6.981438433607943
467 -6.373197056343792
468 -7.024610487525523
469 -4.818815068739018
470 -6.652850659138381
471 -6.800287432779721
472 -6.295284154119373
473 -6.832632104451166
474 -6.825295618986523
475 -6.7781388991698055
476 -6.886008088015576
477 -5.534391422384505
478 -6.7897132727574405
479 -5.470038565319356
480 -5.814249821489129
481 -6.035618832802825
482 -5.342419297111828
483 -6.827059922434906
484 -6.631543928799129
485 -5.243531728327193
486 -6.824797060092823
487 -6.761956194959048
488 -5.616059875096422
489 -6.686570638375358
490 -5.9974787037573964
491 -6.197394651444613
492 -6.3769490275383856
493 -6.122453292532953
494 -6.590846631093692
495 -6.282731693690872
496 -7.0628349168935
497 -6.913336028743626
498 -6.8289298024276786
499 -6.924928772210434
500 -6.030378222723062
501 -5.975316094402777
502 -6.129270392859283
503 -6.302879342062949
504 -7.048675282889039
505 -6.247858219874164
506 -6.588550077231972
507 -6.665390576405901
508 -6.510027399408753
509 -6.913899119681455
510 -6.908086594948523
511 -6.190267623151091
512 -6.611456422005762
513 -6.308399454384007
514 -6.877660817546278
515 -6.843705200845015
516 -6.664089175972428
517 -6.848976395176967
518 -6.883679998887872
519 -6.7768518584473165
520 -6.681151984861701
521 -6.188357323940408
522 -6.85427474267365
523 -6.2124649497525315
524 -7.10633961925813
525 -6.99425455693958
526 -6.910391103116222
evaluations raw_y
1 3.490617314139522
2 -1.6641104887919427
3 -0.8229819709333236
4 0.2737984318351304
5 0.45685065448280837
6 1.6552210111969468
7 3.12081234021017
8 -0.7142629622960377
9 0.5738722754834307
10 1.3892118803312155
11 0.009374382119341773
12 3.398487999861662
13 0.3638876287235063
14 -1.4761109644461348
15 2.8933279583579683
16 -5.261877337282723
17 0.35291040065682433
18 2.793651483488832
19 2.8441618182348867
20 1.7461994283276583
21 2.5618387503912445
22 2.786879370203226
23 -1.652670039825571
24 -0.14936294697152952
25 0.3477048051700613
26 -0.92899719794402
27 0.7795110278067834
28 0.3526491557750596
29 1.4305797168240635
30 0.7068160703667388
31 -1.7626247815184053
32 -1.3545399712494168
33 0.3536434900979103
34 -1.1404136909380318
35 -0.7999541189780568
36 -4.740570551739418
37 0.761102773778586
38 -3.0881224208525864
39 -0.4829994433425418
40 0.8353449545833216
41 0.47655504514250674
42 -0.622710027805523
43 1.6599754161608227
44 -0.22832440358994321
45 -5.405808889364408
46 -0.8181133891677546
47 -0.5246910627410785
48 0.6619967278070071
49 2.0572908922561504
50 1.2152481049998942
51 -3.630111527363403
52 -0.8312847847035413
53 -3.5420785934153507
54 -0.5530109609429423
55 -3.434783246454339
56 -2.929381187019706
57 -3.074282444177711
58 -1.1053156157354542
59 -4.71869157231666
60 -0.631084820115758
61 1.0710139074106546
62 -4.769208386096657
63 -2.173042440479601
64 -3.2357006028690494
65 -3.5701527015924133
66 -6.012418084978078
67 -2.2687612185093484
68 -3.1114760364610907
69 -2.5841309448382637
70 -4.796008956310878
71 -0.4757037402445504
72 -3.6654373160577753
73 -5.872763456919021
74 -4.462886774389839
75 -4.012292807565121
76 -4.676056939435629
77 -2.5472117083877492
78 -4.070117410988747
79 -4.570168763716173
80 -5.4039314388972315
81 -5.914620491329166
82 -4.5386897063510805
83 -0.21435784594013008
84 -3.5420785934153507
85 -2.9625792174455166
86 -5.613202679657992
87 -4.393204703965349
88 -2.299766825868006
89 -2.71385081465405
90 -5.054123510097195
91 -3.663541251377044
92 -2.8771497595948827
93 -5.0247856647092055
94 -6.2840387249657255
95 -3.3483229632653337
96 -2.9210897255533688
97 -3.362302339732277
98 -5.081552478054879
99 -5.219464044735218
100 -2.960075971155799
101 -5.217693247310178
102 -1.6120070080883528
103 -5.3324049969152085
104 -4.4972226655387235
105 -4.69455885133312
106 -3.419678510134211
107 -6.049042968552361
108 -4.9927349031519395
109 -2.718026758746366
110 -4.91156724908493
111 -4.774618655287031
112 -2.8506322024986925
113 -3.3890390835087523
114 -3.7040507962625133
115 -4.200650802408597
116 -4.818905887686855
117 -2.5239711756167424
118 -5.619650969581691
119 -5.137156353890302
120 -5.948340746889556
121 -3.35180381772633
122 -3.4894617434170376
123 -4.26840224445189
124 -5.432544344692616
125 -2.8334801340251015
126 -2.002873315179731
127 -4.503872361747985
128 -4.412751467819333
129 -5.784223660211404
130 -3.169947714341941
131 -3.885110304997151
132 -4.466319499893366
133 -4.359504991075916
134 -4.934228514212979
135 -5.231749668732333
136 -4.926372996575999
137 -3.99806995050325
138 -5.924531203797832
139 -5.208293342127185
140 -3.8352151659765994
141 -6.453175010034376
142 -5.013163380246863
143 -5.944274785180814
144 -4.220173123071037
145 -4.545525377044989
146 -5.7117609512852985
147 -4.998171155789968
148 -4.603988591180204
149 -5.396873029202984
150 -4.517973315611998
151 -4.56767003234748
152 -6.092819505869883
153 -4.191084721424495
154 -4.876462666707184
155 -5.042026326326826
156 -5.751689868311296
157 -5.312024472432096
158 -3.9789929503738426
159 -4.669020178076925
160 -5.9457018859729995
161 -4.755673888554668
162 -3.9147598505163446
163 -5.3798849182659065
164 -5.499563289325965
165 -4.684042614357373
166 -5.462250532441985
167 -6.167056663531179
168 -3.5701927854845845
169 -5.246043793391815
170 -5.896888969962346
171 -5.794211369950165
172 -5.7138050171850745
173 -6.607528044938281
174 -4.4229030108701535
175 -5.976712744680711
176 -5.101214092495897
177 -6.226979955267019
178 -5.556655104481748
179 -3.871548619848695
180 -5.175225147069806
181 -5.369848849614611
182 -4.456410302167183
183 -5.1381452360548545
184 -5.66852276561189
185 -5.885818118845068
186 -5.3443576103513895
187 -5.79792390275328
188 -5.4334172752240715
189 -5.308062784772758
190 -4.757836608946198
191 -5.409934674786883
192 -5.820133833064407
193 -5.973091180403872
194 -5.645668001404424
195 -5.82208300547479
196 -5.080094257156334
197 -2.0141724362340168
198 -4.821788243113753
199 -4.442164800914253
200 -4.597336639223562
201 -5.8445801635035055
202 -4.678343772680893
203 -5.990277993185442
204 -4.944873551427103
205 -3.24933547203074
206 -5.191220049341456
207 -5.665519023082106
208 -5.897291052419388
209 -4.791284114568579
210 -4.956244794330818
211 -5.481036477451066
212 -4.943187767177161
213 -3.8575961542554245
214 -5.945851694140131
215 -6.283498958741063
216 -5.829345167874876
217 -4.943942755743906
218 -6.4049500116656395
219 -5.76029037500556
220 -5.44778961190707
221 -5.455081364759194
222 -5.554556552488499
223 -6.035091797807649
224 -5.263310077157531
225 -4.396224195030763
226 -6.012443781361432
227 -5.551592137453866
228 -5.297784452970022
229 -4.983644261465887
230 -5.564488873127718
231 -5.653042354839852
232 -5.572785054793358
233 -5.133113306954112
234 -5.943250410745511
235 -5.021176861677962
236 -5.542050017817824
237 -5.788726232406106
238 -5.804298896648674
239 -5.88311617091817
240 -5.543431427389322
241 -4.853534729294218
242 -5.366394160832481
243 -5.776182259844107
244 -4.266288842341848
245 -5.9278257024222984
246 -6.359603660233718
247 -6.171984800070159
248 -6.201508248509099
249 -5.940046061859157
250 -5.60074455350247
251 -5.727835118473394
252 -5.593081579949797
253 -4.372103294793716
254 -5.961201677462461
255 -5.470975776699613
256 -5.3084481073629455
257 -6.118718801833392
258 -5.404155589620888
259 -4.988231356678816
260 -5.8418362695816
261 -6.409436617901233
262 -6.3001221004917465
263 -5.495042573836724
264 -5.9105325049783755
265 -6.257253345913837
266 -5.766489574374091
267 -5.469548168476742
268 -6.38618619794296
269 -5.7601642090521405
270 -4.479050498488897
271 -5.465906419840665
272 -5.476799843996139
273 -4.5859032395337085
274 -4.966707689248137
275 -4.521913395262051
276 -6.035543896193714
277 -6.359603660233718
278 -6.302214626935732
279 -6.007542441432218
280 -5.700227425843245
281 -4.064059103521326
282 -5.701905279126954
283 -5.759892777221241
284 -4.996211550428745
285 -6.003943816128206
286 -5.594585085984379
287 -5.431047917286113
288 -5.960683905897014
289 -5.537405473814027
290 -6.002641299456909
291 -5.799691689310896
292 -6.409436617901233
293 -6.039993826698959
294 -3.9721125357326286
295 -5.9616192178757155
296 -6.217964911416388
297 -6.2106975923048715
298 -5.618348954124036
299 -6.260859483632009
300 -5.968215920340275
301 -4.74234086443912
302 -6.352532953617771
303 -5.939151072067478
304 -6.30506315100838
305 -5.683520773285031
306 -5.68605188877005
307 -5.162077134141423
308 -4.973368431841651
309 -6.157352014116313
310 -5.555432171952136
311 -5.857953700514191
312 -6.168687795422543
313 -5.863554736992357
314 -5.319100080883391
315 -5.132342359465433
316 -5.247167185242619
317 -6.249467090927365
318 -5.656045525848211
319 -4.833662201749147
320 -3.6882192652393035
321 -5.518018367784423
322 -5.2722869056086505
323 -5.697544861669844
324 -6.569567774752775
325 -3.8112490808118205
326 -4.203172525496635
327 -5.30624929257109
328 -6.053861664570548
329 -5.17584157204979
330 -5.862751703259288
331 -5.769430593344051
332 -5.762684292022775
333 -6.465809748037443
334 -5.982707075786394
335 -6.481103243296088
336 -5.1002248657732245
337 -5.535278245485023
338 -5.585463984423288
339 -5.780425729874304
340 -5.626668485731981
341 -6.055590339827877
342 -5.872775417433518
343 -6.3714034169776
344 -6.390779134887408
345 -6.21522787176929
346 -5.436173249037285
347 -6.169252774910403
348 -5.786908418342402
349 -5.479306976690374
350 -5.297902955251911
351 -5.308804294311812
352 -5.344844804895236
353 -6.019020395400353
354 -5.304561336004921
355 -5.478968420937154
356 -5.941472157864231
357 -5.526813837154082
358 -5.689360160137187
359 -5.922100291739362
360 -5.300942679390822
361 -5.68377250799765
362 -6.070430891840718
363 -5.842869179413383
364 -6.588490424010351
365 -6.655726369587613
366 -6.34364742710256
367 -5.843789833594068
368 -5.787383620856221
369 -5.561511388196816
370 -5.780594982232199
371 -4.635658911105612
372 -6.051328993893055
373 -6.212587463480306
374 -6.330358312950243
375 -6.0280249096269785
376 -6.2542580491834405
377 -4.975014802752913
378 -6.158499281036013
379 -5.311930007841027
380 -6.138392106126659
381 -5.52285675476471
382 -5.137153498723201
383 -6.103296653594596
384 -6.099546597172811
385 -5.63809144538066
386 -5.738596852161923
387 -6.233987043159392
388 -6.327864816633923
389 -5.948340746889556
390 -3.9233191037032205
391 -5.838792151591344
392 -5.6534629427246115
393 -5.311835428581636
394 -5.293826190413036
395 -5.491412864458207
396 -5.5371759566531615
397 -5.669146565576386
398 -6.288620183254489
399 -4.903672910664613
400 -4.773276937162417
401 -5.767437670092873
402 -6.489294851518876
403 -6.109156932614801
404 -6.533174410136248
405 -6.293073743814248
406 -6.410376728170812
407 -4.849025221996186
408 -5.645775002192558
409 -6.098751582769904
410 -5.74781627289707
411 -5.8332788330009295
412 -5.565060571941926
413 -6.328137198739885
414 -6.037037671797855
415 -5.542827596777573
416 -5.849042995312774
417 -5.778765455691882
418 -5.865734016559511
419 -6.201010358473271
420 -5.591115410136526
421 -5.590256504788679
422 -6.2358095064860635
423 -5.468053042684792
424 -6.597381801772784
425 -4.982771955767435
426 -5.368196377138443
427 -5.576047701470311
428 -5.6415772221711435
429 -5.986130857521635
430 -6.052889332283692
431 -5.937823155275648
432 -6.2168610544355065
433 -6.05512497567562
434 -6.5829237387358415
435 -4.466436821194527
436 -5.5557788560901935
437 -5.278241453122166
438 -5.869580807900072
439 -6.264478550183094
440 -6.691152487280906
441 -5.860988638333894
442 -6.376699606053688
443 -6.567193534371165
444 -6.025402378121018
445 -5.540341094766641
446 -5.398362333624925
447 -6.443361416698329
448 -6.197881315690301
449 -5.290519628399208
450 -6.634713973180832
451 -5.812863008352824
452 -6.567574032553227
453 -6.569993174499923
454 -5.841846250217945
455 -6.45988343339358
456 -6.081120077009378
457 -5.245556969840125
458 -6.300870721044552
459 -6.108643060075302
460 -5.586512592448018
461 -5.296810460347735
462 -6.698000521539223
463 -5.57360023443321
464 -6.2532710199728
465 -6.38160514703016
466 -6.6339240994697075
467 -5.503907342511812
468 -6.51583042793819
469 -6.407972703656622
470 -5.705750180328861
471 -6.478711805016182
472 -6.093701758966513
473 -6.021236386151515
474 -5.670317299617267
475 -6.403833671818344
476 -6.21915346732213
477 -5.2139080308319325
478 -5.6000044138456
479 -6.297598129201823
480 -5.8595918326785075
481 -5.084963233100231
482 -5.938903481478177
483 -6.406471574902497
484 -6.490222007668114
485 -6.646515070703122
486 -6.82197051409341
487 -5.529284951275798
488 -6.111945510721382
489 -5.545837191865563
490 -5.83720893220692
491 -5.340259465415031
492 -6.337349146858777
493 -5.428108578222207
494 -6.513588199274218
495 -7.162894974700684
496 -6.511844817677523
497 -7.202325140126641
498 -6.181684000695911
499 -6.6331111426682225
500 -5.4464094761318
501 -6.475946001850937
502 -6.711430303015633
503 -6.495936326770788
504 -7.127925898213805
505 -6.345777525543913
506 -7.091110348378625
507 -6.258573848329281
508 -6.25452221240731
509 -6.819558588035285
510 -6.501402051151418
511 -7.125374970395129
512 -6.656714747444356
513 -7.0226128748175904
514 -6.605641442567248
515 -6.507102660234938
516 -6.498386312494505
517 -6.463580460704907
518 -7.253222607732512
519 -6.603684137235511
520 -6.431000869068765
521 -6.664319579399693
522 -6.332420213576885
523 -6.8590981343624415
524 -6.227653496402519
525 -6.622186421881092
526 -6.542723040461529
evaluations raw_y
1 4.153416876644547
2 -0.9193292577733121
3 1.692624872284577
4 -0.07062008223746163
5 2.0962436651168868
6 -0.14496373751566805
7 0.514748931201861
8 2.014619458450293
9 0.5484219250756118
10 1.709064790171621
11 2.1538371647878067
12 2.07150760746942
13 2.3607787193770196
14 0.930669395471819
15 2.5429657648964663
16 1.2583329796549663
17 0.23930858346687378
18 4.635551940064458
19 -0.2587321601523651
20 1.567774306868166
21 2.8049868919034524
22 1.6133004321541837
23 -1.066971933219457
24 2.3652400306884993
25 3.8329926924000057
26 -2.352097850786878
27 1.6318980031418775
28 -0.8014267717784507
29 2.548470227513565
30 2.4989770707055
31 0.09756993512257411
32 2.929395091659189
33 -0.45186065417056104
34 -1.791995796286368
35 -0.7624978924366435
36 0.5942714467296731
37 1.8828036654118545
38 -0.19293636108247675
39 2.0861278718980074
40 -0.041014735839951855
41 1.4991632088983167
42 -0.6996066257716149
43 2.4484976991549288
44 1.4869583771772548
45 0.7210271188438273
46 -0.6717183521002352
47 1.1800687565629269
48 1.1616565044301668
49 -1.891332912875549
50 0.571296656647636
51 0.11550355244365207
52 3.253797350454535
53 0.7180327101335525
54 -0.9505936923806482
55 2.3012250265429217
56 1.4756387102244428
57 -2.685452495857293
58 2.6208709686571776
59 -3.9670135261265167
60 2.250095976376837
61 -0.28190129978456036
62 -0.8646811656804277
63 -0.45553329618739347
64 2.379640151084729
65 -0.9573807841534587
66 -2.783210010308578
67 1.1209821420481176
68 -2.0347682935675544
69 -0.8093107758916701
70 -1.6231226203982048
71 -2.136735156445132
72 -1.390299892624022
73 2.365533358014565
74 0.13283909963170698
75 -3.0390989360878824
76 -0.6170994141335006
77 0.35423633943718463
78 -1.7487365656484926
79 1.102168679688529
80 -3.501547886742469
81 -0.836128690766182
82 0.5585015815231389
83 -0.8126746992875725
84 -2.8314599148472603
85 -1.3248150798468483
86 -0.5726170340943095
87 2.1958741853334427
88 0.048018293733402606
89 -2.5155810653791795
90 -3.9670135261265167
91 -0.1533183767595359
92 -2.16270213574037
93 -2.5714284848751334
94 -3.5618224245707077
95 -3.152300867728223
96 -0.8747201343727887
97 -3.264343085998663
98 -3.064839360308909
99 -2.2787978073422837
100 -3.647784126461331
101 -1.8315451260388502
102 -2.14354888611868
103 -4.0004424481725325
104 -0.8894280214636583
105 -1.339563764169935
106 -3.351146831176195
107 -5.0435309808391215
108 -2.61490605753634
109 -3.2442546299619694
110 -4.907942891969961
111 -2.3258492664578814
112 -2.1930302986080576
113 -4.41079416312432
114 -0.6660573536403693
115 -1.2110799534829846
116 -3.8098584213398916
117 -0.5172840307351467
118 -1.4521558972369553
119 -3.6508949180517343
120 -4.213432606110081
121 -3.9670135261265167
122 -2.2877316587564342
123 -2.691258833746804
124 -4.2594567844302595
125 -1.9451933548729277
126 -1.8958686674912464
127 -4.068636850855418
128 -5.149145558195806
129 -3.9104339371160965
130 -4.54132339457119
131 -4.496557439197847
132 -2.268684012995302
133 -1.5185616004709483
134 -4.271215887638925
135 -3.9610354366355667
136 -3.348610151759292
137 -1.5849915235859717
138 -4.10531933505775
139 -2.5675350792601885
140 -3.01581628364264
141 -4.5051485243460485
142 -4.888535211975464
143 -5.043237802870005
144 -4.41079416312432
145 -3.4052600352874394
146 -5.467488255919805
147 -3.0346215491988078
148 -3.0855293439759612
149 2.714593921284245
150 -2.5321048039139975
151 -4.347065817108919
152 -3.5925385609596088
153 -3.3718410954308538
154 -4.389128407553237
155 -5.318271123526191
156 -3.8377260546841394
157 -4.059341303885497
158 -5.133889416172398
159 -4.336381625474401
160 -4.683465644243855
161 -4.053247811475149
162 -4.501606100342536
163 -4.356008841956087
164 -4.186854775852964
165 -4.200141950963146
166 -5.215944973123076
167 -4.9055907898209785
168 -2.8972100907741956
169 -5.605127433419
170 -4.028882058268795
171 -3.799839331019154
172 -5.041430712677442
173 -4.888535211975464
174 -5.98020162964339
175 -3.6412379080099715
176 -3.523171453622478
177 -5.007128511076051
178 -3.2590482756923587
179 -4.661020226866736
180 -3.1378364567942194
181 -2.598476909085075
182 -5.237019206857635
183 -2.0765094726751894
184 -2.727084593238049
185 -3.5354755224774865
186 -4.553921704108299
187 -4.779865726882077
188 -3.1839285644395376
189 -5.3018652182973245
190 -3.6554312138447838
191 -5.292937442822806
192 -3.5178750862198274
193 -2.933326844361595
194 -3.6408989005593186
195 -5.3879036274941
196 -3.924422948580182
197 -3.4736724271559227
198 -3.566118884610881
199 -5.215661349256144
200 -4.85261517285625
201 -5.6598768624456035
202 -4.788447075081966
203 -3.7707076507839896
204 -5.140169061271898
205 -4.671602982063137
206 -3.680296344527105
207 -4.577118822978881
208 -4.0932091138746305
209 -3.094910608625468
210 -2.231507884005642
211 -3.4889849624995297
212 -3.375942555582796
213 -5.621834155481194
214 -2.7185847792711626
215 -3.503669327019459
216 -4.13239364751375
217 -5.004218335255024
218 -5.237314005366927
219 -3.586110654447639
220 -5.5097627837500545
221 -3.8271525681892715
222 -4.857184939710586
223 -4.016649268034644
224 -3.756640120999042
225 -4.569674512737178
226 -4.538872184075702
227 -4.577194303866741
228 -5.061911456430078
229 -5.620769548269823
230 -4.921679172027647
231 -3.8748451260842813
232 -3.9192377721174463
233 -5.394695308869547
234 -3.2408213873705205
235 -5.097291116766436
236 -4.43327245776055
237 -5.128272101993645
238 -4.672878950157733
239 -4.631405944254203
240 -4.405653804295392
241 -4.084352911390099
242 -5.2625094044479885
243 -5.0494624306771625
244 -5.033065658907407
245 -5.436492487169126
246 -4.520814104426524
247 -5.953983519240748
248 -5.4593534896767775
249 -5.216192817880205
250 -5.553583379990155
251 -5.676085131464342
252 -5.390784457950668
253 -5.69579791546859
254 -5.257254179233994
255 -5.255663539548179
256 -5.152539443790068
257 -4.5847613069346576
258 -5.839390794387635
259 -4.991692617885574
260 -5.403770093481849
261 -5.230710708036997
262 -4.983008410180159
263 -5.432637246380208
264 -5.6021487256868365
265 -5.3555644468478505
266 -4.470208669823498
267 -5.211231750551702
268 -3.8753813868693534
269 -4.761733756499029
270 -6.11491062371623
271 -5.332391058661846
272 -6.566039520483331
273 -4.434825135287561
274 -4.177745415541103
275 -5.367356553533568
276 -4.590816202297848
277 -6.067867712362052
278 -5.5955658624480575
279 -6.066996951253468
280 -6.316355292493412
281 -3.375321161164146
282 -5.388791547485602
283 -5.2553094713501265
284 -2.895035964072326
285 -6.009267102715119
286 -5.627783506278642
287 -4.709322041825521
288 -4.938599228361451
289 -5.677392137340578
290 -4.976048623407605
291 -4.352919286591334
292 -3.7402214719233213
293 -5.201212085852641
294 -5.563491576412321
295 -5.556766702014322
296 -6.647888282649812
297 -5.550525909803427
298 -5.753372056785705
299 -5.152270764491563
300 -5.262521468129881
301 -3.2474430022031324
302 -4.423977728956492
303 -4.92913364528129
304 -5.7567833955437875
305 -5.416014044318864
306 -5.047064577655479
307 -4.632952996918727
308 -3.841615432360089
309 -4.59028298149295
310 -5.869939035650364
311 -6.316355292493412
312 -6.009652155513439
313 -3.8900614720749833
314 -4.742625453599738
315 -4.403284070158514
316 -5.63058280555382
317 -3.6303004537740087
318 -4.331023289041744
319 -5.5249778235129
320 -5.2406475717634695
321 -5.28003615880699
322 -5.555755036042049
323 -6.131516567777743
324 -4.922800025854757
325 -5.188709217770281
326 -4.1624284230352915
327 -5.4096008462635
328 -6.479362995308815
329 -4.596829035713814
330 -6.212161013142398
331 -6.315641891338969
332 -5.18064442109509
333 -6.330989069027957
334 -5.917103233460532
335 -5.205005595517941
336 -5.141642021790738
337 -4.780387701556367
338 -3.8850226003916206
339 -4.971035938694945
340 -5.1911593148204025
341 -5.656623054522852
342 -5.809829579490373
343 -5.787119257287705
344 -5.415051126342393
345 -5.2370905434234185
346 -5.735420749093782
347 -5.854317768967144
348 -4.42795071557795
349 -5.731071477085103
350 -5.9508861501084045
351 -5.326349325585811
352 -4.8202939299890195
353 -4.184581376353364
354 -4.704733572790658
355 -5.407271499701464
356 -4.92681659596327
357 -5.302017266344061
358 -6.146590422542658
359 -6.479362995308815
360 -5.959797769537548
361 -5.564188950785294
362 -5.995231374076025
363 -4.143147578109091
364 -5.793333309383678
365 -5.560603503157173
366 -6.130352986964711
367 -5.706451461513078
368 -5.156736263059619
369 -5.253231261658098
370 -6.456780168013244
371 -5.863538105353846
372 -5.723326448686409
373 -5.395129962768408
374 -5.023829523551105
375 -5.326177047933607
376 -5.208292345756881
377 -5.414295947761932
378 -5.17837360432362
379 -5.535201338348007
380 -5.41635464452553
381 -4.610956171514851
382 -4.8257542210639315
383 -5.50961564368046
384 -4.735955591646786
385 -5.1477558844886255
386 -4.973447321822339
387 -5.136517824831669
388 -5.852397862813472
389 -4.161689535258541
390 -4.796302863161228
391 -6.089379756082557
392 -6.275869014328756
393 -5.4449083639824565
394 -5.432911014832108
395 -6.473961541680721
396 -5.820166898397624
397 -5.924860389107151
398 -5.6296794369968275
399 -4.885003815098651
400 -5.838127223145239
401 -5.97678958067049
402 -6.10515867132249
403 -5.968787628066185
404 -6.531092746955247
405 -5.71931698846764
406 -4.487924978539345
407 -5.873104267645703
408 -4.985880430354102
409 -4.515249675850082
410 -5.405517213754634
411 -4.864820228052371
412 -5.070141977895462
413 -6.204083141408384
414 -5.227093654475657
415 -4.7517499921654505
416 -5.754956246588632
417 -5.840547801237122
418 -6.405827934783244
419 -6.268669868848084
420 -5.57467100903038
421 -4.812990892873022
422 -5.746933005138862
423 -5.953275727373323
424 -5.9499877072841345
425 -5.092498725608914
426 -5.120547139709882
427 -5.841712859029309
428 -6.378404055860912
429 -5.199873862189109
430 -6.373709673527927
431 -5.737874462715894
432 -6.605198191239481
433 -5.193796900509357
434 -6.57319417277011
435 -6.409849674303441
436 -5.918830240370174
437 -5.748051300975342
438 -6.654701928695179
439 -5.828246750901206
440 -6.248171213820033
441 -6.554762485266283
442 -5.730966176043521
443 -6.249818378502314
444 -5.894475243961071
445 -4.676393809235621
446 -6.091286623501547
447 -6.179004086155659
448 -5.5655200511866445
449 -6.407963982360528
450 -5.440963420845324
451 -4.540847924505469
452 -5.569814054906539
453 -6.0208658643896715
454 -6.30563557187703
455 -6.038444793466729
456 -6.023728013547147
457 -5.558509239996724
458 -6.561442826824384
459 -6.513372049206048
460 -6.105771770609703
461 -6.573262549265829
462 -6.376057022225664
463 -6.425152761344094
464 -5.416736855321535
465 -6.73514166064019
466 -6.317992215860453
467 -6.827415294258332
468 -6.527818897491375
469 -6.281341046657213
470 -6.002239213545465
471 -5.478758437635594
472 -5.278988590738865
473 -4.719853145144334
474 -6.000031515064423
475 -5.273371088034143
476 -5.795359193521318
477 -5.310890775588465
478 -6.198237855532695
479 -5.539123931379899
480 -6.237866655735691
481 -6.279950304831298
482 -6.67417404500484
483 -5.436998821720405
484 -5.880036945647374
485 -6.690026736952287
486 -5.666456409956879
487 -6.1104873497482775
488 -5.177492274896235
489 -6.430144022039272
490 -6.860218650562658
491 -5.8917757785144955
492 -6.197203537176535
493 -6.768416752918047
494 -6.21557200028139
495 -5.0423240677136585
496 -6.216160654804166
497 -6.660073035684525
498 -5.826596355322312
499 -6.857154886048648
500 -6.746017510047723
501 -6.1180243082734105
502 -5.896348251248472
503 -6.4554168254733675
504 -6.035416206205374
505 -6.322751512766526
506 -6.640904541551853
507 -6.552148610568661
508 -6.836781597069692
509 -6.197663287608871
510 -5.272044044148071
511 -6.124748867664136
512 -6.562299361040497
513 -6.568944624431918
514 -6.3264372837645695
515 -6.3445354688201725
516 -6.578478755461065
517 -5.689167297090292
518 -6.506633682116158
519 -5.75123233688012
520 -6.865313563131132
521 -5.299808965166068
522 -6.069554333353878
523 -5.875095174179171
524 -5.988742278956819
525 -6.529064457535436
526 -6.673570970196548
