evaluations raw_y
1 8.143231752007022
2 38.3036862371698
3 45.984069846746706
4 73.37823676798374
5 53.31949848077206
6 37.16599522814842
7 36.721694379442184
8 27.42610914493037
9 26.279412278059592
10 33.73837487048109
11 51.12671530885031
12 26.752685083423742
13 51.348481281264256
14 55.94655819288778
15 54.022337331472706
16 59.91016980171094
17 25.935661672662107
18 43.777149614165
19 31.001243100319748
20 70.74055624298325
21 42.48637871457119
22 32.26581030115445
23 28.716882673022205
24 32.76967200500362
25 27.83960486824357
26 36.76265057426804
27 22.381582418930446
28 5.517076832821632
29 39.68893814142616
30 66.07958248198918
31 52.193357677539716
32 41.10380664149665
33 43.829530841507754
34 54.25753533473207
35 60.39889849993802
36 53.632191702210974
37 41.488112380813526
38 13.641539560658702
39 42.771223749891114
40 32.80017260204847
41 42.61994717607912
42 37.709778368420565
43 63.853030461657504
44 23.047995464791594
45 39.20579659580578
46 56.06396980258124
47 47.364686507813815
48 5.595652035106628
49 47.08533946136108
50 23.27964705139609
51 51.77545247271269
52 47.04747115153539
53 50.52870598143298
54 50.92854508282951
55 24.532366361408233
56 22.921692401499275
57 44.97930102137496
58 31.766132890818437
59 50.91105026726571
60 26.17625035568608
61 28.57105089018581
62 11.438030302241721
63 69.30109947974059
64 40.09222692107888
65 46.478743068259966
66 31.435642407867768
67 26.033237304788756
68 61.114217713190456
69 31.747646196981613
70 49.60160570146324
71 53.84576368891701
72 18.76354151915227
73 93.22876092385128
74 32.9418976487835
75 30.952379666682006
76 57.39252328901984
77 21.34534291656782
78 4.7126461056444615
79 54.3567025264949
80 68.3013701107017
81 51.171199441260256
82 12.049987521521382
83 20.282936572011334
84 39.8517250877629
85 22.20535602168784
86 73.48549658972247
87 38.744393121959725
88 20.35411473381335
89 35.4762511691789
90 28.35759248672575
91 33.77861913403729
92 51.30721120478628
93 55.654222153340335
94 27.469609681837536
95 13.341520786874423
96 69.92412597971233
97 22.068584967213592
98 28.71939893296474
99 41.49230466489887
100 13.671023621571113
101 35.88875991306891
102 17.62600735262361
103 28.9990087370227
104 18.28065774360628
105 29.321995451899763
106 23.873839089788568
107 36.61576834426408
108 22.425970016227694
109 43.92858596064929
110 31.6423325667607
111 40.20771642402765
112 31.571853758022048
113 6.599984163815852
114 27.482881199060994
115 39.09060228763621
116 51.58785054649828
117 24.415082043616163
118 19.45358318136433
119 23.629550676498408
120 60.499289760151065
121 68.94204482045302
122 22.051702186096822
123 9.702865642694901
124 22.453224086970426
125 41.944801840675005
126 42.78543199569101
127 24.434213142130556
128 5.468450316163834
129 23.229078125044502
130 114.70031372490241
131 33.881404972832165
132 20.64484789485389
133 43.15524563316225
134 60.88850639410894
135 39.506751339135704
136 44.1293170720967
137 35.42467523787691
138 22.720774765858824
139 31.47264505572269
140 42.50020122672895
141 58.32272134677516
142 37.427711111856034
143 35.69622708521825
144 11.570575191293704
145 88.73330004746832
146 35.58438623326427
147 14.747703740148053
148 5.636380064594942
149 75.88660582285266
150 22.32364956307126
151 28.494566911715864
152 9.253266450299382
153 27.933849657061135
154 16.445205409496502
155 22.186273937329503
156 35.94717678796364
157 29.3817331720795
158 43.354594794611
159 63.405885176658316
160 21.960516982172653
161 12.336321183610067
162 6.150838033707703
163 11.655763377065554
164 14.12699978547186
165 36.86224003222366
166 11.250171254596632
167 35.05849545164242
168 54.905420966992885
169 8.046967074850004
170 48.06017648004556
171 39.34460089642996
172 13.792258767245702
173 10.580333311421143
174 23.722252642769067
175 17.253165168646703
176 26.8805050331407
177 5.404182000430769
178 25.990950482031632
179 12.55380836629757
180 50.087544126544245
181 25.090101571828132
182 27.18074739826804
183 19.90912855069336
184 45.34881347052571
185 21.45824330651891
186 72.46694474138661
187 38.615713627914076
188 23.437266655510523
189 23.41074725392411
190 17.146757266352523
191 28.96780984585624
192 25.439038970373332
193 14.042316948857954
194 24.094275501394417
195 20.41185632710109
196 27.99110050488793
197 26.218342162572284
198 23.882556080756824
199 40.95135433261812
200 11.338963636217013
201 22.61268625555027
202 22.83250774804429
203 45.45159236315539
204 36.59271261298581
205 17.057411668213433
206 13.903227421137988
207 6.590447902725813
208 19.094599900290273
209 17.23196933000492
210 27.63547368410083
211 23.481059649890387
212 32.041029945317
213 11.097606636835575
214 11.221686925852667
215 23.948675426101257
216 26.81976690626559
217 18.298856816446598
218 20.91038046337742
219 4.06627240972984
220 36.99147930096804
221 21.980412437846535
222 8.059829300259516
223 46.99016741317671
224 5.856642742308043
225 17.676585220165766
226 25.186420085010226
227 4.882774782105701
228 21.407342424965584
229 25.177247890524885
230 53.07242538702412
231 31.381485807781715
232 17.55347840635901
233 27.3754857587383
234 25.52218628887414
235 25.92016613710054
236 43.75423303169988
237 34.092846953951835
238 33.878252596672226
239 15.398633539159785
240 18.042630630452976
241 17.31882443345559
242 18.802501537680016
243 22.658789369277972
244 17.156499829133637
245 41.67558595098871
246 29.736187722981406
247 19.271196822116288
248 13.495503410212176
249 11.599856291695652
250 10.623797851946863
251 52.49106271621432
252 9.319007411485902
253 29.648657656073592
254 16.253423099324447
255 23.49239809931781
256 25.26123674639239
257 11.622687222390677
258 17.17843907601247
259 12.991571278552044
260 38.429594114307946
261 11.287545613897644
262 7.0411000449791805
263 1.1167866093705672
264 13.267310878328427
265 26.197370159317185
266 25.9376504330188
267 30.32171820357598
268 8.881920748787957
269 33.75522896891038
270 30.604055629042247
271 9.430105382695384
272 9.778896784701065
273 11.454897296733245
274 13.978957324579975
275 33.907547500528025
276 10.835153569705938
277 1.79490556496155
278 35.680131746340344
279 1.7905596503899908
280 49.282779345387596
281 30.116829946034127
282 16.05361201626246
283 12.2338641429527
284 23.108887816760927
285 4.247093051200203
286 32.8660954972481
287 5.948160305209776
288 6.150481123369367
289 15.272974313883088
290 28.020827382897796
291 13.93282102412067
292 20.68252843330685
293 14.152496543584
294 14.672739429968948
295 3.925480360588773
296 26.953288023603807
297 9.669840570031345
298 14.984197785174715
299 14.483734901554861
300 7.366667831275757
301 18.422873689301362
302 7.24680514937672
303 20.593484312299598
304 22.779811756970975
305 8.66079677743463
306 14.732213860350454
307 4.819674998598918
308 14.851837200822272
309 11.839072822675387
310 43.185129799191195
311 18.806631875517326
312 0.7079245268868246
313 8.770893366862154
314 15.14051189910271
315 25.279246609474672
316 21.596401426154817
317 9.568843323430919
318 30.76749372800181
319 23.028679329115896
320 2.854652881944795
321 9.322605955931955
322 16.41568134164484
323 6.572331228932081
324 16.547729561896666
325 14.772682760822658
326 18.51071711640651
327 -0.5275564061554614
328 9.955964639602714
329 10.358083658392788
330 39.70055955915398
331 21.72805315416607
332 17.83883220664129
333 7.738607996257049
334 27.408795663995363
335 25.02032774357278
336 28.610747484065712
337 5.740043249356615
338 13.034084801926682
339 32.483235961477355
340 16.011595982141344
341 24.98870696207988
342 16.541218019347777
343 14.854334488645181
344 7.334139965172029
345 2.996456558781212
346 20.76338476314403
347 6.791917963621582
348 7.538857524658543
349 8.965368217874671
350 4.097239613205338
351 9.964459148978289
352 16.02552168401969
353 46.29048837849407
354 26.760586523413853
355 8.067696066198561
356 3.595619282993682
357 3.4818045183763893
358 15.437879886170318
359 9.777273574054533
360 16.641159549484144
361 9.799086484563743
362 0.5874660591294139
363 5.898338674444518
364 9.279891276244756
365 28.2645179020923
366 11.004623983935275
367 7.505850281228315
368 8.666451339681256
369 18.89946451769615
370 2.2440406671638295
371 11.1937093861733
372 9.014044896259993
373 38.750231552324934
374 6.844202156512387
375 7.8395581529343
376 3.630811545252054
377 -1.3461860671480923
378 5.26391091185873
379 0.5595579600145117
380 40.56723720256638
381 10.713091745247631
382 6.194180881169852
383 2.190479395048014
384 20.778835431685433
385 1.8270440521386702
386 24.913434003184918
387 5.282807792165087
388 24.646472768265394
389 8.71809357573273
390 15.725231378683429
391 14.52796329905759
392 21.844751536809383
393 14.792699361501096
394 6.89848626112048
395 1.7255315323058065
396 11.897524324147971
397 2.886750796643149
398 6.398046736668096
399 8.969132767199183
400 5.357826625629666
401 29.18905360830185
402 5.310750434979796
403 16.758111292988982
404 16.23379351356684
405 9.893330454363422
406 4.041978906446912
407 6.745655376559132
408 12.361657426502077
409 -0.5580333833522868
410 20.006001412847738
411 3.9869768794229716
412 2.0110730040869034
413 2.075673150762281
414 9.1012452045107
415 23.712337080812894
416 8.494390608469763
417 4.670136961114976
418 2.3470067651973454
419 16.376317452635853
420 9.542760915311336
421 10.647102741321406
422 6.394475026810481
423 2.7366846628828334
424 5.103091042457149
425 9.182881935020097
426 4.625752226302498
427 4.401069007442214
428 5.774461532462338
429 2.2988912049260275
430 39.205748022384206
431 4.794774090057733
432 14.226594369173556
433 3.347329062218463
434 12.868635193224382
435 2.044986347785705
436 29.887178774980093
437 9.693985861046793
438 6.9461450951312536
439 8.208950945965789
440 15.476065293638396
441 12.416465360218268
442 3.2916217391555893
443 -0.6793767947446012
444 6.844265197596024
445 4.268281063780933
446 13.469135582857936
447 4.972247026840394
448 12.09658685570992
449 4.677927617456316
450 4.185848933934285
451 4.581057401998574
452 5.87299823583191
453 16.907859354619955
454 20.797453199918316
455 0.43890602593303196
456 11.135627092299659
457 9.597734198707418
458 5.484076970259965
459 8.784030375305578
460 12.063440924978504
461 1.9670276475087585
462 -1.0553810176214777
463 10.539251003948335
464 11.629448588154098
465 35.82428729657732
466 4.322173058978649
467 5.747635910792058
468 -1.7772812265669864
469 16.80352644463766
470 -0.04597187308892958
471 10.622998364675233
472 5.5675694380687295
473 3.4631976572411567
474 3.451510879626137
475 5.1668449188009244
476 4.723160206923039
477 7.002531542176355
478 11.116027655640567
479 3.91494221691513
480 21.265306837839688
481 5.31867549014882
482 11.002328562107902
483 2.705500726953965
484 31.5851592699725
485 6.063075963453043
486 23.04715163521987
487 8.66848901311419
488 26.37917477826588
489 4.574061050844462
490 15.210954539138935
491 11.46392786669345
492 34.424453132418805
493 -0.9456268271929851
494 4.361025355637878
495 8.1346010222875
496 9.659041799824907
497 -0.29706248086284126
498 4.624735477772144
499 5.2793815930251995
500 4.792475786267169
501 4.43075213755447
evaluations raw_y
1 44.858610626114256
2 32.547806800912475
3 48.1876737977682
4 26.65207475766117
5 52.3496421146303
6 78.91627888743079
7 41.38432454343306
8 47.422782341036424
9 60.2597397846555
10 38.558634678982706
11 38.555596720203276
12 39.10868290858045
13 39.00243176335255
14 25.307811832306662
15 55.759382122310996
16 44.464703613971324
17 33.43294405137143
18 41.56443824145336
19 35.14998860170141
20 50.98326206964803
21 35.6878895830421
22 70.59825758669773
23 66.38348466262809
24 46.738428478251926
25 85.32062855308621
26 32.70483337108695
27 58.037975564665494
28 36.669698827814436
29 70.61438115519393
30 53.3210682878551
31 56.10063257428454
32 51.878813470209074
33 30.977562739667828
34 43.35922965956727
35 31.315773162896036
36 35.1728063962073
37 45.071005989347526
38 37.90993253702151
39 56.50509311075352
40 69.2269538039176
41 40.62543420714708
42 38.69297745700698
43 58.993479176986654
44 78.86538824865222
45 41.347052677872334
46 63.10444959210015
47 15.676596588565225
48 36.24506000971826
49 37.22071431643628
50 41.67585297744159
51 72.80858746819747
52 24.692424401530246
53 17.43478453316267
54 33.416540774739175
55 68.34360570707166
56 26.879723474490667
57 63.273678842197505
58 33.482760911980925
59 53.60441981292897
60 66.82825799585495
61 36.01852695641759
62 28.983555162712392
63 64.33965713282795
64 35.89237846496474
65 36.62024173815846
66 63.40211415113069
67 22.50352304832149
68 60.57450758859548
69 25.35474373416825
70 42.954693208174525
71 5.290931001641651
72 56.37294378423701
73 43.6882742487682
74 69.71351660807231
75 42.443874673812644
76 72.70514904711482
77 61.183143648867244
78 79.54153602853104
79 83.34527997180206
80 25.977973814067653
81 55.12620208007388
82 63.67871755619892
83 34.37425948102722
84 19.91689521484805
85 13.545211380148858
86 31.78810941487443
87 42.86437051443397
88 30.877848914748764
89 114.40959905916603
90 43.22219244227111
91 18.749638099986356
92 58.692233420887085
93 46.593482534139035
94 58.16174053842951
95 34.64186645706553
96 81.19438680884805
97 16.49525129300007
98 43.68813976582792
99 41.11991538746561
100 33.40368557332511
101 74.93015792063781
102 32.387401487104974
103 39.55857754871473
104 34.91458278453543
105 52.71110899407933
106 35.48548566863882
107 26.89294462600224
108 12.767844018275822
109 67.61905157374578
110 36.648983744761395
111 73.96046000693589
112 41.732544481996584
113 64.39734266096816
114 23.22704166122783
115 36.63681274630831
116 58.58280167036913
117 44.3123319263595
118 34.908563202729134
119 34.114975486908136
120 34.05747724670698
121 4.625367540370223
122 23.83124357967358
123 22.928882267347774
124 29.450892412558304
125 29.72939038940183
126 22.99336360747106
127 62.55283089248279
128 14.006915998191715
129 52.407179265569816
130 51.08239457856805
131 52.361931195274266
132 50.6972535919186
133 32.20751097920962
134 41.70883877876676
135 12.242587455224637
136 42.873350625100485
137 80.86841561415689
138 20.402306491219726
139 57.53862485482052
140 57.936921803040725
141 50.83575728795724
142 37.90821484881888
143 47.761330072622286
144 17.89241754809346
145 38.38303424713375
146 29.419238222484225
147 22.70429276825376
148 55.35641039828042
149 17.874022268904902
150 48.16671158870843
151 65.88426209426062
152 47.77648522315204
153 44.498030317830995
154 3.2183152336202983
155 41.750530047196726
156 2.824465961741182
157 9.907665612819606
158 22.998198885134812
159 41.42464430977346
160 40.254008011794745
161 36.58500341701125
162 15.319550020209508
163 19.59471168070678
164 22.523542223739454
165 41.585106503672385
166 59.01344906796093
167 13.272946849430893
168 13.055830667457531
169 93.7286437750869
170 55.72941260603063
171 30.106832204950482
172 50.851443544947415
173 27.179329581143186
174 31.49200366222307
175 28.611063388182377
176 32.77582717785993
177 42.08310798639574
178 19.913293832855864
179 37.45574624441054
180 12.644631947910218
181 23.670926005519686
182 53.540805670268156
183 24.014322461587305
184 68.59189688527576
185 13.373808672713132
186 40.34773596286105
187 38.5394682310525
188 6.643068458728387
189 30.464352866282596
190 6.001600469269842
191 51.88470140866562
192 55.78857591794056
193 40.85799133924365
194 14.037357953943943
195 47.544438328615335
196 12.646811566474755
197 15.349901766016442
198 63.87016604943074
199 19.115932639587815
200 40.52943745688395
201 63.296542510612944
202 22.784818350276566
203 21.18236496923488
204 6.814888782850943
205 40.59946439479596
206 16.52121304270596
207 8.53670415489745
208 13.242008361151136
209 20.634041617712132
210 40.12939987956446
211 51.09660594207193
212 17.556181645324827
213 17.811887225258015
214 22.065191766180302
215 29.830236941267277
216 47.98506259764667
217 31.109776529375022
218 36.28817174462866
219 12.95161869047258
220 23.755673454465274
221 7.166506194514826
222 15.02649801134043
223 16.393802344491874
224 31.17159663890791
225 43.02735978618163
226 15.667305096046462
227 44.426506904897224
228 17.673941835096247
229 22.4047586459836
230 19.370614162609737
231 21.383830196855108
232 54.82986487181471
233 23.932505237170616
234 23.055353065393078
235 8.118619327750826
236 22.201303260957804
237 33.5001609137801
238 8.056805234136966
239 22.895676730993266
240 -1.9584060623901802
241 27.376852419622043
242 20.00325054461951
243 34.27996800680638
244 34.2458989155776
245 22.127946121912867
246 34.7696231302798
247 5.257069340293874
248 28.877542903111593
249 23.225991767095255
250 31.935295721979152
251 41.87129514350766
252 19.929882728253844
253 19.763378780307967
254 4.179328357259989
255 16.11971748432375
256 3.1876871986867865
257 6.4256466538134545
258 4.10276457184511
259 12.08371852567947
260 10.956070648029591
261 38.549574676057816
262 19.46906669519595
263 41.95761672824151
264 6.625677009446409
265 16.078499149779006
266 34.27908866231597
267 11.013420129278343
268 11.84561352898031
269 28.266146677001704
270 20.097909149231352
271 11.743088016604418
272 14.785213903717404
273 -0.9614079601436951
274 17.56704872177914
275 28.980132691909446
276 22.51005342808704
277 44.30449958451269
278 25.067370651282292
279 12.649443841070374
280 5.676590316552963
281 8.492620984038034
282 37.63094174163596
283 26.27920534602041
284 19.13185040250027
285 15.096384428533408
286 18.61708511868053
287 47.53265826139255
288 27.592649666508446
289 16.078653932354783
290 2.9134606111738948
291 15.532972412151823
292 1.2190033374236375
293 11.63977181828818
294 16.28469271841585
295 18.300821533478338
296 24.32952997442653
297 14.1371874714332
298 31.605716213755606
299 13.275659164718716
300 8.535700464798785
301 37.66108529403947
302 32.22364241926003
303 21.899091756023743
304 13.397070176837396
305 5.304369455961771
306 1.9078823397559246
307 27.058861888522735
308 5.000060666542241
309 9.63452883761497
310 4.991392825708498
311 40.5361193552839
312 13.71735498138533
313 25.798218574553392
314 8.042522846901784
315 8.58259710819484
316 26.03598982539408
317 26.33892812557052
318 27.023624426069325
319 7.009560325761649
320 14.496872978787694
321 6.0539237207217695
322 19.890313857647566
323 3.246398188526565
324 19.96629513648093
325 28.19288228663511
326 19.078443122931926
327 10.462854295444451
328 35.977822510559676
329 18.260009018188722
330 4.704120273704958
331 44.38621523875571
332 24.25395754003625
333 17.853996916866055
334 22.381658900066466
335 8.48217651409673
336 16.334048380876144
337 23.00573351270704
338 5.050338966329686
339 10.761618427463604
340 1.8639303360476744
341 6.788072948187661
342 9.60573473023369
343 9.74019501509721
344 19.163935563915473
345 39.367875497489166
346 10.054189655485182
347 17.678239240370303
348 19.28147117842368
349 9.453067895635378
350 14.321257179176044
351 46.6051273615351
352 25.556592993725644
353 16.685689827329035
354 1.8638167331235087
355 1.9575399039454142
356 27.57246535428376
357 11.54787141287289
358 11.98842176159241
359 34.510552110282646
360 4.024571625430629
361 29.132968719003845
362 7.786048590828005
363 16.299880843818304
364 64.79389516190992
365 8.012468632419939
366 25.830362463253092
367 7.923862730422892
368 13.531013791382449
369 7.0420073191511205
370 18.673796363963675
371 5.446998251943801
372 15.922581275227214
373 12.183194244173729
374 22.6200013985412
375 24.9195030581017
376 3.7824206767446293
377 12.852637789311018
378 13.646280862802255
379 18.799540253978527
380 5.348971060371472
381 13.0081722748529
382 15.054029690615002
383 14.774079341645756
384 25.41895627887664
385 2.760100067986446
386 9.701483562715119
387 10.484485500212296
388 9.67600972156826
389 8.02314191805415
390 -1.2546670585554076
391 33.60067121977192
392 31.952344742747936
393 5.881431658619084
394 5.945675127656371
395 31.35203076459716
396 25.133515079937894
397 9.358857609558367
398 23.023707723787467
399 13.84484102383462
400 0.6347315855806763
401 16.03283552390753
402 20.5570076704775
403 17.017267341855785
404 2.8113207501460002
405 3.704348271467096
406 1.3782309265209527
407 5.323965912768913
408 8.260906550007832
409 7.21568257588288
410 3.845392327116987
411 21.531070069002816
412 4.3419244296444255
413 21.085575597767356
414 5.3210393362089015
415 3.4568840687260973
416 20.812661363165113
417 9.876246183179358
418 7.55231345485743
419 4.510245412927279
420 11.7931959911467
421 3.0149895853438626
422 15.489167808933663
423 -2.8219171589237297
424 25.162640276596463
425 20.873899473963608
426 1.300855631656964
427 10.7778317051305
428 19.045531402268477
429 20.488104373541887
430 -2.8087840627121485
431 0.8409232595247873
432 11.882767104541095
433 12.379080799853533
434 0.9970370046007775
435 4.315805239591867
436 9.016537553946774
437 13.976632209177547
438 20.671000235600932
439 4.579585025234569
440 7.956756042396096
441 3.3425724069692997
442 1.2573010146671764
443 6.891137493731862
444 7.818598714910993
445 16.782012471644315
446 4.095064100514629
447 13.599939857657029
448 11.4481888495148
449 1.8791037950655691
450 0.9680645973162552
451 35.17722050952243
452 8.56642305734816
453 9.555170767470349
454 3.3926400504766456
455 4.933832162448733
456 6.2589090935173655
457 4.6664177786052035
458 68.78464354113879
459 7.415120451512202
460 16.655465413531843
461 14.228508765860385
462 4.218310791487498
463 6.687748777227134
464 3.8109962608182055
465 -1.5852618996598182
466 24.616189971361592
467 10.20364378759907
468 2.1331669974532104
469 5.2502297907193585
470 2.345626258346688
471 3.456350669449138
472 13.232985078337567
473 3.2715415356108264
474 15.66807188466694
475 17.245894041722995
476 -0.37183979833315384
477 6.046898707932067
478 20.65187044962607
479 11.114139479505745
480 12.275291224296168
481 1.4280804956528537
482 14.068494727673562
483 5.521040745772502
484 1.6176969043388914
485 1.7812268463427339
486 4.039940293216396
487 5.929390269990794
488 5.677257375306989
489 6.7014189932857455
490 5.995477883498767
491 6.589687763241991
492 0.004376871120770787
493 18.4210624870267
494 5.839016565937593
495 8.695850722025256
496 -0.13080132312123327
497 5.518698549525264
498 4.537843681941866
499 2.803704649499324
500 2.7697093681248193
501 10.45771541437541
evaluations raw_y
1 23.637399569495713
2 23.669014509320483
3 27.34231426874774
4 48.475723561937635
5 49.04591143702961
6 36.38037156890316
7 9.838659521993693
8 24.523847535666263
9 40.18137072408497
10 29.50566394962032
11 34.67092600645028
12 93.44679544312646
13 34.11029628416366
14 44.50131957517577
15 19.964844590689488
16 43.11510387964684
17 26.10790663066972
18 39.77741188390219
19 40.88796694611642
20 29.20042266241392
21 49.12182487142374
22 29.68772693214482
23 24.27012176114126
24 23.924865209054467
25 34.29323913348747
26 44.25116521618999
27 32.04801097137879
28 65.38203766003988
29 40.10798006558045
30 42.09153737319467
31 64.15775329098412
32 51.188226822930616
33 21.0705220335747
34 27.48105192874208
35 31.12447908806637
36 41.08146147118933
37 22.559168834202833
38 62.63596660075069
39 51.559371745716746
40 39.83125398653763
41 30.7100433476069
42 45.987375932620324
43 55.388558250698686
44 35.65966408035777
45 57.00734706564692
46 39.5379522651524
47 24.164514750320535
48 33.473619557668556
49 27.22866316807526
50 47.96377322536603
51 38.663741720724694
52 21.0393903251329
53 27.0844640010294
54 25.889198156671732
55 24.840054880317165
56 68.34465640533763
57 16.661247702893924
58 12.596130927709373
59 31.049002345321362
60 25.79757661113992
61 29.872843008393872
62 93.79449487202041
63 27.478773862277755
64 25.681688141351565
65 16.908841952883623
66 52.024354063198594
67 39.153756737029
68 68.1745283632667
69 31.713965617264943
70 65.1917830016487
71 60.34625260545849
72 36.67075369375898
73 10.173737266164498
74 24.927554422083716
75 45.65309694497965
76 39.32706662156653
77 48.614373467633534
78 79.7828724747492
79 10.836437023501468
80 77.08028978510205
81 61.180624074084264
82 17.777424692732865
83 18.028364084251134
84 80.69051600005675
85 27.564263561574062
86 31.701697336726582
87 68.68723476337027
88 66.92681869809512
89 55.542911511257145
90 39.057070154130734
91 14.890411404529434
92 48.44486712923554
93 30.028446784550255
94 85.13905322760816
95 36.09076135531614
96 53.366202852430646
97 48.409464446855466
98 29.320645837005276
99 95.79970329808393
100 53.37181708970695
101 14.342122396378139
102 45.46048971636613
103 50.09944421232237
104 23.312589338733932
105 39.8441025659398
106 39.1360510139079
107 3.5350852089231495
108 20.51037936147313
109 28.813773871725488
110 51.748820311857685
111 38.84385207799735
112 61.110703243920874
113 19.532613394356968
114 15.561521762795362
115 13.729584807468209
116 54.70819291635128
117 44.58910584278015
118 45.624513247948066
119 10.00407929241473
120 28.58370195174393
121 31.80376319562245
122 48.86242994839518
123 11.875645337734905
124 24.686888061535576
125 26.722850905736536
126 45.98937099451635
127 34.583180529263295
128 39.05522446556009
129 5.792218336356169
130 57.98255103256061
131 59.495025398728146
132 10.828771490249423
133 11.012772770686414
134 36.451747942349485
135 9.419545400266042
136 31.70452398584617
137 23.607202973665473
138 76.05832963689383
139 13.193720417655523
140 30.496259815435103
141 14.697632882442164
142 45.71429114104095
143 35.82970716224934
144 36.699228537194166
145 23.763222127887495
146 31.756866880426188
147 25.310544915568222
148 38.572918959274055
149 27.423441566617786
150 61.390337642676286
151 36.75850864705709
152 17.391478052362203
153 53.23750930422065
154 22.25473072646964
155 36.47703310912907
156 17.588690435011763
157 9.645355974471428
158 33.03626185356605
159 53.42671674827399
160 35.69139550186694
161 30.19350078273338
162 10.457353403861315
163 17.399165215787235
164 33.94529528622498
165 0.2278497478196002
166 26.404016507237554
167 13.179292183133544
168 22.562994267212332
169 83.12293487004044
170 14.752311955070462
171 22.866289872590695
172 16.063654580816344
173 15.062830228087847
174 35.618465107509046
175 23.69597321419389
176 34.13904090347967
177 21.492754265568056
178 31.4522677469116
179 24.203505567613036
180 36.29148974283627
181 49.40038758584797
182 7.1869103096382805
183 43.79734081955507
184 32.16316091521111
185 64.72662917197479
186 18.169839052541224
187 15.209679322062247
188 62.47215958421796
189 76.72470000111683
190 24.67471363467597
191 22.754612255202666
192 42.35665499381166
193 38.16001771255705
194 17.404678009777125
195 0.4839633972949491
196 24.498349321294228
197 26.81316550740371
198 55.21484173381229
199 19.508722420370173
200 45.0772839041218
201 14.698438760950902
202 28.21827099082954
203 19.129922394883547
204 12.491432237900087
205 28.245722894080643
206 14.302312331826858
207 32.575182088167736
208 4.660841025147264
209 33.529299225962326
210 15.134816624481825
211 20.108775029328836
212 8.691187149655189
213 1.3073820751401986
214 4.6203334169064885
215 15.006583728698061
216 9.495278221051548
217 46.87378756234661
218 45.299275591901115
219 19.533395037920492
220 12.715924777711413
221 30.21914398809034
222 26.747824911917746
223 34.40345576301384
224 30.59105756660469
225 30.67416369523429
226 34.97956021186503
227 44.53609969085924
228 22.92370759301072
229 15.45207747508275
230 37.15428932394194
231 54.5130068695136
232 6.695019832336724
233 7.778682561483836
234 24.017254155310837
235 1.489833261305472
236 24.72575067799774
237 15.547859083874762
238 68.67028264827067
239 13.500727351120457
240 18.01713925611787
241 18.94974130857716
242 33.574151188160336
243 24.975307983244868
244 19.302586539188002
245 0.48368515696742875
246 20.82173740497822
247 21.373333828581053
248 30.69862976132659
249 16.746744899321808
250 39.90565943568369
251 17.603737916889543
252 27.269415882774762
253 8.417990587509571
254 10.91336979600929
255 19.488235349845862
256 24.081708194180422
257 2.936148486589465
258 2.4520255977347647
259 54.66975943391644
260 20.32230469115433
261 11.447539566293896
262 15.468345117009118
263 5.356873260962088
264 35.17007837550798
265 4.1461007225906705
266 47.10356565626992
267 15.561472123065322
268 16.185863565871422
269 21.812889976507833
270 32.146018911673586
271 9.411239589378637
272 24.462910803461785
273 8.295097492161384
274 41.80971835747598
275 34.421518121280975
276 29.887577833308356
277 14.343775283489311
278 5.541819652665291
279 5.558644263913752
280 5.590057099377301
281 49.087935807960335
282 5.044186307735328
283 8.756895265682367
284 16.274911086353953
285 11.185032787434546
286 17.558437816966414
287 4.145986180455417
288 49.50319912141794
289 27.062350711107726
290 20.37753340735241
291 19.994605059379946
292 27.287108903442753
293 0.7770548198938659
294 11.48913411541525
295 3.9876161360914475
296 19.94277413887585
297 17.265441176782694
298 35.37104872451455
299 24.333702708652847
300 18.803570124197698
301 5.705469565901171
302 17.15693300333711
303 12.406986515223968
304 25.478967967609957
305 32.491226539338115
306 14.235526639997142
307 29.4007202123587
308 1.882939862630395
309 7.951411527612592
310 13.642293039541178
311 3.65307481562348
312 10.324302798773493
313 2.9394189949497873
314 13.156948801145784
315 8.542760775595033
316 17.570261978338685
317 12.57531945473892
318 9.00454367847486
319 5.6987502694401115
320 3.0325278064609114
321 8.065595482586
322 27.865502562366313
323 10.608755954897909
324 23.323438349904244
325 13.496788037819723
326 9.418932591943506
327 13.854478830486196
328 0.49771666785479507
329 25.004938218086714
330 5.559627899281829
331 42.88087301488352
332 5.052159248905026
333 8.515800063123228
334 48.033880307259075
335 15.199432332249446
336 13.561994454438969
337 12.515988011058662
338 10.743525365920096
339 13.451655183417017
340 9.443126108492004
341 3.2556727911535033
342 37.432828595376726
343 -0.4393001931024513
344 8.92494741727081
345 3.670420869059377
346 36.36264010111127
347 13.581879221507833
348 18.798930293691154
349 2.1314211072541203
350 14.904026495896057
351 4.570599708415733
352 27.203106988764212
353 21.751281530840924
354 9.178039451953056
355 25.21386718734408
356 12.554172414127686
357 2.9745402671140364
358 1.0902165352103135
359 15.451091292680152
360 5.828216564197511
361 4.4688468693982895
362 6.7059362598131385
363 0.9343074552114752
364 8.509451082937517
365 1.295771676847054
366 10.405129046322243
367 28.387358633131946
368 3.663401169496039
369 4.663443425405655
370 11.190112612165626
371 4.672731855180237
372 14.68519728333043
373 7.267657265570041
374 16.653686649688435
375 8.223865682349343
376 14.132469415974256
377 10.110154081716356
378 0.7055940419116808
379 12.54656898051786
380 29.16098085407061
381 11.984511803402984
382 7.373565402717215
383 9.421050327606558
384 11.603938261526817
385 2.530734658742707
386 11.079267876401463
387 12.584697164168588
388 12.926321673981079
389 6.268805770326484
390 12.779077030739298
391 4.335169025744939
392 28.861877474310102
393 -0.22971866577926137
394 1.5191452867961681
395 10.64141429853225
396 17.250605949072277
397 3.5255932992678964
398 23.88443306551486
399 17.69855346617547
400 3.6219541433749796
401 8.322109453291894
402 18.799791718525565
403 1.0135581418500608
404 9.653201080907813
405 5.789459309893278
406 11.233373796322777
407 20.04410465867744
408 0.05752799292141614
409 2.251026151030682
410 5.631241955960391
411 1.0880182266962768
412 4.108989813686351
413 -0.46467403899633153
414 5.227657920458292
415 3.1917118877840376
416 7.003664850234257
417 41.671465846521485
418 14.107497257575462
419 3.6493418711835233
420 -0.032714400050578796
421 10.45405876162366
422 4.20800076193014
423 7.76470541848277
424 18.83995169422723
425 4.511380734952409
426 3.404252218052411
427 6.885327495402619
428 1.7928357610977657
429 0.30876494468584603
430 30.37406588515165
431 17.613014544704185
432 29.838222601229923
433 4.84746463487553
434 16.461370063341917
435 7.174415440550501
436 14.514880576517756
437 5.931405831062525
438 23.86731592749003
439 4.376863524301514
440 9.378305251701509
441 7.651126431491902
442 16.32463928146879
443 9.895633339635191
444 10.684549461225627
445 33.91901070771442
446 9.821646560530585
447 6.101819412057115
448 17.05198273892436
449 1.2491525268159396
450 40.31982130013874
451 1.5902380289120372
452 9.657632409266252
453 2.3189609974559073
454 5.078657824142239
455 2.315945705233926
456 9.085453247450186
457 3.8329963862374923
458 0.5004119287708416
459 3.7872156240580748
460 1.0035732470281489
461 -0.04688082902127366
462 8.66062140253378
463 5.522781277892741
464 6.559353605250051
465 16.78408295565825
466 4.212859356663327
467 14.711108932523276
468 2.687887499189727
469 1.3277398709411061
470 3.763634612717543
471 2.1982664820600064
472 3.0849413298096104
473 11.028210101585154
474 17.39856162430626
475 6.152155677194238
476 25.317434429752176
477 8.052064972142931
478 0.3025591673175698
479 7.096470783739332
480 0.7169958679589716
481 9.689759664593574
482 2.0646136575911567
483 5.923680999040647
484 6.167150624043491
485 0.5960659383544766
486 -0.9487431736787357
487 3.5262279376388603
488 7.3818778238557226
489 2.3006976592576063
490 16.29280220956429
491 3.134088201289453
492 5.512549462468984
493 4.905964501136173
494 9.073446806398676
495 0.10974871200160985
496 20.795052144333262
497 1.0880454558208492
498 8.55533827104594
499 1.544249639392206
500 8.9218920599718
501 -0.6079794875024807
evaluations raw_y
1 26.496081644880146
2 58.42977120073225
3 29.586988642188402
4 32.23345492055477
5 20.13989450841148
6 36.10584021647326
7 55.64235023499416
8 31.704397302691124
9 9.10936620966773
10 24.102807107743775
11 37.60008892815561
12 19.012957851460907
13 13.504109108903172
14 53.982022731316135
15 13.248240942622273
16 72.72071189050496
17 46.737706757086976
18 39.752651165584595
19 24.009026431714208
20 33.05703012478785
21 60.33369714044636
22 43.82152248797733
23 33.79719751980339
24 53.071195507919526
25 20.755706506122827
26 61.512928494582326
27 61.88761924482457
28 47.155021822998584
29 38.0449979059877
30 36.80317999066457
31 42.17734028383715
32 47.82472926132756
33 39.30344044542776
34 59.96051077976639
35 19.36158333117278
36 43.609130357340646
37 55.48049322812088
38 61.74159955240412
39 48.92580689784001
40 50.73030713509435
41 66.80032558309864
42 4.356720818030368
43 41.09269679009169
44 61.670900860158255
45 24.614895979692495
46 24.888138951457577
47 38.828250700969484
48 39.14568358619992
49 48.87566059510436
50 59.15047134828665
51 30.221797537281603
52 26.329834815099836
53 9.641729833638236
54 47.37994509678039
55 29.973533403680538
56 17.94696897968762
57 46.55180251741436
58 42.24411406979464
59 -0.41934151269402964
60 30.314716899416933
61 25.777175873392107
62 17.536995120349427
63 25.715733173141473
64 51.25065094503992
65 9.805757221555552
66 59.075616047175735
67 22.36572102898038
68 25.768547449568175
69 45.36463545125559
70 40.82717887695915
71 48.3758957783055
72 28.981176724897487
73 9.452761910440932
74 53.62644049164106
75 30.95680898918288
76 59.273157424654556
77 30.15812986975192
78 34.19869421389528
79 38.21336622218072
80 31.491545813168514
81 41.60618442689458
82 30.11335572249323
83 40.219953964434026
84 50.27108882816907
85 80.5588658440154
86 40.93264597358194
87 56.741401450908306
88 26.179314840947775
89 53.05659867576802
90 57.40520743273005
91 23.24958596916412
92 15.496455168525287
93 57.00015896394921
94 23.62445605838298
95 27.193259504310845
96 7.996269745590097
97 29.133530939853266
98 26.776004449187177
99 35.28703504520606
100 19.690169020456448
101 32.18436815508352
102 15.291748408869974
103 1.8630151727804956
104 25.795527770658662
105 29.972368841285604
106 11.731380379646431
107 28.998001483977667
108 14.053233237121141
109 25.64042733083295
110 29.377993492186153
111 31.346407219156752
112 13.815712788780525
113 57.25298279930869
114 38.35957185710614
115 17.01774693715741
116 50.27303684505108
117 13.289212696096321
118 15.317814724578518
119 13.29849485284827
120 22.518091274156937
121 47.515981461392215
122 20.785220788121393
123 25.439397205851012
124 50.54592221100488
125 22.79242405142982
126 43.15828834080726
127 9.673182335910937
128 26.92351158190279
129 43.212839136046405
130 16.89796903671159
131 32.23894774996079
132 30.805344169265933
133 36.52536715507436
134 23.81877498782379
135 14.611600890559952
136 48.95282007317408
137 29.31840078446361
138 28.944776885400508
139 44.6318978813927
140 51.10939509401425
141 18.75743437972035
142 4.876063522176956
143 15.614767461571423
144 36.814829544034026
145 33.83283327593164
146 23.05901325820621
147 48.73169088497096
148 33.55714915847721
149 9.495673874039472
150 18.72460198092646
151 35.07029201897993
152 17.66885672739779
153 56.216167935037966
154 29.276190434268475
155 55.843787394279076
156 10.072411162130862
157 35.98249752645206
158 15.668841649354565
159 6.172706210948823
160 22.972554211720237
161 28.428390121403787
162 34.35579784000174
163 13.378777217587267
164 39.33988383050145
165 4.8475077981730035
166 42.46568310186746
167 2.6760585445198575
168 6.111117736546349
169 13.892415512048482
170 14.930540908615374
171 27.707559219721162
172 31.867972989206784
173 24.012387067905728
174 26.377974526016395
175 41.52355215872373
176 23.51404060293098
177 12.409181487209532
178 23.280217197595267
179 18.288189973501613
180 19.83160187049171
181 21.955256954309586
182 15.053203659070428
183 32.084289210006254
184 16.2683224281825
185 14.873646549236135
186 32.859792409778244
187 24.666333762376958
188 10.212882074025782
189 14.44639299714358
190 47.90981628317332
191 18.323847983154444
192 2.8442099618121928
193 33.871794231199786
194 10.216100040148252
195 40.673121656713626
196 6.610153441564897
197 34.04543723872898
198 20.569731764871342
199 10.767838921561244
200 20.405199701095068
201 25.528920587839945
202 24.575904201850374
203 9.536732652325345
204 25.682807218742475
205 42.96586172837977
206 12.44895540409511
207 39.28547105931208
208 7.912344186418781
209 43.83000158176743
210 35.168161511767394
211 31.364101414835957
212 18.512642674887587
213 12.769455449946584
214 25.606611004970624
215 5.982913925936973
216 37.80186434123257
217 8.520466869342886
218 19.291593712390473
219 9.572541383568076
220 11.988702597270235
221 39.94425868516409
222 27.94146139130344
223 18.861504018283306
224 17.543619208183216
225 26.155416705743754
226 38.80086286501044
227 14.924878705330297
228 22.29493814381161
229 44.311851791736984
230 12.32116854479232
231 17.010131469166385
232 17.662493552111588
233 27.7549271252183
234 9.448975104965086
235 46.869843671994396
236 32.91391177072909
237 22.604045237808446
238 19.740189206718252
239 27.12743229707366
240 21.16675248666513
241 18.006080798008778
242 3.011244730148421
243 15.390317682975272
244 12.799050081359702
245 28.76847954221799
246 14.60964623009169
247 23.02445356029889
248 29.219751859786875
249 9.034014670319838
250 25.038145788420607
251 7.351494595603567
252 16.89221493888224
253 2.464610568761237
254 11.004245676789179
255 6.837368673640348
256 9.145039511240887
257 20.834482223433625
258 16.14346542012945
259 3.3441763695833666
260 15.026371441437938
261 16.32845346279887
262 21.33202346396128
263 9.885252004666647
264 17.2656551244396
265 20.958047599916796
266 29.38322244384113
267 27.997365950764173
268 7.345321946171195
269 10.197724893687425
270 21.017732009874916
271 33.73201447899943
272 20.696372401957706
273 25.91242920059984
274 20.958973291030578
275 17.25501186370875
276 15.750658431011853
277 4.987788635587659
278 5.631960255371336
279 16.4482534897269
280 12.010672548751371
281 13.667424853536914
282 10.640684114162609
283 29.03570626201672
284 8.22961946252412
285 14.722031792978711
286 33.12008995340254
287 21.560841706415967
288 18.140610179415845
289 20.207093662905464
290 3.203815386247333
291 15.945534068969378
292 5.165789730117099
293 26.359307565086286
294 15.398763689832032
295 32.79080572565821
296 7.157579619900436
297 20.88236574279247
298 4.612554819298326
299 1.4252837743033675
300 8.705799213022726
301 15.719319576144192
302 9.825616623747058
303 16.12071821934559
304 13.687442363185706
305 6.164629554049034
306 10.74228108606286
307 12.654192532563728
308 8.120125237334573
309 4.360610404708449
310 32.45010767534766
311 11.748192641692244
312 25.3311711620554
313 3.5646498982340815
314 23.752594434531975
315 3.7975896721558775
316 9.961036869708375
317 23.688708489492832
318 11.867388252869969
319 10.339313326370553
320 1.1933718049953397
321 8.64196621503438
322 18.37743795754697
323 17.106285525017952
324 3.4435540885777556
325 14.177017963475896
326 53.073271223380566
327 4.588499798903078
328 10.692302332043353
329 16.056381165737463
330 4.743369138407694
331 5.612850321844382
332 9.157296080151124
333 25.759229998743884
334 18.27561525455071
335 12.180641299565137
336 35.495762429776384
337 6.511698464900309
338 6.181679124269879
339 15.69210358923304
340 5.181977879588806
341 7.495805732259043
342 4.069796955086188
343 22.27956412911643
344 12.571670180469688
345 29.29884224690791
346 18.991174785460828
347 6.5274444794018684
348 16.181909258486957
349 2.8629126007527788
350 2.464432033824694
351 8.459830606362084
352 17.483601167078998
353 8.974528568016193
354 12.388450458655537
355 3.0168703083634316
356 13.393655090339458
357 5.3130128136451
358 42.331293982113955
359 2.7269145859844413
360 8.70518951748662
361 12.763497872237684
362 11.964253710745705
363 2.27724085449665
364 13.309301045634442
365 6.256309590588888
366 6.116131900971047
367 7.276798837783867
368 1.8158066710431946
369 4.0901954224204085
370 23.21762909885959
371 16.551374001205758
372 20.32208328652146
373 7.343915074026484
374 5.7607097264941665
375 6.976108721449096
376 2.949940666905198
377 5.945838944342066
378 6.0378220518248815
379 16.141741550363754
380 7.7890082052413305
381 24.925189075237576
382 4.084401654130653
383 7.514864767619311
384 5.869933772837697
385 0.4907300071589016
386 18.169298511544387
387 7.724578953655779
388 20.913057615710976
389 4.668934139244026
390 1.610737259304154
391 5.428659077234967
392 2.8423021651546225
393 25.29257139982209
394 52.08327240612243
395 23.294338443307307
396 11.54341414064254
397 21.3116931502706
398 5.178217130335585
399 8.033369371140871
400 -0.08726738941602452
401 9.169580357241655
402 9.471353298874366
403 0.6798793080955887
404 10.565761864159107
405 16.56111622037239
406 8.81900910842967
407 5.974482710175955
408 7.568264017340571
409 0.6450220533984408
410 5.99933769342039
411 7.574709942424508
412 11.789462772577439
413 8.060047501144158
414 33.71727175606655
415 4.548807236611197
416 6.422681136029738
417 3.252959180036322
418 4.865056671145069
419 4.023621600915716
420 3.05454518496399
421 15.500070420039698
422 9.88032620126514
423 3.5465603435826587
424 4.286603242202752
425 5.484944420791486
426 2.5906015344461713
427 8.6505955911798
428 7.175370187745757
429 6.677085882109914
430 4.6540242101352245
431 8.495457919102577
432 5.464270174377885
433 53.43332909673755
434 3.0640633009173994
435 13.283940646108377
436 26.810413526541783
437 4.5628421963289
438 15.641728414907927
439 5.801249692227745
440 2.82888250002827
441 12.373963846091993
442 6.622524965557334
443 4.538977784763458
444 10.253767919286927
445 14.820511853141452
446 13.150004978986866
447 8.476492009134763
448 8.587072908994962
449 1.2005049645696908
450 1.0860686212301984
451 9.997487241078717
452 10.054142430593773
453 1.0253380343204122
454 12.15463812508996
455 6.755983992431411
456 3.90207154684096
457 10.194570305485618
458 13.106309909429363
459 2.444907272336234
460 14.877518055305272
461 18.771886475304267
462 9.090894163418513
463 8.311912929384809
464 9.147955833447673
465 5.187253931191968
466 11.240949885718045
467 1.0639321353030682
468 6.86282469427435
469 5.221326725870604
470 1.6456698990135878
471 3.3935120090381323
472 14.079886971134819
473 4.027586029474975
474 6.778778671674385
475 3.1539685446488006
476 11.691265874720093
477 5.743794262754319
478 21.200940631926258
479 21.490440184449245
480 5.548153542461835
481 7.609879361065667
482 3.408564674568985
483 0.8424007976466577
484 8.741230397296725
485 -2.7271058610549117
486 6.2035679931865335
487 6.731433107100344
488 5.833491240580566
489 5.039914351679381
490 29.1613894539644
491 10.765729572352017
492 2.874813477805078
493 2.7867557254231823
494 11.444750272679189
495 20.368557195630654
496 8.031956521071743
497 7.124555253759016
498 4.280802825168286
499 7.4534907885139745
500 2.485495808849818
501 34.05013263038477
evaluations raw_y
1 54.54063881180905
2 60.124114059028805
3 62.93306982800699
4 68.79405618553984
5 52.599791308569706
6 36.535562795459334
7 47.10304046185797
8 4.528313885779154
9 22.52625436370802
10 12.040576831083447
11 25.80564835911609
12 38.215826621285586
13 34.65731510258393
14 41.0251170469995
15 40.856921169827565
16 25.86317197175819
17 39.415127675295494
18 39.76270985637287
19 35.239583035167136
20 12.462841668065424
21 43.266539982164154
22 40.05240675587551
23 43.815630367724786
24 56.70842250253989
25 58.912336719664424
26 69.71118691301572
27 28.217007801677116
28 53.024431977578885
29 32.39097397421665
30 42.885071911156864
31 67.42951066938404
32 22.90342527553947
33 38.76041898773752
34 84.76617481998304
35 47.51539525654576
36 35.422696663158995
37 56.410714868646565
38 26.429453781539184
39 36.27185012988234
40 43.90848565796726
41 44.177503207160605
42 27.127875056303175
43 52.37769274587087
44 60.281439626043806
45 56.28613899137073
46 29.803443274181582
47 41.266039684333066
48 56.98437000738406
49 33.179277755112956
50 67.85562113311553
51 49.9211411579391
52 11.258972676278994
53 34.26597946498977
54 43.07392775452013
55 69.43517695028495
56 67.10236295264058
57 40.62734477360468
58 4.875195736766784
59 13.503098516714724
60 41.91774167109498
61 18.789677909905677
62 34.95565582406426
63 41.875283020656624
64 60.663427257591124
65 31.943039862014977
66 22.221527014662414
67 44.78264560236099
68 39.96536348446094
69 58.405454396176346
70 16.438315077076638
71 53.389789660161604
72 30.015975404274997
73 35.48591279171823
74 49.6085286873527
75 56.91681951710044
76 56.88759656703171
77 50.4523147180161
78 48.27600653543305
79 38.314755418017754
80 40.863038198512065
81 45.71209881096113
82 23.345482950259214
83 30.748076205852243
84 50.603110898067996
85 54.526242256679915
86 33.92558235032119
87 47.82630643514934
88 25.424464680307285
89 41.118906812343134
90 37.4656022359994
91 33.10464393407403
92 22.722743405190513
93 35.0628487877052
94 23.691942556776347
95 54.32175939834024
96 59.03496282127589
97 26.77775337028433
98 58.98273190926844
99 32.74498419760742
100 74.63175564584137
101 46.60849607616227
102 5.452111301431332
103 14.069360851211908
104 36.19842415494996
105 44.11234892278463
106 36.00004203908716
107 40.42367169350744
108 18.228450600937812
109 13.188647994923318
110 38.445033677144515
111 34.77759888069833
112 63.67456282850354
113 48.22134275053215
114 34.4486473474602
115 39.34122957205922
116 31.384919283233007
117 44.07946351265935
118 17.164232150762825
119 45.69450566985952
120 37.09210818103562
121 34.36620741906338
122 13.203728231382769
123 10.233223133381099
124 18.44511420806383
125 31.505611927677055
126 31.898182043286212
127 21.302646766838624
128 50.1107844258714
129 36.85989020290338
130 45.294033855629124
131 37.94157919326198
132 30.466658787371077
133 27.042795783029717
134 50.26084523254217
135 48.894794900620155
136 26.900574828790763
137 9.988853183868502
138 11.131964839362878
139 55.65594754475207
140 72.52153063785843
141 69.32913528899142
142 10.491326454382712
143 28.361761427348313
144 10.26314653401866
145 32.08898414830993
146 31.730955579807393
147 29.399407376315555
148 47.89204391722652
149 31.703175608238016
150 34.31239575938117
151 49.51803879437623
152 21.91744588465226
153 11.811465366214017
154 54.909766195589874
155 25.140211516264554
156 25.55524403390757
157 19.983176543992037
158 7.602217624804802
159 27.607786944776237
160 20.819046667651826
161 21.838065342476614
162 17.054272973425398
163 37.3700153967478
164 38.97078782472681
165 17.904221020429215
166 24.234319444600462
167 44.82072244360674
168 7.610393299964054
169 48.87667050440978
170 3.265964273955917
171 30.2724770767164
172 8.848279955516837
173 6.040626029318043
174 15.277185709426794
175 23.391976926186693
176 26.354652468175683
177 28.577850390172674
178 48.34186455983246
179 27.8243711643361
180 42.59965782222866
181 11.203057990444863
182 12.470649012636866
183 11.36997654480965
184 6.845984088431624
185 35.038844247390436
186 21.10024121230436
187 8.414156888787812
188 19.108064286797784
189 47.9881364456509
190 4.317323806531668
191 34.45118272567185
192 13.177895043934837
193 78.65980614479439
194 37.65283946232054
195 33.68800850975816
196 40.746592369456195
197 34.50506484900215
198 39.372467862612375
199 32.01223846310178
200 59.098993669462025
201 34.06036223941672
202 11.664354606863897
203 8.845566384980476
204 22.077797405992207
205 42.0709161428652
206 27.149156336818223
207 25.229160864110188
208 4.808685102637577
209 8.965325628598386
210 10.911494026633326
211 42.13008072691908
212 18.112629425225123
213 15.112599056690671
214 20.264586880257717
215 35.749737420751146
216 23.72344231183038
217 39.34404601424515
218 18.768084071493902
219 21.77985849022601
220 29.813386863777698
221 6.1207546706234375
222 18.872854350423175
223 21.600830750641872
224 8.199952819226718
225 16.087354699481313
226 18.83040662327006
227 44.73536789866235
228 43.35198117768568
229 12.660675835380102
230 21.04189261663431
231 41.718145209366405
232 51.81148002216155
233 46.478283124953926
234 9.441470990965179
235 34.68873190827609
236 25.562984939201332
237 29.02776000372031
238 12.12106736277941
239 27.28905951234725
240 20.93637688456606
241 16.267489988502597
242 8.149797487359038
243 29.678973195131633
244 47.56400593506982
245 26.177595455714332
246 26.986134808160756
247 25.279094361285406
248 48.021670176378144
249 12.190483741285622
250 42.847389786817736
251 30.285707114774436
252 8.566196127539605
253 0.12124874164563804
254 24.220992925996164
255 31.012951522244688
256 10.238117996917554
257 5.4785355986569
258 5.020067100470597
259 8.682449376503723
260 11.511978305635166
261 15.210176753330055
262 15.914626063512298
263 43.011334109175706
264 26.364825640367965
265 15.172188845656695
266 9.823350950092099
267 15.00259863890284
268 6.161760370089384
269 22.09562541566185
270 9.270938683108078
271 17.108249589781515
272 10.004068195106546
273 12.824589576791677
274 65.39389313714243
275 10.749470200100731
276 2.8982708784180824
277 0.9149305318629672
278 28.88300861783562
279 22.446269483379673
280 11.395259427716947
281 19.00539072154315
282 7.870849232201087
283 5.2290975822958465
284 6.7990397438656895
285 30.265597561596408
286 11.373891523490935
287 55.764004864633115
288 36.62737800625268
289 18.12838055639284
290 35.59184502968011
291 7.897908808668522
292 13.607989998174297
293 46.445627508213924
294 7.979368803567572
295 19.787339700533547
296 29.384807494276394
297 26.53874558300598
298 22.27494350404609
299 29.441723673566983
300 20.291876573413155
301 21.075406088586647
302 21.551180009122007
303 1.193233604308613
304 9.119810246266745
305 21.029349658989577
306 12.62287379610191
307 5.665040812934298
308 48.28478765723214
309 12.001804829243872
310 13.302880866229648
311 7.269700915337279
312 41.298263076800204
313 7.034173108168367
314 21.53614352509045
315 1.9837356227280334
316 1.8933819267042593
317 18.481162209711087
318 21.785696517059947
319 19.57563502717798
320 21.656003736202592
321 1.3844015892548658
322 25.63408883901353
323 11.378251367154755
324 10.778190260336805
325 17.65145597068496
326 12.093691520907814
327 2.2277004630553656
328 13.16374407096572
329 20.33355133289816
330 11.206622461043974
331 9.82822295405796
332 8.510715842402924
333 6.280033354968104
334 7.82886625060571
335 41.06586135396972
336 12.583044994275534
337 9.565977341352362
338 10.475727018028309
339 62.17816074970532
340 4.434842842292689
341 14.545834869366633
342 75.43320101446423
343 5.5429824298093955
344 26.142921820623055
345 21.91945375734825
346 18.245434067752633
347 25.08935417947649
348 62.68744991961387
349 12.341249491300795
350 16.12325396241196
351 28.300196756313134
352 4.505569146318429
353 9.08767423079178
354 4.220725978490669
355 11.154061367976478
356 10.599496909310849
357 8.98717388899025
358 7.823676899519537
359 7.714418488891382
360 38.21224445875815
361 3.016448551531933
362 9.911167814762145
363 9.265548752615667
364 5.602349969980553
365 5.160001720965314
366 10.677883447919823
367 29.478537711226164
368 11.906577564804152
369 7.731354499874063
370 7.787900303598315
371 0.754874951744962
372 15.53710996630947
373 6.389452514849047
374 18.507332349589348
375 18.53100240808714
376 9.417932745221584
377 14.94202175934718
378 12.572539588530466
379 12.40098224777862
380 14.87464204845641
381 6.609501309585395
382 12.760795965180577
383 17.76073003722917
384 4.0524853957770315
385 25.076452297138967
386 9.359545185063647
387 14.292399944240659
388 6.430372850398402
389 23.993205335450433
390 10.828609200371961
391 15.529560642167391
392 -0.11482778586664022
393 4.624128552552654
394 6.0894805290051055
395 34.887265228558284
396 36.66173831917571
397 14.865246423786061
398 20.326092931827166
399 15.764108480559779
400 9.802579788508563
401 21.320063327439055
402 5.815701375906908
403 5.550731327799744
404 6.703045732825562
405 2.8738139103133054
406 10.168619339697726
407 8.838995090889147
408 10.173475206340143
409 4.380833740813153
410 7.997022644059813
411 1.97743920955573
412 4.620051955990581
413 7.24113231545691
414 28.106645330144126
415 4.0135445220597665
416 1.591557066733246
417 30.07767923476824
418 7.081479807473418
419 8.539277774650262
420 7.446167986462421
421 3.382628889115579
422 12.63198345548272
423 5.707894492496171
424 7.6484316371985575
425 30.29323701882189
426 11.777195457702149
427 2.8739781810545817
428 6.546170737445268
429 25.41294102949756
430 6.87018357375715
431 14.986541535570268
432 5.840962271266195
433 1.725216394247123
434 5.422485899994472
435 32.28703782430847
436 20.47594208749717
437 14.29953088775121
438 19.740883847501628
439 26.14031255270789
440 5.001187514898078
441 6.4716380318187054
442 13.14436386383388
443 7.499318937526965
444 7.526157124361173
445 16.400673230087328
446 18.168044390358496
447 16.460071905250523
448 9.147572446758176
449 11.430812923477651
450 13.464204235207626
451 21.417872689845343
452 5.324907423586875
453 2.2204905299785485
454 8.536114064297088
455 1.8202231452157775
456 19.86399879487054
457 0.5447568376773864
458 1.4279510809653324
459 9.76318858432145
460 23.448557139222117
461 2.1692213393530464
462 16.60581621033095
463 6.887158453504385
464 10.477114310396304
465 2.85954000589809
466 1.271804228316871
467 13.42263952023054
468 0.48313913303046974
469 9.653324986000877
470 10.773170202087503
471 1.6601666276276188
472 10.209074850827175
473 33.15594736951151
474 10.702395462679068
475 11.908005561152303
476 2.7053630359423098
477 1.9307160930752651
478 5.508823274281179
479 12.398207341174322
480 2.617110731555552
481 7.72355124135727
482 0.99805893392594
483 4.61316837310428
484 4.961167694504023
485 17.378437286614172
486 5.68755231852575
487 14.047864206001394
488 8.948457655174613
489 21.235931353090756
490 -1.5333873903028428
491 2.460236765056608
492 14.980880770748247
493 1.926001576256054
494 4.814464546621893
495 13.513707376928103
496 11.26638074046232
497 13.28477205802741
498 22.114644808296106
499 -0.14190023883878977
500 16.017126146097443
501 23.787089161607547
