evaluations raw_y
1 -0.8286924791150533
2 -0.9074881569093098
3 0.2408381619158171
4 -0.0019377668569753015
5 -0.8365122758407096
6 0.6273036814376526
7 -1.0957309579632248
8 0.25698668242905476
9 -0.6959106743666573
10 -0.007097020071083017
11 -1.1406033027966374
12 -0.783632621652456
13 0.24279474127049006
14 0.1174244098597998
15 -0.5730975527737548
16 0.04217755370410887
17 -0.4364451913396614
18 0.02211414333076899
19 -0.07718120646885308
20 0.5900324572991512
21 0.043147950560719614
22 -0.04079272054921308
23 0.5425693988606286
24 -0.8946330075518824
25 -0.11575444607497885
26 0.3257544356219767
27 -0.49259221187678437
28 1.0850716433977718
29 0.030219227941770833
30 -0.0031187891483447044
31 0.08439457224315886
32 -0.1337839678415719
33 -0.7621821785540287
34 -0.2748190447759666
35 0.9478634860443728
36 0.01317180308418197
37 -0.3287743410154996
38 0.08577207877947035
39 -0.3102507078566964
40 -0.8688603673294217
41 -0.10298391817156961
42 0.014884445736220558
43 0.1837496079522282
44 -0.10221959931461631
45 -0.06560237327540086
46 -0.07264738963929955
47 0.7960351822759464
48 -0.716011757243497
49 0.7722715520003686
50 0.3845967810277231
51 0.11014951893524638
52 -0.5872064450512077
53 0.04491481268023617
54 0.495489860612897
55 -0.11580650285623184
56 0.3931657023025283
57 1.1123529323648285
58 0.04479462470347505
59 -0.9808854006707022
60 -0.11807722633858124
61 -1.1406033027966374
62 0.023948322268221352
63 -0.05641994757078408
64 0.07011752842847949
65 0.17112976449325265
66 0.3893818121731828
67 -0.3539144421300077
68 0.1621859289170958
69 -0.2967552725910986
70 -0.14348557822707458
71 -0.041855674012069216
72 -0.07960968710911186
73 0.045853237012996304
74 -0.7873324375391799
75 -0.24362199345560714
76 0.5472983783957729
77 0.013995135838410794
78 -2.049173533000554e-06
79 0.039811453220788294
80 0.7186221332634593
81 0.00011275577178450298
82 0.6663803103570891
83 -0.15785977349808505
84 -0.7533877025151654
85 -0.0858921278880392
86 1.389195457022226
87 -0.10254898588861953
88 3.2630391251737784e-06
89 1.4609107806842778
90 0.13434926777610898
91 -0.046678911800614856
92 1.106418009313669
93 -0.045738414150744866
94 -0.05970839477501582
95 0.3263482536935264
96 1.007477122361144
97 0.4055657130255291
98 -0.010489026145995145
99 0.5235767573172982
100 -0.08036616744195912
101 0.8661675510480669
102 -0.6586387710802588
103 -0.8028874200455637
104 -0.0018766991699678492
105 0.5967873635553791
106 0.05720152573973868
107 0.19833385034276427
108 -0.43848706562298956
109 -0.2614988604346664
110 -0.03076622611500278
111 -1.1406033027966374
112 0.3872586099131515
113 -1.0032390666470925
114 0.6943237450511723
115 -0.1425847349565386
116 0.12984371940358574
117 -0.44928860768537526
118 0.2076365471185024
119 0.05481316312720717
120 0.13280745424334908
121 -0.6898845626053104
122 -1.0520660081450446
123 -0.8671946900128208
124 -0.1168797076801665
125 -0.043095143250973376
126 -0.6865168295099041
127 -0.4865886780647883
128 0.5355653031619805
129 0.01179544447259229
130 -1.1714687197367897
131 0.4934819617332823
132 -0.3285718482115201
133 0.10965949174071843
134 0.020315784859981728
135 0.006325117073895611
136 -0.5953640277670057
137 0.0002669298762059243
138 -0.3788983346006079
139 -2.114367628699059
140 -0.8481426437866478
141 0.6374535317151111
142 -0.5206803016700515
143 0.9502859088234508
144 0.3154786757444867
145 -0.0690628722799006
146 -0.0039603081439547605
147 -0.3132379527972731
148 -0.09315016637247633
149 0.15490952839826966
150 -0.26521707518571636
151 0.0832884434506966
152 1.039619962951963
153 -0.8628328539225206
154 -0.08639053253616773
155 3.6823054916281634e-07
156 -0.6801127655918114
157 -0.22799829881583691
158 0.1653247328107078
159 0.04501034494802887
160 0.8660263871064857
161 -0.6825425746904428
162 0.286859278107412
163 -0.7230825653159773
164 -1.7734690210536692
165 -0.004245872195184106
166 0.004796145112787685
167 -0.27016592001538847
168 0.005198752385360021
169 -2.439917736616451e-05
170 -0.0026375115531541266
171 0.11529433412110185
172 -0.05557076645725309
173 -0.581113139192511
174 -0.07275036889029587
175 0.42096543798664504
176 0.38431926855519655
177 0.8229375085372304
178 -0.00748621942813798
179 0.39267355746991217
180 -0.32690448880195755
181 -0.004869097377618007
182 0.6470009872305167
183 0.7103845960015533
184 0.010732513112448083
185 0.1403968731363793
186 0.1428407841538079
187 -1.5859913152399359
188 0.3410380241148589
189 -2.114367628699059
190 0.7731383891842969
191 -0.14079382549473068
192 -0.7366031028197233
193 -0.020717502279039617
194 -0.0001577561921896003
195 0.6671652673049532
196 -0.09687208427177489
197 0.22849099160665287
198 -0.7992609207651825
199 0.025897628149852112
200 -0.4941292422047109
201 0.09221079109516575
202 -0.257387259000053
203 -0.32278547245585726
204 0.07053760215989151
205 -0.06429195681219305
206 -0.8442833395186378
207 -0.0125701143139186
208 0.03867427516638541
209 0.001709541279908914
210 -0.2287668815919967
211 0.7332082614526544
212 -0.12575751819856032
213 0.7642240442193319
214 0.2698536114669751
215 0.0003777737109380811
216 0.9510362557496169
217 0.09525033291920189
218 -0.11932020971778733
219 -0.29298110667102983
220 0.6576236070952519
221 -0.0033078868074511865
222 -0.6050276024531644
223 0.4283770007860453
224 -0.008360828669526574
225 -0.05724074439679746
226 0.1480630781140751
227 -0.25941667189346446
228 0.35626785496066615
229 0.5793678335942177
230 -0.27867747081051875
231 -0.9689591242793434
232 1.0887568202653768
233 0.4979667319212815
234 -0.09925550962635132
235 -0.030239247552322976
236 -0.6227514802275927
237 0.4067718474914317
238 -0.07726068788889145
239 -2.114367628699059
240 0.20040021145293763
241 0.17243748115565613
242 -0.0642440701779779
243 0.4817131293825052
244 -0.017854334972305014
245 -0.6094437903817526
246 0.12233601569994731
247 -0.31148918491033006
248 1.150267066329999
249 -0.27481572082918343
250 -0.5300031825811865
251 0.24134953305828033
252 -0.0006788202512234491
253 0.2762905673088027
254 -0.08234659016512469
255 0.08579249531042461
256 -0.07144564393728793
257 -0.47009319683920947
258 -0.3047452498723276
259 -0.18449064805863674
260 0.19349750422403256
261 -0.08714997635168244
262 0.002556227958798623
263 0.8919789474773011
264 0.14059100050936604
265 0.5117859062545815
266 0.6740491798936451
267 0.10749925908788949
268 0.14247618970559103
269 -0.0018232688264382402
270 -0.20705778151623613
271 -0.14278671466339504
272 -0.4787469872342326
273 0.34827548263729785
274 -0.6759498469879057
275 0.15430949305422165
276 0.16072563419640595
277 0.2497052509012183
278 0.5973677381135314
279 0.8059742354948116
280 -0.04665590650973878
281 -0.027094132221557383
282 0.08919148727593344
283 -0.01697104683830139
284 0.35475986952186817
285 0.7388479309396351
286 -1.2113095452515954
287 -0.5249205759991047
288 -0.09868948423243439
289 -2.114367628699059
290 0.7145290015040409
291 0.0038580531616530145
292 0.23280257175239774
293 -0.09579606796184283
294 0.2592652036122206
295 -0.7693349332655216
296 0.24879993899829247
297 -0.6400604833415758
298 0.05993191411616419
299 0.8337058526867862
300 0.04735547646192645
301 0.22338872343610652
302 -0.0008343864586920336
303 0.4946854406958276
304 -0.017359574460412766
305 0.0006566194019605573
306 0.8069372474865062
307 0.16693925518597555
308 -0.11917341294816061
309 -0.29602083178606026
310 -0.18933697129251617
311 -0.1531229944676531
312 0.983207888368016
313 -0.14101528950321274
314 -1.2456348291143131
315 0.17224041409975216
316 -0.16151835361667194
317 0.0732488637501128
318 -0.6428018729140886
319 0.00031748124668024615
320 0.32211251623092857
321 -0.9569568784641511
322 0.3130246237564353
323 -0.5925697111815653
324 -0.3103901139628432
325 -1.1806655974874543
326 0.3176006511786585
327 -0.3062274718206671
328 0.06424959134571437
329 -0.054065313036756185
330 -0.4335925669788311
331 0.2213052061751335
332 0.026711385027205388
333 0.6347896619713931
334 -0.21939188982483313
335 -2.9578680893864723e-07
336 0.01101288190711292
337 0.7114922460578265
338 0.9731977609700183
339 -2.114367628699059
340 0.7204818863853192
341 0.1627053349747492
342 -0.6726181149998024
343 -0.6011242325858837
344 0.4978976900903822
345 0.39575993171449886
346 0.002625678239746877
347 -0.20273918857766432
348 -0.9108009691898443
349 0.2519000323856465
350 0.16196858195459338
351 0.6134578953934018
352 0.042042992299540026
353 0.058447045231806855
354 -0.5532704058103763
355 -1.4750599241967677
356 -0.23534890252050336
357 0.5718464891719386
358 0.03865869655449714
359 1.0208603460863763
360 0.1518727438050229
361 -0.0030787680973600184
362 -0.7045031990167554
363 0.14129457195736822
364 -1.6368833613165295
365 -0.6441724911954212
366 -1.207014514086572
367 -0.22767041720394948
368 0.45463460296867597
369 -0.679108551740967
370 -0.04568657998491733
371 0.34733296319169144
372 0.025549057467790015
373 -0.5367060689526506
374 -0.0263783337167722
375 0.04441977744374903
376 1.6881693454888037e-06
377 0.2742446494442712
378 -0.1996122736695956
379 -0.5158595007981649
380 -0.0824768854867996
381 -1.2673010701412886
382 -0.7411586192490336
383 -0.5293409911530558
384 0.014229124487536101
385 0.5653811860294589
386 0.010857134604288082
387 -0.18233029062810718
388 -0.469587958488114
389 -2.114367628699059
390 0.3643814230625505
391 -0.18402845934948486
392 0.35132726321509705
393 -0.09078929612647656
394 1.1722412636827184
395 -0.8105304374406966
396 -0.18365534928954613
397 -0.331336479207493
398 -0.9774041736308325
399 0.1031186686180294
400 0.5619398707189969
401 -0.2971817306803877
402 -0.3079799291453701
403 0.017087087332864157
404 0.5578692303204873
405 0.6552567062104281
406 0.5430085415164809
407 -0.45760778117953577
408 -0.3615613210314233
409 -1.139349856382488
410 0.22665153694941348
411 0.6614462231128062
412 1.1391013216194728
413 -0.4002140782185893
414 -0.6059596726465145
415 0.004791009778811941
416 0.6380735437658457
417 0.3987308584596173
418 -0.07360411529217037
419 0.027099406256336906
420 0.4057138818221182
421 -0.8186448469965946
422 0.24645487785912068
423 -0.4460802460095641
424 0.7633813698148064
425 0.043089548454676475
426 0.7582327488473657
427 0.25993624200094667
428 -0.3065528273438951
429 -0.31831452774457514
430 0.10020245468560529
431 -0.004536828261281156
432 -0.07968954747921153
433 -1.211489137171507
434 0.12374915835704439
435 -0.24006940663211068
436 0.8309312285833191
437 -0.18357559698784098
438 -0.08446493414619091
439 -2.114367628699059
440 0.9361027674173363
441 0.0960646666482732
442 0.4023989390314675
443 -0.3368249359782094
444 -1.107946506876981
445 -0.5650365889158085
446 -0.42502124872050306
447 -0.3264261477062502
448 0.25772344091146915
449 -0.08159533877383479
450 0.4904635558909458
451 1.2620275908842375
452 0.9548483186432783
453 0.0663504158317033
454 0.06091094974183553
455 0.6310357865082041
456 -0.17356616575808245
457 0.690031952616233
458 -0.27899594898714697
459 0.5027356464021995
460 -0.5188261932464452
461 -0.09527990269608698
462 -0.39727698398516137
463 -0.6049183260654236
464 -0.426180306982222
465 0.2834990455208387
466 -0.6053701367798714
467 0.0026533048452049793
468 -0.5430828795819171
469 -0.18441716275847062
470 -0.09010406675429442
471 -0.8387855923828855
472 -1.2794540479859788
473 -0.08733282503283055
474 0.7420718470669649
475 -0.06772933659117986
476 0.6900161366851703
477 0.006024568247991815
478 -0.09361922957778418
479 0.45405480992597513
480 0.6516879416132725
481 0.015103105640916437
482 -0.1598956349154748
483 1.178196355498538
484 0.8081705838805725
485 0.49740347851558553
486 -0.8054506868468059
487 0.11421569569575618
488 0.9223141596091042
489 -2.114367628699059
490 -0.3168738093111226
491 0.41027011673344904
492 -1.0190015488675634
493 0.08608297709165659
494 -0.14567420310024332
495 -0.8531777934025065
496 -0.8057738662950051
497 -1.0595867915568538
498 0.0737454828346473
499 -0.41467552692502874
500 -1.0598667929606296
501 1.0729913614841333
evaluations raw_y
1 -0.15113527675076288
2 -0.057098229494906255
3 -0.10573121455652411
4 -0.5171119166953226
5 0.03176497828006174
6 -1.397879481722427e-06
7 0.12955152530188874
8 -0.08788253366252126
9 0.04585347372579915
10 0.6932240953559745
11 -0.1165920524018995
12 0.43729081702929135
13 -0.35262749758660045
14 1.0712613652605003
15 -0.11690397515408617
16 -0.2690252884914679
17 0.19206930578130013
18 -0.6396646882422646
19 -1.0004069299026415
20 -0.383263207027583
21 0.4345583350073413
22 -0.057306560684030006
23 -0.0028403760013233385
24 -0.010477467637955455
25 -4.554059015666499e-05
26 0.8073403341956278
27 0.1786830815481982
28 0.21906471574863198
29 -0.6762797495372509
30 -0.3168207576805296
31 -0.2951163011077779
32 -0.6069111710064163
33 -0.15423724347950069
34 -0.4449128060026598
35 -0.5135167695975871
36 -0.09320269761687006
37 -0.09503192446904253
38 1.1831227539488667
39 -0.015281821873541863
40 0.07001004700207199
41 0.6920042794319168
42 -0.004797918681370897
43 -0.2658693889169833
44 0.42963680551458006
45 0.028734408596820114
46 0.6316202670349776
47 0.6721633617660323
48 0.11673769854476254
49 -0.5770001085876871
50 0.7199312318926454
51 0.05884288364486188
52 0.5019913284652258
53 -0.04046360725370466
54 0.8024948149328135
55 -0.2608845359948897
56 -0.00025367260549461997
57 0.6378129504968959
58 0.9913264683541679
59 0.0590687692383926
60 0.05088621464036752
61 0.17188958128418602
62 -0.7681399457061864
63 -0.05817584969848103
64 -0.35679243068587396
65 0.008725554350884455
66 0.30361018353389907
67 -1.2007444476925035
68 -0.6231363883294809
69 -1.0004069299026415
70 0.0576557716466735
71 0.5081742356981989
72 0.1428188254522841
73 0.02887032581518479
74 -0.06105448467903607
75 -0.646833076440583
76 0.08463190347099502
77 -0.5708375175880546
78 -0.5554594060850869
79 -0.6440460216186483
80 -1.1079676823443567
81 0.7827833952647246
82 -0.7960409187485081
83 0.135083169967435
84 0.28772150243568423
85 -0.4170701401296154
86 0.6920844233088669
87 0.7194117721537625
88 -0.41501362044785234
89 -0.17303247433193994
90 -0.12745732582215089
91 0.7203095838634692
92 -0.44200246820646577
93 0.31433141583260704
94 0.42261841985087295
95 0.2016210151386509
96 0.28797163474148246
97 -0.012343060521094108
98 0.3642575701849621
99 -0.2705703711420299
100 -0.7584591680756707
101 0.12014713181063588
102 0.8708735070014675
103 -0.0019164751372828333
104 0.26801742690422725
105 0.1368747930890151
106 -0.1285489599824234
107 0.6746248371492458
108 -0.01358065273541283
109 -0.6825666602686549
110 -0.1725525708846181
111 0.0928266823335505
112 -0.6475605462190094
113 -0.2519061440459269
114 0.12294714572188238
115 -0.5120442336141104
116 0.3826196629692099
117 -1.2007444476925035
118 0.039240137544576364
119 -0.5743637968316619
120 0.3455218963677973
121 -0.053836106438857674
122 0.33447727930346444
123 -0.11724541487427052
124 0.86405674572848
125 -0.476768269176349
126 0.5883997404260405
127 -0.6831976043721987
128 -0.008616341137257993
129 0.04233576117002658
130 0.16291991951416068
131 0.6357060273591544
132 -0.44215068891486314
133 0.001098371631544375
134 0.002793772469918242
135 0.2785628047627733
136 -0.026134440275967185
137 -0.12718128650461136
138 0.21112343111475917
139 -0.8302338422922748
140 0.28899513951488115
141 0.003710651456931334
142 -0.7681244463160869
143 0.45916652116510315
144 0.7323155003566171
145 1.021918060183122
146 0.004563080353886168
147 0.008386530921781005
148 -0.6522397153398807
149 -0.21576302293206465
150 -0.4380643200471558
151 0.3765784419184586
152 0.1721626425507274
153 0.015478016441771008
154 1.3035768043054657e-06
155 -0.3632213250872831
156 -0.8331588104415234
157 0.04102804987619441
158 0.0580528717011141
159 0.8072700169171315
160 -1.4315248509454235
161 0.5061882233541456
162 0.25959751955386073
163 -0.5068819075975262
164 -0.17725696958001944
165 0.42934907758822466
166 -0.10125844587047363
167 -1.2007444476925035
168 -0.14055435663717908
169 0.9016315683283171
170 -0.15257811036271293
171 7.669508529344409e-07
172 0.09032431555677364
173 -0.015173816561648783
174 -0.4428174944339025
175 0.2328997724266625
176 -0.06493022892043106
177 0.29420473881745346
178 0.02157859006239085
179 0.1691620707860722
180 -0.35287980909796773
181 0.28805585507214837
182 0.656796187030543
183 -0.6184854708593
184 -0.0024043639237139075
185 0.1673396194845628
186 1.3103281154163124
187 0.07348440349742408
188 0.4128348841968509
189 0.49507356030866717
190 -0.1434372809796375
191 -0.5112733733446619
192 -0.29148237009350425
193 -0.10923228498869361
194 1.165666677303214
195 0.3209252825356964
196 -0.4212090071965618
197 -0.3278602267163712
198 1.270768275442241
199 0.12445715117011885
200 0.4657242819241516
201 0.08760223529415175
202 0.15637553722570183
203 1.1969997390404943
204 0.5929626102947817
205 -0.6799985820521318
206 0.04039302117862267
207 -0.017610358452610574
208 -0.6354480172949141
209 0.037886345382295655
210 -1.4315248509454235
211 0.14425418577863766
212 -0.14887785216684854
213 -0.048322471690893
214 0.042714644912764915
215 1.4870430701786053
216 -0.16243638417188966
217 1.1135420461327998
218 0.0001902685346289646
219 0.374147434739892
220 -0.624161451305399
221 -0.1338684382553254
222 -0.00946512650350667
223 -0.30062779472790613
224 -5.25642120863089e-05
225 -0.33260278366265317
226 -0.09240215281384545
227 -0.40846915748127754
228 1.0785386336537506
229 0.15778460284676468
230 0.0672558171767739
231 -0.04118552477944004
232 0.17514910203209147
233 -0.520332358807397
234 -0.7873313637096304
235 0.7216145561861141
236 0.0031522334701188787
237 -0.0003852126515868674
238 -0.0070203418559353845
239 -0.4856323251657354
240 0.39974115372360736
241 -0.19172995931785675
242 -0.7421951257192495
243 0.03761188946382409
244 -0.02912918450100586
245 -0.1504506451559516
246 0.21021037554449085
247 -0.9498471295422897
248 -0.22193428165478063
249 -0.012805001980830094
250 -0.38838010498226405
251 0.13581096977532037
252 -0.6633313603466018
253 -0.14430445251179413
254 -0.1504864042663421
255 0.30302918896018805
256 -0.3001095353739958
257 0.372247860346664
258 0.031059653217705194
259 -0.2742856130642041
260 -1.4315248509454235
261 -0.000717277686952912
262 -1.037822068976224
263 -0.33468964263705325
264 0.472513980059142
265 0.21357924011456372
266 0.26211555524903524
267 0.9615905287885161
268 0.1926355182695499
269 0.627083353925566
270 -0.0930668552703166
271 -0.0001763895892913473
272 0.048327545016040106
273 -0.41661218402556943
274 0.28266315661203784
275 -0.2976797875987158
276 0.32961060702724937
277 -0.00015705521068968105
278 0.818688175763346
279 0.9953196559132926
280 0.047336876592234116
281 0.753845592479301
282 -0.008192506076108042
283 -0.058722867919544064
284 -0.43130735904828993
285 0.044343054426141684
286 -0.23661774541993394
287 -0.1930130855255013
288 -0.0012488606830178273
289 -0.7474306486458004
290 0.8761795793111136
291 0.0475194811293955
292 0.16411387426101762
293 0.737471430305991
294 -1.0406970285747201
295 0.5104753483093145
296 0.5720187341846776
297 0.950980494192446
298 0.20909773467042492
299 -0.32304364034888955
300 0.9417560005365033
301 0.13724711979368426
302 -0.22647079193234507
303 -0.12332740481067093
304 0.31827832272627343
305 -0.3266695162722845
306 0.06536386842729018
307 0.5300559302989061
308 -0.33544047889926404
309 0.021908076964389324
310 -1.4315248509454235
311 -0.6020628383036961
312 -0.37899843642807957
313 0.08525211596925744
314 -0.5130498474614079
315 0.02169086603547578
316 -0.01019112917262291
317 0.42531110534637045
318 -0.5176012798458931
319 0.4556884013621232
320 -0.06711225181465427
321 -0.07663885653839549
322 0.04213464689730346
323 0.024938955285410246
324 0.19189894357297885
325 -0.014745970953990079
326 0.00026901553509588665
327 0.0957030721731335
328 -0.11599878922828047
329 -0.7690909108526784
330 -0.5948945523141804
331 0.024367032781819307
332 -0.18113250926018953
333 0.3600852767402008
334 -0.7193020561110844
335 0.19093125296341534
336 0.9393037675404429
337 -0.23692282170791265
338 0.5637218247878356
339 -0.1040002990866545
340 -0.5964279096078824
341 1.1191895056515766
342 0.1729804739423949
343 0.08091704943159307
344 1.0362515459914838
345 -0.36324256224785084
346 -0.06221740913464088
347 -0.17329544103997868
348 0.013855857738270444
349 0.10994558278591197
350 0.87999879130798
351 -0.0012508670065654896
352 -0.06518332140915536
353 6.0580549136793566e-05
354 -0.17884506395512023
355 0.08550561274812818
356 -0.8401767578404061
357 0.23820908916600317
358 0.03523976746523832
359 -0.16835866328072752
360 -1.4315248509454235
361 -0.7382093397600061
362 0.02324533384337216
363 0.7033533014901467
364 -0.581163169142204
365 0.05995387701018353
366 -0.14428070625763287
367 0.3018854062314568
368 0.012200701911423209
369 -0.006761116766323367
370 0.13498875956544715
371 0.899781373917332
372 -0.0001900019150197233
373 -0.5094215910687865
374 0.12359114146233745
375 -0.7081390144552985
376 0.25362317571377996
377 -0.125754669019358
378 0.01787665496522734
379 1.0639541819028684
380 -0.5816177843203809
381 -0.132041877429189
382 -0.5459321376952292
383 -0.1645812666894056
384 -0.4278295836615259
385 0.6928852052670471
386 1.5235103556057763
387 0.732109031986735
388 -0.40688039508791074
389 0.3434081108198823
390 -0.00030455284874223717
391 -0.06192967525970611
392 0.33602527389862985
393 0.18078474720932913
394 0.035384306254289996
395 -1.0606965196115352
396 -0.607147259543074
397 0.5591386980957251
398 -0.1196300926879366
399 1.3815521795051076
400 -0.15807436914087075
401 0.8968454990787473
402 0.4903387388998339
403 0.23721223845505782
404 0.9020647341573413
405 0.5188944336456155
406 -0.013500888419859542
407 0.47426398455594293
408 3.3017610781730857e-07
409 1.380342462836059
410 -1.4315248509454235
411 0.3286780072185241
412 -0.5149904767947677
413 -0.38103759167354717
414 0.21654959213870406
415 -0.4901321239666081
416 0.09878700154270964
417 1.1693669697823112
418 0.5456434211405664
419 0.4080922597461209
420 -0.09232613362008889
421 -1.2742853412206339
422 0.2180771744432267
423 -0.02238954156391122
424 1.129364300450757
425 0.11290325068665606
426 0.017361951711237902
427 -0.06619695984256391
428 0.8231003365257261
429 0.6803844230259956
430 -0.028892113529977042
431 0.07892593327944172
432 -0.1644301424010963
433 -0.6532358940760771
434 -0.05658540109497479
435 -0.8089695361377818
436 -0.6795317665636701
437 -0.03194596785863908
438 -0.9016970270908107
439 -0.24245637578626933
440 0.47781153328008563
441 -0.11384126964203305
442 -0.3689144204942939
443 -0.3578635109612615
444 0.0824544044654073
445 -0.2521810976987393
446 -1.0858189280634862
447 -0.007669838055650774
448 -0.9415258424680879
449 -0.3231335075199374
450 -0.4401445964306223
451 -0.20431513890781694
452 -0.5604868283793828
453 0.010450371870933055
454 0.2730101560740936
455 0.19371535256347208
456 0.43435806750336287
457 -0.7741124678901168
458 0.5921230323984069
459 -0.6410066227917223
460 -1.4315248509454235
461 -1.224201005385406
462 1.1185206312406362
463 0.3836128359271457
464 -5.594473899644247e-07
465 -0.8015574513335372
466 -0.016748063999612116
467 -0.8079397439087812
468 -0.12389547162343631
469 0.06895786258655875
470 -0.11416441775670293
471 -0.6710287171625722
472 -0.01702764284991363
473 -0.0024751549103917223
474 -0.1903512108705832
475 0.08635909095043949
476 -0.18092996082273197
477 -0.06759469073463811
478 0.05219165417181351
479 0.33958929952182854
480 0.04632347812257813
481 -0.08308072008476523
482 0.8213518595872671
483 0.18694121066199743
484 0.07438980375293894
485 0.581016465231315
486 0.13346889707347603
487 0.10973547440093326
488 -0.19276129927254848
489 0.7276075318349305
490 0.020085051053317343
491 -0.20356683249442675
492 0.5910659688698874
493 0.3227163349998077
494 -0.16242996481439634
495 -0.5984592046727861
496 -0.5548809201838831
497 -0.5775841915567366
498 2.133638366761945
499 -0.6675514455683204
500 -0.00045900542569612496
501 0.1958387703542732
evaluations raw_y
1 1.254343993896385
2 -0.06862216913471224
3 1.220445992505334
4 -0.2940247859126429
5 0.8153753821606129
6 0.3208892367285094
7 -1.0130717856274347
8 -0.7088276498281965
9 0.19056488632684443
10 0.28739689390253237
11 -0.6280563225592268
12 0.011827192200439419
13 0.44285020268194203
14 0.6531280147697396
15 0.30471296511600793
16 -0.22323948941358704
17 0.2139046870112723
18 0.21899743085361564
19 -0.0246091169370854
20 0.11201335549091683
21 0.00013312897197803445
22 -0.44667103138111697
23 1.2322260245395409
24 -0.08389939426183662
25 -0.5307496905513841
26 0.166405934168586
27 -0.10725131625212989
28 -0.522426366890714
29 -0.09856575553656728
30 -0.035274646742309505
31 -0.534708230120336
32 0.39074187789760706
33 -0.6722129633108648
34 -0.5029373255365703
35 0.8567278270313387
36 0.1695031604848066
37 -0.5420717352285161
38 -0.8137841586770747
39 0.19276503847644957
40 -0.5132812724907331
41 0.04602631438048663
42 -0.5818438912721211
43 -0.008826604958921735
44 -0.6925553302536281
45 -0.02706818078604169
46 -0.7459428253136543
47 -0.06604149361902571
48 0.021238486033688168
49 -0.8894622841696308
50 -0.006127347744285724
51 -0.6755353153057062
52 -0.029726599817203252
53 0.5153549861905768
54 -0.4118485720578838
55 -4.162268616200576e-07
56 1.2192384709886377
57 -1.0130717856274347
58 -0.18165914463393032
59 -0.4301872655332838
60 -0.4863478796734743
61 0.8236968643308602
62 0.3325915423752062
63 -0.292808366800514
64 1.3129801254663642
65 0.6082084903103488
66 0.06106320481923176
67 0.9262118231501391
68 0.9136337459439703
69 4.010895410975433e-06
70 -0.0004334259816348537
71 -0.6228327332822264
72 0.06478877945793719
73 -0.10924111083064461
74 -1.0681480571488786
75 -0.003100372204486804
76 0.9752241822315145
77 -0.040472218584765976
78 -0.1272315242636679
79 0.3844999505630071
80 1.1962793712280768
81 -0.421562418909794
82 -0.007034939703213198
83 1.240698789667953
84 -0.9443431290397257
85 0.5590597474435018
86 -1.0996265215435501
87 0.20224192303269997
88 0.6702221337486414
89 -0.4434094272736532
90 0.899196758613735
91 1.2602013292199723
92 -0.1443857163797661
93 0.00029570980284397247
94 0.828945155158407
95 0.692494424797027
96 -0.9269142996431198
97 0.07813689427024066
98 -0.26120677781220136
99 0.008032593774970028
100 1.2771674002659796
101 0.04745142540271893
102 -0.5359783168514505
103 0.5333877618665811
104 0.3184178469599436
105 0.06274472371581633
106 -1.4525138560782063
107 -0.1871881788088177
108 -0.7054875569085238
109 0.4113852107585033
110 -0.5459021671623764
111 0.09238956065642065
112 -0.0015249824235243825
113 -0.2432024640151305
114 0.16473034366680142
115 0.5498342841642017
116 -0.638494061141293
117 0.11412052006402974
118 -1.1897778160930788
119 -0.0016988717788642693
120 1.0593026985194194
121 -0.1316193348483931
122 -0.05049720094257243
123 -0.30802786813662925
124 0.36346350076736467
125 -0.46735065836494805
126 -0.20792108686098562
127 1.3422442655184932
128 -0.0038722727577354624
129 -0.2010298362229086
130 -0.19377395197530395
131 0.3468665587344999
132 0.010350752687104064
133 0.4189020360188264
134 -0.22801798986372585
135 -0.00016141521674976878
136 -1.0996265215435501
137 -0.49009393998274725
138 0.6055111580403889
139 -0.2975892943086855
140 0.15380226153787022
141 0.10782555386436984
142 0.15992459660137734
143 0.05259563685412448
144 0.8086412927187441
145 0.5687101790958237
146 0.0067023853942426515
147 -1.0968825442101586
148 -0.8747195699505349
149 0.2842489163114742
150 -0.5675193399632845
151 0.06409972930448053
152 -0.3630374570891299
153 -0.7273766967202837
154 -0.038892611617995766
155 5.811380855989403e-06
156 -1.4525138560782063
157 -1.5454120825767683
158 0.08271228768359876
159 0.30356412355788553
160 0.43117655401266664
161 -0.10405557117388661
162 0.022666371977295586
163 -0.6749462646253247
164 -0.4894341365027286
165 0.6067831343331381
166 0.5811399881390643
167 -0.00506538073084521
168 0.18583916108485554
169 -0.11383227687814274
170 0.05786908377073493
171 1.1313891841468657
172 -0.08494775358276714
173 -0.7027696825120652
174 0.75343314297891
175 -0.38845573824774476
176 0.01747895187408869
177 -0.04120287626102677
178 -0.09711645783467597
179 0.27185721091777476
180 0.4797311355943591
181 0.4033369725890845
182 0.041580676747644624
183 -0.011017222379101773
184 0.5216796337905053
185 -0.6726602051337329
186 0.09693761942611255
187 0.21418204547343073
188 0.40210712490072714
189 -0.32284371757116503
190 0.016663276243568472
191 -0.032865487361302154
192 -0.6250725105778983
193 -0.5493990107263746
194 0.1051075418558171
195 -0.13028570181560767
196 -0.535799352478121
197 -0.7022909151606566
198 -0.42624074053472377
199 0.10515776835221127
200 -0.7438007857963513
201 -0.16978885239709318
202 -0.2639238544967987
203 0.04357614681330219
204 -1.04969352984219
205 -1.221793650189
206 0.09999479427845713
207 -1.5454120825767683
208 0.04502062970720288
209 0.6506235151494066
210 -0.6529158353919076
211 0.03319833927005739
212 0.00017453323605610234
213 -0.19087914556214092
214 0.4533350564994502
215 0.7547327781402385
216 -0.0008078126156898576
217 0.2907981932191806
218 -0.5212654382463318
219 0.1882997960741369
220 -0.16029439118265565
221 0.10840039324164054
222 -0.011869641479718047
223 0.7323272802454764
224 -2.3082083656757513e-05
225 0.026123931739160056
226 0.17867866446931113
227 0.5513845728876621
228 0.03034691243785193
229 1.0244411134466807
230 -0.2970767747689125
231 -0.2530037378636942
232 0.06556774762885073
233 0.4593522421820305
234 -0.01111086765956188
235 0.6700132465145967
236 1.3857576604858999
237 0.2608312311470268
238 0.2655293007638277
239 0.9225883975780164
240 -1.1314523805723933
241 -0.38213992163827254
242 -0.13068912486376183
243 -0.061451114181899136
244 -0.3099261975690659
245 -1.0581384398532332
246 0.03480967413764389
247 -0.535042970563455
248 -0.44392698971681044
249 0.07862272052231901
250 0.1394546497331408
251 0.030692659167546862
252 0.004336389358316567
253 0.94662129817957
254 -0.02944375205343916
255 -0.5539952353454805
256 0.03543084532258703
257 -1.5454120825767683
258 0.011474232504315165
259 0.30408613843335497
260 0.08569942315917622
261 0.042064964399804006
262 -0.00021275265190780787
263 -0.15718301702157797
264 0.03147168513562912
265 -0.25516027014032683
266 -0.8987573474157019
267 0.5188093819826203
268 -0.9156117248202662
269 0.30667854667970296
270 0.3821354103500178
271 0.04888139493488797
272 0.16104264651840233
273 -0.05639875153006967
274 -0.10851214182261656
275 0.29745779090902014
276 0.0811761861763797
277 -0.2295853529560131
278 -0.017342088363269906
279 0.07637946151840269
280 -0.23668946795594104
281 -0.01922349598423037
282 0.007450886366203814
283 0.1256116779916214
284 -0.17129574305242942
285 -1.20554364699999
286 0.2798412109767457
287 0.8359533877564109
288 -0.11257450799136924
289 -0.7124650009621115
290 0.15050746152757624
291 0.06450723258218083
292 -0.030240390027129863
293 -0.28913959635323055
294 -0.0005288659491815652
295 -0.03646043018192594
296 1.2012753742661255
297 -0.3304884126786215
298 0.37322783107902735
299 0.024376217537957975
300 0.2888569456458675
301 -0.046867032553951186
302 -0.5041412659078299
303 1.0851347976586345
304 -0.81815583343233
305 -0.2961820941190318
306 -0.4323668315526717
307 -1.5454120825767683
308 0.38802629837887265
309 -0.45298289816885534
310 0.6055169808935756
311 -0.43410331701341787
312 0.018871462280466596
313 -0.2625177535009599
314 -0.24307693942315392
315 -0.08984251739519519
316 -0.46426070847574097
317 0.816706595110801
318 -0.4283373594352643
319 0.3423736192963457
320 -0.29020945075235444
321 -1.1509739077030727
322 -0.0014030335768021203
323 1.0711938335611741
324 -0.4093017099157526
325 -0.5231069357740863
326 0.3144774557252227
327 0.05908780004327631
328 -0.5701702283366967
329 0.8864120610941651
330 0.8495588767578112
331 0.4559438666146529
332 0.700948355157106
333 0.00011465283340905268
334 -1.497760765654894
335 0.6139454430232794
336 0.0006515286296315685
337 -0.8148340925795108
338 0.7398853077031673
339 -0.7216265495846798
340 -0.020254925982999796
341 -0.07819483199265713
342 0.7582353534176481
343 -0.27913219292252023
344 -0.2418874944574092
345 0.6496078197367348
346 0.0009726400055061981
347 -1.1661331339260728
348 -0.008660999818930572
349 0.6246488966437603
350 -0.5753545892047232
351 -0.0004344272255593714
352 -0.3096374667622703
353 1.0364666656739518
354 1.0076259796797664
355 0.2937913565296608
356 -0.3550536542243856
357 -1.5454120825767683
358 -0.05597617252146224
359 -0.3101741042043895
360 0.4200655283526028
361 -0.01946171558314173
362 0.036904600826664545
363 0.010712898197175734
364 -0.5554471126485734
365 -0.6747243002743316
366 -1.550216579878569
367 -0.1171124923048335
368 0.22701624508551818
369 -0.38369347107165275
370 -0.1541337139256896
371 0.40567185041361187
372 -0.0023632751632999306
373 -0.5226391351544944
374 0.40963766248574285
375 0.1438870100501298
376 -0.149270660976374
377 -0.9279487100005573
378 -0.07205725310241731
379 0.38991165145573464
380 0.5296216215576292
381 -0.5017351238527701
382 -0.24572082541031343
383 0.18341171575655385
384 -0.9015234678833985
385 -0.1424090430547414
386 -0.42452273845193905
387 -0.02719969254337884
388 0.3542727006849275
389 0.048006815454624104
390 0.02344465948071776
391 0.07865535397431823
392 -0.002993684170635148
393 -0.012303207607951052
394 0.13953740245627103
395 -0.6096292004891504
396 -0.009355936118750456
397 0.9764432059968078
398 0.6648887888900469
399 0.11483381921420321
400 -0.1103322411406426
401 -0.8030035482414567
402 -0.30968809655061985
403 0.5589053714171459
404 1.4698217634521622
405 0.12917672501403504
406 -0.628557348973183
407 -0.345396998821496
408 0.1432613338494744
409 1.1466029831836173
410 -0.6437102280592447
411 -1.064646760706289e-06
412 -0.10132872377077778
413 0.004873593367785297
414 -0.6206903066445619
415 -0.06142852582460053
416 -1.550216579878569
417 0.6033220751345117
418 -0.19647144925776078
419 -0.011098518942483683
420 0.3771206577709111
421 -0.2817316074622869
422 -0.30949075183806707
423 0.6973995272234101
424 0.10094190561538433
425 1.2012504564922204
426 0.5543065717121652
427 0.056493550034979564
428 0.059727682771017816
429 0.9100542660376463
430 0.07025193890034907
431 0.11781002897228655
432 0.08938212488024792
433 -0.6456296864941915
434 -0.6884437162660426
435 -0.5670926537189795
436 0.6823412199530252
437 1.1704878851465075
438 0.9908856175949379
439 -0.38897111523362804
440 -0.2998695268802597
441 0.28722409430203133
442 0.06273686006372393
443 -0.3052348177127808
444 0.26039340369724306
445 0.26602918910446566
446 -0.17044627164463538
447 0.5651202429520409
448 0.5811418782837188
449 -0.9854056362794565
450 -0.32879536802308784
451 -0.19481984234947833
452 -0.18389259508891986
453 -1.697774262028405
454 -0.30722291729246765
455 0.46361177119750246
456 0.04104541742894123
457 -0.5296186490827356
458 -0.5711611685087787
459 0.36475918987337685
460 0.7781131515447011
461 -1.6295176429860752
462 -0.00944400332670675
463 -0.023123576324427162
464 -0.9495648080392272
465 -0.7125234403976178
466 -1.550216579878569
467 -0.015301516409887646
468 -0.6980252006168401
469 -0.22060948285400309
470 0.05958301851511013
471 0.74188837444699
472 0.1452256724449043
473 -0.1369976354090871
474 -0.3802320954671432
475 0.15824857292662967
476 -0.9228211552394909
477 0.5024117301695626
478 -0.0011727726686962192
479 0.14489476975488616
480 0.46639808517836956
481 -0.5438122184188078
482 0.8934006669978445
483 0.442764742394482
484 0.38764659024488207
485 -0.6400241947479609
486 -0.033020029660639424
487 0.7857394244882345
488 -0.42465256854618844
489 -0.20662836078374802
490 0.5326443720748235
491 -1.238460607007429
492 0.11004453170534567
493 -1.0093765782519306
494 -0.8340982652909283
495 -0.7863302004361108
496 -0.39182420473324736
497 1.627360323303546
498 0.31390759035854116
499 -0.05767666283671945
500 0.14579451463446425
501 -0.04591953519358402
evaluations raw_y
1 0.05640388070679743
2 -0.19863175253174517
3 -0.3983369149825151
4 0.21820191363910013
5 0.08609420039198155
6 -0.012848098829195138
7 -0.1290196915127815
8 0.0483698029438101
9 -1.0509381529836557
10 0.474834358732906
11 0.5704712209895326
12 0.07727299410677364
13 -0.6185365851619645
14 0.6449135873627657
15 -0.8134830375275004
16 -0.0004921597112028849
17 0.7478555274684916
18 -0.111448753050314
19 -0.3745565187412482
20 -0.12567278184362474
21 -0.024772598878666955
22 -0.7744120602757039
23 -1.6098812263493096
24 0.3765077110802365
25 -0.6447448569089342
26 0.11913124891265149
27 0.7784693431510705
28 -0.06112610424976662
29 0.051104145479737115
30 -0.3102830854587269
31 -0.6634041297654087
32 -0.20525910887683219
33 -0.9117417672061173
34 4.3393911809888555e-05
35 0.7129891246729666
36 0.9093037548560746
37 -0.2486794694823541
38 -0.003114326841220642
39 1.102218766818405
40 -0.6058188323282494
41 0.8298562212266127
42 -0.026238648517839608
43 0.061612415645964494
44 -0.8440658920050633
45 0.0933207553519599
46 -0.13332339413643193
47 0.32888336058442236
48 -0.23956202214646105
49 0.16795145854163898
50 -0.05267503340622376
51 -0.45688108963107577
52 -0.03944986238249486
53 -0.5705192868358078
54 -0.00017138048893241057
55 0.0435046537040292
56 0.08586644685196268
57 0.008555948887601316
58 -0.00044604405065973464
59 0.25027405771148953
60 -0.3954308326010565
61 -0.7202133381906662
62 0.414660796589378
63 -0.05356158921706601
64 -0.03724948990916543
65 0.24041189389164347
66 0.49997386581863695
67 -0.06654864956324104
68 0.0005464072157408157
69 -0.2799445548180869
70 0.2354442004669165
71 0.007176073519326406
72 0.3757599901276622
73 -1.6098812263493096
74 -0.0759834347344299
75 -0.09714991126917029
76 0.07659199853280568
77 -0.09193809946798054
78 0.7933116686283971
79 0.6496241263531406
80 -0.50371634145789
81 0.670353035724942
82 -0.3377236826842968
83 -0.026149695559243027
84 0.1913554554294793
85 0.38752339683672155
86 0.7332900676610402
87 -0.12861286069837777
88 0.6714278994938897
89 0.939309608519238
90 0.17640171425076268
91 -0.87794275924283
92 0.7487801819376534
93 0.05035433652928498
94 -0.001093199971672742
95 0.42920813448853923
96 0.7416812296191976
97 -0.15920209773414007
98 0.029033420231177186
99 1.3309397474197474e-05
100 0.20165699464165965
101 0.08748870582671268
102 0.057747690517580205
103 -0.551123975161147
104 -0.0863402972183284
105 0.2349078641825281
106 0.11274465947575545
107 0.23918208380048267
108 -0.2257150526316681
109 0.18170294979366095
110 -0.6837804838026589
111 0.023837623829727116
112 -0.7370306714038766
113 0.4131819035704023
114 0.2660574257783312
115 -0.1991760442892835
116 0.14835703201030923
117 0.6296206110684841
118 0.46145457538773393
119 -0.29323082195426914
120 0.8452593979918451
121 -0.25257275326648765
122 0.0691642600356382
123 -1.6098812263493096
124 0.49994084734431804
125 0.28062332653157906
126 0.18348709793094137
127 -1.4070470306018212
128 -0.10271835621111279
129 0.10410467679914019
130 0.005316585638529077
131 0.02150081040207454
132 1.0691541242806601
133 -0.5152577519262185
134 -0.22847895001470275
135 -0.2231444215424371
136 0.8024564932982833
137 0.578425084625233
138 0.25744080686790455
139 -0.0011010738206136998
140 -0.24238670583308777
141 -1.0132923232034508
142 0.23037709876800755
143 0.10654580423215894
144 -0.8563312694828723
145 -0.6860640011829117
146 -0.1011554128306936
147 -0.010558055339988874
148 1.4427672135059066
149 0.05397702395598367
150 0.7933729785715056
151 0.06454770691276722
152 -0.9198997909102886
153 -0.44005109062980424
154 1.0997710427784357
155 0.6854782280004248
156 -0.4174696275958574
157 -0.042976575093096755
158 -0.3578509429763554
159 0.738749843165619
160 -0.28461860084751944
161 -1.4541105125623994
162 -0.004550172904480343
163 -0.41013542025522565
164 0.15156708310057274
165 0.21721764687999945
166 0.320928884377475
167 -0.05706464109881232
168 0.04306340559905015
169 -6.12421740330702e-07
170 -0.010836004772541801
171 -0.5781752245021758
172 -0.6369869297114377
173 -1.6098812263493096
174 -0.009726913466648196
175 -0.2681602565326064
176 0.002393693384176469
177 0.032188524662022586
178 -0.24492956002409846
179 0.2754818558514135
180 -0.6760246616400175
181 0.5396979379382438
182 -0.6185235743352124
183 0.08319866048677882
184 0.07610254525321955
185 0.020053593911187863
186 0.6968707152614735
187 -0.05602312523326282
188 0.0019330304017207694
189 0.05438812010861611
190 -0.2940940244304625
191 -0.9410423976785776
192 0.09973682950101775
193 0.6035710458322315
194 -0.1037146621352781
195 -0.08761161793575137
196 -0.8727059968123064
197 0.4678527451041914
198 -0.439720438134207
199 0.7638389730367307
200 0.0637494115757196
201 1.350528372988251
202 0.006851102695982651
203 0.014874319930865867
204 0.2628290877141238
205 0.3461908817578701
206 0.6380873546394575
207 -0.0440200550043483
208 0.5779640830373677
209 -0.9659843824137996
210 -0.6530406400456936
211 -0.2786970050322754
212 0.08238574339798585
213 0.0567286012589425
214 0.0710604065237214
215 -0.1730737341106366
216 0.8927122047792888
217 -0.3913178439011901
218 -0.3374744668544166
219 0.9149792446231301
220 0.7000591197352811
221 0.6964770967793733
222 0.025414666491329587
223 -1.6098812263493096
224 -0.015119931847874088
225 -0.7434268760478459
226 0.10629053394746028
227 0.14219688020713595
228 -0.20086508325712335
229 0.09125029735441857
230 0.43147791579311046
231 0.2989110458768221
232 0.7797165708001423
233 -0.22995598307350598
234 0.02333795705877898
235 0.10375661036418025
236 0.0007419588534765849
237 -0.11564708153693934
238 0.2890822190457982
239 0.05392020973618663
240 0.7330830155438719
241 -0.6440689972192429
242 -0.436033686662697
243 0.14473795156334177
244 -0.61604010982789
245 0.7860027926342958
246 -0.7236595604148516
247 0.33203863230461567
248 -0.3620141395329882
249 -0.82539068099612
250 0.5897200158357349
251 -0.8730268297580288
252 -0.551333029413798
253 -0.8379526018049055
254 0.02673748081779387
255 0.4336327233698039
256 0.33750056597682304
257 -0.005999317763869638
258 0.3078644057823508
259 0.27454795381779823
260 -0.0006426209707559864
261 -0.4152785720204764
262 -0.11746874223815519
263 0.28225523460284196
264 0.6225745326544208
265 -0.40973666190379643
266 0.13260197269387705
267 0.9594489706410521
268 -0.07259396861709193
269 -0.0029902637170510535
270 0.6020268935520493
271 0.6355439450777498
272 0.12045795863157022
273 -1.6098812263493096
274 0.3673143847598088
275 -0.03387104056103548
276 0.0022766185532913396
277 -0.47824751710849434
278 0.002235730887371048
279 -0.13575431357916456
280 0.16784125905202374
281 -1.0733684559275374
282 -0.09069937964922163
283 -0.2833859066214793
284 -0.3656738847093119
285 -0.15321621037825373
286 7.514896277956968e-06
287 -0.7100330358322091
288 0.17146568026517867
289 -0.007950511970965501
290 0.17367692690650452
291 -0.518357236260259
292 -0.5352785540106098
293 1.4649985424106575
294 -0.006668552949996474
295 -1.00934393284363
296 -0.010148045252615256
297 -7.459965371889945e-06
298 -0.6235073783259434
299 0.37355648290593796
300 0.8813636001436647
301 0.02768786739509696
302 0.5807300786703831
303 -0.1920976786727944
304 0.19814992622781527
305 -0.12384695477529065
306 -0.8683966357871784
307 -0.35367050215458923
308 0.40324806149162923
309 -0.04824411162905769
310 0.47591761069817085
311 0.4041777634305156
312 -1.3098623825937048
313 0.032546592599463534
314 -0.0006782637056808379
315 0.2873293976121397
316 -0.15578556335583787
317 -0.04173823479913939
318 0.5504631192007674
319 -0.42590234435916946
320 0.5092511199978677
321 -0.6272397927937522
322 0.9087325659762284
323 -1.6098812263493096
324 -0.4292932470706765
325 0.05842523358970229
326 -0.2626032338791512
327 1.2753156740605232
328 0.49235664099399096
329 0.28799623117679396
330 -0.2755125745653939
331 0.5708352598353524
332 0.19201338633486117
333 -0.9723631822284136
334 0.24195083569163991
335 0.29257110927023855
336 -0.16109282567861485
337 -0.040606707620315874
338 1.0570431263417919
339 0.14701368014832203
340 0.6204388994867837
341 0.599416935789869
342 5.246213115623547e-07
343 0.09274887526280831
344 -0.949705053461981
345 -0.5219854792724836
346 0.005493879523962902
347 -0.829292161987292
348 0.9186625026770862
349 0.2199509073161219
350 0.06840311669722098
351 -0.47620559636395066
352 -0.0024453021024076873
353 0.6830283181431179
354 0.013146900401792413
355 0.04009432061957805
356 0.237711912432812
357 0.38552907146018334
358 1.6920458156709215
359 0.5335934053926437
360 0.11714161744307353
361 -1.5086606020471223
362 0.3005253708749031
363 -0.2487267494530237
364 0.0495084802376858
365 0.35757565033279626
366 0.26191214785551853
367 -0.021137396621384235
368 0.7815357883217277
369 -1.0011202481047108
370 -0.0001703955364061535
371 -0.23277219016329645
372 -0.9497812799879101
373 -1.6098812263493096
374 0.09366062152026292
375 0.684723927269927
376 -0.4310212178220604
377 0.18484183428294376
378 -0.7333278387331039
379 1.1017491806731061
380 -0.5238905730618826
381 0.1371354582162333
382 0.8435092146667779
383 -0.4781833704115603
384 -0.09006092683237953
385 0.30097303012022303
386 -0.6761410060892796
387 0.34099510610827766
388 0.20202621787470867
389 -0.7847720929207919
390 -0.5904464532713879
391 1.3251209333469829
392 -0.6520915471671586
393 0.12101199253772364
394 -0.064702405302106
395 -0.42171771520123097
396 0.00014768214244645326
397 0.9504170058858669
398 0.38624344283565093
399 1.354251266672232
400 -0.014968706652217764
401 -0.9700655001149301
402 -0.5770003328792253
403 0.001497599623358203
404 0.8021129204306334
405 0.1462637125823052
406 0.05215600676801585
407 0.49623745466214203
408 -0.666795990638413
409 0.0916231033610328
410 -1.5531553108040546
411 0.05530552410635803
412 -0.6769731320884961
413 0.33827533418453537
414 -0.0499995721599309
415 -0.049779514108733
416 -0.7812309197199961
417 0.5996673992120803
418 -0.1841658035763279
419 0.5657399048219457
420 -0.03747601082027114
421 4.477657607004348e-05
422 0.6508937523649531
423 -1.6098812263493096
424 -0.028205715194024407
425 0.4781656217768207
426 -0.7439064045334022
427 0.5214591434478232
428 0.6636863749661986
429 -0.12781387553601736
430 0.5019011842938988
431 -0.9796555884788622
432 -0.1789921521765717
433 -0.22325050545997185
434 0.1753776367590876
435 0.6955441613263711
436 -0.4018837601779242
437 -0.37165914283717816
438 -0.7542306464020011
439 -0.14548371507282895
440 0.20121750489482781
441 -0.07045917947369186
442 -0.8512505428348976
443 0.3148150642164601
444 -0.018316535788062194
445 -0.14165937530266134
446 0.11968752302924646
447 0.1375125554723992
448 -0.19456161033590602
449 1.3961065712756906
450 0.09433756746810623
451 -0.013349462964805613
452 0.6063654238118421
453 0.6515166210419281
454 1.0384783190369182e-05
455 0.4780435992562192
456 0.9672333546588353
457 0.6818434388708653
458 -0.00020142469929117248
459 0.45935984046445744
460 1.1388506621666077
461 -0.060487754898780235
462 0.007488549191252597
463 -0.8784459959431427
464 0.0936560305381969
465 0.03414719168430135
466 0.07568968213187927
467 0.0007477065472520983
468 -0.058529043144635494
469 0.6712907302754202
470 -0.01293210118915318
471 -0.7375304363794245
472 -0.6385083209141508
473 -1.6098812263493096
474 0.6400209178514678
475 0.10773547203176029
476 -0.3442038530830306
477 -0.419688598862126
478 0.3411882965706091
479 0.6995823877442893
480 0.07203423809663892
481 1.2363668165394541
482 -0.6254677198946285
483 -0.002926372844417628
484 -0.9655096282668915
485 0.524237997513173
486 -0.04892238235795434
487 0.14736597281887137
488 -0.792127892362803
489 -1.2627560592373201
490 -0.015363067168762425
491 0.7116525025589288
492 -0.0007217527913908339
493 -0.1824513251703196
494 -0.003527985299561644
495 -1.1287652863325146
496 -1.0347625093840411
497 -0.6558823495189613
498 -0.19794842390357847
499 -0.18454375289151637
500 0.12266798465133083
501 -0.12029384582977315
evaluations raw_y
1 0.7187527445087465
2 -0.19151503223304187
3 5.451048318544449e-06
4 0.5299310612619491
5 0.6126029464567296
6 0.2978498822835628
7 1.6222140873082727
8 0.5280084938203059
9 -0.15466407898930645
10 0.11152568666791954
11 0.16527969268816622
12 0.1348891194565763
13 -1.0548238714204563
14 0.37730984388570205
15 0.6604127083911101
16 -0.2336602029068471
17 0.9086387773245995
18 0.31399739596938403
19 -0.2443147467353053
20 -0.2681844439491378
21 0.02266518938080498
22 -0.0855761441781125
23 -0.18706617703789077
24 -0.5411450242938349
25 -0.3537804884855505
26 0.7218553867486636
27 0.206644593525868
28 0.07725864421734169
29 -0.6148462426879345
30 0.027640240365007673
31 -0.004197612207710236
32 -0.238718621729049
33 0.040171692547462744
34 -0.001211947564200466
35 -0.6169736880122064
36 -0.1390391035577061
37 0.44565396677879265
38 0.6248656838601669
39 -0.09897910800171045
40 0.04846032108764104
41 -0.10240186963745647
42 -0.5140043129509114
43 0.14177117831185201
44 0.21506697244958184
45 0.7388314459124635
46 -0.3418530148075978
47 0.7275306927194531
48 0.11639156980754929
49 0.629592448853439
50 0.4181202562996312
51 0.07325607828042226
52 -0.000575430353927426
53 0.7627488407788001
54 -0.8197201644624661
55 -0.5001138242253191
56 -0.2757029774996551
57 0.9185222613072058
58 -0.18416331985936554
59 0.7431354215262781
60 0.8928529303111413
61 -1.578341953253214
62 0.13737481952306954
63 -1.0548238714204563
64 0.73907994495893
65 -0.0422729174680904
66 0.16185672559268316
67 0.6297950641572728
68 0.4881609358301443
69 0.10493511267819694
70 -0.03417780943124328
71 -0.02215169661446873
72 -0.11588142488512335
73 0.056533348508094425
74 0.6263976901258044
75 0.0006559757450934197
76 -0.7571823151904982
77 -0.021120921071059128
78 0.08098299624182678
79 -0.3941464619999916
80 1.686038657863947
81 -0.48323877399839704
82 -0.29841763106848623
83 0.09807975128542881
84 0.31806702578431406
85 -0.1602228309315123
86 -0.010532428273529671
87 2.252099186178275
88 0.08528411368591352
89 -0.3813699534397212
90 -0.8178513624837459
91 0.042516327445529224
92 -0.2465716076205095
93 0.8568622173734549
94 -0.025586825663640393
95 -0.009150883538192933
96 0.5206282824414818
97 0.6751702057725484
98 -0.05656692379193077
99 0.8451382439086838
100 -0.03962444193771416
101 -1.804589068907342
102 0.0013315478012550083
103 -0.001837260744351351
104 -0.35325957473985525
105 -0.08609204700398708
106 -0.04742076979722146
107 -0.004424639384532998
108 0.9097108335082695
109 -0.13972334642180284
110 0.9010767321531648
111 0.7016620117191098
112 -0.06917372287425948
113 0.01827849505605049
114 0.030335338583994755
115 -0.000994187741668172
116 1.8970980720723547e-05
117 -0.6416370390427846
118 0.37656709528521204
119 -0.5186618556789191
120 0.25174032855479167
121 -0.20394793741515493
122 0.4647868118393148
123 -0.1043876356839723
124 0.7952161376554017
125 0.633138515850902
126 -0.8510686375085469
127 -0.49144458950304515
128 -0.07228291626039499
129 -0.2733629673168756
130 0.629994421777913
131 -0.5237173179004557
132 0.16923664018739928
133 -0.0849445894206858
134 -0.13340486064398763
135 0.27171995432486096
136 0.22767429734188147
137 -0.4539866986747667
138 0.5668217474813877
139 -0.9790447260231312
140 0.049857286929188296
141 0.47516218417798384
142 -0.10763562609267055
143 0.062258906673171056
144 0.6341548943963942
145 -0.4864399666632203
146 -0.04953548108936516
147 -0.16580242041313376
148 -1.4108572495611012e-06
149 -0.018407405002172705
150 -0.21519706878177194
151 -1.804589068907342
152 -0.09584715426862342
153 1.1214450070993398
154 0.11924177327844734
155 -1.7904380785794023
156 1.078037691303992
157 -0.7319847648690452
158 0.005961221832744239
159 1.4256964614882666
160 -0.6006783680711576
161 0.6175150944508753
162 0.5082087845628221
163 -0.13910159339071856
164 -0.830043459409973
165 0.6376056398305336
166 0.012750514673469155
167 -0.16343786666739088
168 0.6839274120531859
169 0.06980764305777352
170 -0.7278525418489995
171 0.8303880138389939
172 0.5804504473175125
173 -0.4374264693977964
174 -0.37333989050483973
175 -0.9750001256625113
176 0.5137589991288788
177 -0.2475938311841835
178 -0.21871231453755466
179 -0.5349174682293939
180 0.6717120329574655
181 -0.6233193890234561
182 -1.0112675251777286
183 0.08143630015115819
184 0.07829033342188084
185 -0.4983887039027983
186 0.004840661566330646
187 -0.11274672680526875
188 -0.28001907477613186
189 0.12630461449679553
190 -0.7226554868410285
191 -0.09277261521076065
192 0.14382119120069628
193 -0.6198422720073788
194 0.01743681752633023
195 0.07822692752043339
196 0.543112654933515
197 -1.0988739164596593
198 -0.0020656703882081496
199 -0.06122985911583674
200 0.126660910395077
201 -1.804589068907342
202 -0.20912789006789534
203 -0.0823449125686598
204 0.192078930368706
205 -0.36297888048312144
206 1.3288361145965264
207 -1.0053455264840956
208 -0.3014452422473708
209 0.06082218697156985
210 0.5142095876548431
211 -0.0263801450698069
212 0.40274124647385967
213 0.5200320527309837
214 -0.273685608685025
215 0.7372477116850321
216 -0.04872655803821239
217 -0.19769546703916066
218 0.0617042232911727
219 -0.032406844954982764
220 -0.8387019716043815
221 -0.9398711779759967
222 -0.6129400911268263
223 -1.0492103860183284
224 -0.0695104294582861
225 -0.5369514644203809
226 -1.101248096011377
227 -0.744794892229373
228 0.033826782196738014
229 0.531786425409168
230 -0.6447645251577594
231 0.8232192113832998
232 1.1338342942347914
233 0.07991486009351176
234 -0.11499339069854375
235 0.40045824993357915
236 -0.2602756896486628
237 -0.7579014627429556
238 -0.278585456295052
239 -0.37230288533776934
240 -0.7660843354915461
241 -0.7506498413939334
242 -0.014887217344044149
243 0.4102202465540716
244 -0.29315957134800247
245 -0.6711099611226076
246 -0.0552049738625152
247 -0.21693611347224623
248 -0.382898628027042
249 -0.11275353612242596
250 0.6069762540863315
251 -1.804589068907342
252 -0.2924980965759382
253 -0.3566714624449746
254 0.23937240046435815
255 -1.0353109625598023
256 -0.5748533429707391
257 0.36979510382238495
258 0.13414500646299257
259 -1.1521855018172669
260 0.5046317863844958
261 -0.8467980985809008
262 -0.18977691954365788
263 -0.04219965395746983
264 0.007420845504709745
265 0.026696595451247654
266 0.07024526057056651
267 0.7113116164032317
268 -0.5901047598581919
269 0.117747646054637
270 -0.009970342337718254
271 0.555812536860647
272 -0.554083300947083
273 0.22374115618308474
274 -0.738334404398923
275 0.6434867184644095
276 0.7335655810996479
277 -0.23521636939450646
278 -5.831289540870042e-07
279 0.05510076664354608
280 0.4862134112800336
281 -0.5436707339246266
282 -1.517509275526946
283 0.3026581610617157
284 0.4209916963875949
285 -0.14435486499244723
286 0.9208479830411554
287 -0.881688783535659
288 0.5577682295254686
289 0.7827099772649139
290 0.5749831873450993
291 -0.13700839938087614
292 0.3208188555497216
293 -0.3149600193222354
294 -0.8769747592163735
295 -0.059737467651991324
296 -0.08545409411597615
297 0.03974786522768581
298 0.191476946389129
299 -0.03581894258570818
300 -0.011991383215148815
301 -1.804589068907342
302 0.09475662223130323
303 0.05028427064229446
304 0.1507096702725662
305 -0.36491251978829553
306 0.16600477077273063
307 -0.3509215559055411
308 0.1763240960345657
309 0.010498820206411012
310 0.6296453413833965
311 0.45802170723349417
312 0.8321612822552471
313 -0.08053764936882092
314 0.13946718304508765
315 -0.6838316177449092
316 0.1105666425720163
317 -1.0173633726815956
318 0.3242892116800473
319 0.15396516786730888
320 -0.2740283614922707
321 0.017431938337315024
322 0.03935360837957899
323 0.013588518667709965
324 0.031393165212710517
325 0.8047508482256202
326 -0.18943152799254695
327 0.582864849598782
328 0.07021937073947725
329 -0.07974686257471868
330 -0.05723603911889203
331 -0.2494114069605119
332 -0.25215016760344905
333 -0.0153729904329203
334 0.9988408893478198
335 -0.2764002724219553
336 0.3113778706395067
337 0.8943191771717415
338 0.009843831012530004
339 -0.34050182009203617
340 -0.7476991971543552
341 -1.2317163299758431
342 0.6960093665533758
343 0.00922185397826114
344 -0.6286139151304226
345 -0.010418962160664836
346 -1.0335615873837691
347 -0.813509058697537
348 -0.7224204246807583
349 -0.1132731094313005
350 -0.012695483355415219
351 -1.804589068907342
352 -0.10936912121356283
353 -0.38040937245396444
354 0.04612932355574597
355 -0.5067088102261773
356 -0.2954622107599084
357 0.6823759832923633
358 -1.3156924417839446
359 0.08898566294378094
360 0.24777236220419824
361 -0.9447327601409649
362 -0.6746962641037356
363 -0.011209659881768586
364 0.19468703408062343
365 -0.6369475656584216
366 -0.20118457657037353
367 1.1260507865570286
368 0.18834098972807128
369 0.1688957744471526
370 0.024836567199964767
371 0.2892578907897525
372 -0.27015865730062566
373 -0.3411196515393212
374 -2.7022005126113e-07
375 -0.11767505967435749
376 0.6649964029343256
377 -0.45213105578059065
378 0.2685020230411991
379 -0.0002340291106948539
380 -0.8684553980771104
381 0.8187423090291915
382 0.8779578321468258
383 0.32440539370167293
384 0.5880325412288608
385 -0.08291420259908389
386 0.009887221646115576
387 0.17542165671590648
388 0.8764639198627807
389 -0.8167992622773582
390 0.6991479147889118
391 0.5202708402747915
392 0.5537728983089296
393 -1.732116728635181
394 0.6590695800341587
395 0.005908624809056566
396 -0.5395803180415286
397 0.09222328430318986
398 0.6160877476616422
399 -0.2589575410864285
400 0.09998249764652181
401 -1.804589068907342
402 -0.08141961832422993
403 0.14396541248034572
404 -0.6059136279654664
405 -0.29503115162108534
406 0.0732448473074375
407 0.2484444856568553
408 1.1472027676900267
409 1.0809516369791234
410 0.07558779292859191
411 0.5256106233128838
412 0.022955011025858122
413 -0.6203711589869202
414 0.15657979411775147
415 -0.6082848885088298
416 -0.05866994856951489
417 -2.0156992548701034
418 0.678883229777027
419 0.5701668987833114
420 -0.0036845330423327435
421 0.1762626320324528
422 -0.05797572022138671
423 0.02546245153860955
424 0.1944453464402171
425 0.3035956173941776
426 0.015452050456696578
427 -0.005947834851311556
428 -0.21549747650731074
429 -5.791172251094301e-07
430 0.8686251187813275
431 0.1248613665559696
432 -0.09587142721080782
433 -0.5798692885386866
434 0.5439156565168346
435 -0.00876049500453371
436 0.7438684251174948
437 -1.4367372522227841
438 0.10515469106169627
439 0.6175105597102206
440 0.41852321186778835
441 -0.7320214024812296
442 0.5935851851273244
443 -0.4813099799379815
444 0.4803307054385398
445 0.190743183145396
446 0.13446756860627435
447 0.5221661596694243
448 0.16655513981119072
449 -0.25871167038520165
450 0.750547320783484
451 -1.804589068907342
452 0.06864803697373144
453 -0.27308261310975923
454 0.26110242402439626
455 0.1286601260951809
456 -0.023707767250466492
457 0.18843987799354117
458 0.0113382966087262
459 0.032069708747150365
460 -0.0842227603715544
461 0.01751033518023859
462 0.43830676490689785
463 -0.598447473650276
464 -0.7235970579544425
465 0.0532943388692291
466 -0.300103314922744
467 -2.0156992548701034
468 -0.10840426729613159
469 0.1697779416575409
470 1.2748017501976971
471 -0.5294768953657844
472 0.8929418653263616
473 -0.008587535004329681
474 8.150127357308189e-05
475 1.4514096603924667
476 -0.14889004656596816
477 0.34427321791329035
478 -0.29402909570100033
479 -0.07937919387609498
480 0.6271071660846307
481 0.028122938290293137
482 -0.3036446416412806
483 0.8536817644397883
484 0.4100777403852326
485 0.8844395130674084
486 -0.34805319622017894
487 0.022749731723541028
488 0.4747810043575614
489 -1.0920695588024936
490 -0.10777734258484609
491 -0.20068241200987386
492 -0.09426000094552633
493 0.47743110530773303
494 -0.24719075069029084
495 0.3889873511840473
496 0.48581768719550295
497 1.4360647448061032
498 -0.03104070480284121
499 -0.24225318381069244
500 -1.1024183101494767
501 1.217413563412862
