evaluations raw_y
1 5.111104859216598
2 5.39689778126498
3 4.941283275933538
4 3.106898690570536
5 2.954656275658124
6 5.622465380800834
7 2.978647823606483
8 5.19392658855691
9 3.8505239228172834
10 2.2435816081778714
11 4.985973403364587
12 0.6707514413711004
13 2.9573569165257765
14 3.913241264364019
15 4.546093040648394
16 2.467209897231599
17 4.480832206179658
18 4.357136799472515
19 0.4367955913638073
20 3.703320871168623
21 -0.8365411854179468
22 4.822887987988901
23 1.61502151571889
24 4.111900477705633
25 3.744154752772339
26 2.4298479848360603
27 4.429416021304742
28 5.068584522456454
29 4.5067079596831014
30 3.233669558779717
31 4.428724506884968
32 5.3734812236412
33 2.8510338790782326
34 2.5062475560931494
35 3.1630672823000427
36 2.1465909958508065
37 3.357586820484859
38 2.99750520413121
39 1.3343772779601548
40 1.8553875743575794
41 2.285811057518918
42 5.428350437190094
43 1.506960566731752
44 1.5622249742371304
45 0.8835249567291548
46 1.3663128555607627
47 1.1194857253709343
48 4.4166724321193875
49 3.8259165424100186
50 4.189658577926844
51 1.8730676022547756
52 4.673547847253691
53 3.389845525714082
54 2.3661573598643484
55 3.275403914157466
56 4.39943861055402
57 3.2081088416906565
58 4.721904793399394
59 3.035624285873746
60 4.200917944203657
61 4.045547745817142
62 1.882221506904734
63 2.9984517864394125
64 1.934274429778588
65 0.7253351299014543
66 1.4331235674947478
67 -0.0255712105845603
68 0.2908700597450394
69 3.357624373668878
70 5.660236971451415
71 5.78951783640909
72 2.648858322127779
73 4.9669049413414434
74 3.0513586436588254
75 -1.1525241160797366
76 3.9960355230364892
77 5.200971004515403
78 4.295492331071148
79 3.774998688303554
80 4.079662494819091
81 6.3027806102621176
82 3.110782085173645
83 2.586591296465253
84 3.612882096946601
85 5.080293290540468
86 2.004377080256358
87 0.4496193121078978
88 3.4707686979020678
89 2.780239059882981
90 4.73184381038284
91 0.6981596214386738
92 2.098350392504097
93 0.01307040073850707
94 0.9358507722592116
95 1.2983529944609782
96 1.074158498893742
97 0.7584353874463126
98 2.9622613018946917
99 2.669948264004492
100 2.416782530383682
101 5.305432153773006
102 1.441250019546247
103 -0.005675071919557698
104 1.4451618164972002
105 1.6760030539608415
106 2.798573931372332
107 0.054563320649572034
108 -1.379129391481759
109 1.881693225512796
110 4.35697172152293
111 2.2460876413565565
112 4.219777513205207
113 4.325844843689343
114 2.1888798073740414
115 2.3008388702134757
116 1.0654416301875538
117 2.267227389932419
118 3.3219590680511786
119 4.384491345716636
120 4.408550366735717
121 5.817640180294472
122 3.108622667614784
123 1.2376650934792388
124 2.3390156950912275
125 0.4515741248142
126 4.018417102369431
127 4.6136474251689465
128 4.525002398309033
129 2.8609745127190567
130 3.419596847942559
131 6.26970221592881
132 4.855608438169625
133 3.7126853107811058
134 4.049394492998635
135 6.331452841407131
136 1.7614760476506017
137 3.225147017453072
138 3.3970628232260784
139 3.9569570621265067
140 1.398550563773441
141 2.2292170624363368
142 2.6727524668086637
143 4.367341402994118
144 5.280753142872873
145 4.288896267667997
146 5.293748450118168
147 4.3120822492131445
148 4.091463890500084
149 2.5342993417149686
150 5.064895046596815
151 3.8618544238658727
152 4.97527242780622
153 4.4721793758931545
154 4.2182539543948305
155 4.462654542850164
156 3.4926094011431683
157 2.1761003732189597
158 5.746543044462191
159 3.6011731186264653
160 5.962896720242476
161 1.7990952238638136
162 1.418206767928138
163 1.7032014085882914
164 2.2675252257429306
165 3.536133308077753
166 5.151602058073432
167 5.387675248764696
168 2.1241909563551125
169 3.7057002372858916
170 4.438179189813578
171 3.625679723456084
172 5.636417526814125
173 5.276087109379001
174 4.460829618034654
175 3.8574106712982847
176 2.8333322930487497
177 2.819676828989598
178 2.830914769477477
179 4.061138126882741
180 4.926986563650645
